id,price,neighbourhood,accommodates,bathrooms,bedrooms,beds,review_scores_rating,number_of_reviews,listing_url
2595,NA,Neighborhood highlights,1,1,0,1,4.68,49,https://www.airbnb.com/rooms/2595
5136,$215.00,NA,4,1.5,2,2,4.75,4,https://www.airbnb.com/rooms/5136
6848,$81.00,NA,3,1,2,1,4.58,193,https://www.airbnb.com/rooms/6848
6872,$65.00,Neighborhood highlights,1,1,1,1,5,1,https://www.airbnb.com/rooms/6872
6990,$65.00,Neighborhood highlights,1,1,1,1,4.88,247,https://www.airbnb.com/rooms/6990
7064,NA,Neighborhood highlights,2,NA,1,NA,4.91,13,https://www.airbnb.com/rooms/7064
7097,$205.00,Neighborhood highlights,2,1,1,2,4.89,374,https://www.airbnb.com/rooms/7097
7801,$290.00,Neighborhood highlights,2,1,0,1,4.9,12,https://www.airbnb.com/rooms/7801
8490,$170.00,NA,5,1,1,4,4.77,190,https://www.airbnb.com/rooms/8490
9357,$175.00,Neighborhood highlights,2,1,NA,1,4.52,58,https://www.airbnb.com/rooms/9357
10452,$90.00,Neighborhood highlights,2,1,1,2,4.65,80,https://www.airbnb.com/rooms/10452
11943,NA,NA,1,NA,1,NA,NA,0,https://www.airbnb.com/rooms/11943
12192,$73.00,Neighborhood highlights,2,1,1,1,4.4,316,https://www.airbnb.com/rooms/12192
12937,$185.00,Neighborhood highlights,3,1,1,2,4.92,405,https://www.airbnb.com/rooms/12937
12940,$120.00,Neighborhood highlights,2,1,1,1,4.53,76,https://www.airbnb.com/rooms/12940
13808,$136.00,Neighborhood highlights,2,1,1,1,4.65,204,https://www.airbnb.com/rooms/13808
14314,$115.00,NA,2,1,1,2,4.82,178,https://www.airbnb.com/rooms/14314
15341,$231.00,Neighborhood highlights,3,1,1,2,4.56,37,https://www.airbnb.com/rooms/15341
15385,$96.00,Neighborhood highlights,1,1,1,1,4.88,58,https://www.airbnb.com/rooms/15385
15396,NA,Neighborhood highlights,4,NA,2,NA,5,5,https://www.airbnb.com/rooms/15396
16580,$135.00,Neighborhood highlights,1,1,1,1,4.79,576,https://www.airbnb.com/rooms/16580
16821,$129.00,Neighborhood highlights,1,1,1,1,4.72,204,https://www.airbnb.com/rooms/16821
16974,$300.00,NA,8,2,4,6,4.85,291,https://www.airbnb.com/rooms/16974
17037,$230.00,Neighborhood highlights,2,1,1,1,4.8,54,https://www.airbnb.com/rooms/17037
18152,$500.00,NA,2,1,2,1,4.41,147,https://www.airbnb.com/rooms/18152
18728,$146.00,Neighborhood highlights,3,1.5,1,1,4.95,247,https://www.airbnb.com/rooms/18728
18961,NA,Neighborhood highlights,2,NA,1,NA,5,1,https://www.airbnb.com/rooms/18961
19174,$200.00,NA,4,1,1,3,4.63,67,https://www.airbnb.com/rooms/19174
19282,$110.00,NA,4,2,1,2,4.69,16,https://www.airbnb.com/rooms/19282
19812,$105.00,Neighborhood highlights,2,1,1,2,4.49,59,https://www.airbnb.com/rooms/19812
20913,NA,NA,2,NA,1,NA,4.05,165,https://www.airbnb.com/rooms/20913
21644,NA,Neighborhood highlights,1,NA,NA,NA,5,3,https://www.airbnb.com/rooms/21644
21794,$85.00,Neighborhood highlights,2,1,1,1,4.97,36,https://www.airbnb.com/rooms/21794
23135,$200.00,NA,2,1,1,1,4.71,317,https://www.airbnb.com/rooms/23135
23545,NA,Neighborhood highlights,2,NA,1,NA,4.75,215,https://www.airbnb.com/rooms/23545
23686,$450.00,Neighborhood highlights,4,2,3,3,4.42,57,https://www.airbnb.com/rooms/23686
24285,$220.00,Neighborhood highlights,5,3,3,7,4.83,91,https://www.airbnb.com/rooms/24285
25406,NA,NA,4,NA,1,NA,4.62,29,https://www.airbnb.com/rooms/25406
26785,$90.00,Neighborhood highlights,2,1,1,3,4.93,479,https://www.airbnb.com/rooms/26785
27883,$100.00,NA,3,1,NA,2,4.85,25,https://www.airbnb.com/rooms/27883
28907,$150.00,Neighborhood highlights,4,1,1,2,4.95,19,https://www.airbnb.com/rooms/28907
29013,$90.00,Neighborhood highlights,2,1,1,1,4.71,73,https://www.airbnb.com/rooms/29013
29628,$107.00,Neighborhood highlights,2,1,1,1,4.94,417,https://www.airbnb.com/rooms/29628
31130,$200.00,Neighborhood highlights,1,1,1,1,4.89,75,https://www.airbnb.com/rooms/31130
31555,NA,Neighborhood highlights,2,NA,NA,NA,4.71,30,https://www.airbnb.com/rooms/31555
31902,NA,Neighborhood highlights,2,NA,3,NA,4.33,4,https://www.airbnb.com/rooms/31902
31994,$121.00,Neighborhood highlights,2,1,1,1,4.54,584,https://www.airbnb.com/rooms/31994
32037,NA,Neighborhood highlights,3,NA,1,NA,4.84,92,https://www.airbnb.com/rooms/32037
33009,NA,NA,2,1,1,1,4.96,296,https://www.airbnb.com/rooms/33009
34760,$76.00,Neighborhood highlights,1,2,1,1,5,35,https://www.airbnb.com/rooms/34760
36121,$200.00,Neighborhood highlights,1,1,1,1,4.88,9,https://www.airbnb.com/rooms/36121
36647,$85.00,Neighborhood highlights,2,1,1,1,4.77,102,https://www.airbnb.com/rooms/36647
38663,$900.00,Neighborhood highlights,2,2.5,5,5,4.7,43,https://www.airbnb.com/rooms/38663
38833,$248.00,Neighborhood highlights,2,1,1,1,4.85,217,https://www.airbnb.com/rooms/38833
39282,$154.00,Neighborhood highlights,2,1,1,1,4.82,265,https://www.airbnb.com/rooms/39282
39572,$139.00,NA,2,NA,1,1,4.86,44,https://www.airbnb.com/rooms/39572
39593,$78.00,Neighborhood highlights,1,1,1,1,4.93,33,https://www.airbnb.com/rooms/39593
39704,NA,Neighborhood highlights,4,NA,1,NA,4.71,337,https://www.airbnb.com/rooms/39704
42300,$750.00,Neighborhood highlights,5,2,3,4,4.8,69,https://www.airbnb.com/rooms/42300
42729,$185.00,Neighborhood highlights,2,1,1,1,4.66,220,https://www.airbnb.com/rooms/42729
43105,$170.00,NA,2,1,1,1,5,4,https://www.airbnb.com/rooms/43105
44229,$110.00,Neighborhood highlights,2,1,1,1,4.69,232,https://www.airbnb.com/rooms/44229
44973,$98.00,Neighborhood highlights,2,1,0,0,4.64,124,https://www.airbnb.com/rooms/44973
45542,NA,Neighborhood highlights,4,NA,2,NA,4.78,18,https://www.airbnb.com/rooms/45542
45737,$73.00,NA,2,1,1,1,4.42,29,https://www.airbnb.com/rooms/45737
45910,$500.00,NA,16,2.5,5,9,4.42,13,https://www.airbnb.com/rooms/45910
45935,$60.00,NA,1,1,1,1,NA,0,https://www.airbnb.com/rooms/45935
45936,$75.00,NA,2,1,1,1,4.66,133,https://www.airbnb.com/rooms/45936
46544,NA,NA,2,NA,1,NA,4.71,57,https://www.airbnb.com/rooms/46544
46911,$100.00,Neighborhood highlights,2,1,1,1,4.7,70,https://www.airbnb.com/rooms/46911
49048,$95.00,NA,3,2,1,2,4.42,27,https://www.airbnb.com/rooms/49048
51438,NA,NA,1,NA,NA,NA,NA,0,https://www.airbnb.com/rooms/51438
52689,$191.00,Neighborhood highlights,2,1,2,2,4.98,85,https://www.airbnb.com/rooms/52689
53469,$130.00,Neighborhood highlights,4,1,1,1,4.34,33,https://www.airbnb.com/rooms/53469
53470,$248.00,NA,7,1,2,3,4,5,https://www.airbnb.com/rooms/53470
53477,$350.00,NA,12,2,4,8,4.71,16,https://www.airbnb.com/rooms/53477
54466,$200.00,NA,2,1,1,1,NA,0,https://www.airbnb.com/rooms/54466
54508,$116.00,Neighborhood highlights,2,1.5,1,1,4.76,176,https://www.airbnb.com/rooms/54508
54544,$130.00,Neighborhood highlights,5,1,1,4,4.65,143,https://www.airbnb.com/rooms/54544
54694,NA,NA,2,NA,1,NA,4.35,62,https://www.airbnb.com/rooms/54694
54860,$125.00,NA,2,1,1,1,4.86,302,https://www.airbnb.com/rooms/54860
55959,$157.00,Neighborhood highlights,1,1,1,1,4.84,107,https://www.airbnb.com/rooms/55959
55982,NA,Neighborhood highlights,1,NA,NA,NA,4.73,42,https://www.airbnb.com/rooms/55982
56859,$79.00,Neighborhood highlights,2,1,1,1,4.67,272,https://www.airbnb.com/rooms/56859
57166,$116.00,Neighborhood highlights,2,1,1,2,4.88,163,https://www.airbnb.com/rooms/57166
57297,$269.00,NA,2,1,1,1,4.68,295,https://www.airbnb.com/rooms/57297
57618,NA,NA,2,NA,1,NA,4.83,131,https://www.airbnb.com/rooms/57618
57874,$116.00,Neighborhood highlights,2,1,1,1,4.88,388,https://www.airbnb.com/rooms/57874
58059,$46.00,Neighborhood highlights,2,1.5,1,1,4.71,682,https://www.airbnb.com/rooms/58059
59014,$150.00,Neighborhood highlights,2,1,1,1,4.67,60,https://www.airbnb.com/rooms/59014
59121,$262.00,NA,9,1,3,6,4.75,4,https://www.airbnb.com/rooms/59121
59709,NA,Neighborhood highlights,5,NA,2,NA,4.76,82,https://www.airbnb.com/rooms/59709
60181,NA,Neighborhood highlights,2,NA,1,NA,4.81,37,https://www.airbnb.com/rooms/60181
60457,NA,Neighborhood highlights,3,NA,1,NA,4.88,9,https://www.airbnb.com/rooms/60457
60611,NA,Neighborhood highlights,2,NA,1,NA,4.84,196,https://www.airbnb.com/rooms/60611
60666,$89.00,Neighborhood highlights,2,1.5,1,2,4.74,283,https://www.airbnb.com/rooms/60666
60673,NA,NA,2,NA,NA,NA,5,3,https://www.airbnb.com/rooms/60673
60680,$150.00,Neighborhood highlights,6,1,1,2,4.53,166,https://www.airbnb.com/rooms/60680
60794,NA,Neighborhood highlights,6,NA,3,NA,5,4,https://www.airbnb.com/rooms/60794
61406,$65.00,NA,1,1.5,1,1,4,1,https://www.airbnb.com/rooms/61406
61509,NA,Neighborhood highlights,3,NA,1,NA,4.23,89,https://www.airbnb.com/rooms/61509
62925,$285.00,NA,4,2,2,2,4.81,172,https://www.airbnb.com/rooms/62925
63588,$89.00,Neighborhood highlights,3,1,2,2,NA,0,https://www.airbnb.com/rooms/63588
63610,$114.00,Neighborhood highlights,2,1,1,1,4.93,57,https://www.airbnb.com/rooms/63610
63657,NA,Neighborhood highlights,2,NA,1,NA,4.59,266,https://www.airbnb.com/rooms/63657
64015,NA,Neighborhood highlights,2,NA,1,NA,NA,0,https://www.airbnb.com/rooms/64015
64314,$100.00,NA,2,1,1,1,4.82,46,https://www.airbnb.com/rooms/64314
64365,$65.00,NA,2,1,1,1,4.79,255,https://www.airbnb.com/rooms/64365
65615,NA,Neighborhood highlights,2,NA,1,NA,4.67,56,https://www.airbnb.com/rooms/65615
65660,$130.00,Neighborhood highlights,3,1,1,1,4.52,165,https://www.airbnb.com/rooms/65660
66008,$190.00,NA,4,1,2,2,4.87,68,https://www.airbnb.com/rooms/66008
66251,$349.00,NA,2,1,0,1,4.93,169,https://www.airbnb.com/rooms/66251
66275,$103.00,Neighborhood highlights,7,1,2,3,4.86,211,https://www.airbnb.com/rooms/66275
66974,$220.00,Neighborhood highlights,2,1,1,1,4.98,245,https://www.airbnb.com/rooms/66974
67299,$158.00,Neighborhood highlights,4,1,1,2,4.88,80,https://www.airbnb.com/rooms/67299
68253,NA,NA,1,NA,1,NA,NA,0,https://www.airbnb.com/rooms/68253
68735,$225.00,NA,2,1,1,1,4.97,38,https://www.airbnb.com/rooms/68735
68974,NA,Neighborhood highlights,6,1,3,3,4.87,247,https://www.airbnb.com/rooms/68974
69894,$160.00,Neighborhood highlights,2,1,1,1,4.82,64,https://www.airbnb.com/rooms/69894
71248,$165.00,Neighborhood highlights,2,1,1,1,4.8,69,https://www.airbnb.com/rooms/71248
71366,$200.00,Neighborhood highlights,2,1,1,1,4.86,53,https://www.airbnb.com/rooms/71366
71384,NA,NA,4,NA,1,NA,4.98,49,https://www.airbnb.com/rooms/71384
72190,NA,Neighborhood highlights,2,NA,1,NA,4.51,37,https://www.airbnb.com/rooms/72190
74333,$70.00,Neighborhood highlights,4,1,1,2,4.03,38,https://www.airbnb.com/rooms/74333
74680,$124.00,NA,3,1,1,2,4.67,268,https://www.airbnb.com/rooms/74680
74860,NA,NA,3,NA,1,NA,4.67,3,https://www.airbnb.com/rooms/74860
75635,$120.00,NA,3,1,0,1,4.84,419,https://www.airbnb.com/rooms/75635
75658,$221.00,Neighborhood highlights,2,1,1,1,4.58,20,https://www.airbnb.com/rooms/75658
77765,NA,NA,2,NA,1,NA,4.85,64,https://www.airbnb.com/rooms/77765
79067,$350.00,Neighborhood highlights,5,2.5,3,4,4.73,11,https://www.airbnb.com/rooms/79067
80493,$70.00,Neighborhood highlights,2,1,1,2,4.41,233,https://www.airbnb.com/rooms/80493
80684,NA,NA,4,NA,1,NA,5,10,https://www.airbnb.com/rooms/80684
80700,NA,NA,4,NA,1,NA,4.7,10,https://www.airbnb.com/rooms/80700
81564,$49.00,NA,2,1,1,1,4.12,112,https://www.airbnb.com/rooms/81564
81739,NA,NA,4,NA,1,NA,4,2,https://www.airbnb.com/rooms/81739
82638,$150.00,Neighborhood highlights,2,1,1,1,4.79,282,https://www.airbnb.com/rooms/82638
82928,$165.00,Neighborhood highlights,5,1,2,3,4.91,81,https://www.airbnb.com/rooms/82928
83243,$77.00,NA,3,1,1,2,4.43,249,https://www.airbnb.com/rooms/83243
83474,$184.00,NA,1,1.5,1,1,5,5,https://www.airbnb.com/rooms/83474
84010,$275.00,NA,2,1,1,1,4.88,34,https://www.airbnb.com/rooms/84010
89427,$800.00,NA,10,1.5,1,0,NA,0,https://www.airbnb.com/rooms/89427
93313,$165.00,NA,5,1,2,4,4.72,173,https://www.airbnb.com/rooms/93313
94783,$140.00,Neighborhood highlights,2,1.5,1,1,4.87,150,https://www.airbnb.com/rooms/94783
96471,$171.00,NA,5,1.5,1,3,5,11,https://www.airbnb.com/rooms/96471
98663,$150.00,Neighborhood highlights,2,1,1,1,4.81,18,https://www.airbnb.com/rooms/98663
100002,$62.00,Neighborhood highlights,2,1,1,2,4.69,150,https://www.airbnb.com/rooms/100002
100186,NA,NA,3,NA,1,NA,4.94,122,https://www.airbnb.com/rooms/100186
100368,$279.00,Neighborhood highlights,2,1,1,1,4.81,39,https://www.airbnb.com/rooms/100368
101053,NA,Neighborhood highlights,4,NA,3,NA,4.9,36,https://www.airbnb.com/rooms/101053
103311,NA,NA,6,NA,2,NA,4.17,8,https://www.airbnb.com/rooms/103311
103555,$325.00,NA,3,2.5,2,2,4.72,286,https://www.airbnb.com/rooms/103555
105469,$114.00,Neighborhood highlights,1,1,1,1,4.93,16,https://www.airbnb.com/rooms/105469
106363,$78.00,Neighborhood highlights,1,1.5,1,1,4.87,470,https://www.airbnb.com/rooms/106363
107630,$175.00,NA,3,1,1,2,4.76,353,https://www.airbnb.com/rooms/107630
112304,NA,Neighborhood highlights,2,NA,NA,NA,5,1,https://www.airbnb.com/rooms/112304
112435,$95.00,Neighborhood highlights,2,1,1,1,4.63,178,https://www.airbnb.com/rooms/112435
113265,$60.00,NA,2,1,1,1,4.75,274,https://www.airbnb.com/rooms/113265
115535,$65.00,Neighborhood highlights,1,1,1,1,4.76,34,https://www.airbnb.com/rooms/115535
115748,$110.00,Neighborhood highlights,2,1,1,1,4.63,41,https://www.airbnb.com/rooms/115748
116551,$85.00,NA,4,1,0,2,4.51,180,https://www.airbnb.com/rooms/116551
118061,$130.00,Neighborhood highlights,2,1,1,1,4.82,92,https://www.airbnb.com/rooms/118061
121687,$200.00,Neighborhood highlights,3,1,1,1,4.45,57,https://www.airbnb.com/rooms/121687
125163,$100.00,Neighborhood highlights,2,1,1,1,4.86,94,https://www.airbnb.com/rooms/125163
128975,NA,NA,5,NA,1,NA,4.63,131,https://www.airbnb.com/rooms/128975
133025,$70.00,Neighborhood highlights,1,1,1,1,4.85,145,https://www.airbnb.com/rooms/133025
134934,NA,NA,2,NA,2,NA,4.58,26,https://www.airbnb.com/rooms/134934
135465,$170.00,Neighborhood highlights,3,1,1,1,4.81,134,https://www.airbnb.com/rooms/135465
136493,$275.00,Neighborhood highlights,2,2.5,2,2,4.86,42,https://www.airbnb.com/rooms/136493
139624,NA,Neighborhood highlights,2,NA,1,NA,4.4,85,https://www.airbnb.com/rooms/139624
141335,$900.00,NA,2,2,3,3,4.45,41,https://www.airbnb.com/rooms/141335
142069,NA,NA,2,NA,NA,NA,4.6,22,https://www.airbnb.com/rooms/142069
144087,$499.00,NA,4,1,2,3,4.9,30,https://www.airbnb.com/rooms/144087
144148,NA,NA,2,NA,NA,NA,4.53,32,https://www.airbnb.com/rooms/144148
146726,$175.00,NA,2,1.5,1,1,4.75,18,https://www.airbnb.com/rooms/146726
148201,NA,NA,2,NA,1,NA,4.88,18,https://www.airbnb.com/rooms/148201
148259,$350.00,Neighborhood highlights,6,1,3,3,4.9,114,https://www.airbnb.com/rooms/148259
148825,$107.00,Neighborhood highlights,3,1,2,2,4.75,308,https://www.airbnb.com/rooms/148825
150804,$375.00,NA,2,2,2,2,4.99,67,https://www.airbnb.com/rooms/150804
150989,NA,NA,2,NA,1,NA,4.95,19,https://www.airbnb.com/rooms/150989
151199,NA,Neighborhood highlights,1,1,2,2,4.85,521,https://www.airbnb.com/rooms/151199
152263,$250.00,Neighborhood highlights,3,1,1,2,4.83,357,https://www.airbnb.com/rooms/152263
152819,NA,NA,2,NA,3,NA,4.9,94,https://www.airbnb.com/rooms/152819
157673,$65.00,Neighborhood highlights,4,1,1,1,4.44,92,https://www.airbnb.com/rooms/157673
158061,$165.00,NA,2,1,1,1,4.54,27,https://www.airbnb.com/rooms/158061
159749,$120.00,Neighborhood highlights,2,1,1,2,4.76,76,https://www.airbnb.com/rooms/159749
159815,$106.00,Neighborhood highlights,2,1,1,1,4.87,63,https://www.airbnb.com/rooms/159815
162493,$457.00,Neighborhood highlights,6,2.5,3,3,4.98,56,https://www.airbnb.com/rooms/162493
166006,$240.00,Neighborhood highlights,6,1,2,5,4.63,187,https://www.airbnb.com/rooms/166006
166172,NA,Neighborhood highlights,2,NA,NA,NA,4.54,61,https://www.airbnb.com/rooms/166172
166983,NA,NA,6,NA,3,NA,4.83,6,https://www.airbnb.com/rooms/166983
168123,$125.00,Neighborhood highlights,2,1,1,1,4.62,123,https://www.airbnb.com/rooms/168123
169483,$236.00,Neighborhood highlights,4,1,1,1,NA,0,https://www.airbnb.com/rooms/169483
170420,NA,NA,2,NA,1,NA,5,15,https://www.airbnb.com/rooms/170420
170761,$98.00,Neighborhood highlights,2,1.5,1,1,4.93,229,https://www.airbnb.com/rooms/170761
171562,$230.00,NA,2,1,0,2,4.9,32,https://www.airbnb.com/rooms/171562
173151,NA,NA,2,NA,1,NA,4.81,261,https://www.airbnb.com/rooms/173151
174966,"$2,500.00",NA,9,2.5,2,4,4.96,25,https://www.airbnb.com/rooms/174966
176135,$115.00,Neighborhood highlights,2,1,1,1,4.68,31,https://www.airbnb.com/rooms/176135
177495,NA,NA,4,NA,2,NA,5,5,https://www.airbnb.com/rooms/177495
177606,$150.00,Neighborhood highlights,2,1,1,1,4.79,128,https://www.airbnb.com/rooms/177606
179670,$175.00,Neighborhood highlights,1,1,1,1,4.89,128,https://www.airbnb.com/rooms/179670
179741,$202.00,NA,6,1,2,2,4.95,19,https://www.airbnb.com/rooms/179741
182069,$135.00,Neighborhood highlights,3,1,1,1,4.76,125,https://www.airbnb.com/rooms/182069
182177,$225.00,Neighborhood highlights,2,1,1,2,4.68,347,https://www.airbnb.com/rooms/182177
187986,NA,Neighborhood highlights,4,NA,2,NA,4.5,2,https://www.airbnb.com/rooms/187986
188674,NA,Neighborhood highlights,2,NA,1,NA,4.87,63,https://www.airbnb.com/rooms/188674
188803,NA,Neighborhood highlights,2,NA,NA,NA,4.96,49,https://www.airbnb.com/rooms/188803
189135,$174.00,Neighborhood highlights,2,1,1,2,4.76,162,https://www.airbnb.com/rooms/189135
189181,NA,NA,2,NA,2,NA,4,1,https://www.airbnb.com/rooms/189181
189787,NA,NA,2,NA,1,NA,4.64,102,https://www.airbnb.com/rooms/189787
190968,NA,Neighborhood highlights,2,NA,1,NA,4.77,35,https://www.airbnb.com/rooms/190968
190974,$130.00,Neighborhood highlights,2,1,1,2,4.7,313,https://www.airbnb.com/rooms/190974
191610,$144.00,NA,2,1,1,1,4.61,139,https://www.airbnb.com/rooms/191610
195123,$75.00,Neighborhood highlights,2,1.5,1,1,4.6,229,https://www.airbnb.com/rooms/195123
195240,$60.00,Neighborhood highlights,1,1,1,1,4.66,90,https://www.airbnb.com/rooms/195240
195989,$105.00,Neighborhood highlights,2,1,1,1,4.93,230,https://www.airbnb.com/rooms/195989
197942,$220.00,Neighborhood highlights,2,1,2,2,4.81,255,https://www.airbnb.com/rooms/197942
199733,$110.00,Neighborhood highlights,1,1,0,1,4.5,132,https://www.airbnb.com/rooms/199733
201514,NA,Neighborhood highlights,4,NA,1,NA,NA,0,https://www.airbnb.com/rooms/201514
201992,$190.00,Neighborhood highlights,4,1,1,2,4.84,106,https://www.airbnb.com/rooms/201992
202273,NA,NA,2,NA,NA,NA,4.41,70,https://www.airbnb.com/rooms/202273
203901,NA,Neighborhood highlights,4,NA,1,NA,5,8,https://www.airbnb.com/rooms/203901
204065,$398.00,Neighborhood highlights,8,1,2,5,4.6,112,https://www.airbnb.com/rooms/204065
205485,$185.00,Neighborhood highlights,2,1,1,1,4.9,158,https://www.airbnb.com/rooms/205485
206316,NA,NA,2,NA,NA,NA,4.75,4,https://www.airbnb.com/rooms/206316
206957,$72.00,Neighborhood highlights,4,1,1,4,4.61,126,https://www.airbnb.com/rooms/206957
208148,NA,NA,2,NA,1,NA,4.82,14,https://www.airbnb.com/rooms/208148
208889,$91.00,Neighborhood highlights,4,1,2,2,4.56,65,https://www.airbnb.com/rooms/208889
209310,$59.00,Neighborhood highlights,2,1,1,2,4.9,307,https://www.airbnb.com/rooms/209310
212109,$94.00,Neighborhood highlights,1,1,2,2,5,12,https://www.airbnb.com/rooms/212109
212544,NA,Neighborhood highlights,3,NA,1,NA,4.67,9,https://www.airbnb.com/rooms/212544
213330,$199.00,Neighborhood highlights,2,2,1,1,4.97,65,https://www.airbnb.com/rooms/213330
214917,NA,Neighborhood highlights,3,NA,1,NA,5,1,https://www.airbnb.com/rooms/214917
216080,$180.00,NA,2,1,1,1,4.92,154,https://www.airbnb.com/rooms/216080
218358,$70.00,Neighborhood highlights,1,1,1,1,4.76,29,https://www.airbnb.com/rooms/218358
219066,$110.00,NA,2,1,1,1,4.89,34,https://www.airbnb.com/rooms/219066
219922,$90.00,NA,1,1,1,2,4.75,36,https://www.airbnb.com/rooms/219922
220563,NA,NA,2,NA,NA,NA,4.72,59,https://www.airbnb.com/rooms/220563
222304,$139.00,NA,2,1,1,1,4.81,38,https://www.airbnb.com/rooms/222304
223930,$150.00,Neighborhood highlights,2,1,1,1,4.81,19,https://www.airbnb.com/rooms/223930
225354,$180.00,NA,2,1,1,1,4.8,11,https://www.airbnb.com/rooms/225354
225976,$99.00,Neighborhood highlights,3,1,1,1,4.6,99,https://www.airbnb.com/rooms/225976
226021,$190.00,Neighborhood highlights,5,1,2,3,4.92,249,https://www.airbnb.com/rooms/226021
227495,$150.00,NA,2,1,1,2,4.58,107,https://www.airbnb.com/rooms/227495
228925,NA,NA,2,NA,1,NA,4.63,8,https://www.airbnb.com/rooms/228925
230877,$115.00,Neighborhood highlights,2,1,1,1,4.91,122,https://www.airbnb.com/rooms/230877
231154,NA,NA,3,NA,2,NA,4.18,31,https://www.airbnb.com/rooms/231154
232612,$135.00,Neighborhood highlights,2,1,1,1,4.86,519,https://www.airbnb.com/rooms/232612
232775,NA,NA,2,NA,1,NA,5,4,https://www.airbnb.com/rooms/232775
233638,$87.00,NA,2,1,1,2,4.74,24,https://www.airbnb.com/rooms/233638
235552,$300.00,Neighborhood highlights,5,2,3,4,4.92,39,https://www.airbnb.com/rooms/235552
235651,NA,Neighborhood highlights,3,NA,1,NA,4.88,85,https://www.airbnb.com/rooms/235651
235951,$185.00,NA,2,1,1,1,4.69,157,https://www.airbnb.com/rooms/235951
235960,$200.00,Neighborhood highlights,2,1,1,2,4.71,118,https://www.airbnb.com/rooms/235960
236788,NA,Neighborhood highlights,4,NA,2,NA,4.62,40,https://www.airbnb.com/rooms/236788
238683,$42.00,NA,2,1.5,1,1,4.67,4,https://www.airbnb.com/rooms/238683
239733,$250.00,Neighborhood highlights,1,1,1,1,4.86,57,https://www.airbnb.com/rooms/239733
239899,NA,NA,2,NA,1,NA,5,6,https://www.airbnb.com/rooms/239899
245544,$35.00,Neighborhood highlights,2,1,1,1,4.68,120,https://www.airbnb.com/rooms/245544
245574,$185.00,NA,2,1,1,2,4.62,278,https://www.airbnb.com/rooms/245574
246351,NA,Neighborhood highlights,2,NA,1,NA,4.25,5,https://www.airbnb.com/rooms/246351
248865,$335.00,NA,4,1,1,2,4.74,35,https://www.airbnb.com/rooms/248865
248966,NA,Neighborhood highlights,2,NA,NA,NA,4.63,41,https://www.airbnb.com/rooms/248966
249618,NA,Neighborhood highlights,1,NA,1,NA,3.75,4,https://www.airbnb.com/rooms/249618
249704,$185.00,NA,2,1,1,1,4.76,25,https://www.airbnb.com/rooms/249704
249867,$100.00,NA,1,1,1,1,4.71,7,https://www.airbnb.com/rooms/249867
250323,NA,NA,2,NA,1,NA,4.38,48,https://www.airbnb.com/rooms/250323
250536,$125.00,NA,2,1,1,3,5,11,https://www.airbnb.com/rooms/250536
250537,$400.00,NA,6,2,2,2,NA,0,https://www.airbnb.com/rooms/250537
251277,$99.00,Neighborhood highlights,1,2,2,1,4.94,208,https://www.airbnb.com/rooms/251277
252865,NA,NA,1,NA,2,NA,4.8,5,https://www.airbnb.com/rooms/252865
253466,$335.00,NA,4,1,1,2,4.81,48,https://www.airbnb.com/rooms/253466
253471,$335.00,NA,4,1,1,2,4.77,31,https://www.airbnb.com/rooms/253471
253475,$335.00,NA,4,1,1,2,4.86,99,https://www.airbnb.com/rooms/253475
253800,$335.00,NA,4,1,1,2,4.77,43,https://www.airbnb.com/rooms/253800
253803,$335.00,NA,4,1,1,2,4.88,43,https://www.airbnb.com/rooms/253803
253806,$335.00,NA,4,1,1,2,4.81,49,https://www.airbnb.com/rooms/253806
253811,$335.00,NA,4,1,1,2,4.79,71,https://www.airbnb.com/rooms/253811
253828,NA,NA,4,NA,1,NA,5,12,https://www.airbnb.com/rooms/253828
253839,NA,NA,4,NA,1,NA,4.88,8,https://www.airbnb.com/rooms/253839
253842,$299.00,NA,4,1,1,2,4.86,14,https://www.airbnb.com/rooms/253842
253846,NA,NA,2,NA,1,NA,4.76,33,https://www.airbnb.com/rooms/253846
254168,NA,NA,6,NA,2,NA,5,5,https://www.airbnb.com/rooms/254168
255476,NA,Neighborhood highlights,1,NA,2,NA,4.94,48,https://www.airbnb.com/rooms/255476
255601,$229.00,Neighborhood highlights,2,1,2,2,4.59,267,https://www.airbnb.com/rooms/255601
255957,$495.00,Neighborhood highlights,4,2,2,2,4.96,26,https://www.airbnb.com/rooms/255957
257097,$193.00,Neighborhood highlights,2,1,2,2,4.87,39,https://www.airbnb.com/rooms/257097
258688,NA,NA,3,NA,2,NA,4.74,55,https://www.airbnb.com/rooms/258688
258690,NA,NA,3,NA,2,NA,5,9,https://www.airbnb.com/rooms/258690
258740,NA,NA,2,NA,NA,NA,4.85,143,https://www.airbnb.com/rooms/258740
258930,NA,Neighborhood highlights,3,NA,1,NA,4.67,4,https://www.airbnb.com/rooms/258930
260755,$198.00,Neighborhood highlights,4,1,1,1,4.73,35,https://www.airbnb.com/rooms/260755
261674,NA,NA,2,NA,2,NA,4.95,19,https://www.airbnb.com/rooms/261674
261781,NA,NA,4,NA,2,NA,4.75,8,https://www.airbnb.com/rooms/261781
262405,NA,Neighborhood highlights,2,NA,1,NA,4.59,75,https://www.airbnb.com/rooms/262405
262478,NA,Neighborhood highlights,2,NA,NA,NA,4.91,11,https://www.airbnb.com/rooms/262478
263005,NA,Neighborhood highlights,4,NA,3,NA,4.67,129,https://www.airbnb.com/rooms/263005
263232,NA,NA,4,NA,1,NA,NA,0,https://www.airbnb.com/rooms/263232
263502,$185.00,NA,2,1,1,1,4.96,23,https://www.airbnb.com/rooms/263502
263888,$265.00,Neighborhood highlights,2,1,1,1,4.99,243,https://www.airbnb.com/rooms/263888
265145,NA,NA,2,NA,NA,NA,4.88,8,https://www.airbnb.com/rooms/265145
265506,NA,Neighborhood highlights,6,NA,2,NA,4.89,11,https://www.airbnb.com/rooms/265506
266449,$205.00,NA,4,1,2,2,4.6,81,https://www.airbnb.com/rooms/266449
266753,$250.00,Neighborhood highlights,4,1,2,2,4.23,90,https://www.airbnb.com/rooms/266753
267435,NA,Neighborhood highlights,1,NA,NA,NA,4.96,25,https://www.airbnb.com/rooms/267435
267652,$60.00,Neighborhood highlights,1,1,1,1,4.97,58,https://www.airbnb.com/rooms/267652
268335,$175.00,NA,2,1,1,1,5,1,https://www.airbnb.com/rooms/268335
268481,NA,NA,4,NA,2,NA,5,1,https://www.airbnb.com/rooms/268481
269283,$70.00,Neighborhood highlights,1,1,1,1,4.84,32,https://www.airbnb.com/rooms/269283
269404,$99.00,Neighborhood highlights,2,1,1,1,4.71,19,https://www.airbnb.com/rooms/269404
270139,NA,Neighborhood highlights,2,NA,2,NA,4.69,39,https://www.airbnb.com/rooms/270139
270231,$95.00,Neighborhood highlights,2,1,1,2,4.79,285,https://www.airbnb.com/rooms/270231
270315,$50.00,Neighborhood highlights,1,1,1,1,4.76,18,https://www.airbnb.com/rooms/270315
270345,$212.00,Neighborhood highlights,4,1,1,1,4.8,36,https://www.airbnb.com/rooms/270345
271694,NA,NA,2,NA,1,NA,4.11,19,https://www.airbnb.com/rooms/271694
272026,$80.00,Neighborhood highlights,2,1,1,2,4.29,21,https://www.airbnb.com/rooms/272026
274743,$95.00,NA,1,1,0,1,5,1,https://www.airbnb.com/rooms/274743
275976,$140.00,Neighborhood highlights,5,1,2,2,4.71,242,https://www.airbnb.com/rooms/275976
276021,$350.00,NA,4,2,2,2,5,2,https://www.airbnb.com/rooms/276021
276317,$700.00,NA,2,2,3,3,4.87,185,https://www.airbnb.com/rooms/276317
277883,$114.00,Neighborhood highlights,2,1,1,1,4.73,57,https://www.airbnb.com/rooms/277883
278876,NA,Neighborhood highlights,2,NA,NA,NA,NA,0,https://www.airbnb.com/rooms/278876
279857,"$1,200.00",Neighborhood highlights,16,5,6,14,4.87,224,https://www.airbnb.com/rooms/279857
281521,NA,Neighborhood highlights,4,NA,2,NA,5,1,https://www.airbnb.com/rooms/281521
281851,$130.00,Neighborhood highlights,2,0,1,3,4.93,142,https://www.airbnb.com/rooms/281851
283550,NA,NA,3,NA,1,NA,4.7,10,https://www.airbnb.com/rooms/283550
286662,$120.00,Neighborhood highlights,2,1,0,1,4.84,345,https://www.airbnb.com/rooms/286662
286838,NA,NA,1,NA,1,NA,4.66,101,https://www.airbnb.com/rooms/286838
287408,NA,Neighborhood highlights,1,NA,1,NA,4.93,74,https://www.airbnb.com/rooms/287408
287845,$200.00,NA,4,1,2,2,4.98,131,https://www.airbnb.com/rooms/287845
288726,NA,Neighborhood highlights,2,NA,NA,NA,4.71,56,https://www.airbnb.com/rooms/288726
289020,NA,Neighborhood highlights,2,NA,1,NA,4.53,15,https://www.airbnb.com/rooms/289020
289665,NA,Neighborhood highlights,3,NA,1,NA,4.82,157,https://www.airbnb.com/rooms/289665
289703,NA,NA,2,NA,1,NA,5,5,https://www.airbnb.com/rooms/289703
292121,$157.00,NA,3,1,1,1,4.83,6,https://www.airbnb.com/rooms/292121
292324,$80.00,Neighborhood highlights,1,1.5,1,1,4,5,https://www.airbnb.com/rooms/292324
292637,NA,Neighborhood highlights,3,NA,1,NA,NA,0,https://www.airbnb.com/rooms/292637
292800,$191.00,Neighborhood highlights,2,1,1,2,4.87,114,https://www.airbnb.com/rooms/292800
294227,$335.00,NA,4,1,1,2,4.83,49,https://www.airbnb.com/rooms/294227
294242,$335.00,NA,4,1,1,2,4.82,88,https://www.airbnb.com/rooms/294242
294250,NA,NA,2,NA,1,NA,4.8,137,https://www.airbnb.com/rooms/294250
294259,$335.00,NA,4,1,1,2,4.79,174,https://www.airbnb.com/rooms/294259
294263,$335.00,NA,4,1,1,2,4.84,155,https://www.airbnb.com/rooms/294263
294280,$335.00,NA,4,1,1,2,4.89,46,https://www.airbnb.com/rooms/294280
295231,NA,Neighborhood highlights,1,NA,NA,NA,4,1,https://www.airbnb.com/rooms/295231
295998,$300.00,Neighborhood highlights,2,1,1,1,4.93,58,https://www.airbnb.com/rooms/295998
296361,NA,Neighborhood highlights,1,NA,NA,NA,4.79,62,https://www.airbnb.com/rooms/296361
296717,$55.00,Neighborhood highlights,3,1,1,1,4.5,20,https://www.airbnb.com/rooms/296717
298759,$55.00,NA,2,1,2,1,4.61,46,https://www.airbnb.com/rooms/298759
299062,NA,Neighborhood highlights,2,NA,NA,NA,NA,0,https://www.airbnb.com/rooms/299062
301372,NA,Neighborhood highlights,1,NA,2,NA,4.67,27,https://www.airbnb.com/rooms/301372
302238,$264.00,NA,9,1,2,8,4.67,8,https://www.airbnb.com/rooms/302238
302280,$200.00,NA,9,1,1,4,3.43,9,https://www.airbnb.com/rooms/302280
302309,$300.00,NA,9,1,2,6,4.4,6,https://www.airbnb.com/rooms/302309
302705,$60.00,NA,1,1,1,1,5,5,https://www.airbnb.com/rooms/302705
302758,$150.00,Neighborhood highlights,2,1,1,2,4.5,12,https://www.airbnb.com/rooms/302758
303264,$250.00,Neighborhood highlights,10,1,2,6,4.67,8,https://www.airbnb.com/rooms/303264
305245,$250.00,Neighborhood highlights,9,1,2,6,4.57,10,https://www.airbnb.com/rooms/305245
306799,NA,NA,4,NA,NA,NA,4.6,129,https://www.airbnb.com/rooms/306799
310325,$75.00,NA,1,NA,1,1,4.17,31,https://www.airbnb.com/rooms/310325
310338,$75.00,NA,1,1,1,1,4.26,29,https://www.airbnb.com/rooms/310338
310524,$136.00,Neighborhood highlights,2,1,1,1,4.89,114,https://www.airbnb.com/rooms/310524
312415,NA,Neighborhood highlights,2,NA,NA,NA,4.72,68,https://www.airbnb.com/rooms/312415
314982,$101.00,Neighborhood highlights,2,1,1,1,4.73,187,https://www.airbnb.com/rooms/314982
318021,$110.00,NA,1,1,1,1,4.97,94,https://www.airbnb.com/rooms/318021
320877,NA,NA,4,NA,2,NA,4.68,25,https://www.airbnb.com/rooms/320877
321014,NA,Neighborhood highlights,4,NA,2,NA,4.78,18,https://www.airbnb.com/rooms/321014
321136,$209.00,Neighborhood highlights,2,1,0,2,4.86,79,https://www.airbnb.com/rooms/321136
322037,$260.00,NA,5,1,1,4,4.82,288,https://www.airbnb.com/rooms/322037
324800,NA,NA,2,NA,1,NA,4.76,25,https://www.airbnb.com/rooms/324800
325429,$280.00,Neighborhood highlights,2,1,1,1,4.8,162,https://www.airbnb.com/rooms/325429
326832,NA,NA,2,NA,1,NA,4.66,36,https://www.airbnb.com/rooms/326832
328040,NA,NA,4,NA,2,NA,4.73,49,https://www.airbnb.com/rooms/328040
328744,$237.00,Neighborhood highlights,6,1,2,3,4.86,144,https://www.airbnb.com/rooms/328744
332208,$125.00,Neighborhood highlights,2,1,2,3,4.67,3,https://www.airbnb.com/rooms/332208
333323,$57.00,Neighborhood highlights,1,1,1,1,4.77,181,https://www.airbnb.com/rooms/333323
334607,NA,Neighborhood highlights,2,NA,2,NA,4.67,52,https://www.airbnb.com/rooms/334607
336055,$40.00,Neighborhood highlights,2,1.5,1,1,5,19,https://www.airbnb.com/rooms/336055
342995,$120.00,NA,2,1,1,1,4.79,94,https://www.airbnb.com/rooms/342995
343276,$129.00,Neighborhood highlights,2,1,1,2,4.89,214,https://www.airbnb.com/rooms/343276
343766,$87.00,Neighborhood highlights,1,1,1,1,4.75,4,https://www.airbnb.com/rooms/343766
344092,NA,Neighborhood highlights,2,NA,1,NA,4.84,19,https://www.airbnb.com/rooms/344092
346579,$102.00,NA,2,1,1,0,5,4,https://www.airbnb.com/rooms/346579
350168,$175.00,Neighborhood highlights,2,1,2,2,4.22,10,https://www.airbnb.com/rooms/350168
351859,$220.00,Neighborhood highlights,2,1,1,1,4.96,153,https://www.airbnb.com/rooms/351859
353317,$110.00,Neighborhood highlights,2,1,1,1,4.39,161,https://www.airbnb.com/rooms/353317
355563,$500.00,Neighborhood highlights,7,2,3,6,5,1,https://www.airbnb.com/rooms/355563
363016,NA,Neighborhood highlights,3,NA,2,NA,5,2,https://www.airbnb.com/rooms/363016
367810,NA,Neighborhood highlights,1,NA,2,NA,5,11,https://www.airbnb.com/rooms/367810
373618,$265.00,Neighborhood highlights,2,0,1,1,4.97,135,https://www.airbnb.com/rooms/373618
378460,$300.00,NA,4,1,2,2,4.69,14,https://www.airbnb.com/rooms/378460
380730,NA,Neighborhood highlights,3,NA,1,NA,5,3,https://www.airbnb.com/rooms/380730
385824,$214.00,Neighborhood highlights,2,1,2,4,4.74,146,https://www.airbnb.com/rooms/385824
386744,$120.00,Neighborhood highlights,1,1,1,1,4.66,105,https://www.airbnb.com/rooms/386744
386799,NA,Neighborhood highlights,5,NA,1,NA,4.85,116,https://www.airbnb.com/rooms/386799
387666,$99.00,Neighborhood highlights,2,2,2,3,4.91,11,https://www.airbnb.com/rooms/387666
389482,$75.00,Neighborhood highlights,2,1,1,1,4.77,57,https://www.airbnb.com/rooms/389482
394111,$75.00,NA,2,2,1,1,4.54,13,https://www.airbnb.com/rooms/394111
396636,NA,NA,2,NA,NA,NA,4.73,42,https://www.airbnb.com/rooms/396636
397034,$126.00,NA,1,1,1,1,4.68,25,https://www.airbnb.com/rooms/397034
400039,NA,NA,3,NA,1,NA,4.63,52,https://www.airbnb.com/rooms/400039
408491,NA,NA,2,NA,1,NA,NA,0,https://www.airbnb.com/rooms/408491
408983,$415.00,Neighborhood highlights,4,1,1,3,4.77,125,https://www.airbnb.com/rooms/408983
409262,$300.00,Neighborhood highlights,5,1,2,3,4.89,33,https://www.airbnb.com/rooms/409262
409666,NA,Neighborhood highlights,4,NA,1,NA,4.83,9,https://www.airbnb.com/rooms/409666
411918,$200.00,NA,6,1,3,4,4.77,186,https://www.airbnb.com/rooms/411918
413504,$172.00,NA,2,1,1,1,4.93,178,https://www.airbnb.com/rooms/413504
415304,NA,Neighborhood highlights,1,NA,1,NA,5,1,https://www.airbnb.com/rooms/415304
416557,$145.00,Neighborhood highlights,3,1,1,1,4.64,46,https://www.airbnb.com/rooms/416557
417685,$145.00,NA,6,1,2,3,4.71,349,https://www.airbnb.com/rooms/417685
423015,$35.00,NA,2,1,1,1,4.75,36,https://www.airbnb.com/rooms/423015
423275,$150.00,NA,3,1,1,1,4.74,42,https://www.airbnb.com/rooms/423275
425423,$50.00,Neighborhood highlights,2,1.5,1,1,4.67,20,https://www.airbnb.com/rooms/425423
430427,NA,Neighborhood highlights,2,NA,1,NA,4.9,12,https://www.airbnb.com/rooms/430427
430665,NA,NA,4,NA,1,NA,4.83,7,https://www.airbnb.com/rooms/430665
431865,$332.00,Neighborhood highlights,2,1,2,3,4.94,117,https://www.airbnb.com/rooms/431865
432090,NA,Neighborhood highlights,1,NA,NA,NA,4.94,69,https://www.airbnb.com/rooms/432090
432823,$250.00,NA,2,1,0,1,4.8,10,https://www.airbnb.com/rooms/432823
433218,NA,NA,3,NA,1,NA,4.92,49,https://www.airbnb.com/rooms/433218
433414,$150.00,Neighborhood highlights,2,1,1,1,4.86,113,https://www.airbnb.com/rooms/433414
433914,$85.00,Neighborhood highlights,4,1,1,4,4.52,66,https://www.airbnb.com/rooms/433914
437352,$160.00,Neighborhood highlights,3,1,2,2,4.95,22,https://www.airbnb.com/rooms/437352
437906,NA,Neighborhood highlights,2,NA,1,NA,4.75,4,https://www.airbnb.com/rooms/437906
439750,$55.00,NA,2,1,1,1,4.75,9,https://www.airbnb.com/rooms/439750
439870,$433.00,Neighborhood highlights,5,2,4,4,5,3,https://www.airbnb.com/rooms/439870
442649,NA,Neighborhood highlights,4,NA,1,NA,5,11,https://www.airbnb.com/rooms/442649
443646,$425.00,Neighborhood highlights,2,3,1,1,4.54,38,https://www.airbnb.com/rooms/443646
444430,NA,NA,1,NA,NA,NA,4.9,23,https://www.airbnb.com/rooms/444430
447766,$101.00,Neighborhood highlights,1,1,1,1,4,1,https://www.airbnb.com/rooms/447766
448011,$200.00,Neighborhood highlights,2,1,1,1,4.77,30,https://www.airbnb.com/rooms/448011
448049,$125.00,Neighborhood highlights,2,1,1,1,4.16,54,https://www.airbnb.com/rooms/448049
449660,$80.00,Neighborhood highlights,2,1,1,2,4.86,126,https://www.airbnb.com/rooms/449660
450577,$200.00,Neighborhood highlights,2,1,1,2,4.8,135,https://www.airbnb.com/rooms/450577
452068,NA,NA,5,NA,4,NA,5,3,https://www.airbnb.com/rooms/452068
453094,$101.00,Neighborhood highlights,2,1,1,1,4.53,500,https://www.airbnb.com/rooms/453094
453255,NA,NA,3,NA,2,NA,4.88,16,https://www.airbnb.com/rooms/453255
453317,NA,NA,2,NA,NA,NA,4.83,7,https://www.airbnb.com/rooms/453317
454334,NA,NA,3,NA,1,NA,5,3,https://www.airbnb.com/rooms/454334
454763,$99.00,NA,2,1,2,2,4.82,11,https://www.airbnb.com/rooms/454763
455734,$100.00,Neighborhood highlights,2,1,1,1,4.6,166,https://www.airbnb.com/rooms/455734
456110,NA,Neighborhood highlights,4,NA,1,NA,4.45,21,https://www.airbnb.com/rooms/456110
456190,$233.00,Neighborhood highlights,2,1,1,1,4.66,447,https://www.airbnb.com/rooms/456190
456457,NA,NA,4,NA,2,NA,4.5,6,https://www.airbnb.com/rooms/456457
456578,$100.00,Neighborhood highlights,1,1,1,1,5,1,https://www.airbnb.com/rooms/456578
457829,NA,Neighborhood highlights,4,NA,1,NA,4.26,231,https://www.airbnb.com/rooms/457829
459066,NA,NA,2,NA,1,NA,4.55,23,https://www.airbnb.com/rooms/459066
460999,NA,Neighborhood highlights,4,NA,2,NA,4.5,9,https://www.airbnb.com/rooms/460999
463042,$280.00,Neighborhood highlights,3,1,1,1,4.85,87,https://www.airbnb.com/rooms/463042
464231,NA,NA,3,NA,1,NA,5,2,https://www.airbnb.com/rooms/464231
465706,$105.00,Neighborhood highlights,2,1,1,1,4.67,12,https://www.airbnb.com/rooms/465706
466277,$170.00,Neighborhood highlights,5,1,2,3,4.86,219,https://www.airbnb.com/rooms/466277
466457,$200.00,Neighborhood highlights,3,1,2,2,4.81,295,https://www.airbnb.com/rooms/466457
467569,$311.00,Neighborhood highlights,2,1,1,1,4.79,39,https://www.airbnb.com/rooms/467569
467634,$39.00,NA,3,1,1,3,4.62,478,https://www.airbnb.com/rooms/467634
467866,$100.00,Neighborhood highlights,2,1,1,1,4.9,227,https://www.airbnb.com/rooms/467866
470330,NA,Neighborhood highlights,1,NA,NA,NA,5,5,https://www.airbnb.com/rooms/470330
470498,NA,Neighborhood highlights,2,NA,NA,NA,5,8,https://www.airbnb.com/rooms/470498
471758,NA,Neighborhood highlights,5,NA,3,NA,5,2,https://www.airbnb.com/rooms/471758
471845,NA,Neighborhood highlights,4,NA,2,NA,4,3,https://www.airbnb.com/rooms/471845
476983,$46.00,Neighborhood highlights,2,1.5,1,1,4.65,661,https://www.airbnb.com/rooms/476983
478832,NA,Neighborhood highlights,4,NA,2,NA,5,1,https://www.airbnb.com/rooms/478832
479002,$464.00,NA,2,2,2,2,4.96,73,https://www.airbnb.com/rooms/479002
483414,$49.00,Neighborhood highlights,2,1,1,1,4.69,29,https://www.airbnb.com/rooms/483414
484312,$350.00,Neighborhood highlights,6,2.5,3,3,4.79,63,https://www.airbnb.com/rooms/484312
484728,NA,Neighborhood highlights,3,NA,1,NA,4.67,3,https://www.airbnb.com/rooms/484728
489018,NA,Neighborhood highlights,2,NA,1,NA,4.89,63,https://www.airbnb.com/rooms/489018
491123,$138.00,Neighborhood highlights,2,1,1,1,4.83,228,https://www.airbnb.com/rooms/491123
491529,NA,NA,5,NA,3,NA,4.91,58,https://www.airbnb.com/rooms/491529
492810,$150.00,Neighborhood highlights,2,1,2,1,4.89,9,https://www.airbnb.com/rooms/492810
495249,NA,Neighborhood highlights,2,NA,NA,NA,4.88,234,https://www.airbnb.com/rooms/495249
496166,$749.00,Neighborhood highlights,2,2.5,4,4,4.94,17,https://www.airbnb.com/rooms/496166
498052,$143.00,NA,2,1,1,1,4.98,226,https://www.airbnb.com/rooms/498052
499249,NA,NA,1,NA,1,NA,0,1,https://www.airbnb.com/rooms/499249
500886,$149.00,NA,2,1.5,1,1,4.94,165,https://www.airbnb.com/rooms/500886
503460,NA,NA,1,NA,2,NA,4.75,8,https://www.airbnb.com/rooms/503460
504322,NA,Neighborhood highlights,2,NA,1,NA,4.95,21,https://www.airbnb.com/rooms/504322
504362,$304.00,Neighborhood highlights,5,1,2,2,4.81,84,https://www.airbnb.com/rooms/504362
504437,NA,Neighborhood highlights,1,NA,1,NA,4.62,67,https://www.airbnb.com/rooms/504437
505231,NA,NA,1,NA,1,NA,5,1,https://www.airbnb.com/rooms/505231
505315,NA,Neighborhood highlights,2,NA,NA,NA,4.83,52,https://www.airbnb.com/rooms/505315
505581,$110.00,Neighborhood highlights,2,1,1,1,4.6,27,https://www.airbnb.com/rooms/505581
507393,$49.00,NA,1,1,1,1,4.59,63,https://www.airbnb.com/rooms/507393
512022,NA,Neighborhood highlights,2,NA,1,NA,4.71,41,https://www.airbnb.com/rooms/512022
513343,$125.00,NA,2,1,1,2,5,1,https://www.airbnb.com/rooms/513343
513688,NA,Neighborhood highlights,6,NA,3,NA,4.89,249,https://www.airbnb.com/rooms/513688
514548,$150.00,Neighborhood highlights,2,1,1,1,NA,0,https://www.airbnb.com/rooms/514548
517654,NA,Neighborhood highlights,2,NA,2,NA,5,3,https://www.airbnb.com/rooms/517654
518566,$89.00,Neighborhood highlights,1,1,1,2,4.8,15,https://www.airbnb.com/rooms/518566
519310,$85.00,Neighborhood highlights,2,1,1,1,4.73,262,https://www.airbnb.com/rooms/519310
521018,NA,NA,2,NA,1,NA,5,2,https://www.airbnb.com/rooms/521018
521522,NA,NA,2,NA,NA,NA,5,5,https://www.airbnb.com/rooms/521522
523123,$509.00,Neighborhood highlights,6,2,4,4,5,30,https://www.airbnb.com/rooms/523123
525523,$69.00,Neighborhood highlights,2,1,1,2,4.7,46,https://www.airbnb.com/rooms/525523
526942,$165.00,Neighborhood highlights,2,1,1,1,4.8,10,https://www.airbnb.com/rooms/526942
528485,$62.00,Neighborhood highlights,2,1,1,1,4.67,15,https://www.airbnb.com/rooms/528485
528615,NA,NA,2,NA,1,NA,4,1,https://www.airbnb.com/rooms/528615
530576,$107.00,Neighborhood highlights,1,1,2,1,4.78,96,https://www.airbnb.com/rooms/530576
531091,NA,NA,2,1,1,1,4.73,303,https://www.airbnb.com/rooms/531091
531455,$83.00,Neighborhood highlights,2,1,1,2,4.62,27,https://www.airbnb.com/rooms/531455
532288,$310.00,Neighborhood highlights,2,1,1,1,4.75,114,https://www.airbnb.com/rooms/532288
533168,$375.00,Neighborhood highlights,2,1,2,2,4.87,99,https://www.airbnb.com/rooms/533168
536578,$43.00,NA,2,1,1,1,4.83,29,https://www.airbnb.com/rooms/536578
538465,$109.00,Neighborhood highlights,2,1,1,2,4.75,36,https://www.airbnb.com/rooms/538465
538590,$130.00,Neighborhood highlights,2,1,1,1,4.65,74,https://www.airbnb.com/rooms/538590
540057,$199.00,Neighborhood highlights,6,1,2,3,4.87,270,https://www.airbnb.com/rooms/540057
541725,$307.00,Neighborhood highlights,2,1,1,1,4.93,44,https://www.airbnb.com/rooms/541725
543792,$60.00,Neighborhood highlights,2,1,0,3,4.74,151,https://www.airbnb.com/rooms/543792
544039,NA,NA,4,NA,2,NA,NA,0,https://www.airbnb.com/rooms/544039
545261,$200.00,NA,3,1,1,1,5,2,https://www.airbnb.com/rooms/545261
548184,NA,NA,1,NA,1,NA,NA,0,https://www.airbnb.com/rooms/548184
549873,NA,Neighborhood highlights,2,NA,1,NA,4.8,5,https://www.airbnb.com/rooms/549873
550653,$59.00,Neighborhood highlights,1,1.5,1,1,4.86,7,https://www.airbnb.com/rooms/550653
550858,NA,Neighborhood highlights,5,NA,2,NA,5,15,https://www.airbnb.com/rooms/550858
552502,$115.00,Neighborhood highlights,2,1,1,2,4.75,16,https://www.airbnb.com/rooms/552502
552519,$117.00,Neighborhood highlights,6,1,2,3,4.73,253,https://www.airbnb.com/rooms/552519
552639,$214.00,Neighborhood highlights,5,1,2,3,4.88,223,https://www.airbnb.com/rooms/552639
553872,$120.00,Neighborhood highlights,3,1,1,0,4.95,21,https://www.airbnb.com/rooms/553872
553903,$125.00,Neighborhood highlights,3,1,1,1,4.88,64,https://www.airbnb.com/rooms/553903
557487,NA,Neighborhood highlights,2,NA,1,NA,4.88,24,https://www.airbnb.com/rooms/557487
560078,$240.00,Neighborhood highlights,2,1,2,2,4.9,137,https://www.airbnb.com/rooms/560078
563442,NA,NA,2,NA,1,NA,4.42,27,https://www.airbnb.com/rooms/563442
564649,NA,Neighborhood highlights,2,NA,1,NA,4.89,39,https://www.airbnb.com/rooms/564649
565814,NA,NA,1,NA,NA,NA,5,1,https://www.airbnb.com/rooms/565814
566712,NA,Neighborhood highlights,4,NA,NA,NA,4.64,138,https://www.airbnb.com/rooms/566712
568661,$90.00,Neighborhood highlights,2,1,1,1,4.94,63,https://www.airbnb.com/rooms/568661
568684,NA,Neighborhood highlights,2,NA,1,NA,5,6,https://www.airbnb.com/rooms/568684
569255,$148.00,NA,2,1,1,0,4.14,45,https://www.airbnb.com/rooms/569255
570218,NA,Neighborhood highlights,3,NA,1,NA,5,27,https://www.airbnb.com/rooms/570218
570797,$200.00,NA,2,1,1,1,4.95,23,https://www.airbnb.com/rooms/570797
571564,$102.00,NA,2,1,1,1,4.52,129,https://www.airbnb.com/rooms/571564
573671,$97.00,Neighborhood highlights,1,1.5,1,1,4.73,56,https://www.airbnb.com/rooms/573671
576227,$192.00,Neighborhood highlights,3,1,2,3,5,7,https://www.airbnb.com/rooms/576227
576916,NA,Neighborhood highlights,4,NA,1,NA,5,4,https://www.airbnb.com/rooms/576916
577243,$75.00,Neighborhood highlights,2,1,1,1,4.92,25,https://www.airbnb.com/rooms/577243
579251,NA,Neighborhood highlights,5,NA,2,NA,5,26,https://www.airbnb.com/rooms/579251
581488,$282.00,NA,2,1,2,1,5,34,https://www.airbnb.com/rooms/581488
582372,$69.00,NA,2,1,1,2,4.9,22,https://www.airbnb.com/rooms/582372
583352,NA,NA,2,NA,1,NA,5,3,https://www.airbnb.com/rooms/583352
584122,NA,Neighborhood highlights,2,NA,NA,NA,4.79,72,https://www.airbnb.com/rooms/584122
585300,$125.00,Neighborhood highlights,2,1,1,1,4.63,9,https://www.airbnb.com/rooms/585300
587519,NA,NA,1,NA,1,NA,4,1,https://www.airbnb.com/rooms/587519
587698,$126.00,Neighborhood highlights,2,1,1,1,4.84,112,https://www.airbnb.com/rooms/587698
587740,$200.00,Neighborhood highlights,2,1.5,2,1,4.79,24,https://www.airbnb.com/rooms/587740
590903,$86.00,Neighborhood highlights,2,1,2,2,4.8,58,https://www.airbnb.com/rooms/590903
591135,$200.00,Neighborhood highlights,1,1,1,1,4.76,157,https://www.airbnb.com/rooms/591135
591565,NA,Neighborhood highlights,4,NA,1,NA,4.92,60,https://www.airbnb.com/rooms/591565
593000,NA,NA,2,NA,1,NA,4.63,10,https://www.airbnb.com/rooms/593000
594036,NA,Neighborhood highlights,4,NA,2,NA,5,5,https://www.airbnb.com/rooms/594036
594732,NA,NA,2,NA,1,NA,NA,0,https://www.airbnb.com/rooms/594732
597624,NA,NA,3,NA,1,NA,5,9,https://www.airbnb.com/rooms/597624
597668,$120.00,Neighborhood highlights,2,1,1,1,4.8,20,https://www.airbnb.com/rooms/597668
599595,NA,Neighborhood highlights,3,NA,1,NA,4.91,11,https://www.airbnb.com/rooms/599595
600775,$90.00,Neighborhood highlights,2,1.5,1,1,4.73,96,https://www.airbnb.com/rooms/600775
600877,NA,NA,4,NA,2,NA,5,2,https://www.airbnb.com/rooms/600877
602070,$174.00,NA,2,1,1,1,4.77,46,https://www.airbnb.com/rooms/602070
604204,NA,Neighborhood highlights,6,NA,2,NA,4.83,6,https://www.airbnb.com/rooms/604204
606269,$134.00,Neighborhood highlights,2,1,0,1,4.92,75,https://www.airbnb.com/rooms/606269
607781,$110.00,Neighborhood highlights,2,1,0,1,4.73,248,https://www.airbnb.com/rooms/607781
609213,NA,NA,2,NA,1,NA,4.33,7,https://www.airbnb.com/rooms/609213
611009,$245.00,Neighborhood highlights,5,1,2,2,4.72,277,https://www.airbnb.com/rooms/611009
611156,$55.00,Neighborhood highlights,1,1,1,1,5,31,https://www.airbnb.com/rooms/611156
613528,$114.00,Neighborhood highlights,2,1,1,2,4.85,261,https://www.airbnb.com/rooms/613528
614269,NA,NA,2,NA,1,NA,5,15,https://www.airbnb.com/rooms/614269
616249,NA,NA,3,NA,2,NA,5,9,https://www.airbnb.com/rooms/616249
618916,$200.00,Neighborhood highlights,3,2,2,2,4.85,13,https://www.airbnb.com/rooms/618916
619144,NA,NA,16,NA,NA,NA,5,2,https://www.airbnb.com/rooms/619144
622410,NA,Neighborhood highlights,2,NA,NA,NA,NA,0,https://www.airbnb.com/rooms/622410
623747,$50.00,Neighborhood highlights,2,1,1,1,4.67,9,https://www.airbnb.com/rooms/623747
624222,NA,Neighborhood highlights,4,NA,2,NA,4.65,17,https://www.airbnb.com/rooms/624222
627949,NA,NA,4,NA,2,NA,NA,0,https://www.airbnb.com/rooms/627949
628078,NA,Neighborhood highlights,2,NA,1,NA,5,6,https://www.airbnb.com/rooms/628078
629855,NA,NA,2,NA,NA,NA,4,13,https://www.airbnb.com/rooms/629855
634353,"$1,000.00",NA,3,1,2,1,4.95,44,https://www.airbnb.com/rooms/634353
637426,NA,NA,1,NA,1,NA,NA,0,https://www.airbnb.com/rooms/637426
638894,NA,Neighborhood highlights,2,NA,1,NA,5,4,https://www.airbnb.com/rooms/638894
639199,$559.00,Neighborhood highlights,8,4.5,4,6,4.92,105,https://www.airbnb.com/rooms/639199
640899,NA,NA,1,NA,1,NA,NA,0,https://www.airbnb.com/rooms/640899
640901,NA,Neighborhood highlights,2,NA,1,NA,NA,0,https://www.airbnb.com/rooms/640901
640908,NA,NA,3,NA,1,NA,NA,0,https://www.airbnb.com/rooms/640908
640990,NA,Neighborhood highlights,3,NA,NA,NA,4.71,128,https://www.airbnb.com/rooms/640990
641768,NA,NA,3,NA,1,NA,5,11,https://www.airbnb.com/rooms/641768
643591,$145.00,Neighborhood highlights,2,1,1,1,4.43,8,https://www.airbnb.com/rooms/643591
643948,$72.00,Neighborhood highlights,2,1,1,1,4.8,340,https://www.airbnb.com/rooms/643948
644575,$71.00,NA,2,1,1,1,4.79,24,https://www.airbnb.com/rooms/644575
645075,$154.00,Neighborhood highlights,2,1,1,1,4.88,420,https://www.airbnb.com/rooms/645075
645693,$118.00,Neighborhood highlights,1,1,1,1,4.62,126,https://www.airbnb.com/rooms/645693
645922,NA,NA,2,NA,NA,NA,4.36,41,https://www.airbnb.com/rooms/645922
646458,$100.00,Neighborhood highlights,2,1,1,1,4.86,8,https://www.airbnb.com/rooms/646458
647580,NA,NA,2,NA,1,NA,4.44,11,https://www.airbnb.com/rooms/647580
649561,NA,NA,2,NA,1,NA,NA,0,https://www.airbnb.com/rooms/649561
649903,$60.00,Neighborhood highlights,2,1,1,1,5,1,https://www.airbnb.com/rooms/649903
649972,NA,Neighborhood highlights,3,NA,1,NA,NA,0,https://www.airbnb.com/rooms/649972
651375,$595.00,Neighborhood highlights,5,1,2,2,4.95,101,https://www.airbnb.com/rooms/651375
651648,$286.00,Neighborhood highlights,2,1,1,1,4.93,114,https://www.airbnb.com/rooms/651648
655472,NA,Neighborhood highlights,2,NA,1,NA,0,1,https://www.airbnb.com/rooms/655472
655811,$174.00,Neighborhood highlights,1,1,1,1,4.77,43,https://www.airbnb.com/rooms/655811
656281,$83.00,Neighborhood highlights,2,1,1,1,4.84,76,https://www.airbnb.com/rooms/656281
657198,NA,Neighborhood highlights,4,NA,2,NA,5,13,https://www.airbnb.com/rooms/657198
658366,$345.00,NA,2,1,1,1,4.47,238,https://www.airbnb.com/rooms/658366
658932,$74.00,NA,2,1,1,1,4.81,31,https://www.airbnb.com/rooms/658932
659952,$456.00,NA,2,1,0,1,4.93,47,https://www.airbnb.com/rooms/659952
660036,NA,NA,1,NA,NA,NA,4.92,98,https://www.airbnb.com/rooms/660036
664047,"$2,500.00",NA,8,2.5,2,4,4.86,59,https://www.airbnb.com/rooms/664047
665394,NA,NA,2,NA,1,NA,5,16,https://www.airbnb.com/rooms/665394
666220,NA,NA,1,NA,1,NA,4.67,6,https://www.airbnb.com/rooms/666220
666613,$211.00,Neighborhood highlights,4,1,2,2,4.52,162,https://www.airbnb.com/rooms/666613
666837,$125.00,Neighborhood highlights,2,1,0,1,4.63,129,https://www.airbnb.com/rooms/666837
667375,NA,NA,2,NA,1,NA,5,17,https://www.airbnb.com/rooms/667375
667502,$150.00,NA,6,1,2,3,4.9,93,https://www.airbnb.com/rooms/667502
668691,NA,Neighborhood highlights,1,NA,NA,NA,4.75,73,https://www.airbnb.com/rooms/668691
675793,$110.00,Neighborhood highlights,1,1,2,3,4.17,6,https://www.airbnb.com/rooms/675793
680104,NA,Neighborhood highlights,1,NA,NA,NA,4.94,32,https://www.airbnb.com/rooms/680104
680225,$100.00,Neighborhood highlights,1,1,1,1,5,1,https://www.airbnb.com/rooms/680225
680338,NA,Neighborhood highlights,5,NA,3,NA,5,1,https://www.airbnb.com/rooms/680338
681599,$53.00,Neighborhood highlights,2,1,1,1,4.5,46,https://www.airbnb.com/rooms/681599
684808,$169.00,NA,2,1,1,1,4.94,33,https://www.airbnb.com/rooms/684808
684991,$165.00,NA,3,1,1,2,5,23,https://www.airbnb.com/rooms/684991
689329,NA,Neighborhood highlights,1,NA,NA,NA,4.88,309,https://www.airbnb.com/rooms/689329
690603,$155.00,Neighborhood highlights,4,1,2,3,4.8,85,https://www.airbnb.com/rooms/690603
690934,$799.00,Neighborhood highlights,14,3.5,5,7,4.92,281,https://www.airbnb.com/rooms/690934
691069,NA,Neighborhood highlights,2,NA,1,NA,4.44,10,https://www.airbnb.com/rooms/691069
695465,NA,Neighborhood highlights,2,NA,1,NA,4.71,104,https://www.airbnb.com/rooms/695465
698094,NA,NA,2,NA,1,NA,4.93,30,https://www.airbnb.com/rooms/698094
698132,$158.00,Neighborhood highlights,2,1,1,1,4.92,354,https://www.airbnb.com/rooms/698132
698298,$150.00,Neighborhood highlights,1,1,1,1,4.36,11,https://www.airbnb.com/rooms/698298
698882,NA,Neighborhood highlights,1,NA,NA,NA,4.83,12,https://www.airbnb.com/rooms/698882
703745,NA,NA,2,NA,1,NA,4.8,11,https://www.airbnb.com/rooms/703745
704838,$95.00,NA,6,1,2,5,4.73,95,https://www.airbnb.com/rooms/704838
705749,$78.00,Neighborhood highlights,2,1,1,1,4.78,65,https://www.airbnb.com/rooms/705749
705997,$80.00,Neighborhood highlights,1,1,0,1,4.85,33,https://www.airbnb.com/rooms/705997
707396,$699.00,Neighborhood highlights,2,1,2,3,4.87,140,https://www.airbnb.com/rooms/707396
707827,$109.00,Neighborhood highlights,1,1,1,1,4.58,64,https://www.airbnb.com/rooms/707827
711635,$230.00,Neighborhood highlights,2,1,2,2,4.78,89,https://www.airbnb.com/rooms/711635
712127,$80.00,Neighborhood highlights,2,1,2,1,4.5,29,https://www.airbnb.com/rooms/712127
712136,NA,Neighborhood highlights,2,NA,1,NA,4.61,35,https://www.airbnb.com/rooms/712136
712260,$240.00,NA,2,1,2,2,4.83,113,https://www.airbnb.com/rooms/712260
713538,$150.00,Neighborhood highlights,2,1,1,2,4.8,580,https://www.airbnb.com/rooms/713538
714028,$95.00,NA,6,1,1,4,4.8,75,https://www.airbnb.com/rooms/714028
714049,$95.00,NA,7,1,2,7,4.53,74,https://www.airbnb.com/rooms/714049
715070,$250.00,NA,2,1,1,1,NA,0,https://www.airbnb.com/rooms/715070
715102,NA,Neighborhood highlights,1,NA,1,NA,4.96,50,https://www.airbnb.com/rooms/715102
717582,NA,Neighborhood highlights,4,NA,2,NA,5,3,https://www.airbnb.com/rooms/717582
721762,$88.00,Neighborhood highlights,2,1,1,1,4.71,96,https://www.airbnb.com/rooms/721762
723507,NA,NA,2,NA,1,NA,4.89,18,https://www.airbnb.com/rooms/723507
723709,$74.00,NA,1,1.5,1,1,4.63,10,https://www.airbnb.com/rooms/723709
727512,$129.00,NA,4,1,1,2,4.75,128,https://www.airbnb.com/rooms/727512
727547,$199.00,NA,4,1,1,0,4.78,189,https://www.airbnb.com/rooms/727547
729841,NA,Neighborhood highlights,2,NA,1,NA,4.68,42,https://www.airbnb.com/rooms/729841
731316,NA,NA,2,NA,1,NA,4.8,6,https://www.airbnb.com/rooms/731316
734749,NA,NA,2,NA,1,NA,4.71,82,https://www.airbnb.com/rooms/734749
736187,$62.00,NA,1,1,1,1,4.23,44,https://www.airbnb.com/rooms/736187
739239,$210.00,Neighborhood highlights,3,1,1,2,5,19,https://www.airbnb.com/rooms/739239
739242,$199.00,Neighborhood highlights,3,1,1,2,4.9,21,https://www.airbnb.com/rooms/739242
740754,$100.00,Neighborhood highlights,2,1,1,1,4.92,77,https://www.airbnb.com/rooms/740754
741154,NA,NA,6,NA,3,NA,4.6,10,https://www.airbnb.com/rooms/741154
741712,NA,NA,2,NA,1,NA,4,1,https://www.airbnb.com/rooms/741712
741783,NA,Neighborhood highlights,7,NA,2,NA,4.42,235,https://www.airbnb.com/rooms/741783
743090,$65.00,NA,1,1,1,1,4.45,46,https://www.airbnb.com/rooms/743090
747316,$85.00,Neighborhood highlights,2,1,1,1,4.83,70,https://www.airbnb.com/rooms/747316
748233,NA,Neighborhood highlights,2,NA,1,NA,4.5,12,https://www.airbnb.com/rooms/748233
749276,$160.00,Neighborhood highlights,6,1,2,5,4.5,124,https://www.airbnb.com/rooms/749276
752289,$200.00,Neighborhood highlights,2,1,2,1,4.81,16,https://www.airbnb.com/rooms/752289
752366,NA,Neighborhood highlights,3,NA,1,NA,4.81,16,https://www.airbnb.com/rooms/752366
752616,$500.00,Neighborhood highlights,4,1,2,2,4.91,82,https://www.airbnb.com/rooms/752616
753622,$115.00,Neighborhood highlights,1,1,2,1,4.68,88,https://www.airbnb.com/rooms/753622
753687,$150.00,Neighborhood highlights,2,1,1,1,4.49,185,https://www.airbnb.com/rooms/753687
753991,$110.00,Neighborhood highlights,4,1,2,3,4.79,270,https://www.airbnb.com/rooms/753991
754353,$43.00,NA,1,1,1,1,4.77,13,https://www.airbnb.com/rooms/754353
755703,NA,Neighborhood highlights,2,NA,NA,NA,4.8,10,https://www.airbnb.com/rooms/755703
758919,$500.00,Neighborhood highlights,2,1,1,1,5,1,https://www.airbnb.com/rooms/758919
759901,$85.00,Neighborhood highlights,1,1.5,1,1,4.7,47,https://www.airbnb.com/rooms/759901
761835,$90.00,Neighborhood highlights,2,1,1,1,4.93,129,https://www.airbnb.com/rooms/761835
762015,$149.00,NA,2,1,1,1,4.86,81,https://www.airbnb.com/rooms/762015
762145,$300.00,Neighborhood highlights,3,1,1,1,4.73,16,https://www.airbnb.com/rooms/762145
762426,$115.00,Neighborhood highlights,2,2,1,1,4.74,20,https://www.airbnb.com/rooms/762426
763600,NA,NA,2,NA,NA,NA,4.5,2,https://www.airbnb.com/rooms/763600
763809,$49.00,Neighborhood highlights,1,1,1,1,4.91,78,https://www.airbnb.com/rooms/763809
765315,$145.00,Neighborhood highlights,2,1,1,2,4.78,118,https://www.airbnb.com/rooms/765315
765563,$313.00,Neighborhood highlights,6,2,3,3,4.6,82,https://www.airbnb.com/rooms/765563
765569,$200.00,NA,4,1,2,2,4.89,82,https://www.airbnb.com/rooms/765569
766542,NA,Neighborhood highlights,2,NA,1,NA,4.67,4,https://www.airbnb.com/rooms/766542
766814,NA,NA,1,NA,1,NA,NA,0,https://www.airbnb.com/rooms/766814
766964,NA,Neighborhood highlights,1,NA,NA,NA,5,3,https://www.airbnb.com/rooms/766964
767286,$100.00,Neighborhood highlights,1,1,1,1,4.41,91,https://www.airbnb.com/rooms/767286
767562,$41.00,NA,1,2.5,1,1,4.88,101,https://www.airbnb.com/rooms/767562
769175,NA,Neighborhood highlights,1,NA,NA,NA,5,1,https://www.airbnb.com/rooms/769175
771430,$41.00,Neighborhood highlights,1,1,1,1,4.79,86,https://www.airbnb.com/rooms/771430
773844,NA,NA,2,NA,NA,NA,5,1,https://www.airbnb.com/rooms/773844
773993,$85.00,Neighborhood highlights,2,1,1,1,4.79,154,https://www.airbnb.com/rooms/773993
774791,$59.00,Neighborhood highlights,1,1.5,1,1,4.61,31,https://www.airbnb.com/rooms/774791
774899,NA,NA,5,NA,NA,NA,4.69,13,https://www.airbnb.com/rooms/774899
776257,$250.00,Neighborhood highlights,2,1,1,2,4.77,95,https://www.airbnb.com/rooms/776257
777097,$115.00,Neighborhood highlights,3,1.5,1,1,5,2,https://www.airbnb.com/rooms/777097
777327,$150.00,Neighborhood highlights,3,1,1,2,4.66,63,https://www.airbnb.com/rooms/777327
779838,$260.00,Neighborhood highlights,2,1,2,1,4.56,16,https://www.airbnb.com/rooms/779838
781865,NA,Neighborhood highlights,3,NA,1,NA,4.77,71,https://www.airbnb.com/rooms/781865
782063,NA,NA,2,NA,1,NA,4.5,7,https://www.airbnb.com/rooms/782063
783202,$196.00,Neighborhood highlights,3,1,1,2,4.72,375,https://www.airbnb.com/rooms/783202
783341,$73.00,Neighborhood highlights,1,1,1,1,4.84,68,https://www.airbnb.com/rooms/783341
784088,NA,NA,2,NA,1,NA,4.88,8,https://www.airbnb.com/rooms/784088
784122,$175.00,Neighborhood highlights,4,1,2,2,4.77,92,https://www.airbnb.com/rooms/784122
784124,$140.00,Neighborhood highlights,4,1,2,2,4.73,80,https://www.airbnb.com/rooms/784124
785097,NA,NA,2,NA,NA,NA,4.14,7,https://www.airbnb.com/rooms/785097
785166,NA,Neighborhood highlights,4,NA,2,NA,0,1,https://www.airbnb.com/rooms/785166
785978,NA,Neighborhood highlights,2,NA,1,NA,4.69,17,https://www.airbnb.com/rooms/785978
786685,$120.00,Neighborhood highlights,6,1,1,2,4.89,216,https://www.airbnb.com/rooms/786685
787060,$140.00,NA,1,1,1,1,4.83,7,https://www.airbnb.com/rooms/787060
788035,NA,Neighborhood highlights,2,NA,NA,NA,4.49,45,https://www.airbnb.com/rooms/788035
789302,$255.00,NA,4,1.5,1,2,4.88,8,https://www.airbnb.com/rooms/789302
789476,NA,Neighborhood highlights,2,NA,2,NA,4.52,23,https://www.airbnb.com/rooms/789476
789686,NA,Neighborhood highlights,2,NA,NA,NA,NA,0,https://www.airbnb.com/rooms/789686
790767,NA,Neighborhood highlights,2,NA,1,NA,5,3,https://www.airbnb.com/rooms/790767
794156,$224.00,Neighborhood highlights,2,1,1,2,4.58,61,https://www.airbnb.com/rooms/794156
794281,NA,NA,3,NA,1,NA,4.6,20,https://www.airbnb.com/rooms/794281
794425,NA,Neighborhood highlights,4,NA,2,NA,4.47,17,https://www.airbnb.com/rooms/794425
794427,NA,Neighborhood highlights,4,NA,3,NA,4.54,13,https://www.airbnb.com/rooms/794427
794496,NA,Neighborhood highlights,2,NA,NA,NA,4.53,89,https://www.airbnb.com/rooms/794496
795641,$225.00,Neighborhood highlights,4,1,1,1,5,12,https://www.airbnb.com/rooms/795641
796232,NA,Neighborhood highlights,2,NA,1,NA,4.82,11,https://www.airbnb.com/rooms/796232
797696,NA,Neighborhood highlights,2,NA,NA,NA,4.69,32,https://www.airbnb.com/rooms/797696
798008,NA,NA,2,NA,NA,NA,NA,0,https://www.airbnb.com/rooms/798008
799924,NA,Neighborhood highlights,2,NA,1,NA,4.33,3,https://www.airbnb.com/rooms/799924
804194,$130.00,Neighborhood highlights,2,1,1,1,4.93,75,https://www.airbnb.com/rooms/804194
805028,NA,Neighborhood highlights,4,NA,2,NA,4.74,19,https://www.airbnb.com/rooms/805028
805218,$109.00,Neighborhood highlights,2,1,1,1,4.95,97,https://www.airbnb.com/rooms/805218
808476,$90.00,NA,1,1,2,2,5,1,https://www.airbnb.com/rooms/808476
808774,$180.00,Neighborhood highlights,2,1,1,1,4.48,24,https://www.airbnb.com/rooms/808774
810346,NA,Neighborhood highlights,2,NA,1,NA,4.87,15,https://www.airbnb.com/rooms/810346
811238,$250.00,NA,4,1,1,2,4.71,8,https://www.airbnb.com/rooms/811238
812695,NA,Neighborhood highlights,3,NA,2,NA,4.85,135,https://www.airbnb.com/rooms/812695
813225,$65.00,Neighborhood highlights,1,2,1,1,4.87,39,https://www.airbnb.com/rooms/813225
813554,NA,Neighborhood highlights,2,NA,1,NA,4.95,38,https://www.airbnb.com/rooms/813554
814327,$89.00,NA,1,1,1,1,4.29,65,https://www.airbnb.com/rooms/814327
816888,$67.00,Neighborhood highlights,2,1,1,1,4.68,25,https://www.airbnb.com/rooms/816888
817113,$109.00,NA,3,1,1,2,4.48,81,https://www.airbnb.com/rooms/817113
817355,NA,Neighborhood highlights,2,NA,1,NA,4.38,54,https://www.airbnb.com/rooms/817355
818084,$293.00,Neighborhood highlights,4,1,1,2,4.89,98,https://www.airbnb.com/rooms/818084
818325,$168.00,Neighborhood highlights,2,1,1,1,4.8,30,https://www.airbnb.com/rooms/818325
818337,$50.00,NA,2,1,1,1,4.48,29,https://www.airbnb.com/rooms/818337
818451,NA,NA,2,NA,1,NA,4.52,23,https://www.airbnb.com/rooms/818451
818481,$110.00,Neighborhood highlights,2,1,1,1,4.57,104,https://www.airbnb.com/rooms/818481
818518,$99.00,Neighborhood highlights,2,1,1,1,4.6,85,https://www.airbnb.com/rooms/818518
819206,$50.00,Neighborhood highlights,2,1,1,1,4.64,147,https://www.airbnb.com/rooms/819206
819228,$99.00,Neighborhood highlights,2,1,1,1,4.68,65,https://www.airbnb.com/rooms/819228
819893,$95.00,Neighborhood highlights,1,1,1,1,4.59,69,https://www.airbnb.com/rooms/819893
819956,$55.00,Neighborhood highlights,2,1.5,1,2,4.71,36,https://www.airbnb.com/rooms/819956
820710,$108.00,Neighborhood highlights,2,1,1,1,4.74,176,https://www.airbnb.com/rooms/820710
820801,NA,Neighborhood highlights,4,NA,9,NA,5,1,https://www.airbnb.com/rooms/820801
820953,$95.00,Neighborhood highlights,2,1,2,1,4.67,10,https://www.airbnb.com/rooms/820953
821135,NA,Neighborhood highlights,4,NA,1,NA,4.87,40,https://www.airbnb.com/rooms/821135
824421,NA,Neighborhood highlights,1,NA,NA,NA,4.83,6,https://www.airbnb.com/rooms/824421
825129,$142.00,Neighborhood highlights,1,1,1,1,4.59,194,https://www.airbnb.com/rooms/825129
825193,NA,NA,2,NA,1,NA,4.88,26,https://www.airbnb.com/rooms/825193
825550,NA,Neighborhood highlights,3,NA,1,NA,4.63,8,https://www.airbnb.com/rooms/825550
826685,$50.00,Neighborhood highlights,2,1,1,1,4.84,90,https://www.airbnb.com/rooms/826685
828130,$70.00,Neighborhood highlights,2,1,1,1,4.71,84,https://www.airbnb.com/rooms/828130
828553,$180.00,NA,2,1,1,1,4.52,48,https://www.airbnb.com/rooms/828553
828616,$90.00,NA,2,1,1,0,5,7,https://www.airbnb.com/rooms/828616
829935,NA,Neighborhood highlights,3,NA,2,NA,4.26,50,https://www.airbnb.com/rooms/829935
831911,NA,NA,2,NA,1,NA,4.33,9,https://www.airbnb.com/rooms/831911
832596,NA,NA,3,NA,1,NA,NA,0,https://www.airbnb.com/rooms/832596
836720,$379.00,Neighborhood highlights,6,2,3,3,4.94,65,https://www.airbnb.com/rooms/836720
837503,$111.00,Neighborhood highlights,2,1,1,1,4.69,299,https://www.airbnb.com/rooms/837503
838070,$100.00,Neighborhood highlights,2,1,1,1,4.79,77,https://www.airbnb.com/rooms/838070
838586,NA,Neighborhood highlights,5,NA,1,NA,4.82,11,https://www.airbnb.com/rooms/838586
840731,$850.00,Neighborhood highlights,4,2.5,2,2,4.8,96,https://www.airbnb.com/rooms/840731
840794,NA,Neighborhood highlights,2,NA,1,NA,4.67,18,https://www.airbnb.com/rooms/840794
841075,NA,NA,4,NA,2,NA,4.91,22,https://www.airbnb.com/rooms/841075
841484,NA,NA,4,NA,1,NA,4.54,58,https://www.airbnb.com/rooms/841484
842167,NA,NA,2,NA,1,NA,4.81,16,https://www.airbnb.com/rooms/842167
842494,NA,Neighborhood highlights,2,NA,NA,NA,4,1,https://www.airbnb.com/rooms/842494
843491,$60.00,NA,2,1,1,1,4.75,12,https://www.airbnb.com/rooms/843491
844319,$120.00,Neighborhood highlights,6,1,2,2,4.52,285,https://www.airbnb.com/rooms/844319
846549,NA,NA,2,NA,NA,NA,4.5,2,https://www.airbnb.com/rooms/846549
846854,$380.00,NA,7,1.5,2,5,4.95,106,https://www.airbnb.com/rooms/846854
847648,$111.00,Neighborhood highlights,2,1,1,1,4.92,12,https://www.airbnb.com/rooms/847648
848071,$100.00,Neighborhood highlights,2,1,1,1,4.77,93,https://www.airbnb.com/rooms/848071
848170,NA,Neighborhood highlights,4,NA,1,NA,4.75,20,https://www.airbnb.com/rooms/848170
848718,$146.00,Neighborhood highlights,2,1.5,1,1,4.88,77,https://www.airbnb.com/rooms/848718
848722,$55.00,NA,2,1,1,1,4.62,46,https://www.airbnb.com/rooms/848722
849603,NA,Neighborhood highlights,2,NA,1,NA,4.39,69,https://www.airbnb.com/rooms/849603
850148,$99.00,NA,1,1,1,1,4.82,38,https://www.airbnb.com/rooms/850148
850338,$153.00,Neighborhood highlights,6,1,1,3,4.88,274,https://www.airbnb.com/rooms/850338
850517,$212.00,NA,8,2,3,4,4.59,52,https://www.airbnb.com/rooms/850517
850712,$125.00,Neighborhood highlights,2,1,0,3,4.66,32,https://www.airbnb.com/rooms/850712
850943,$220.00,NA,2,1,1,2,4.66,38,https://www.airbnb.com/rooms/850943
851772,NA,NA,2,NA,1,NA,4.85,14,https://www.airbnb.com/rooms/851772
852118,$190.00,Neighborhood highlights,6,1,2,2,4.54,90,https://www.airbnb.com/rooms/852118
852632,$85.00,Neighborhood highlights,1,1,1,1,4.93,256,https://www.airbnb.com/rooms/852632
853142,$100.00,Neighborhood highlights,2,1,1,1,4.91,56,https://www.airbnb.com/rooms/853142
855462,NA,NA,2,NA,NA,NA,4.96,47,https://www.airbnb.com/rooms/855462
856440,NA,Neighborhood highlights,2,NA,1,NA,4.71,33,https://www.airbnb.com/rooms/856440
856918,$73.00,NA,3,0.5,0,3,4.56,16,https://www.airbnb.com/rooms/856918
857696,$50.00,Neighborhood highlights,1,1,1,1,5,10,https://www.airbnb.com/rooms/857696
857810,$249.00,NA,3,1,1,1,4.94,33,https://www.airbnb.com/rooms/857810
860827,$150.00,NA,4,1,1,2,4.84,544,https://www.airbnb.com/rooms/860827
862890,NA,NA,2,NA,NA,NA,5,4,https://www.airbnb.com/rooms/862890
864981,$45.00,Neighborhood highlights,1,1,1,1,4.94,56,https://www.airbnb.com/rooms/864981
867020,$60.00,Neighborhood highlights,1,1,1,1,4.83,12,https://www.airbnb.com/rooms/867020
867749,NA,NA,4,NA,2,NA,5,1,https://www.airbnb.com/rooms/867749
868548,NA,Neighborhood highlights,2,NA,NA,NA,4.5,7,https://www.airbnb.com/rooms/868548
869522,NA,Neighborhood highlights,1,NA,NA,NA,4.5,2,https://www.airbnb.com/rooms/869522
872210,NA,Neighborhood highlights,1,NA,1,NA,NA,0,https://www.airbnb.com/rooms/872210
873465,NA,Neighborhood highlights,3,NA,1,NA,4.66,35,https://www.airbnb.com/rooms/873465
873701,$123.00,Neighborhood highlights,4,1,1,1,4.83,206,https://www.airbnb.com/rooms/873701
874706,$110.00,Neighborhood highlights,3,1,1,2,4.68,244,https://www.airbnb.com/rooms/874706
875111,NA,Neighborhood highlights,2,NA,1,NA,5,4,https://www.airbnb.com/rooms/875111
876355,$189.00,Neighborhood highlights,2,1,1,1,4.78,18,https://www.airbnb.com/rooms/876355
878142,NA,Neighborhood highlights,2,NA,2,NA,5,4,https://www.airbnb.com/rooms/878142
880424,NA,Neighborhood highlights,1,NA,NA,NA,4.93,121,https://www.airbnb.com/rooms/880424
880596,NA,Neighborhood highlights,4,NA,1,NA,4,1,https://www.airbnb.com/rooms/880596
883306,$81.00,Neighborhood highlights,2,1,1,1,4.68,183,https://www.airbnb.com/rooms/883306
883480,NA,NA,2,NA,2,NA,4.82,82,https://www.airbnb.com/rooms/883480
886808,$67.00,Neighborhood highlights,1,1.5,1,1,4.87,234,https://www.airbnb.com/rooms/886808
887355,$500.00,NA,4,1,0,2,NA,0,https://www.airbnb.com/rooms/887355
890794,$120.00,NA,2,1,1,1,NA,0,https://www.airbnb.com/rooms/890794
890839,$549.00,Neighborhood highlights,8,2,2,3,4.79,76,https://www.airbnb.com/rooms/890839
890855,NA,NA,2,NA,1,NA,4.67,9,https://www.airbnb.com/rooms/890855
892463,NA,NA,2,NA,1,NA,4.89,9,https://www.airbnb.com/rooms/892463
893413,$895.00,Neighborhood highlights,7,2.5,4,4,4.76,33,https://www.airbnb.com/rooms/893413
894015,$122.00,Neighborhood highlights,6,1,2,3,4.81,203,https://www.airbnb.com/rooms/894015
895368,NA,NA,3,NA,2,NA,NA,0,https://www.airbnb.com/rooms/895368
896535,NA,NA,2,NA,NA,NA,4.63,52,https://www.airbnb.com/rooms/896535
900383,$100.00,NA,2,1,1,1,4.57,28,https://www.airbnb.com/rooms/900383
903906,NA,NA,6,NA,3,NA,5,2,https://www.airbnb.com/rooms/903906
904060,$280.00,NA,2,1,1,1,4.8,49,https://www.airbnb.com/rooms/904060
916105,$108.00,Neighborhood highlights,1,1,1,1,5,6,https://www.airbnb.com/rooms/916105
918049,$220.00,NA,1,1,1,1,4.81,62,https://www.airbnb.com/rooms/918049
918239,$68.00,Neighborhood highlights,1,1,1,1,4.75,117,https://www.airbnb.com/rooms/918239
919491,NA,Neighborhood highlights,4,NA,NA,NA,4.65,174,https://www.airbnb.com/rooms/919491
919830,$397.00,Neighborhood highlights,4,1,2,2,4.85,271,https://www.airbnb.com/rooms/919830
920930,NA,NA,1,NA,3,NA,4.15,29,https://www.airbnb.com/rooms/920930
924600,NA,Neighborhood highlights,1,NA,NA,NA,4.83,187,https://www.airbnb.com/rooms/924600
925090,NA,NA,2,NA,NA,NA,NA,0,https://www.airbnb.com/rooms/925090
927408,$198.00,Neighborhood highlights,3,1,1,2,4.65,65,https://www.airbnb.com/rooms/927408
929032,NA,NA,2,NA,NA,NA,4.71,21,https://www.airbnb.com/rooms/929032
931352,NA,Neighborhood highlights,2,NA,NA,NA,NA,0,https://www.airbnb.com/rooms/931352
932277,NA,NA,1,NA,1,NA,4.81,35,https://www.airbnb.com/rooms/932277
936218,$60.00,NA,1,1,1,1,5,36,https://www.airbnb.com/rooms/936218
938022,NA,Neighborhood highlights,2,NA,NA,NA,4.86,126,https://www.airbnb.com/rooms/938022
939657,$80.00,NA,3,1,1,2,4.73,89,https://www.airbnb.com/rooms/939657
940115,$70.00,Neighborhood highlights,1,1,0,1,4.45,20,https://www.airbnb.com/rooms/940115
940116,$45.00,Neighborhood highlights,1,1,1,1,4.94,54,https://www.airbnb.com/rooms/940116
944049,NA,NA,2,NA,1,NA,4.75,68,https://www.airbnb.com/rooms/944049
944183,NA,Neighborhood highlights,6,NA,2,NA,5,1,https://www.airbnb.com/rooms/944183
944840,NA,Neighborhood highlights,2,NA,1,NA,4.69,16,https://www.airbnb.com/rooms/944840
945297,$107.00,Neighborhood highlights,2,1,1,1,4.81,708,https://www.airbnb.com/rooms/945297
949159,NA,Neighborhood highlights,2,NA,1,NA,5,4,https://www.airbnb.com/rooms/949159
951365,$125.00,Neighborhood highlights,2,1,1,1,4.79,140,https://www.airbnb.com/rooms/951365
951439,$228.00,Neighborhood highlights,2,1,1,2,4.89,9,https://www.airbnb.com/rooms/951439
951935,NA,NA,1,NA,1,NA,5,1,https://www.airbnb.com/rooms/951935
953314,$789.00,NA,12,3,3,6,4.66,148,https://www.airbnb.com/rooms/953314
956412,$400.00,NA,4,1,2,3,4.69,393,https://www.airbnb.com/rooms/956412
958444,NA,Neighborhood highlights,2,NA,1,NA,4.86,109,https://www.airbnb.com/rooms/958444
959349,NA,NA,4,NA,1,NA,4.6,5,https://www.airbnb.com/rooms/959349
968827,NA,Neighborhood highlights,1,NA,NA,NA,NA,0,https://www.airbnb.com/rooms/968827
971233,$120.00,Neighborhood highlights,2,1,1,1,4.32,166,https://www.airbnb.com/rooms/971233
973128,NA,NA,3,NA,1,NA,4.71,47,https://www.airbnb.com/rooms/973128
973535,$140.00,NA,4,1,1,1,4.55,197,https://www.airbnb.com/rooms/973535
973653,$100.00,NA,3,1,1,2,NA,0,https://www.airbnb.com/rooms/973653
975250,$75.00,Neighborhood highlights,1,1,1,1,4.88,41,https://www.airbnb.com/rooms/975250
975990,$300.00,Neighborhood highlights,2,1,1,1,4.14,14,https://www.airbnb.com/rooms/975990
978386,$77.00,Neighborhood highlights,2,1,1,1,4.42,312,https://www.airbnb.com/rooms/978386
982038,$111.00,Neighborhood highlights,2,1,1,4,4.88,16,https://www.airbnb.com/rooms/982038
982276,$111.00,Neighborhood highlights,1,1.5,1,1,4.87,62,https://www.airbnb.com/rooms/982276
982409,NA,Neighborhood highlights,1,NA,1,NA,5,1,https://www.airbnb.com/rooms/982409
983625,$169.00,Neighborhood highlights,2,1,0,2,4.66,207,https://www.airbnb.com/rooms/983625
984721,$72.00,Neighborhood highlights,2,1,1,2,4.66,42,https://www.airbnb.com/rooms/984721
985338,NA,Neighborhood highlights,2,NA,1,NA,NA,0,https://www.airbnb.com/rooms/985338
986727,$165.00,Neighborhood highlights,2,1,2,4,4.56,416,https://www.airbnb.com/rooms/986727
987616,NA,NA,8,NA,5,NA,4.6,11,https://www.airbnb.com/rooms/987616
990208,$149.00,Neighborhood highlights,2,1,1,1,4.65,38,https://www.airbnb.com/rooms/990208
990367,$175.00,Neighborhood highlights,2,1,1,2,4.32,28,https://www.airbnb.com/rooms/990367
990529,"$1,364.00",Neighborhood highlights,2,1,1,1,4.67,3,https://www.airbnb.com/rooms/990529
992891,NA,Neighborhood highlights,2,NA,1,NA,4.82,17,https://www.airbnb.com/rooms/992891
993514,$215.00,Neighborhood highlights,3,1,1,2,4.77,13,https://www.airbnb.com/rooms/993514
993575,$215.00,Neighborhood highlights,3,1,1,2,4.81,26,https://www.airbnb.com/rooms/993575
993576,$215.00,Neighborhood highlights,3,1,1,2,4.86,21,https://www.airbnb.com/rooms/993576
995187,$300.00,Neighborhood highlights,6,1,3,3,4.68,117,https://www.airbnb.com/rooms/995187
995469,NA,NA,1,NA,NA,NA,NA,0,https://www.airbnb.com/rooms/995469
998086,NA,NA,2,NA,1,NA,NA,0,https://www.airbnb.com/rooms/998086
1001147,NA,Neighborhood highlights,2,NA,NA,NA,4.87,103,https://www.airbnb.com/rooms/1001147
1009883,$375.00,NA,4,1.5,2,4,5,77,https://www.airbnb.com/rooms/1009883
1010785,$175.00,Neighborhood highlights,2,1,1,1,4.9,79,https://www.airbnb.com/rooms/1010785
1013648,NA,NA,5,NA,2,NA,4.88,8,https://www.airbnb.com/rooms/1013648
1016004,NA,Neighborhood highlights,2,NA,NA,NA,4.91,176,https://www.airbnb.com/rooms/1016004
1018529,$286.00,Neighborhood highlights,4,2,2,2,4.97,75,https://www.airbnb.com/rooms/1018529
1023529,$58.00,Neighborhood highlights,1,1,1,1,4.72,208,https://www.airbnb.com/rooms/1023529
1024647,$88.00,Neighborhood highlights,2,1,1,1,5,1,https://www.airbnb.com/rooms/1024647
1025786,$71.00,Neighborhood highlights,1,1,1,1,4.62,13,https://www.airbnb.com/rooms/1025786
1026683,$88.00,Neighborhood highlights,2,1,1,2,4.75,36,https://www.airbnb.com/rooms/1026683
1027808,$449.00,NA,3,2,2,1,4.87,54,https://www.airbnb.com/rooms/1027808
1030254,$60.00,NA,1,1.5,1,1,4.89,82,https://www.airbnb.com/rooms/1030254
1035120,$138.00,NA,2,1,1,1,4.55,54,https://www.airbnb.com/rooms/1035120
1036498,$116.00,Neighborhood highlights,1,1,1,1,4.6,85,https://www.airbnb.com/rooms/1036498
1038802,$69.00,Neighborhood highlights,1,1,1,1,5,5,https://www.airbnb.com/rooms/1038802
1039984,$126.00,NA,4,1,2,4,4.79,61,https://www.airbnb.com/rooms/1039984
1040156,"$1,024.00",Neighborhood highlights,6,2,2,3,4.91,177,https://www.airbnb.com/rooms/1040156
1040182,$45.00,Neighborhood highlights,1,1.5,1,1,4.4,102,https://www.airbnb.com/rooms/1040182
1042806,$80.00,Neighborhood highlights,2,1,1,1,4.79,387,https://www.airbnb.com/rooms/1042806
1043046,NA,Neighborhood highlights,2,NA,NA,NA,4.9,72,https://www.airbnb.com/rooms/1043046
1044731,$109.00,NA,2,1,1,1,4.8,63,https://www.airbnb.com/rooms/1044731
1045897,$150.00,Neighborhood highlights,2,1,1,1,4.54,222,https://www.airbnb.com/rooms/1045897
1049224,$240.00,NA,6,2.5,2,5,4.48,33,https://www.airbnb.com/rooms/1049224
1056445,$500.00,Neighborhood highlights,2,1,0,1,4.51,95,https://www.airbnb.com/rooms/1056445
1057022,NA,Neighborhood highlights,2,NA,1,NA,4.6,15,https://www.airbnb.com/rooms/1057022
1060019,$542.00,Neighborhood highlights,4,1.5,1,3,4.91,186,https://www.airbnb.com/rooms/1060019
1063020,NA,NA,2,NA,1,NA,4.83,247,https://www.airbnb.com/rooms/1063020
1069287,NA,Neighborhood highlights,2,NA,1,NA,4.69,14,https://www.airbnb.com/rooms/1069287
1072481,$100.00,NA,2,1,1,2,4.64,306,https://www.airbnb.com/rooms/1072481
1073780,$120.00,Neighborhood highlights,4,1,2,2,4.58,31,https://www.airbnb.com/rooms/1073780
1076324,$167.00,Neighborhood highlights,5,1,2,5,4.4,10,https://www.airbnb.com/rooms/1076324
1080543,$129.00,NA,2,1,1,2,4.8,104,https://www.airbnb.com/rooms/1080543
1080839,NA,NA,2,NA,NA,NA,4.69,35,https://www.airbnb.com/rooms/1080839
1083888,NA,Neighborhood highlights,2,NA,2,NA,5,19,https://www.airbnb.com/rooms/1083888
1084328,$425.00,Neighborhood highlights,4,1,2,2,5,6,https://www.airbnb.com/rooms/1084328
1087215,$300.00,NA,3,2,1,1,5,54,https://www.airbnb.com/rooms/1087215
1089542,$56.00,Neighborhood highlights,2,1,1,1,4.65,285,https://www.airbnb.com/rooms/1089542
1091840,NA,Neighborhood highlights,1,NA,NA,NA,4.52,176,https://www.airbnb.com/rooms/1091840
1093977,NA,Neighborhood highlights,2,NA,1,NA,4.96,23,https://www.airbnb.com/rooms/1093977
1098863,$133.00,Neighborhood highlights,2,1,1,1,4.66,150,https://www.airbnb.com/rooms/1098863
1100421,$175.00,NA,2,1,1,1,4.9,50,https://www.airbnb.com/rooms/1100421
1101035,$166.00,Neighborhood highlights,2,1,1,1,4.91,259,https://www.airbnb.com/rooms/1101035
1101224,$190.00,NA,4,1,3,3,4.87,47,https://www.airbnb.com/rooms/1101224
1102942,$217.00,Neighborhood highlights,2,1,1,1,4.7,70,https://www.airbnb.com/rooms/1102942
1108309,$72.00,Neighborhood highlights,2,0.5,1,2,4.68,74,https://www.airbnb.com/rooms/1108309
1114409,NA,Neighborhood highlights,4,NA,2,NA,4.5,26,https://www.airbnb.com/rooms/1114409
1115381,NA,NA,1,NA,NA,NA,5,1,https://www.airbnb.com/rooms/1115381
1117706,$157.00,Neighborhood highlights,2,1,1,1,4.9,20,https://www.airbnb.com/rooms/1117706
1118031,$125.00,Neighborhood highlights,1,1,1,1,4.95,60,https://www.airbnb.com/rooms/1118031
1121815,NA,NA,1,NA,1,NA,NA,0,https://www.airbnb.com/rooms/1121815
1123737,$75.00,Neighborhood highlights,1,1,4,1,4.87,31,https://www.airbnb.com/rooms/1123737
1126492,$200.00,Neighborhood highlights,2,1,1,1,4.94,18,https://www.airbnb.com/rooms/1126492
1126944,NA,NA,7,NA,3,NA,4.67,3,https://www.airbnb.com/rooms/1126944
1127770,$130.00,Neighborhood highlights,1,1.5,1,1,5,7,https://www.airbnb.com/rooms/1127770
1130680,$107.00,Neighborhood highlights,2,1,1,2,4.75,396,https://www.airbnb.com/rooms/1130680
1131804,$164.00,Neighborhood highlights,3,1,2,2,4.92,25,https://www.airbnb.com/rooms/1131804
1137093,$380.00,Neighborhood highlights,6,3,2,3,4.87,45,https://www.airbnb.com/rooms/1137093
1137270,$139.00,Neighborhood highlights,2,1,1,1,4.6,12,https://www.airbnb.com/rooms/1137270
1141120,$143.00,Neighborhood highlights,2,1,1,1,4.92,62,https://www.airbnb.com/rooms/1141120
1144861,$230.00,Neighborhood highlights,2,1,1,2,4.89,539,https://www.airbnb.com/rooms/1144861
1145088,$189.00,Neighborhood highlights,4,1,2,2,5,20,https://www.airbnb.com/rooms/1145088
1146653,NA,NA,3,NA,2,NA,4.89,22,https://www.airbnb.com/rooms/1146653
1148144,$46.00,Neighborhood highlights,1,2,1,1,4.85,13,https://www.airbnb.com/rooms/1148144
1150514,NA,Neighborhood highlights,3,NA,1,NA,4,1,https://www.airbnb.com/rooms/1150514
1150869,$200.00,Neighborhood highlights,4,2,2,2,5,7,https://www.airbnb.com/rooms/1150869
1151343,$95.00,Neighborhood highlights,2,1,1,2,4.86,156,https://www.airbnb.com/rooms/1151343
1155885,$176.00,NA,2,1,1,1,4.69,344,https://www.airbnb.com/rooms/1155885
1157522,$300.00,Neighborhood highlights,4,1,2,2,4.8,146,https://www.airbnb.com/rooms/1157522
1164101,$92.00,Neighborhood highlights,1,1,2,1,4.73,15,https://www.airbnb.com/rooms/1164101
1166947,$125.00,NA,1,1,1,1,NA,0,https://www.airbnb.com/rooms/1166947
1167658,$60.00,NA,1,1,1,1,4.62,126,https://www.airbnb.com/rooms/1167658
1170887,$175.00,NA,4,2,3,3,4.53,15,https://www.airbnb.com/rooms/1170887
1171581,NA,Neighborhood highlights,4,NA,2,NA,NA,0,https://www.airbnb.com/rooms/1171581
1171716,NA,Neighborhood highlights,1,NA,1,NA,NA,0,https://www.airbnb.com/rooms/1171716
1171955,$275.00,Neighborhood highlights,3,1,1,1,4.17,6,https://www.airbnb.com/rooms/1171955
1178231,$127.00,NA,4,1,1,6,4.85,142,https://www.airbnb.com/rooms/1178231
1180157,$46.00,Neighborhood highlights,1,2,1,1,4.75,12,https://www.airbnb.com/rooms/1180157
1180296,$70.00,NA,1,1.5,1,1,4.67,118,https://www.airbnb.com/rooms/1180296
1182186,NA,Neighborhood highlights,2,NA,NA,NA,4.92,25,https://www.airbnb.com/rooms/1182186
1183005,$80.00,Neighborhood highlights,2,1,1,1,5,1,https://www.airbnb.com/rooms/1183005
1183236,NA,Neighborhood highlights,1,NA,NA,NA,NA,0,https://www.airbnb.com/rooms/1183236
1185525,$90.00,Neighborhood highlights,2,1,1,1,4.71,59,https://www.airbnb.com/rooms/1185525
1187643,$80.00,Neighborhood highlights,2,1,1,1,4.77,122,https://www.airbnb.com/rooms/1187643
1195260,$100.00,NA,4,1,1,2,4.7,142,https://www.airbnb.com/rooms/1195260
1197899,NA,NA,1,NA,NA,NA,4.92,13,https://www.airbnb.com/rooms/1197899
1198874,NA,Neighborhood highlights,2,NA,1,NA,4.73,40,https://www.airbnb.com/rooms/1198874
1205103,$150.00,Neighborhood highlights,2,1,1,1,4.87,262,https://www.airbnb.com/rooms/1205103
1209921,$125.00,Neighborhood highlights,2,1,1,1,4.82,135,https://www.airbnb.com/rooms/1209921
1210916,$150.00,Neighborhood highlights,2,1,1,1,4.92,12,https://www.airbnb.com/rooms/1210916
1213745,$190.00,Neighborhood highlights,2,1,1,1,5,4,https://www.airbnb.com/rooms/1213745
1215122,$95.00,Neighborhood highlights,2,1,1,1,5,2,https://www.airbnb.com/rooms/1215122
1215627,$150.00,Neighborhood highlights,2,0,0,2,4.84,230,https://www.airbnb.com/rooms/1215627
1215836,NA,NA,2,NA,1,NA,5,1,https://www.airbnb.com/rooms/1215836
1220548,$95.00,NA,4,1,2,2,4.53,43,https://www.airbnb.com/rooms/1220548
1221332,NA,Neighborhood highlights,1,NA,1,NA,4.78,40,https://www.airbnb.com/rooms/1221332
1221517,$41.00,Neighborhood highlights,1,2,1,1,4.79,19,https://www.airbnb.com/rooms/1221517
1221962,$200.00,NA,2,1,1,1,4.63,17,https://www.airbnb.com/rooms/1221962
1223230,NA,Neighborhood highlights,2,NA,NA,NA,4.78,41,https://www.airbnb.com/rooms/1223230
1239293,NA,NA,1,NA,1,NA,4.75,8,https://www.airbnb.com/rooms/1239293
1240530,NA,NA,2,NA,NA,NA,5,11,https://www.airbnb.com/rooms/1240530
1240586,NA,Neighborhood highlights,2,NA,1,NA,5,3,https://www.airbnb.com/rooms/1240586
1245479,$297.00,Neighborhood highlights,2,1,1,1,4.98,163,https://www.airbnb.com/rooms/1245479
1245977,NA,Neighborhood highlights,4,NA,1,NA,4.58,12,https://www.airbnb.com/rooms/1245977
1255828,$85.00,Neighborhood highlights,1,1,1,2,4.84,317,https://www.airbnb.com/rooms/1255828
1256670,$150.00,Neighborhood highlights,2,0,0,1,4,2,https://www.airbnb.com/rooms/1256670
1258651,$307.00,Neighborhood highlights,2,1,1,2,4.87,164,https://www.airbnb.com/rooms/1258651
1260727,NA,Neighborhood highlights,5,NA,3,NA,5,6,https://www.airbnb.com/rooms/1260727
1263964,$127.00,Neighborhood highlights,2,1,1,1,4.78,291,https://www.airbnb.com/rooms/1263964
1267186,NA,NA,1,NA,1,NA,4.75,4,https://www.airbnb.com/rooms/1267186
1268154,$65.00,Neighborhood highlights,2,1,1,2,4.76,206,https://www.airbnb.com/rooms/1268154
1271103,NA,Neighborhood highlights,2,NA,1,NA,5,1,https://www.airbnb.com/rooms/1271103
1273533,NA,Neighborhood highlights,1,NA,1,NA,3,1,https://www.airbnb.com/rooms/1273533
1276760,NA,NA,2,NA,NA,NA,4,10,https://www.airbnb.com/rooms/1276760
1277955,NA,Neighborhood highlights,4,NA,1,NA,5,1,https://www.airbnb.com/rooms/1277955
1278784,$83.00,NA,4,1,1,2,4.86,189,https://www.airbnb.com/rooms/1278784
1279234,$150.00,NA,4,1,1,1,4.8,5,https://www.airbnb.com/rooms/1279234
1281023,NA,Neighborhood highlights,2,NA,NA,NA,4.67,15,https://www.airbnb.com/rooms/1281023
1281257,$289.00,Neighborhood highlights,2,1,1,1,4.24,21,https://www.airbnb.com/rooms/1281257
1284776,$250.00,Neighborhood highlights,6,2,2,1,4.88,48,https://www.airbnb.com/rooms/1284776
1284789,$375.00,Neighborhood highlights,4,1,2,3,5,4,https://www.airbnb.com/rooms/1284789
1291020,$143.00,Neighborhood highlights,1,1,1,1,NA,0,https://www.airbnb.com/rooms/1291020
1291245,NA,Neighborhood highlights,6,NA,2,NA,5,2,https://www.airbnb.com/rooms/1291245
1294973,NA,Neighborhood highlights,2,NA,NA,NA,4.98,200,https://www.airbnb.com/rooms/1294973
1300216,$135.00,Neighborhood highlights,3,1,1,2,4.81,251,https://www.airbnb.com/rooms/1300216
1300950,NA,Neighborhood highlights,2,NA,NA,NA,4.69,121,https://www.airbnb.com/rooms/1300950
1301321,NA,NA,2,NA,1,NA,4.75,16,https://www.airbnb.com/rooms/1301321
1304459,NA,NA,2,1,1,2,4.88,212,https://www.airbnb.com/rooms/1304459
1305346,$155.00,NA,4,1,1,1,5,15,https://www.airbnb.com/rooms/1305346
1306570,$115.00,NA,2,1,1,3,4.55,11,https://www.airbnb.com/rooms/1306570
1306966,NA,Neighborhood highlights,3,NA,1,NA,5,2,https://www.airbnb.com/rooms/1306966
1307095,$550.00,Neighborhood highlights,2,1,2,4,5,5,https://www.airbnb.com/rooms/1307095
1307228,$115.00,Neighborhood highlights,2,1,1,2,5,4,https://www.airbnb.com/rooms/1307228
1307723,$150.00,Neighborhood highlights,1,1,1,1,4.97,38,https://www.airbnb.com/rooms/1307723
1312228,NA,NA,1,NA,1,NA,5,3,https://www.airbnb.com/rooms/1312228
1313711,$149.00,Neighborhood highlights,8,1,1,1,4.79,306,https://www.airbnb.com/rooms/1313711
1322432,NA,Neighborhood highlights,4,NA,2,NA,4.7,10,https://www.airbnb.com/rooms/1322432
1323801,NA,Neighborhood highlights,1,NA,NA,NA,4.63,120,https://www.airbnb.com/rooms/1323801
1325432,$81.00,Neighborhood highlights,2,1,1,1,4.79,66,https://www.airbnb.com/rooms/1325432
1325911,$350.00,Neighborhood highlights,4,1,1,2,4.91,131,https://www.airbnb.com/rooms/1325911
1327940,$120.00,Neighborhood highlights,4,1,2,3,4.31,13,https://www.airbnb.com/rooms/1327940
1330056,$60.00,NA,2,1,1,2,4.55,174,https://www.airbnb.com/rooms/1330056
1332473,$80.00,NA,2,1,1,1,4.64,11,https://www.airbnb.com/rooms/1332473
1334633,NA,Neighborhood highlights,2,NA,1,NA,4.6,5,https://www.airbnb.com/rooms/1334633
1336223,$135.00,Neighborhood highlights,2,1,0,1,4.74,38,https://www.airbnb.com/rooms/1336223
1336230,$130.00,NA,2,1,0,2,4.58,40,https://www.airbnb.com/rooms/1336230
1349187,NA,Neighborhood highlights,2,NA,NA,NA,5,11,https://www.airbnb.com/rooms/1349187
1349658,$72.00,Neighborhood highlights,1,1,1,1,4.94,129,https://www.airbnb.com/rooms/1349658
1354250,NA,NA,3,NA,1,NA,5,3,https://www.airbnb.com/rooms/1354250
1354775,$250.00,NA,4,2,2,4,NA,0,https://www.airbnb.com/rooms/1354775
1354973,$220.00,Neighborhood highlights,4,1.5,2,2,4.69,136,https://www.airbnb.com/rooms/1354973
1355654,$185.00,Neighborhood highlights,2,1,1,1,4.81,21,https://www.airbnb.com/rooms/1355654
1357021,$245.00,Neighborhood highlights,4,1,1,1,4.35,95,https://www.airbnb.com/rooms/1357021
1359130,$180.00,NA,2,1,1,2,4.88,8,https://www.airbnb.com/rooms/1359130
1361017,$150.00,Neighborhood highlights,3,1,2,2,4.63,32,https://www.airbnb.com/rooms/1361017
1370405,$88.00,Neighborhood highlights,2,1,1,1,4.78,387,https://www.airbnb.com/rooms/1370405
1378165,$67.00,Neighborhood highlights,2,1,1,1,4.83,18,https://www.airbnb.com/rooms/1378165
1380326,$54.00,Neighborhood highlights,1,1,1,1,4.73,142,https://www.airbnb.com/rooms/1380326
1382607,NA,Neighborhood highlights,6,NA,3,NA,5,2,https://www.airbnb.com/rooms/1382607
1390964,$180.00,NA,3,1.5,1,1,5,1,https://www.airbnb.com/rooms/1390964
1396458,$184.00,Neighborhood highlights,3,1,3,3,4.71,44,https://www.airbnb.com/rooms/1396458
1398234,$217.00,NA,2,1,1,1,5,2,https://www.airbnb.com/rooms/1398234
1398326,NA,Neighborhood highlights,3,NA,1,NA,4.5,2,https://www.airbnb.com/rooms/1398326
1401826,$115.00,Neighborhood highlights,2,1,1,1,4.93,14,https://www.airbnb.com/rooms/1401826
1403635,NA,Neighborhood highlights,2,NA,2,NA,5,3,https://www.airbnb.com/rooms/1403635
1404828,NA,Neighborhood highlights,3,NA,1,NA,4.67,188,https://www.airbnb.com/rooms/1404828
1407633,$75.00,Neighborhood highlights,1,1,1,1,5,2,https://www.airbnb.com/rooms/1407633
1408406,NA,Neighborhood highlights,4,NA,1,NA,4.9,10,https://www.airbnb.com/rooms/1408406
1411811,$241.00,Neighborhood highlights,2,1,1,1,4.8,292,https://www.airbnb.com/rooms/1411811
1421933,NA,Neighborhood highlights,1,NA,NA,NA,4.75,4,https://www.airbnb.com/rooms/1421933
1437044,NA,NA,2,NA,NA,NA,5,3,https://www.airbnb.com/rooms/1437044
1440363,NA,Neighborhood highlights,4,NA,NA,NA,4.72,274,https://www.airbnb.com/rooms/1440363
1442450,NA,NA,2,NA,NA,NA,NA,0,https://www.airbnb.com/rooms/1442450
1444400,$82.00,Neighborhood highlights,2,1,1,1,4.89,477,https://www.airbnb.com/rooms/1444400
1446483,NA,Neighborhood highlights,2,NA,1,NA,4.86,162,https://www.airbnb.com/rooms/1446483
1449263,NA,Neighborhood highlights,2,NA,1,NA,5,1,https://www.airbnb.com/rooms/1449263
1453998,$125.00,Neighborhood highlights,2,1,1,1,4.59,29,https://www.airbnb.com/rooms/1453998
1458987,$65.00,Neighborhood highlights,1,1,1,1,4.91,86,https://www.airbnb.com/rooms/1458987
1461965,$64.00,Neighborhood highlights,2,1,1,3,4.65,109,https://www.airbnb.com/rooms/1461965
1465446,$199.00,Neighborhood highlights,4,1,1,2,4.66,418,https://www.airbnb.com/rooms/1465446
1466552,$189.00,Neighborhood highlights,2,1,2,1,4.93,72,https://www.airbnb.com/rooms/1466552
1467618,NA,Neighborhood highlights,2,1,1,1,4.79,14,https://www.airbnb.com/rooms/1467618
1474752,$110.00,Neighborhood highlights,1,1,1,1,4.69,27,https://www.airbnb.com/rooms/1474752
1475084,$179.00,Neighborhood highlights,2,1,1,1,4.47,200,https://www.airbnb.com/rooms/1475084
1475427,NA,Neighborhood highlights,1,NA,NA,NA,5,7,https://www.airbnb.com/rooms/1475427
1475661,NA,NA,2,NA,1,NA,5,13,https://www.airbnb.com/rooms/1475661
1476238,$200.00,NA,1,1,1,1,4.33,6,https://www.airbnb.com/rooms/1476238
1478946,$140.00,Neighborhood highlights,2,1,0,1,4.24,51,https://www.airbnb.com/rooms/1478946
1479283,$135.00,Neighborhood highlights,2,1,0,2,4.63,51,https://www.airbnb.com/rooms/1479283
1480002,$125.00,Neighborhood highlights,2,1,1,1,4,1,https://www.airbnb.com/rooms/1480002
1486099,$169.00,Neighborhood highlights,4,1,1,1,4.88,17,https://www.airbnb.com/rooms/1486099
1491991,$250.00,Neighborhood highlights,4,1.5,3,3,4.85,13,https://www.airbnb.com/rooms/1491991
1494527,$225.00,NA,2,1,1,1,4.81,262,https://www.airbnb.com/rooms/1494527
1499635,NA,NA,2,NA,NA,NA,4.8,6,https://www.airbnb.com/rooms/1499635
1506985,$225.00,Neighborhood highlights,5,3,2,2,4.86,63,https://www.airbnb.com/rooms/1506985
1511303,$124.00,Neighborhood highlights,3,1,1,2,4.34,129,https://www.airbnb.com/rooms/1511303
1513777,NA,Neighborhood highlights,2,NA,1,NA,4.5,4,https://www.airbnb.com/rooms/1513777
1521335,NA,Neighborhood highlights,2,NA,NA,NA,5,2,https://www.airbnb.com/rooms/1521335
1524017,$170.00,Neighborhood highlights,2,1,1,2,4.59,66,https://www.airbnb.com/rooms/1524017
1530386,$349.00,NA,3,1,2,2,4.71,87,https://www.airbnb.com/rooms/1530386
1533652,$139.00,Neighborhood highlights,2,1,1,1,4.74,106,https://www.airbnb.com/rooms/1533652
1534212,$99.00,Neighborhood highlights,4,1,1,3,4.2,93,https://www.airbnb.com/rooms/1534212
1551044,NA,Neighborhood highlights,2,NA,NA,NA,4.5,118,https://www.airbnb.com/rooms/1551044
1555491,$257.00,Neighborhood highlights,2,1,1,1,4.75,4,https://www.airbnb.com/rooms/1555491
1559912,NA,Neighborhood highlights,3,NA,1,NA,5,9,https://www.airbnb.com/rooms/1559912
1566326,NA,Neighborhood highlights,4,NA,NA,NA,4.81,48,https://www.airbnb.com/rooms/1566326
1567225,$700.00,Neighborhood highlights,6,3,3,3,4.8,20,https://www.airbnb.com/rooms/1567225
1578103,NA,Neighborhood highlights,1,NA,NA,NA,4.84,80,https://www.airbnb.com/rooms/1578103
1581579,$290.00,Neighborhood highlights,7,1,2,4,4.89,486,https://www.airbnb.com/rooms/1581579
1584619,NA,NA,1,NA,NA,NA,NA,0,https://www.airbnb.com/rooms/1584619
1589248,NA,NA,2,NA,1,NA,NA,0,https://www.airbnb.com/rooms/1589248
1591811,$190.00,NA,2,1,1,1,4.63,236,https://www.airbnb.com/rooms/1591811
1596314,NA,Neighborhood highlights,3,NA,1,NA,4.74,27,https://www.airbnb.com/rooms/1596314
1604488,$150.00,Neighborhood highlights,2,1,1,1,4.94,282,https://www.airbnb.com/rooms/1604488
1604489,$275.00,NA,4,2,2,2,4.33,3,https://www.airbnb.com/rooms/1604489
1606312,$250.00,Neighborhood highlights,2,2,2,2,5,12,https://www.airbnb.com/rooms/1606312
1617443,$65.00,Neighborhood highlights,2,1,1,1,4.7,37,https://www.airbnb.com/rooms/1617443
1617488,$325.00,Neighborhood highlights,4,2,2,2,4.82,84,https://www.airbnb.com/rooms/1617488
1621235,$70.00,NA,3,1,1,2,4.89,9,https://www.airbnb.com/rooms/1621235
1623431,"$1,006.00",Neighborhood highlights,2,1,1,1,5,1,https://www.airbnb.com/rooms/1623431
1628156,$200.00,Neighborhood highlights,2,2,2,3,4.94,234,https://www.airbnb.com/rooms/1628156
1634856,$220.00,NA,2,0,1,1,4.81,21,https://www.airbnb.com/rooms/1634856
1635088,NA,Neighborhood highlights,2,NA,6,NA,4.77,13,https://www.airbnb.com/rooms/1635088
1640700,$300.00,Neighborhood highlights,4,2,2,2,4.25,4,https://www.airbnb.com/rooms/1640700
1640995,$125.00,Neighborhood highlights,2,1,1,1,4.81,64,https://www.airbnb.com/rooms/1640995
1645181,$165.00,Neighborhood highlights,2,1,1,3,4.82,177,https://www.airbnb.com/rooms/1645181
1645667,$134.00,NA,2,1,2,1,4.69,333,https://www.airbnb.com/rooms/1645667
1646910,NA,NA,3,NA,NA,NA,5,1,https://www.airbnb.com/rooms/1646910
1649957,$135.00,NA,3,1,1,3,4.39,28,https://www.airbnb.com/rooms/1649957
1652236,$38.00,Neighborhood highlights,1,1,1,1,4.72,113,https://www.airbnb.com/rooms/1652236
1654551,NA,Neighborhood highlights,2,NA,1,NA,4.45,20,https://www.airbnb.com/rooms/1654551
1654623,$39.00,Neighborhood highlights,1,1,1,1,4.69,62,https://www.airbnb.com/rooms/1654623
1654929,$95.00,Neighborhood highlights,2,1,1,1,4.53,256,https://www.airbnb.com/rooms/1654929
1654970,$120.00,Neighborhood highlights,1,1,1,1,4.76,88,https://www.airbnb.com/rooms/1654970
1655550,$200.00,Neighborhood highlights,4,1,1,1,4.7,10,https://www.airbnb.com/rooms/1655550
1656539,$169.00,Neighborhood highlights,1,1,1,1,4.64,300,https://www.airbnb.com/rooms/1656539
1656585,$550.00,Neighborhood highlights,2,1,1,1,4.84,51,https://www.airbnb.com/rooms/1656585
1656621,$166.00,Neighborhood highlights,2,1,2,2,4.7,382,https://www.airbnb.com/rooms/1656621
1661734,NA,Neighborhood highlights,2,NA,NA,NA,4.67,45,https://www.airbnb.com/rooms/1661734
1664716,$145.00,Neighborhood highlights,2,1,1,1,5,3,https://www.airbnb.com/rooms/1664716
1665498,$104.00,Neighborhood highlights,2,1,1,2,4.85,41,https://www.airbnb.com/rooms/1665498
1668328,$190.00,NA,2,1,1,1,4.69,226,https://www.airbnb.com/rooms/1668328
1669149,$250.00,Neighborhood highlights,3,1,1,2,4.81,90,https://www.airbnb.com/rooms/1669149
1670517,$235.00,Neighborhood highlights,1,1,1,1,4.83,6,https://www.airbnb.com/rooms/1670517
1672977,$303.00,Neighborhood highlights,6,1,2,3,4.44,27,https://www.airbnb.com/rooms/1672977
1673040,$248.00,Neighborhood highlights,5,1,2,3,4.74,19,https://www.airbnb.com/rooms/1673040
1682258,NA,Neighborhood highlights,2,NA,NA,NA,NA,0,https://www.airbnb.com/rooms/1682258
1688914,$145.00,Neighborhood highlights,3,1,1,1,4.57,136,https://www.airbnb.com/rooms/1688914
1690764,$121.00,Neighborhood highlights,4,1,1,2,4.83,6,https://www.airbnb.com/rooms/1690764
1693028,NA,Neighborhood highlights,2,NA,NA,NA,4.52,23,https://www.airbnb.com/rooms/1693028
1696381,$68.00,Neighborhood highlights,2,1,2,1,4.87,46,https://www.airbnb.com/rooms/1696381
1702032,NA,Neighborhood highlights,2,NA,NA,NA,NA,0,https://www.airbnb.com/rooms/1702032
1702533,$257.00,NA,6,1,2,2,4.76,68,https://www.airbnb.com/rooms/1702533
1707850,$69.00,Neighborhood highlights,1,1,1,1,5,1,https://www.airbnb.com/rooms/1707850
1712660,$67.00,Neighborhood highlights,2,1,1,1,4.56,369,https://www.airbnb.com/rooms/1712660
1716640,NA,Neighborhood highlights,3,NA,1,NA,4.35,26,https://www.airbnb.com/rooms/1716640
1717058,$178.00,Neighborhood highlights,2,1,1,1,4.8,82,https://www.airbnb.com/rooms/1717058
1717215,NA,Neighborhood highlights,2,NA,NA,NA,NA,0,https://www.airbnb.com/rooms/1717215
1717226,$250.00,Neighborhood highlights,6,2,3,5,4.56,18,https://www.airbnb.com/rooms/1717226
1722101,$433.00,Neighborhood highlights,2,1,1,1,4.79,24,https://www.airbnb.com/rooms/1722101
1724731,$275.00,Neighborhood highlights,2,1,1,1,5,1,https://www.airbnb.com/rooms/1724731
1725295,NA,Neighborhood highlights,1,NA,NA,NA,4.81,145,https://www.airbnb.com/rooms/1725295
1727923,NA,Neighborhood highlights,2,NA,1,NA,4.5,6,https://www.airbnb.com/rooms/1727923
1728625,NA,Neighborhood highlights,2,NA,1,NA,5,18,https://www.airbnb.com/rooms/1728625
1729286,NA,NA,2,NA,NA,NA,4.29,35,https://www.airbnb.com/rooms/1729286
1731245,NA,Neighborhood highlights,2,NA,2,NA,4.7,108,https://www.airbnb.com/rooms/1731245
1731365,$700.00,Neighborhood highlights,7,2,2,3,4.85,170,https://www.airbnb.com/rooms/1731365
1734724,$180.00,Neighborhood highlights,3,1.5,1,1,4.96,183,https://www.airbnb.com/rooms/1734724
1735804,$165.00,Neighborhood highlights,3,1,1,1,4.81,247,https://www.airbnb.com/rooms/1735804
1739847,NA,Neighborhood highlights,1,NA,NA,NA,4.78,54,https://www.airbnb.com/rooms/1739847
1741745,NA,Neighborhood highlights,2,NA,1,NA,NA,0,https://www.airbnb.com/rooms/1741745
1742654,$180.00,Neighborhood highlights,2,1,1,1,4.97,127,https://www.airbnb.com/rooms/1742654
1744709,$200.00,NA,3,2,1,1,4.67,3,https://www.airbnb.com/rooms/1744709
1745358,$165.00,Neighborhood highlights,2,1,1,2,4.82,33,https://www.airbnb.com/rooms/1745358
1750248,$93.00,NA,2,1.5,1,1,4.81,17,https://www.airbnb.com/rooms/1750248
1750679,$185.00,Neighborhood highlights,3,1,2,3,4.82,133,https://www.airbnb.com/rooms/1750679
1753671,$110.00,NA,1,1,1,1,4.65,54,https://www.airbnb.com/rooms/1753671
1754876,$95.00,NA,2,1,0,1,4.29,24,https://www.airbnb.com/rooms/1754876
1755844,$357.00,NA,16,1,0,1,4.33,12,https://www.airbnb.com/rooms/1755844
1756174,NA,Neighborhood highlights,1,NA,NA,NA,NA,0,https://www.airbnb.com/rooms/1756174
1756520,$599.00,NA,6,3.5,3,2,5,12,https://www.airbnb.com/rooms/1756520
1758391,NA,NA,2,NA,NA,NA,4.54,112,https://www.airbnb.com/rooms/1758391
1759526,NA,Neighborhood highlights,1,NA,NA,NA,4.73,11,https://www.airbnb.com/rooms/1759526
1762852,NA,NA,1,NA,NA,NA,4.67,3,https://www.airbnb.com/rooms/1762852
1763209,NA,Neighborhood highlights,3,NA,NA,NA,4.68,106,https://www.airbnb.com/rooms/1763209
1766846,$197.00,Neighborhood highlights,1,1,1,1,4.94,438,https://www.airbnb.com/rooms/1766846
1776732,$650.00,Neighborhood highlights,7,2,2,5,4.79,220,https://www.airbnb.com/rooms/1776732
1778810,NA,Neighborhood highlights,2,NA,NA,NA,5,1,https://www.airbnb.com/rooms/1778810
1780748,$151.00,Neighborhood highlights,1,1,1,1,4.54,38,https://www.airbnb.com/rooms/1780748
1781052,NA,NA,4,NA,NA,NA,5,1,https://www.airbnb.com/rooms/1781052
1781786,$164.00,NA,3,1,1,1,4.56,57,https://www.airbnb.com/rooms/1781786
1782667,NA,Neighborhood highlights,1,NA,1,NA,4.87,159,https://www.airbnb.com/rooms/1782667
1788989,NA,NA,4,NA,1,NA,4.9,10,https://www.airbnb.com/rooms/1788989
1793091,$155.00,Neighborhood highlights,2,1,1,1,4.78,308,https://www.airbnb.com/rooms/1793091
1793104,$85.00,Neighborhood highlights,1,1,1,1,5,2,https://www.airbnb.com/rooms/1793104
1793411,NA,Neighborhood highlights,3,NA,1,NA,5,3,https://www.airbnb.com/rooms/1793411
1797025,$110.00,Neighborhood highlights,3,1,1,1,4.65,173,https://www.airbnb.com/rooms/1797025
1798500,$230.00,Neighborhood highlights,2,1,1,1,4.81,37,https://www.airbnb.com/rooms/1798500
1801130,NA,Neighborhood highlights,4,NA,1,NA,4.53,15,https://www.airbnb.com/rooms/1801130
1809547,$76.00,NA,2,1.5,1,1,4.68,22,https://www.airbnb.com/rooms/1809547
1810640,NA,Neighborhood highlights,4,NA,NA,NA,NA,0,https://www.airbnb.com/rooms/1810640
1813681,NA,Neighborhood highlights,2,NA,1,NA,5,1,https://www.airbnb.com/rooms/1813681
1817510,NA,Neighborhood highlights,2,NA,1,NA,4.73,376,https://www.airbnb.com/rooms/1817510
1820858,NA,Neighborhood highlights,3,NA,NA,NA,4.63,8,https://www.airbnb.com/rooms/1820858
1825949,NA,Neighborhood highlights,2,NA,NA,NA,4.47,32,https://www.airbnb.com/rooms/1825949
1826701,$65.00,Neighborhood highlights,2,2,1,1,4.5,10,https://www.airbnb.com/rooms/1826701
1831227,$121.00,Neighborhood highlights,2,1,1,1,4.43,42,https://www.airbnb.com/rooms/1831227
1832120,NA,NA,2,NA,NA,NA,4.96,146,https://www.airbnb.com/rooms/1832120
1835367,$120.00,Neighborhood highlights,2,1,0,1,4.44,16,https://www.airbnb.com/rooms/1835367
1839231,NA,NA,2,NA,1,NA,NA,0,https://www.airbnb.com/rooms/1839231
1846580,$125.00,Neighborhood highlights,1,1,1,1,4.71,218,https://www.airbnb.com/rooms/1846580
1853765,NA,NA,2,NA,2,NA,NA,0,https://www.airbnb.com/rooms/1853765
1855846,NA,Neighborhood highlights,4,NA,1,NA,4.77,35,https://www.airbnb.com/rooms/1855846
1856027,$165.00,Neighborhood highlights,2,1.5,1,1,4.95,130,https://www.airbnb.com/rooms/1856027
1856803,NA,NA,4,NA,1,NA,4.7,10,https://www.airbnb.com/rooms/1856803
1861572,$400.00,Neighborhood highlights,1,3.5,1,1,NA,0,https://www.airbnb.com/rooms/1861572
1864061,NA,NA,2,NA,2,NA,4.91,46,https://www.airbnb.com/rooms/1864061
1865336,NA,Neighborhood highlights,2,NA,1,NA,4.91,257,https://www.airbnb.com/rooms/1865336
1865884,NA,Neighborhood highlights,3,NA,1,NA,NA,0,https://www.airbnb.com/rooms/1865884
1869202,NA,Neighborhood highlights,2,NA,1,NA,4.53,19,https://www.airbnb.com/rooms/1869202
1870228,$100.00,Neighborhood highlights,1,2,0,3,4.49,105,https://www.airbnb.com/rooms/1870228
1876511,$225.00,Neighborhood highlights,2,1,1,1,5,12,https://www.airbnb.com/rooms/1876511
1876969,NA,NA,5,NA,2,NA,NA,0,https://www.airbnb.com/rooms/1876969
1881846,$238.00,Neighborhood highlights,5,1,1,3,4.69,172,https://www.airbnb.com/rooms/1881846
1885714,$80.00,Neighborhood highlights,2,1,1,1,4.81,69,https://www.airbnb.com/rooms/1885714
1886240,NA,Neighborhood highlights,2,NA,1,NA,NA,0,https://www.airbnb.com/rooms/1886240
1886294,NA,Neighborhood highlights,4,NA,3,NA,NA,0,https://www.airbnb.com/rooms/1886294
1891118,NA,Neighborhood highlights,2,NA,NA,NA,4.5,8,https://www.airbnb.com/rooms/1891118
1891274,NA,Neighborhood highlights,2,NA,NA,NA,4.67,6,https://www.airbnb.com/rooms/1891274
1893225,$250.00,Neighborhood highlights,3,2,2,2,4.92,25,https://www.airbnb.com/rooms/1893225
1897447,$164.00,Neighborhood highlights,3,1,1,2,4.94,371,https://www.airbnb.com/rooms/1897447
1898110,NA,NA,1,NA,NA,NA,NA,0,https://www.airbnb.com/rooms/1898110
1901154,NA,Neighborhood highlights,4,NA,2,NA,5,22,https://www.airbnb.com/rooms/1901154
1901357,NA,Neighborhood highlights,2,NA,NA,NA,4.81,26,https://www.airbnb.com/rooms/1901357
1903198,$200.00,Neighborhood highlights,2,1.5,1,4,4.52,81,https://www.airbnb.com/rooms/1903198
1906604,NA,NA,4,NA,2,NA,5,7,https://www.airbnb.com/rooms/1906604
1914185,NA,Neighborhood highlights,4,NA,1,NA,4.43,21,https://www.airbnb.com/rooms/1914185
1914231,$140.00,Neighborhood highlights,4,1,1,1,4.64,443,https://www.airbnb.com/rooms/1914231
1918693,$147.00,Neighborhood highlights,2,1,1,2,4.82,393,https://www.airbnb.com/rooms/1918693
1921859,$163.00,Neighborhood highlights,4,1,1,2,4.91,64,https://www.airbnb.com/rooms/1921859
1924645,NA,Neighborhood highlights,2,NA,NA,NA,4.69,29,https://www.airbnb.com/rooms/1924645
1925224,$250.00,NA,2,1,1,1,4.99,122,https://www.airbnb.com/rooms/1925224
1929321,NA,NA,10,NA,1,NA,4.81,16,https://www.airbnb.com/rooms/1929321
1929540,NA,NA,2,NA,1,NA,4,9,https://www.airbnb.com/rooms/1929540
1932110,$175.00,Neighborhood highlights,2,1.5,1,1,4.84,19,https://www.airbnb.com/rooms/1932110
1932491,NA,Neighborhood highlights,2,NA,NA,NA,4.78,9,https://www.airbnb.com/rooms/1932491
1934444,NA,Neighborhood highlights,1,NA,NA,NA,4.8,5,https://www.airbnb.com/rooms/1934444
1934765,NA,NA,2,NA,1,NA,5,1,https://www.airbnb.com/rooms/1934765
1934804,$300.00,Neighborhood highlights,2,3.5,5,5,4.53,76,https://www.airbnb.com/rooms/1934804
1935175,NA,Neighborhood highlights,3,NA,2,NA,4,1,https://www.airbnb.com/rooms/1935175
1935302,$170.00,Neighborhood highlights,2,1,1,7,4.74,231,https://www.airbnb.com/rooms/1935302
1935826,$93.00,NA,2,1.5,1,1,5,1,https://www.airbnb.com/rooms/1935826
1936633,$110.00,Neighborhood highlights,2,1,1,1,4.96,113,https://www.airbnb.com/rooms/1936633
1939106,NA,NA,2,NA,1,NA,4.88,16,https://www.airbnb.com/rooms/1939106
1941094,$50.00,NA,1,2,1,1,4.5,4,https://www.airbnb.com/rooms/1941094
1941435,$38.00,NA,1,1,1,1,4.37,19,https://www.airbnb.com/rooms/1941435
1941439,$68.00,Neighborhood highlights,1,1,1,1,4.84,51,https://www.airbnb.com/rooms/1941439
1944155,$167.00,Neighborhood highlights,2,1,1,1,5,10,https://www.airbnb.com/rooms/1944155
1944891,NA,Neighborhood highlights,2,NA,2,NA,NA,0,https://www.airbnb.com/rooms/1944891
1945115,$95.00,Neighborhood highlights,1,1,1,1,4.88,118,https://www.airbnb.com/rooms/1945115
1948494,$99.00,Neighborhood highlights,2,1,1,3,4.8,343,https://www.airbnb.com/rooms/1948494
1950603,NA,Neighborhood highlights,2,NA,1,NA,4,2,https://www.airbnb.com/rooms/1950603
1952271,$120.00,Neighborhood highlights,2,1,1,1,4.87,110,https://www.airbnb.com/rooms/1952271
1954653,NA,Neighborhood highlights,2,NA,1,NA,4.86,37,https://www.airbnb.com/rooms/1954653
1956467,NA,Neighborhood highlights,2,NA,1,NA,5,5,https://www.airbnb.com/rooms/1956467
1956677,$185.00,Neighborhood highlights,4,1,0,2,4.86,15,https://www.airbnb.com/rooms/1956677
1958765,$200.00,Neighborhood highlights,4,1,2,2,4.87,87,https://www.airbnb.com/rooms/1958765
1959024,NA,NA,4,NA,1,NA,5,6,https://www.airbnb.com/rooms/1959024
1960045,NA,Neighborhood highlights,2,NA,NA,NA,NA,0,https://www.airbnb.com/rooms/1960045
1961361,NA,Neighborhood highlights,2,NA,NA,NA,4.17,6,https://www.airbnb.com/rooms/1961361
1961760,$397.00,NA,4,2.5,2,3,4.8,5,https://www.airbnb.com/rooms/1961760
1965766,NA,NA,2,NA,NA,NA,5,1,https://www.airbnb.com/rooms/1965766
1970697,NA,Neighborhood highlights,2,NA,NA,NA,4.63,107,https://www.airbnb.com/rooms/1970697
1971540,$150.00,NA,1,1,1,2,4.55,174,https://www.airbnb.com/rooms/1971540
1973889,NA,Neighborhood highlights,1,NA,1,NA,4.67,219,https://www.airbnb.com/rooms/1973889
1974700,$257.00,Neighborhood highlights,7,1,1,5,4.64,22,https://www.airbnb.com/rooms/1974700
1975069,NA,NA,2,NA,NA,NA,4,7,https://www.airbnb.com/rooms/1975069
1975999,NA,NA,2,NA,NA,NA,5,10,https://www.airbnb.com/rooms/1975999
1976123,"$1,999.00",Neighborhood highlights,2,1,1,1,4.25,20,https://www.airbnb.com/rooms/1976123
1979076,$159.00,Neighborhood highlights,4,1,1,1,4.88,8,https://www.airbnb.com/rooms/1979076
1979127,$280.00,Neighborhood highlights,4,2,2,3,4.71,93,https://www.airbnb.com/rooms/1979127
1979506,NA,NA,2,NA,NA,NA,5,1,https://www.airbnb.com/rooms/1979506
1979579,NA,NA,2,NA,1,NA,NA,0,https://www.airbnb.com/rooms/1979579
1979848,NA,Neighborhood highlights,3,NA,NA,NA,NA,0,https://www.airbnb.com/rooms/1979848
1981590,$135.00,Neighborhood highlights,4,1,0,1,4.62,178,https://www.airbnb.com/rooms/1981590
1984378,$168.00,Neighborhood highlights,7,1,2,3,4.62,27,https://www.airbnb.com/rooms/1984378
1984390,NA,NA,4,NA,NA,NA,4.5,2,https://www.airbnb.com/rooms/1984390
1984486,$135.00,Neighborhood highlights,3,1,1,1,4.72,55,https://www.airbnb.com/rooms/1984486
1985022,NA,Neighborhood highlights,2,NA,NA,NA,4.67,3,https://www.airbnb.com/rooms/1985022
1987627,NA,NA,3,NA,1,NA,4,5,https://www.airbnb.com/rooms/1987627
1987949,NA,Neighborhood highlights,4,NA,3,NA,4,1,https://www.airbnb.com/rooms/1987949
1988823,$198.00,Neighborhood highlights,4,1,1,4,4.7,238,https://www.airbnb.com/rooms/1988823
1989731,NA,Neighborhood highlights,2,NA,1,NA,4.67,6,https://www.airbnb.com/rooms/1989731
1989838,NA,Neighborhood highlights,8,NA,4,NA,NA,0,https://www.airbnb.com/rooms/1989838
2000576,$300.00,Neighborhood highlights,8,1,3,5,4.55,278,https://www.airbnb.com/rooms/2000576
2003807,NA,NA,4,NA,1,NA,NA,0,https://www.airbnb.com/rooms/2003807
2008122,NA,Neighborhood highlights,4,NA,1,NA,5,3,https://www.airbnb.com/rooms/2008122
2010624,NA,Neighborhood highlights,2,NA,2,NA,4.75,4,https://www.airbnb.com/rooms/2010624
2015168,$160.00,Neighborhood highlights,5,1,2,2,4.88,280,https://www.airbnb.com/rooms/2015168
2015800,$134.00,Neighborhood highlights,2,1,1,2,4.8,20,https://www.airbnb.com/rooms/2015800
2017397,$156.00,Neighborhood highlights,4,1,1,2,4.63,88,https://www.airbnb.com/rooms/2017397
2019927,$153.00,NA,6,1,1,3,4.77,144,https://www.airbnb.com/rooms/2019927
2022126,NA,Neighborhood highlights,5,NA,NA,NA,NA,0,https://www.airbnb.com/rooms/2022126
2022920,NA,NA,6,NA,3,NA,NA,0,https://www.airbnb.com/rooms/2022920
2022958,NA,Neighborhood highlights,2,NA,1,NA,4.64,14,https://www.airbnb.com/rooms/2022958
2023357,NA,Neighborhood highlights,4,NA,1,NA,4.5,4,https://www.airbnb.com/rooms/2023357
2026869,NA,NA,2,NA,NA,NA,NA,0,https://www.airbnb.com/rooms/2026869
2028272,NA,Neighborhood highlights,6,NA,1,NA,4.25,24,https://www.airbnb.com/rooms/2028272
2028291,$150.00,NA,2,1,1,2,4.89,91,https://www.airbnb.com/rooms/2028291
2028432,NA,Neighborhood highlights,2,NA,1,NA,4.97,29,https://www.airbnb.com/rooms/2028432
2028677,$115.00,Neighborhood highlights,3,1,1,1,4.47,60,https://www.airbnb.com/rooms/2028677
2031495,NA,Neighborhood highlights,2,NA,NA,NA,4.64,11,https://www.airbnb.com/rooms/2031495
2032156,$60.00,NA,1,1,1,1,4.75,16,https://www.airbnb.com/rooms/2032156
2033224,NA,NA,4,NA,2,NA,4.18,11,https://www.airbnb.com/rooms/2033224
2042764,NA,Neighborhood highlights,5,NA,3,NA,4.73,11,https://www.airbnb.com/rooms/2042764
2043060,$249.00,NA,2,1,1,1,4.82,56,https://www.airbnb.com/rooms/2043060
2043329,NA,NA,2,NA,NA,NA,4.91,11,https://www.airbnb.com/rooms/2043329
2044873,NA,Neighborhood highlights,2,NA,1,NA,4.87,114,https://www.airbnb.com/rooms/2044873
2044889,$176.00,NA,2,1,1,2,4.76,17,https://www.airbnb.com/rooms/2044889
2046225,NA,Neighborhood highlights,3,NA,1,NA,4.67,3,https://www.airbnb.com/rooms/2046225
2046789,NA,Neighborhood highlights,6,NA,2,NA,4.71,56,https://www.airbnb.com/rooms/2046789
2048796,NA,Neighborhood highlights,1,NA,NA,NA,5,1,https://www.airbnb.com/rooms/2048796
2049322,NA,NA,1,NA,NA,NA,NA,0,https://www.airbnb.com/rooms/2049322
2050406,NA,NA,2,NA,1,NA,NA,0,https://www.airbnb.com/rooms/2050406
2050993,NA,Neighborhood highlights,3,NA,NA,NA,5,1,https://www.airbnb.com/rooms/2050993
2051013,NA,NA,2,NA,1,NA,4.89,19,https://www.airbnb.com/rooms/2051013
2051352,$150.00,Neighborhood highlights,2,1,1,1,4.9,31,https://www.airbnb.com/rooms/2051352
2053940,$150.00,Neighborhood highlights,1,1,1,2,5,4,https://www.airbnb.com/rooms/2053940
2055467,NA,NA,3,NA,2,NA,NA,0,https://www.airbnb.com/rooms/2055467
2055559,NA,NA,1,NA,NA,NA,NA,0,https://www.airbnb.com/rooms/2055559
2057295,NA,Neighborhood highlights,2,NA,1,NA,4.95,20,https://www.airbnb.com/rooms/2057295
2057403,NA,Neighborhood highlights,4,NA,2,NA,4.71,8,https://www.airbnb.com/rooms/2057403
2057480,NA,Neighborhood highlights,6,NA,2,NA,5,4,https://www.airbnb.com/rooms/2057480
2060275,NA,NA,1,NA,1,NA,5,1,https://www.airbnb.com/rooms/2060275
2060768,NA,NA,4,NA,1,NA,NA,0,https://www.airbnb.com/rooms/2060768
2061811,NA,Neighborhood highlights,3,NA,1,NA,4.33,3,https://www.airbnb.com/rooms/2061811
2062630,NA,Neighborhood highlights,3,NA,1,NA,4,1,https://www.airbnb.com/rooms/2062630
2069359,$65.00,Neighborhood highlights,2,1,1,1,4.57,217,https://www.airbnb.com/rooms/2069359
2070290,NA,Neighborhood highlights,8,NA,2,NA,NA,0,https://www.airbnb.com/rooms/2070290
2075526,NA,Neighborhood highlights,2,NA,1,NA,4.63,8,https://www.airbnb.com/rooms/2075526
2078120,$225.00,Neighborhood highlights,10,1,3,8,4.92,12,https://www.airbnb.com/rooms/2078120
2079686,NA,Neighborhood highlights,2,NA,2,NA,4.71,14,https://www.airbnb.com/rooms/2079686
2080861,$200.00,Neighborhood highlights,6,2,3,5,4.81,379,https://www.airbnb.com/rooms/2080861
2081177,NA,Neighborhood highlights,2,NA,NA,NA,4.83,6,https://www.airbnb.com/rooms/2081177
2082670,NA,Neighborhood highlights,1,NA,1,NA,3,1,https://www.airbnb.com/rooms/2082670
2083547,NA,NA,7,NA,3,NA,4.8,10,https://www.airbnb.com/rooms/2083547
2083749,$160.00,Neighborhood highlights,3,1,2,3,4.8,55,https://www.airbnb.com/rooms/2083749
2084817,NA,Neighborhood highlights,4,NA,2,NA,4.69,16,https://www.airbnb.com/rooms/2084817
2087663,NA,Neighborhood highlights,2,NA,1,NA,NA,0,https://www.airbnb.com/rooms/2087663
2088389,NA,Neighborhood highlights,2,NA,1,NA,4.81,16,https://www.airbnb.com/rooms/2088389
2089226,$88.00,Neighborhood highlights,5,1,1,2,4.81,112,https://www.airbnb.com/rooms/2089226
2089273,NA,Neighborhood highlights,4,NA,1,NA,NA,0,https://www.airbnb.com/rooms/2089273
2089492,NA,Neighborhood highlights,4,NA,1,NA,4.89,27,https://www.airbnb.com/rooms/2089492
2089712,NA,NA,2,NA,1,NA,4.67,3,https://www.airbnb.com/rooms/2089712
2092827,$160.00,Neighborhood highlights,4,1,3,3,5,3,https://www.airbnb.com/rooms/2092827
2093304,$150.00,Neighborhood highlights,2,1,1,1,4.93,68,https://www.airbnb.com/rooms/2093304
2094213,NA,Neighborhood highlights,3,NA,1,NA,4.88,8,https://www.airbnb.com/rooms/2094213
2095959,NA,Neighborhood highlights,2,NA,1,NA,4.56,26,https://www.airbnb.com/rooms/2095959
2096581,NA,Neighborhood highlights,2,NA,NA,NA,4.05,19,https://www.airbnb.com/rooms/2096581
2100174,$127.00,NA,4,1,0,2,4.23,40,https://www.airbnb.com/rooms/2100174
2100887,NA,Neighborhood highlights,2,NA,2,NA,4.5,6,https://www.airbnb.com/rooms/2100887
2101710,NA,Neighborhood highlights,4,NA,NA,NA,NA,0,https://www.airbnb.com/rooms/2101710
2102542,NA,Neighborhood highlights,2,NA,1,NA,4.44,17,https://www.airbnb.com/rooms/2102542
2103480,NA,Neighborhood highlights,2,NA,1,NA,NA,0,https://www.airbnb.com/rooms/2103480
2104588,NA,NA,4,NA,1,NA,NA,0,https://www.airbnb.com/rooms/2104588
2106662,NA,NA,2,NA,1,NA,NA,0,https://www.airbnb.com/rooms/2106662
2106706,NA,Neighborhood highlights,2,NA,1,NA,NA,0,https://www.airbnb.com/rooms/2106706
2108178,$129.00,Neighborhood highlights,2,1,0,1,5,8,https://www.airbnb.com/rooms/2108178
2108237,NA,NA,4,NA,2,NA,5,4,https://www.airbnb.com/rooms/2108237
2111336,NA,Neighborhood highlights,2,NA,NA,NA,4.7,73,https://www.airbnb.com/rooms/2111336
2111422,NA,Neighborhood highlights,1,1,1,1,3.6,5,https://www.airbnb.com/rooms/2111422
2112142,$45.00,NA,2,1,1,2,4.57,23,https://www.airbnb.com/rooms/2112142
2113431,NA,NA,2,NA,NA,NA,NA,0,https://www.airbnb.com/rooms/2113431
2113934,NA,NA,2,NA,NA,NA,4.69,16,https://www.airbnb.com/rooms/2113934
2115784,NA,Neighborhood highlights,2,NA,1,NA,4.33,4,https://www.airbnb.com/rooms/2115784
2116940,NA,NA,2,NA,1,NA,4.75,4,https://www.airbnb.com/rooms/2116940
2118102,NA,Neighborhood highlights,2,NA,1,NA,4.67,3,https://www.airbnb.com/rooms/2118102
2119582,$74.00,Neighborhood highlights,1,1,1,1,4.92,12,https://www.airbnb.com/rooms/2119582
2120223,NA,Neighborhood highlights,2,NA,1,NA,4.82,11,https://www.airbnb.com/rooms/2120223
2122613,NA,Neighborhood highlights,4,NA,NA,NA,NA,0,https://www.airbnb.com/rooms/2122613
2123079,$103.00,Neighborhood highlights,2,1,1,2,4.79,159,https://www.airbnb.com/rooms/2123079
2124536,NA,Neighborhood highlights,8,NA,1,NA,4.85,95,https://www.airbnb.com/rooms/2124536
2127382,NA,Neighborhood highlights,4,NA,NA,NA,NA,0,https://www.airbnb.com/rooms/2127382
2127713,$240.00,Neighborhood highlights,2,1,1,1,4.31,49,https://www.airbnb.com/rooms/2127713
2128464,NA,Neighborhood highlights,3,NA,NA,NA,4,4,https://www.airbnb.com/rooms/2128464
2128761,$58.00,Neighborhood highlights,3,1,1,1,4.9,69,https://www.airbnb.com/rooms/2128761
2132248,NA,NA,2,NA,NA,NA,NA,0,https://www.airbnb.com/rooms/2132248
2134052,NA,Neighborhood highlights,2,NA,NA,NA,4.32,19,https://www.airbnb.com/rooms/2134052
2134697,$181.00,Neighborhood highlights,4,1,1,2,4.64,25,https://www.airbnb.com/rooms/2134697
2135489,NA,Neighborhood highlights,3,NA,NA,NA,4.81,147,https://www.airbnb.com/rooms/2135489
2135754,NA,Neighborhood highlights,3,NA,1,NA,4.62,21,https://www.airbnb.com/rooms/2135754
2135766,NA,NA,4,NA,2,NA,NA,0,https://www.airbnb.com/rooms/2135766
2137111,NA,NA,2,NA,1,NA,4.71,14,https://www.airbnb.com/rooms/2137111
2137796,$150.00,Neighborhood highlights,5,1,2,4,4.92,158,https://www.airbnb.com/rooms/2137796
2141635,NA,NA,2,NA,2,NA,4,1,https://www.airbnb.com/rooms/2141635
2142092,NA,Neighborhood highlights,1,NA,1,NA,NA,0,https://www.airbnb.com/rooms/2142092
2145599,$81.00,Neighborhood highlights,2,1,1,4,4.71,237,https://www.airbnb.com/rooms/2145599
2149184,NA,NA,4,NA,2,NA,NA,0,https://www.airbnb.com/rooms/2149184
2150727,NA,NA,6,NA,3,NA,NA,0,https://www.airbnb.com/rooms/2150727
2151259,NA,NA,4,NA,NA,NA,NA,0,https://www.airbnb.com/rooms/2151259
2151479,$180.00,Neighborhood highlights,4,1,1,2,4.81,242,https://www.airbnb.com/rooms/2151479
2151558,$60.00,Neighborhood highlights,1,1,1,1,4.79,24,https://www.airbnb.com/rooms/2151558
2153153,$100.00,NA,1,1,1,1,4.87,55,https://www.airbnb.com/rooms/2153153
2154075,$106.00,Neighborhood highlights,2,1,1,1,4.84,331,https://www.airbnb.com/rooms/2154075
2155610,$55.00,Neighborhood highlights,1,1,1,1,5,2,https://www.airbnb.com/rooms/2155610
2158171,NA,Neighborhood highlights,2,NA,NA,NA,NA,0,https://www.airbnb.com/rooms/2158171
2164631,NA,NA,2,NA,NA,NA,NA,0,https://www.airbnb.com/rooms/2164631
2165107,NA,Neighborhood highlights,2,NA,1,NA,4.56,34,https://www.airbnb.com/rooms/2165107
2165933,$135.00,Neighborhood highlights,3,1,1,2,4,2,https://www.airbnb.com/rooms/2165933
2171821,$100.00,Neighborhood highlights,2,1,1,1,5,13,https://www.airbnb.com/rooms/2171821
2178294,NA,Neighborhood highlights,2,NA,2,NA,4.83,6,https://www.airbnb.com/rooms/2178294
2182899,NA,Neighborhood highlights,2,NA,1,NA,4.71,24,https://www.airbnb.com/rooms/2182899
2183423,$165.00,NA,6,1,2,5,4.54,237,https://www.airbnb.com/rooms/2183423
2183430,NA,Neighborhood highlights,2,NA,1,NA,NA,0,https://www.airbnb.com/rooms/2183430
2185842,NA,Neighborhood highlights,2,NA,1,NA,NA,0,https://www.airbnb.com/rooms/2185842
2186138,NA,NA,3,NA,1,NA,NA,0,https://www.airbnb.com/rooms/2186138
2186452,NA,NA,2,NA,1,NA,NA,0,https://www.airbnb.com/rooms/2186452
2193902,$240.00,Neighborhood highlights,2,1,1,1,4.65,48,https://www.airbnb.com/rooms/2193902
2194038,$300.00,Neighborhood highlights,4,1,2,2,4.82,39,https://www.airbnb.com/rooms/2194038
2194382,NA,Neighborhood highlights,4,NA,2,NA,5,2,https://www.airbnb.com/rooms/2194382
2201581,NA,Neighborhood highlights,3,NA,2,NA,5,10,https://www.airbnb.com/rooms/2201581
2202858,NA,Neighborhood highlights,3,NA,1,NA,5,4,https://www.airbnb.com/rooms/2202858
2203154,NA,NA,4,NA,1,NA,4,2,https://www.airbnb.com/rooms/2203154
2204672,NA,NA,2,NA,1,NA,NA,0,https://www.airbnb.com/rooms/2204672
2208545,NA,Neighborhood highlights,2,NA,1,NA,4.65,69,https://www.airbnb.com/rooms/2208545
2209835,$143.00,Neighborhood highlights,3,1,1,1,4.76,276,https://www.airbnb.com/rooms/2209835
2210663,NA,Neighborhood highlights,2,NA,1,NA,4.76,21,https://www.airbnb.com/rooms/2210663
2211028,NA,NA,4,NA,1,NA,NA,0,https://www.airbnb.com/rooms/2211028
2214689,NA,Neighborhood highlights,2,NA,NA,NA,5,13,https://www.airbnb.com/rooms/2214689
2214710,$159.00,Neighborhood highlights,4,1,1,1,5,1,https://www.airbnb.com/rooms/2214710
2215157,NA,NA,3,NA,1,NA,NA,0,https://www.airbnb.com/rooms/2215157
2216470,NA,NA,1,NA,1,NA,NA,0,https://www.airbnb.com/rooms/2216470
2219294,NA,NA,2,NA,NA,NA,NA,0,https://www.airbnb.com/rooms/2219294
2220959,NA,NA,2,NA,1,NA,NA,0,https://www.airbnb.com/rooms/2220959
2223247,NA,Neighborhood highlights,4,NA,1,NA,4.74,19,https://www.airbnb.com/rooms/2223247
2227377,NA,NA,4,NA,2,NA,NA,0,https://www.airbnb.com/rooms/2227377
2228296,NA,NA,2,NA,NA,NA,NA,0,https://www.airbnb.com/rooms/2228296
2228840,NA,Neighborhood highlights,3,NA,1,NA,4.91,11,https://www.airbnb.com/rooms/2228840
2231814,NA,NA,9,NA,3,NA,NA,0,https://www.airbnb.com/rooms/2231814
2238300,NA,Neighborhood highlights,2,NA,2,NA,4,1,https://www.airbnb.com/rooms/2238300
2238435,NA,NA,1,NA,1,NA,NA,0,https://www.airbnb.com/rooms/2238435
2240661,NA,NA,4,NA,1,NA,5,2,https://www.airbnb.com/rooms/2240661
2243266,NA,Neighborhood highlights,3,NA,1,NA,NA,0,https://www.airbnb.com/rooms/2243266
2243321,NA,Neighborhood highlights,2,NA,1,NA,4.12,26,https://www.airbnb.com/rooms/2243321
2243548,$215.00,Neighborhood highlights,2,1,1,1,4.85,34,https://www.airbnb.com/rooms/2243548
2243699,NA,Neighborhood highlights,16,NA,5,NA,NA,0,https://www.airbnb.com/rooms/2243699
2243769,NA,NA,6,NA,2,NA,NA,0,https://www.airbnb.com/rooms/2243769
2246112,NA,Neighborhood highlights,2,NA,1,NA,5,3,https://www.airbnb.com/rooms/2246112
2248580,NA,Neighborhood highlights,4,NA,1,NA,NA,0,https://www.airbnb.com/rooms/2248580
2249464,NA,Neighborhood highlights,2,NA,1,NA,4.75,140,https://www.airbnb.com/rooms/2249464
2249928,NA,NA,5,NA,3,NA,NA,0,https://www.airbnb.com/rooms/2249928
2250790,NA,Neighborhood highlights,1,NA,NA,NA,4.91,11,https://www.airbnb.com/rooms/2250790
2251009,NA,Neighborhood highlights,2,NA,NA,NA,5,1,https://www.airbnb.com/rooms/2251009
2254388,NA,NA,3,NA,1,NA,4.6,5,https://www.airbnb.com/rooms/2254388
2254817,$125.00,Neighborhood highlights,2,1,0,1,4.92,24,https://www.airbnb.com/rooms/2254817
2255549,$129.00,Neighborhood highlights,2,1,1,1,4.85,428,https://www.airbnb.com/rooms/2255549
2257064,NA,NA,2,NA,NA,NA,4.67,3,https://www.airbnb.com/rooms/2257064
2257080,NA,Neighborhood highlights,2,NA,1,NA,NA,0,https://www.airbnb.com/rooms/2257080
2259719,NA,Neighborhood highlights,2,NA,1,NA,NA,0,https://www.airbnb.com/rooms/2259719
2260029,NA,Neighborhood highlights,2,NA,NA,NA,NA,0,https://www.airbnb.com/rooms/2260029
2260042,NA,Neighborhood highlights,1,NA,NA,NA,NA,0,https://www.airbnb.com/rooms/2260042
2261018,NA,Neighborhood highlights,2,NA,NA,NA,4.47,15,https://www.airbnb.com/rooms/2261018
2261367,"$2,136.00",Neighborhood highlights,16,15.5,14,42,4.77,13,https://www.airbnb.com/rooms/2261367
2262868,NA,NA,3,NA,1,NA,5,1,https://www.airbnb.com/rooms/2262868
2267177,$118.00,Neighborhood highlights,2,1,1,2,4.63,320,https://www.airbnb.com/rooms/2267177
2271504,NA,NA,7,NA,3,NA,NA,0,https://www.airbnb.com/rooms/2271504
2271792,NA,NA,2,NA,1,NA,4.35,48,https://www.airbnb.com/rooms/2271792
2272739,NA,Neighborhood highlights,3,NA,1,NA,4.63,8,https://www.airbnb.com/rooms/2272739
2273733,NA,Neighborhood highlights,2,NA,1,NA,5,1,https://www.airbnb.com/rooms/2273733
2274084,NA,NA,3,NA,3,NA,NA,0,https://www.airbnb.com/rooms/2274084
2279335,NA,NA,2,NA,1,NA,4,3,https://www.airbnb.com/rooms/2279335
2281142,NA,Neighborhood highlights,4,NA,2,NA,NA,0,https://www.airbnb.com/rooms/2281142
2281147,$250.00,Neighborhood highlights,3,1,2,2,4.95,131,https://www.airbnb.com/rooms/2281147
2282085,NA,NA,6,NA,2,NA,NA,0,https://www.airbnb.com/rooms/2282085
2283143,NA,Neighborhood highlights,6,NA,4,NA,NA,0,https://www.airbnb.com/rooms/2283143
2284454,NA,Neighborhood highlights,8,NA,2,NA,NA,0,https://www.airbnb.com/rooms/2284454
2284484,NA,Neighborhood highlights,2,NA,1,NA,NA,0,https://www.airbnb.com/rooms/2284484
2284670,$75.00,NA,2,1,1,1,NA,0,https://www.airbnb.com/rooms/2284670
2291507,NA,NA,2,NA,1,NA,NA,0,https://www.airbnb.com/rooms/2291507
2291893,$150.00,Neighborhood highlights,2,1,1,1,4.94,50,https://www.airbnb.com/rooms/2291893
2292366,NA,Neighborhood highlights,2,NA,1,NA,4.81,21,https://www.airbnb.com/rooms/2292366
2294594,NA,NA,2,NA,1,NA,NA,0,https://www.airbnb.com/rooms/2294594
2294663,NA,NA,2,NA,1,NA,NA,0,https://www.airbnb.com/rooms/2294663
2296024,$260.00,NA,6,2.5,3,0,4.9,10,https://www.airbnb.com/rooms/2296024
2297029,NA,NA,4,NA,2,NA,4.83,6,https://www.airbnb.com/rooms/2297029
2298731,$175.00,Neighborhood highlights,2,1,0,1,4.77,78,https://www.airbnb.com/rooms/2298731
2298759,NA,NA,4,NA,NA,NA,NA,0,https://www.airbnb.com/rooms/2298759
2299633,NA,NA,4,NA,2,NA,NA,0,https://www.airbnb.com/rooms/2299633
2301258,$850.00,Neighborhood highlights,8,3,3,4,4.91,23,https://www.airbnb.com/rooms/2301258
2303152,$175.00,Neighborhood highlights,2,1,1,1,5,5,https://www.airbnb.com/rooms/2303152
2303583,NA,Neighborhood highlights,4,NA,2,NA,4.36,11,https://www.airbnb.com/rooms/2303583
2309363,NA,Neighborhood highlights,4,NA,2,NA,5,30,https://www.airbnb.com/rooms/2309363
2310008,NA,NA,1,NA,NA,NA,4.25,4,https://www.airbnb.com/rooms/2310008
2310594,NA,Neighborhood highlights,2,NA,2,NA,4.6,247,https://www.airbnb.com/rooms/2310594
2314392,$200.00,Neighborhood highlights,1,1,0,1,4.76,49,https://www.airbnb.com/rooms/2314392
2314553,$139.00,NA,3,1,0,1,4.6,10,https://www.airbnb.com/rooms/2314553
2329047,NA,NA,5,NA,2,NA,NA,0,https://www.airbnb.com/rooms/2329047
2333141,NA,NA,4,NA,1,NA,4.13,15,https://www.airbnb.com/rooms/2333141
2334411,$101.00,Neighborhood highlights,4,1,1,3,4.71,102,https://www.airbnb.com/rooms/2334411
2338082,$100.00,Neighborhood highlights,2,1,1,1,4.7,43,https://www.airbnb.com/rooms/2338082
2339096,$71.00,Neighborhood highlights,2,1,1,1,4.54,194,https://www.airbnb.com/rooms/2339096
2344869,NA,Neighborhood highlights,6,NA,1,NA,NA,0,https://www.airbnb.com/rooms/2344869
2345266,NA,Neighborhood highlights,1,NA,NA,NA,4.75,4,https://www.airbnb.com/rooms/2345266
2346106,NA,Neighborhood highlights,3,NA,1,NA,4.38,8,https://www.airbnb.com/rooms/2346106
2349737,$296.00,Neighborhood highlights,5,1.5,2,6,4.89,9,https://www.airbnb.com/rooms/2349737
2350883,NA,Neighborhood highlights,2,NA,NA,NA,NA,0,https://www.airbnb.com/rooms/2350883
2356082,NA,Neighborhood highlights,2,NA,2,NA,4.72,25,https://www.airbnb.com/rooms/2356082
2362306,NA,Neighborhood highlights,1,NA,NA,NA,4.75,8,https://www.airbnb.com/rooms/2362306
2365792,NA,Neighborhood highlights,2,NA,NA,NA,4.64,94,https://www.airbnb.com/rooms/2365792
2367089,NA,Neighborhood highlights,3,NA,1,NA,4.89,71,https://www.airbnb.com/rooms/2367089
2371632,$90.00,Neighborhood highlights,2,1,1,3,4.88,178,https://www.airbnb.com/rooms/2371632
2373238,$125.00,Neighborhood highlights,2,1,1,1,4.92,217,https://www.airbnb.com/rooms/2373238
2385779,NA,Neighborhood highlights,2,NA,2,NA,4.8,173,https://www.airbnb.com/rooms/2385779
2392814,NA,NA,2,NA,NA,NA,NA,0,https://www.airbnb.com/rooms/2392814
2400614,$195.00,Neighborhood highlights,2,1,1,1,4.89,47,https://www.airbnb.com/rooms/2400614
2404708,$250.00,Neighborhood highlights,3,1,1,2,4.68,22,https://www.airbnb.com/rooms/2404708
2405505,NA,Neighborhood highlights,4,NA,1,NA,5,12,https://www.airbnb.com/rooms/2405505
2410819,NA,NA,1,NA,NA,NA,4.8,10,https://www.airbnb.com/rooms/2410819
2415563,$89.00,Neighborhood highlights,3,1,1,2,4.73,68,https://www.airbnb.com/rooms/2415563
2425222,NA,Neighborhood highlights,2,NA,NA,NA,5,1,https://www.airbnb.com/rooms/2425222
2425871,NA,NA,2,NA,1,NA,NA,0,https://www.airbnb.com/rooms/2425871
2432545,NA,Neighborhood highlights,3,NA,1,NA,4.26,42,https://www.airbnb.com/rooms/2432545
2432622,$350.00,Neighborhood highlights,2,1,2,3,4.93,27,https://www.airbnb.com/rooms/2432622
2435198,$45.00,Neighborhood highlights,2,1.5,1,1,4.93,56,https://www.airbnb.com/rooms/2435198
2440173,NA,NA,4,NA,NA,NA,4,6,https://www.airbnb.com/rooms/2440173
2440357,$115.00,Neighborhood highlights,2,1,1,1,5,5,https://www.airbnb.com/rooms/2440357
2446361,$39.00,NA,1,NA,1,NA,NA,0,https://www.airbnb.com/rooms/2446361
2446430,$125.00,Neighborhood highlights,2,1,2,2,4.63,150,https://www.airbnb.com/rooms/2446430
2447868,NA,Neighborhood highlights,1,NA,1,NA,4.91,11,https://www.airbnb.com/rooms/2447868
2451647,$154.00,Neighborhood highlights,1,1,1,1,4.85,339,https://www.airbnb.com/rooms/2451647
2453730,$160.00,Neighborhood highlights,5,1,2,5,5,4,https://www.airbnb.com/rooms/2453730
2454507,NA,Neighborhood highlights,2,NA,1,NA,5,6,https://www.airbnb.com/rooms/2454507
2459587,NA,NA,4,NA,2,NA,NA,0,https://www.airbnb.com/rooms/2459587
2459916,NA,Neighborhood highlights,1,NA,NA,NA,NA,0,https://www.airbnb.com/rooms/2459916
2461439,$130.00,Neighborhood highlights,3,1,1,2,4.69,212,https://www.airbnb.com/rooms/2461439
2465259,NA,Neighborhood highlights,2,NA,NA,NA,4.8,40,https://www.airbnb.com/rooms/2465259
2465699,$92.00,Neighborhood highlights,1,1,1,1,4.86,29,https://www.airbnb.com/rooms/2465699
2467377,$105.00,Neighborhood highlights,1,1,1,1,4.94,34,https://www.airbnb.com/rooms/2467377
2467879,NA,NA,2,NA,NA,NA,NA,0,https://www.airbnb.com/rooms/2467879
2468186,$300.00,Neighborhood highlights,4,1,1,2,4.81,21,https://www.airbnb.com/rooms/2468186
2473861,$128.00,Neighborhood highlights,2,1,1,1,4.61,248,https://www.airbnb.com/rooms/2473861
2477138,NA,Neighborhood highlights,2,NA,1,NA,NA,0,https://www.airbnb.com/rooms/2477138
2484057,$131.00,NA,4,1,2,2,4.96,24,https://www.airbnb.com/rooms/2484057
2485774,$168.00,Neighborhood highlights,2,1,1,1,4.79,307,https://www.airbnb.com/rooms/2485774
2488022,$100.00,Neighborhood highlights,1,1,1,1,4.85,59,https://www.airbnb.com/rooms/2488022
2489615,NA,Neighborhood highlights,3,NA,1,NA,4.68,28,https://www.airbnb.com/rooms/2489615
2489920,NA,Neighborhood highlights,2,NA,NA,NA,4.52,21,https://www.airbnb.com/rooms/2489920
2493039,NA,NA,2,NA,NA,NA,4.83,30,https://www.airbnb.com/rooms/2493039
2493176,NA,Neighborhood highlights,2,NA,NA,NA,4.84,19,https://www.airbnb.com/rooms/2493176
2495596,NA,Neighborhood highlights,2,NA,1,NA,4,3,https://www.airbnb.com/rooms/2495596
2501809,NA,Neighborhood highlights,1,NA,2,NA,4.93,14,https://www.airbnb.com/rooms/2501809
2508374,$300.00,Neighborhood highlights,2,1,1,2,4.59,148,https://www.airbnb.com/rooms/2508374
2510394,$395.00,Neighborhood highlights,4,2,2,4,4.91,64,https://www.airbnb.com/rooms/2510394
2513351,NA,Neighborhood highlights,2,NA,NA,NA,4,1,https://www.airbnb.com/rooms/2513351
2516430,NA,Neighborhood highlights,2,NA,NA,NA,5,1,https://www.airbnb.com/rooms/2516430
2517989,NA,Neighborhood highlights,2,NA,1,NA,4.71,55,https://www.airbnb.com/rooms/2517989
2518907,NA,Neighborhood highlights,4,NA,1,NA,4,1,https://www.airbnb.com/rooms/2518907
2519770,NA,Neighborhood highlights,4,NA,2,NA,5,1,https://www.airbnb.com/rooms/2519770
2521670,NA,NA,2,NA,NA,NA,5,2,https://www.airbnb.com/rooms/2521670
2529085,NA,Neighborhood highlights,4,NA,1,NA,5,3,https://www.airbnb.com/rooms/2529085
2529842,NA,NA,4,NA,1,NA,NA,0,https://www.airbnb.com/rooms/2529842
2530057,NA,NA,2,NA,1,NA,NA,0,https://www.airbnb.com/rooms/2530057
2531865,NA,Neighborhood highlights,4,NA,NA,NA,4.72,29,https://www.airbnb.com/rooms/2531865
2532068,NA,NA,1,NA,1,NA,NA,0,https://www.airbnb.com/rooms/2532068
2538248,$149.00,Neighborhood highlights,4,1,0,2,4.52,183,https://www.airbnb.com/rooms/2538248
2540173,NA,Neighborhood highlights,10,NA,4,NA,4.9,21,https://www.airbnb.com/rooms/2540173
2551299,NA,Neighborhood highlights,2,NA,1,NA,5,4,https://www.airbnb.com/rooms/2551299
2552606,NA,Neighborhood highlights,2,NA,1,NA,4.63,8,https://www.airbnb.com/rooms/2552606
2554110,NA,NA,2,NA,NA,NA,4,2,https://www.airbnb.com/rooms/2554110
2563764,NA,Neighborhood highlights,1,NA,1,NA,NA,0,https://www.airbnb.com/rooms/2563764
2563997,$595.00,Neighborhood highlights,7,2.5,3,4,4.93,28,https://www.airbnb.com/rooms/2563997
2565087,NA,Neighborhood highlights,2,NA,NA,NA,4.73,11,https://www.airbnb.com/rooms/2565087
2569466,NA,Neighborhood highlights,2,NA,NA,NA,4.22,9,https://www.airbnb.com/rooms/2569466
2569808,$100.00,Neighborhood highlights,2,1,1,1,4.79,61,https://www.airbnb.com/rooms/2569808
2570561,NA,Neighborhood highlights,3,NA,NA,NA,4.5,2,https://www.airbnb.com/rooms/2570561
2571224,NA,NA,2,NA,1,NA,5,1,https://www.airbnb.com/rooms/2571224
2571283,NA,Neighborhood highlights,4,NA,2,NA,4.5,2,https://www.airbnb.com/rooms/2571283
2574386,$275.00,Neighborhood highlights,2,1,0,1,5,3,https://www.airbnb.com/rooms/2574386
2578731,$140.00,NA,4,1,2,2,4.71,14,https://www.airbnb.com/rooms/2578731
2582812,NA,Neighborhood highlights,2,NA,2,NA,4.84,44,https://www.airbnb.com/rooms/2582812
2584131,NA,Neighborhood highlights,2,NA,1,NA,NA,0,https://www.airbnb.com/rooms/2584131
2586556,$50.00,Neighborhood highlights,1,1,1,1,5,10,https://www.airbnb.com/rooms/2586556
2592533,NA,NA,2,NA,NA,NA,5,2,https://www.airbnb.com/rooms/2592533
2592640,NA,NA,2,NA,1,NA,5,1,https://www.airbnb.com/rooms/2592640
2593478,$75.00,Neighborhood highlights,1,1,1,1,4.94,16,https://www.airbnb.com/rooms/2593478
2598087,NA,Neighborhood highlights,2,NA,1,NA,5,2,https://www.airbnb.com/rooms/2598087
2599591,NA,NA,2,NA,1,NA,NA,0,https://www.airbnb.com/rooms/2599591
2599963,NA,Neighborhood highlights,3,NA,NA,NA,4.64,14,https://www.airbnb.com/rooms/2599963
2606370,$430.00,Neighborhood highlights,7,2.5,3,4,5,6,https://www.airbnb.com/rooms/2606370
2607583,$100.00,Neighborhood highlights,2,1,1,1,4.67,12,https://www.airbnb.com/rooms/2607583
2607741,$116.00,Neighborhood highlights,2,1,1,1,5,3,https://www.airbnb.com/rooms/2607741
2612035,NA,Neighborhood highlights,4,NA,2,NA,NA,0,https://www.airbnb.com/rooms/2612035
2619549,$150.00,Neighborhood highlights,2,1,2,2,4.75,8,https://www.airbnb.com/rooms/2619549
2619802,$140.00,Neighborhood highlights,2,1,1,1,4.6,10,https://www.airbnb.com/rooms/2619802
2620068,$116.00,Neighborhood highlights,2,1,1,1,4.5,8,https://www.airbnb.com/rooms/2620068
2620837,NA,Neighborhood highlights,1,NA,1,NA,4.71,17,https://www.airbnb.com/rooms/2620837
2620856,NA,Neighborhood highlights,1,NA,1,NA,5,4,https://www.airbnb.com/rooms/2620856
2626457,$96.00,Neighborhood highlights,2,1,1,1,4.74,373,https://www.airbnb.com/rooms/2626457
2627940,NA,NA,2,NA,1,NA,4.83,12,https://www.airbnb.com/rooms/2627940
2629613,$210.00,Neighborhood highlights,2,1,1,1,4.9,215,https://www.airbnb.com/rooms/2629613
2635078,$250.00,Neighborhood highlights,2,2,2,2,4.86,35,https://www.airbnb.com/rooms/2635078
2636396,NA,NA,2,NA,NA,NA,4,5,https://www.airbnb.com/rooms/2636396
2636532,$145.00,Neighborhood highlights,2,1,2,2,4.38,8,https://www.airbnb.com/rooms/2636532
2637533,$264.00,Neighborhood highlights,2,1,1,1,4.89,56,https://www.airbnb.com/rooms/2637533
2641540,NA,Neighborhood highlights,3,NA,1,NA,4.7,73,https://www.airbnb.com/rooms/2641540
2645558,$250.00,NA,2,1,1,1,4.63,48,https://www.airbnb.com/rooms/2645558
2649068,NA,Neighborhood highlights,2,NA,NA,NA,4.8,51,https://www.airbnb.com/rooms/2649068
2653186,NA,Neighborhood highlights,3,NA,1,NA,4.69,13,https://www.airbnb.com/rooms/2653186
2653544,NA,Neighborhood highlights,4,NA,NA,NA,4.73,11,https://www.airbnb.com/rooms/2653544
2657689,NA,Neighborhood highlights,2,NA,NA,NA,NA,0,https://www.airbnb.com/rooms/2657689
2658349,NA,Neighborhood highlights,1,NA,NA,NA,5,1,https://www.airbnb.com/rooms/2658349
2659448,$105.00,Neighborhood highlights,2,1,1,2,4.51,61,https://www.airbnb.com/rooms/2659448
2659477,NA,NA,3,NA,1,NA,4,2,https://www.airbnb.com/rooms/2659477
2659732,$58.00,NA,1,1,1,1,4.47,17,https://www.airbnb.com/rooms/2659732
2660576,NA,Neighborhood highlights,1,NA,NA,NA,4.57,7,https://www.airbnb.com/rooms/2660576
2663296,NA,Neighborhood highlights,2,NA,1,NA,5,6,https://www.airbnb.com/rooms/2663296
2669352,$210.00,NA,2,1,3,1,4.87,53,https://www.airbnb.com/rooms/2669352
2670522,NA,Neighborhood highlights,1,NA,1,NA,4.61,44,https://www.airbnb.com/rooms/2670522
2677779,$50.00,Neighborhood highlights,1,1,1,1,4.7,70,https://www.airbnb.com/rooms/2677779
2678075,$150.00,NA,4,1,2,2,4.93,30,https://www.airbnb.com/rooms/2678075
2683387,$175.00,Neighborhood highlights,2,1,1,1,4.84,89,https://www.airbnb.com/rooms/2683387
2683758,NA,Neighborhood highlights,2,NA,NA,NA,4.86,162,https://www.airbnb.com/rooms/2683758
2684223,$75.00,Neighborhood highlights,1,1,1,1,4.83,80,https://www.airbnb.com/rooms/2684223
2685701,NA,Neighborhood highlights,4,NA,2,NA,5,1,https://www.airbnb.com/rooms/2685701
2686412,$78.00,Neighborhood highlights,1,1,1,1,4.81,106,https://www.airbnb.com/rooms/2686412
2687083,NA,NA,2,NA,1,NA,NA,0,https://www.airbnb.com/rooms/2687083
2687375,NA,NA,4,NA,NA,NA,4.17,6,https://www.airbnb.com/rooms/2687375
2690370,NA,Neighborhood highlights,4,NA,2,NA,5,1,https://www.airbnb.com/rooms/2690370
2695372,NA,Neighborhood highlights,2,NA,NA,NA,NA,0,https://www.airbnb.com/rooms/2695372
2700296,$110.00,Neighborhood highlights,2,1,1,1,4.77,140,https://www.airbnb.com/rooms/2700296
2700596,$77.00,Neighborhood highlights,1,1,1,1,4.86,159,https://www.airbnb.com/rooms/2700596
2702351,NA,Neighborhood highlights,4,NA,1,NA,4.74,27,https://www.airbnb.com/rooms/2702351
2713887,NA,NA,4,NA,1,NA,4.5,4,https://www.airbnb.com/rooms/2713887
2716009,NA,Neighborhood highlights,5,NA,2,NA,4.91,34,https://www.airbnb.com/rooms/2716009
2719640,NA,Neighborhood highlights,2,NA,1,NA,4.77,43,https://www.airbnb.com/rooms/2719640
2722693,NA,NA,2,NA,1,NA,5,1,https://www.airbnb.com/rooms/2722693
2723019,$125.00,Neighborhood highlights,2,1,1,1,4.92,12,https://www.airbnb.com/rooms/2723019
2723338,NA,Neighborhood highlights,2,NA,NA,NA,5,2,https://www.airbnb.com/rooms/2723338
2723554,NA,NA,1,NA,NA,NA,NA,0,https://www.airbnb.com/rooms/2723554
2728293,NA,NA,2,NA,NA,NA,NA,0,https://www.airbnb.com/rooms/2728293
2735650,NA,Neighborhood highlights,2,NA,1,NA,4.58,19,https://www.airbnb.com/rooms/2735650
2738377,NA,Neighborhood highlights,6,NA,5,NA,4.67,6,https://www.airbnb.com/rooms/2738377
2739577,NA,NA,2,NA,1,NA,4,1,https://www.airbnb.com/rooms/2739577
2739707,NA,Neighborhood highlights,1,NA,NA,NA,5,2,https://www.airbnb.com/rooms/2739707
2739978,NA,NA,3,NA,1,NA,5,8,https://www.airbnb.com/rooms/2739978
2743624,NA,Neighborhood highlights,4,NA,1,NA,5,3,https://www.airbnb.com/rooms/2743624
2748094,$253.00,Neighborhood highlights,3,1,0,1,4.75,84,https://www.airbnb.com/rooms/2748094
2752977,NA,NA,6,NA,4,NA,4.92,12,https://www.airbnb.com/rooms/2752977
2754179,$116.00,Neighborhood highlights,2,1,1,1,4.62,13,https://www.airbnb.com/rooms/2754179
2763675,$531.00,Neighborhood highlights,2,1,1,1,4.64,33,https://www.airbnb.com/rooms/2763675
2769718,NA,Neighborhood highlights,5,NA,2,NA,4,1,https://www.airbnb.com/rooms/2769718
2771877,NA,Neighborhood highlights,2,NA,1,NA,NA,0,https://www.airbnb.com/rooms/2771877
2772111,$60.00,Neighborhood highlights,1,1,1,1,4.69,13,https://www.airbnb.com/rooms/2772111
2773754,NA,Neighborhood highlights,2,NA,1,NA,5,7,https://www.airbnb.com/rooms/2773754
2776119,NA,Neighborhood highlights,1,NA,NA,NA,4.67,3,https://www.airbnb.com/rooms/2776119
2781747,$320.00,Neighborhood highlights,2,1,2,2,4.84,94,https://www.airbnb.com/rooms/2781747
2782449,NA,Neighborhood highlights,2,NA,1,NA,NA,0,https://www.airbnb.com/rooms/2782449
2783468,NA,NA,4,NA,2,NA,5,1,https://www.airbnb.com/rooms/2783468
2784311,$150.00,NA,2,1,1,1,4.88,8,https://www.airbnb.com/rooms/2784311
2786015,$141.00,Neighborhood highlights,3,1,1,2,4.66,116,https://www.airbnb.com/rooms/2786015
2788298,NA,NA,2,NA,1,NA,5,1,https://www.airbnb.com/rooms/2788298
2793355,NA,Neighborhood highlights,2,NA,1,NA,NA,0,https://www.airbnb.com/rooms/2793355
2793740,NA,NA,2,NA,1,NA,NA,0,https://www.airbnb.com/rooms/2793740
2793834,$195.00,Neighborhood highlights,2,1,1,2,4.83,29,https://www.airbnb.com/rooms/2793834
2794584,$103.00,Neighborhood highlights,2,1,1,2,5,1,https://www.airbnb.com/rooms/2794584
2794725,NA,Neighborhood highlights,3,NA,2,NA,4,1,https://www.airbnb.com/rooms/2794725
2794734,NA,Neighborhood highlights,2,NA,1,NA,4.5,2,https://www.airbnb.com/rooms/2794734
2794762,$83.00,Neighborhood highlights,2,1,0,3,5,9,https://www.airbnb.com/rooms/2794762
2799018,NA,Neighborhood highlights,3,NA,2,NA,5,6,https://www.airbnb.com/rooms/2799018
2799360,NA,NA,2,NA,1,NA,5,2,https://www.airbnb.com/rooms/2799360
2803013,NA,NA,2,NA,NA,NA,NA,0,https://www.airbnb.com/rooms/2803013
2804557,NA,Neighborhood highlights,1,NA,1,NA,5,1,https://www.airbnb.com/rooms/2804557
2806791,NA,Neighborhood highlights,2,NA,NA,NA,4.67,274,https://www.airbnb.com/rooms/2806791
2814359,NA,NA,3,NA,1,NA,NA,0,https://www.airbnb.com/rooms/2814359
2817967,$105.00,Neighborhood highlights,2,1,1,1,4.17,12,https://www.airbnb.com/rooms/2817967
2821079,NA,NA,2,NA,1,NA,5,1,https://www.airbnb.com/rooms/2821079
2830518,$65.00,Neighborhood highlights,2,1,1,1,4.87,30,https://www.airbnb.com/rooms/2830518
2831424,NA,NA,2,NA,NA,NA,4.81,16,https://www.airbnb.com/rooms/2831424
2835711,$105.00,Neighborhood highlights,3,1,1,2,4.46,56,https://www.airbnb.com/rooms/2835711
2847633,NA,Neighborhood highlights,2,NA,NA,NA,4.16,32,https://www.airbnb.com/rooms/2847633
2847652,$40.00,Neighborhood highlights,1,1,1,1,4.62,209,https://www.airbnb.com/rooms/2847652
2847932,$400.00,Neighborhood highlights,7,2,3,4,5,4,https://www.airbnb.com/rooms/2847932
2851945,NA,Neighborhood highlights,5,NA,2,NA,NA,0,https://www.airbnb.com/rooms/2851945
2854050,NA,Neighborhood highlights,1,NA,NA,NA,NA,0,https://www.airbnb.com/rooms/2854050
2856770,$395.00,NA,6,2,3,4,4.56,98,https://www.airbnb.com/rooms/2856770
2863408,$105.00,Neighborhood highlights,2,1,1,1,4.75,8,https://www.airbnb.com/rooms/2863408
2863589,NA,Neighborhood highlights,2,NA,NA,NA,4.77,26,https://www.airbnb.com/rooms/2863589
2864637,NA,Neighborhood highlights,1,NA,NA,NA,5,2,https://www.airbnb.com/rooms/2864637
2865117,$240.00,Neighborhood highlights,3,1,2,2,4.9,10,https://www.airbnb.com/rooms/2865117
2870840,$69.00,NA,1,1,1,1,4.86,120,https://www.airbnb.com/rooms/2870840
2872353,$112.00,Neighborhood highlights,2,1,1,1,4.83,12,https://www.airbnb.com/rooms/2872353
2876032,$33.00,Neighborhood highlights,1,1,1,1,4.59,44,https://www.airbnb.com/rooms/2876032
2876055,NA,NA,2,NA,NA,NA,4.88,68,https://www.airbnb.com/rooms/2876055
2880336,NA,Neighborhood highlights,2,NA,1,NA,4.58,24,https://www.airbnb.com/rooms/2880336
2883054,$109.00,Neighborhood highlights,4,1,2,2,4.7,254,https://www.airbnb.com/rooms/2883054
2888088,$125.00,Neighborhood highlights,2,1,0,2,4.92,264,https://www.airbnb.com/rooms/2888088
2889377,$48.00,Neighborhood highlights,1,1,1,1,4.84,57,https://www.airbnb.com/rooms/2889377
2897714,NA,Neighborhood highlights,2,NA,1,NA,NA,0,https://www.airbnb.com/rooms/2897714
2904571,NA,NA,4,NA,2,NA,5,2,https://www.airbnb.com/rooms/2904571
2908211,NA,Neighborhood highlights,2,NA,2,NA,4.88,112,https://www.airbnb.com/rooms/2908211
2908417,NA,Neighborhood highlights,2,NA,2,NA,5,9,https://www.airbnb.com/rooms/2908417
2909006,NA,NA,2,NA,NA,NA,NA,0,https://www.airbnb.com/rooms/2909006
2909117,$65.00,Neighborhood highlights,2,1,1,1,4.56,25,https://www.airbnb.com/rooms/2909117
2909461,NA,Neighborhood highlights,5,NA,1,NA,4.11,9,https://www.airbnb.com/rooms/2909461
2918764,NA,Neighborhood highlights,1,NA,NA,NA,4.78,9,https://www.airbnb.com/rooms/2918764
2919062,NA,NA,3,NA,1,NA,5,2,https://www.airbnb.com/rooms/2919062
2922197,$75.00,NA,1,1,1,1,4.81,162,https://www.airbnb.com/rooms/2922197
2926030,NA,Neighborhood highlights,2,NA,NA,NA,4.9,10,https://www.airbnb.com/rooms/2926030
2936054,$80.00,Neighborhood highlights,4,1,1,1,4.84,45,https://www.airbnb.com/rooms/2936054
2939670,$60.00,Neighborhood highlights,2,1,1,1,4.7,88,https://www.airbnb.com/rooms/2939670
2940007,$165.00,Neighborhood highlights,2,1,1,4,4.56,16,https://www.airbnb.com/rooms/2940007
2940163,NA,NA,1,NA,NA,NA,4.75,63,https://www.airbnb.com/rooms/2940163
2941297,NA,Neighborhood highlights,3,NA,1,NA,5,5,https://www.airbnb.com/rooms/2941297
2942129,NA,Neighborhood highlights,2,NA,NA,NA,4.51,145,https://www.airbnb.com/rooms/2942129
2942732,NA,Neighborhood highlights,2,NA,1,NA,5,8,https://www.airbnb.com/rooms/2942732
2947668,$42.00,NA,1,1,1,2,4.9,10,https://www.airbnb.com/rooms/2947668
2949128,$219.00,Neighborhood highlights,2,1,1,2,4.84,243,https://www.airbnb.com/rooms/2949128
2958912,NA,Neighborhood highlights,1,NA,1,NA,NA,0,https://www.airbnb.com/rooms/2958912
2965008,$495.00,Neighborhood highlights,4,1.5,2,3,4.68,19,https://www.airbnb.com/rooms/2965008
2968070,$112.00,Neighborhood highlights,2,1,1,2,4.75,647,https://www.airbnb.com/rooms/2968070
2974433,NA,Neighborhood highlights,3,NA,2,NA,4.5,2,https://www.airbnb.com/rooms/2974433
2974479,NA,Neighborhood highlights,4,NA,2,NA,4.91,11,https://www.airbnb.com/rooms/2974479
2974877,NA,NA,4,NA,2,NA,5,13,https://www.airbnb.com/rooms/2974877
2974957,NA,NA,4,NA,2,NA,4.5,2,https://www.airbnb.com/rooms/2974957
2976105,$100.00,Neighborhood highlights,1,1,1,1,4.5,2,https://www.airbnb.com/rooms/2976105
2978421,NA,NA,2,NA,1,NA,4.45,11,https://www.airbnb.com/rooms/2978421
2979097,$117.00,Neighborhood highlights,2,1,1,2,4.5,8,https://www.airbnb.com/rooms/2979097
2979714,$104.00,Neighborhood highlights,1,1,1,1,4.85,150,https://www.airbnb.com/rooms/2979714
2984662,NA,Neighborhood highlights,2,NA,1,NA,4.9,10,https://www.airbnb.com/rooms/2984662
2987465,$116.00,Neighborhood highlights,2,1,1,1,4.77,13,https://www.airbnb.com/rooms/2987465
2995000,$225.00,Neighborhood highlights,2,1,1,1,4.81,293,https://www.airbnb.com/rooms/2995000
2995209,$116.00,Neighborhood highlights,2,1,1,2,4,5,https://www.airbnb.com/rooms/2995209
2995701,$295.00,Neighborhood highlights,5,1,2,3,4.79,506,https://www.airbnb.com/rooms/2995701
2999527,NA,NA,4,NA,1,NA,5,2,https://www.airbnb.com/rooms/2999527
3012871,$270.00,Neighborhood highlights,2,1,1,1,4.93,40,https://www.airbnb.com/rooms/3012871
3018031,NA,Neighborhood highlights,2,NA,NA,NA,NA,0,https://www.airbnb.com/rooms/3018031
3018285,NA,NA,2,NA,1,NA,4.88,8,https://www.airbnb.com/rooms/3018285
3040654,NA,Neighborhood highlights,1,NA,NA,NA,4.93,14,https://www.airbnb.com/rooms/3040654
3041280,NA,Neighborhood highlights,2,NA,NA,NA,4,1,https://www.airbnb.com/rooms/3041280
3043467,$100.00,NA,1,1,1,1,4.88,26,https://www.airbnb.com/rooms/3043467
3052426,$130.00,Neighborhood highlights,2,1,1,1,4.91,11,https://www.airbnb.com/rooms/3052426
3056451,NA,Neighborhood highlights,2,NA,1,NA,5,5,https://www.airbnb.com/rooms/3056451
3059273,NA,NA,2,NA,NA,NA,4.59,17,https://www.airbnb.com/rooms/3059273
3060297,$123.00,Neighborhood highlights,2,1,0,1,4.43,23,https://www.airbnb.com/rooms/3060297
3060651,NA,NA,2,NA,NA,NA,5,3,https://www.airbnb.com/rooms/3060651
3067062,NA,Neighborhood highlights,1,NA,7,NA,4.42,12,https://www.airbnb.com/rooms/3067062
3067093,NA,Neighborhood highlights,2,NA,NA,NA,5,12,https://www.airbnb.com/rooms/3067093
3067244,$110.00,Neighborhood highlights,3,1,0,1,4.68,53,https://www.airbnb.com/rooms/3067244
3068145,$100.00,Neighborhood highlights,2,1,1,1,4.48,23,https://www.airbnb.com/rooms/3068145
3068852,$118.00,Neighborhood highlights,2,1,1,1,4.74,19,https://www.airbnb.com/rooms/3068852
3072242,NA,NA,2,NA,1,NA,4.3,10,https://www.airbnb.com/rooms/3072242
3073195,NA,Neighborhood highlights,1,NA,NA,NA,5,6,https://www.airbnb.com/rooms/3073195
3081771,$120.00,Neighborhood highlights,6,1,1,3,4.75,287,https://www.airbnb.com/rooms/3081771
3083197,"$1,400.00",Neighborhood highlights,8,3.5,4,5,4.96,118,https://www.airbnb.com/rooms/3083197
3083899,NA,Neighborhood highlights,2,NA,NA,NA,5,1,https://www.airbnb.com/rooms/3083899
3084473,NA,NA,4,NA,1,NA,4.6,5,https://www.airbnb.com/rooms/3084473
3089577,NA,Neighborhood highlights,6,NA,2,NA,4.75,4,https://www.airbnb.com/rooms/3089577
3090922,NA,Neighborhood highlights,1,NA,1,NA,4.85,74,https://www.airbnb.com/rooms/3090922
3091425,$100.00,Neighborhood highlights,2,1,1,1,5,5,https://www.airbnb.com/rooms/3091425
3091872,NA,Neighborhood highlights,2,NA,1,NA,5,1,https://www.airbnb.com/rooms/3091872
3103596,$48.00,Neighborhood highlights,1,1,1,1,5,2,https://www.airbnb.com/rooms/3103596
3105531,NA,NA,4,NA,2,NA,NA,0,https://www.airbnb.com/rooms/3105531
3105986,NA,Neighborhood highlights,3,NA,1,NA,5,4,https://www.airbnb.com/rooms/3105986
3111416,$126.00,NA,2,1,1,1,4.27,26,https://www.airbnb.com/rooms/3111416
3112284,$59.00,Neighborhood highlights,2,1,1,1,4.77,35,https://www.airbnb.com/rooms/3112284
3112872,NA,NA,2,NA,NA,NA,5,7,https://www.airbnb.com/rooms/3112872
3113083,$500.00,Neighborhood highlights,6,2,3,3,4.5,4,https://www.airbnb.com/rooms/3113083
3114929,NA,NA,4,NA,2,NA,5,1,https://www.airbnb.com/rooms/3114929
3120723,NA,NA,2,NA,NA,NA,4,6,https://www.airbnb.com/rooms/3120723
3120957,NA,Neighborhood highlights,2,NA,NA,NA,5,8,https://www.airbnb.com/rooms/3120957
3121176,NA,NA,2,NA,1,NA,5,3,https://www.airbnb.com/rooms/3121176
3122230,NA,NA,1,NA,1,NA,NA,0,https://www.airbnb.com/rooms/3122230
3123479,$180.00,Neighborhood highlights,6,1,2,3,4.95,37,https://www.airbnb.com/rooms/3123479
3137906,$76.00,Neighborhood highlights,2,1,1,1,4.71,76,https://www.airbnb.com/rooms/3137906
3143649,NA,NA,1,NA,NA,NA,NA,0,https://www.airbnb.com/rooms/3143649
3145484,$700.00,Neighborhood highlights,4,1.5,0,1,4.83,29,https://www.airbnb.com/rooms/3145484
3147439,NA,Neighborhood highlights,2,NA,NA,NA,4.5,2,https://www.airbnb.com/rooms/3147439
3153464,$105.00,Neighborhood highlights,2,1,1,1,4.82,11,https://www.airbnb.com/rooms/3153464
3156969,$179.00,Neighborhood highlights,4,1,1,2,4.94,346,https://www.airbnb.com/rooms/3156969
3157330,NA,Neighborhood highlights,4,NA,2,NA,NA,0,https://www.airbnb.com/rooms/3157330
3161739,$82.00,Neighborhood highlights,2,1,1,1,4.66,73,https://www.airbnb.com/rooms/3161739
3167768,NA,Neighborhood highlights,6,NA,3,NA,4.98,45,https://www.airbnb.com/rooms/3167768
3168120,NA,Neighborhood highlights,2,NA,1,NA,5,1,https://www.airbnb.com/rooms/3168120
3171234,NA,Neighborhood highlights,8,NA,3,NA,NA,0,https://www.airbnb.com/rooms/3171234
3171480,NA,Neighborhood highlights,3,NA,1,NA,5,3,https://www.airbnb.com/rooms/3171480
3181376,NA,Neighborhood highlights,3,NA,1,NA,5,1,https://www.airbnb.com/rooms/3181376
3187925,$235.00,Neighborhood highlights,4,2,1,2,4.82,45,https://www.airbnb.com/rooms/3187925
3191450,NA,NA,2,NA,NA,NA,4.5,2,https://www.airbnb.com/rooms/3191450
3198018,NA,Neighborhood highlights,3,NA,1,NA,4.85,176,https://www.airbnb.com/rooms/3198018
3198365,$170.00,Neighborhood highlights,2,1,1,1,4.62,215,https://www.airbnb.com/rooms/3198365
3198709,$189.00,Neighborhood highlights,3,1,1,3,4.44,96,https://www.airbnb.com/rooms/3198709
3200522,NA,Neighborhood highlights,9,NA,3,NA,4.75,267,https://www.airbnb.com/rooms/3200522
3200728,NA,Neighborhood highlights,2,NA,NA,NA,4.55,11,https://www.airbnb.com/rooms/3200728
3202590,$220.00,Neighborhood highlights,3,1,3,3,4.7,103,https://www.airbnb.com/rooms/3202590
3206224,$150.00,Neighborhood highlights,2,2,1,3,4.46,275,https://www.airbnb.com/rooms/3206224
3206379,NA,Neighborhood highlights,4,NA,1,NA,4.46,13,https://www.airbnb.com/rooms/3206379
3207986,$125.00,Neighborhood highlights,2,1,1,1,4.96,142,https://www.airbnb.com/rooms/3207986
3208609,NA,Neighborhood highlights,2,NA,NA,NA,NA,0,https://www.airbnb.com/rooms/3208609
3213712,NA,NA,2,NA,1,NA,4.67,3,https://www.airbnb.com/rooms/3213712
3215486,NA,Neighborhood highlights,2,NA,2,NA,4.44,9,https://www.airbnb.com/rooms/3215486
3215722,NA,NA,1,NA,NA,NA,NA,0,https://www.airbnb.com/rooms/3215722
3215791,$500.00,Neighborhood highlights,2,2,4,4,4.53,17,https://www.airbnb.com/rooms/3215791
3219654,NA,Neighborhood highlights,5,NA,2,NA,4.75,12,https://www.airbnb.com/rooms/3219654
3219835,NA,Neighborhood highlights,5,NA,4,NA,NA,0,https://www.airbnb.com/rooms/3219835
3220725,NA,NA,2,NA,1,NA,NA,0,https://www.airbnb.com/rooms/3220725
3224913,NA,Neighborhood highlights,3,NA,1,NA,4.28,195,https://www.airbnb.com/rooms/3224913
3225975,NA,Neighborhood highlights,6,NA,3,NA,4.85,39,https://www.airbnb.com/rooms/3225975
3227002,NA,NA,4,NA,3,NA,4.5,2,https://www.airbnb.com/rooms/3227002
3236977,$425.00,Neighborhood highlights,4,2,2,2,4.83,6,https://www.airbnb.com/rooms/3236977
3237160,NA,NA,2,NA,NA,NA,4.5,2,https://www.airbnb.com/rooms/3237160
3237602,NA,NA,6,NA,3,NA,NA,0,https://www.airbnb.com/rooms/3237602
3238517,$115.00,Neighborhood highlights,4,1,1,3,4.67,43,https://www.airbnb.com/rooms/3238517
3241287,NA,Neighborhood highlights,2,NA,NA,NA,4.69,13,https://www.airbnb.com/rooms/3241287
3247291,$118.00,Neighborhood highlights,2,1.5,1,1,4.98,239,https://www.airbnb.com/rooms/3247291
3248526,NA,Neighborhood highlights,3,NA,2,NA,4.83,12,https://www.airbnb.com/rooms/3248526
3249078,NA,Neighborhood highlights,2,NA,1,NA,NA,0,https://www.airbnb.com/rooms/3249078
3250685,NA,Neighborhood highlights,2,NA,NA,NA,4.8,5,https://www.airbnb.com/rooms/3250685
3251014,NA,Neighborhood highlights,2,NA,1,NA,4.6,5,https://www.airbnb.com/rooms/3251014
3258196,$399.00,Neighborhood highlights,4,1,2,2,4.66,120,https://www.airbnb.com/rooms/3258196
3262855,NA,Neighborhood highlights,2,NA,1,NA,4.6,5,https://www.airbnb.com/rooms/3262855
3265275,NA,Neighborhood highlights,5,NA,2,NA,NA,0,https://www.airbnb.com/rooms/3265275
3265407,NA,Neighborhood highlights,1,NA,NA,NA,4.75,12,https://www.airbnb.com/rooms/3265407
3265982,NA,Neighborhood highlights,2,NA,1,NA,4.59,29,https://www.airbnb.com/rooms/3265982
3271893,$300.00,NA,5,2.5,3,3,4.91,34,https://www.airbnb.com/rooms/3271893
3272201,$280.00,Neighborhood highlights,2,1,1,1,4.57,14,https://www.airbnb.com/rooms/3272201
3272721,NA,NA,3,NA,1,NA,4.75,4,https://www.airbnb.com/rooms/3272721
3272743,NA,Neighborhood highlights,2,NA,1,NA,5,3,https://www.airbnb.com/rooms/3272743
3278530,NA,Neighborhood highlights,2,NA,NA,NA,5,6,https://www.airbnb.com/rooms/3278530
3278631,NA,NA,2,NA,NA,NA,4.5,2,https://www.airbnb.com/rooms/3278631
3279671,$163.00,Neighborhood highlights,2,1,1,1,4.64,206,https://www.airbnb.com/rooms/3279671
3282550,NA,Neighborhood highlights,2,NA,NA,NA,4.75,12,https://www.airbnb.com/rooms/3282550
3283409,$195.00,Neighborhood highlights,2,1,1,1,4.97,193,https://www.airbnb.com/rooms/3283409
3283729,NA,NA,2,NA,NA,NA,4.86,7,https://www.airbnb.com/rooms/3283729
3288496,NA,NA,2,NA,1,NA,4.74,19,https://www.airbnb.com/rooms/3288496
3293842,NA,NA,2,NA,1,NA,4.5,12,https://www.airbnb.com/rooms/3293842
3297016,$160.00,Neighborhood highlights,2,1,1,1,4.81,53,https://www.airbnb.com/rooms/3297016
3301484,$135.00,Neighborhood highlights,2,1,1,1,NA,0,https://www.airbnb.com/rooms/3301484
3303165,$100.00,Neighborhood highlights,2,1,1,1,4.56,241,https://www.airbnb.com/rooms/3303165
3304307,NA,NA,2,NA,NA,NA,4.7,84,https://www.airbnb.com/rooms/3304307
3309982,$240.00,Neighborhood highlights,6,1,3,3,4.76,80,https://www.airbnb.com/rooms/3309982
3311834,$81.00,NA,4,1,2,3,4.24,79,https://www.airbnb.com/rooms/3311834
3312276,$125.00,Neighborhood highlights,2,1,0,1,4.55,182,https://www.airbnb.com/rooms/3312276
3315933,NA,Neighborhood highlights,4,NA,2,NA,5,4,https://www.airbnb.com/rooms/3315933
3317978,NA,Neighborhood highlights,2,NA,1,NA,4,2,https://www.airbnb.com/rooms/3317978
3322922,NA,Neighborhood highlights,3,NA,1,NA,4.78,9,https://www.airbnb.com/rooms/3322922
3323189,$735.00,Neighborhood highlights,6,2,3,4,4.81,149,https://www.airbnb.com/rooms/3323189
3332881,NA,NA,2,NA,1,NA,5,1,https://www.airbnb.com/rooms/3332881
3337808,NA,NA,6,NA,3,NA,NA,0,https://www.airbnb.com/rooms/3337808
3339399,$200.00,Neighborhood highlights,3,1,1,1,4.73,22,https://www.airbnb.com/rooms/3339399
3344237,$149.00,Neighborhood highlights,2,1,1,1,4.88,138,https://www.airbnb.com/rooms/3344237
3344509,NA,Neighborhood highlights,2,NA,1,NA,5,1,https://www.airbnb.com/rooms/3344509
3350417,NA,Neighborhood highlights,2,NA,NA,NA,4.39,36,https://www.airbnb.com/rooms/3350417
3352030,NA,NA,2,NA,1,NA,4.5,4,https://www.airbnb.com/rooms/3352030
3352608,$255.00,Neighborhood highlights,6,2,3,4,4.7,10,https://www.airbnb.com/rooms/3352608
3354458,NA,Neighborhood highlights,3,NA,NA,NA,4.75,44,https://www.airbnb.com/rooms/3354458
3354459,NA,Neighborhood highlights,4,NA,3,NA,5,7,https://www.airbnb.com/rooms/3354459
3354484,NA,Neighborhood highlights,2,NA,1,NA,4.29,7,https://www.airbnb.com/rooms/3354484
3358937,NA,NA,4,NA,2,NA,4.8,10,https://www.airbnb.com/rooms/3358937
3359510,$135.00,NA,4,1,0,2,4.95,21,https://www.airbnb.com/rooms/3359510
3360707,$45.00,Neighborhood highlights,1,1,1,1,4.55,200,https://www.airbnb.com/rooms/3360707
3362302,NA,Neighborhood highlights,2,NA,NA,NA,4.5,4,https://www.airbnb.com/rooms/3362302
3363364,NA,Neighborhood highlights,2,NA,NA,NA,NA,0,https://www.airbnb.com/rooms/3363364
3364802,$200.00,Neighborhood highlights,2,1,1,2,5,3,https://www.airbnb.com/rooms/3364802
3368427,NA,NA,2,NA,NA,NA,NA,0,https://www.airbnb.com/rooms/3368427
3368441,NA,Neighborhood highlights,4,NA,3,NA,4.81,36,https://www.airbnb.com/rooms/3368441
3369100,$200.00,NA,2,1,1,1,4.95,371,https://www.airbnb.com/rooms/3369100
3369623,NA,Neighborhood highlights,4,NA,1,NA,4.66,32,https://www.airbnb.com/rooms/3369623
3372925,NA,Neighborhood highlights,4,NA,2,NA,5,1,https://www.airbnb.com/rooms/3372925
3378576,NA,NA,1,NA,1,NA,NA,0,https://www.airbnb.com/rooms/3378576
3378585,NA,Neighborhood highlights,2,NA,1,NA,NA,0,https://www.airbnb.com/rooms/3378585
3379914,$110.00,Neighborhood highlights,2,1,1,2,4.86,22,https://www.airbnb.com/rooms/3379914
3383662,NA,NA,1,NA,NA,NA,NA,0,https://www.airbnb.com/rooms/3383662
3386746,NA,Neighborhood highlights,3,NA,1,NA,4.92,24,https://www.airbnb.com/rooms/3386746
3386829,NA,NA,3,NA,1,NA,4,3,https://www.airbnb.com/rooms/3386829
3393999,NA,NA,3,NA,1,NA,NA,0,https://www.airbnb.com/rooms/3393999
3394517,NA,NA,2,NA,3,NA,4.75,83,https://www.airbnb.com/rooms/3394517
3395697,NA,Neighborhood highlights,4,NA,2,NA,5,1,https://www.airbnb.com/rooms/3395697
3400739,$132.00,Neighborhood highlights,2,1,1,1,4.83,127,https://www.airbnb.com/rooms/3400739
3400837,NA,NA,16,NA,NA,NA,4.89,36,https://www.airbnb.com/rooms/3400837
3401271,NA,Neighborhood highlights,2,NA,1,NA,4.89,260,https://www.airbnb.com/rooms/3401271
3404897,$80.00,Neighborhood highlights,3,1,1,1,5,8,https://www.airbnb.com/rooms/3404897
3410516,$200.00,Neighborhood highlights,4,2,2,3,5,9,https://www.airbnb.com/rooms/3410516
3411912,NA,Neighborhood highlights,4,NA,1,NA,NA,0,https://www.airbnb.com/rooms/3411912
3414885,$243.00,Neighborhood highlights,5,1.5,2,3,4.88,208,https://www.airbnb.com/rooms/3414885
3415102,$650.00,NA,5,2,3,3,4.66,41,https://www.airbnb.com/rooms/3415102
3420223,NA,NA,2,NA,1,NA,4.71,21,https://www.airbnb.com/rooms/3420223
3421020,NA,NA,4,NA,2,NA,4.92,36,https://www.airbnb.com/rooms/3421020
3423516,NA,Neighborhood highlights,4,NA,NA,NA,NA,0,https://www.airbnb.com/rooms/3423516
3425054,NA,Neighborhood highlights,2,NA,1,NA,4.8,10,https://www.airbnb.com/rooms/3425054
3430612,NA,NA,4,NA,3,NA,4.77,13,https://www.airbnb.com/rooms/3430612
3431922,$38.00,Neighborhood highlights,2,1,1,1,4.5,2,https://www.airbnb.com/rooms/3431922
3440595,$342.00,Neighborhood highlights,6,2,3,3,4.56,91,https://www.airbnb.com/rooms/3440595
3440741,NA,NA,2,NA,1,NA,4.6,5,https://www.airbnb.com/rooms/3440741
3442140,NA,NA,2,NA,NA,NA,5,2,https://www.airbnb.com/rooms/3442140
3442152,NA,Neighborhood highlights,4,NA,2,NA,4.5,2,https://www.airbnb.com/rooms/3442152
3445138,$495.00,Neighborhood highlights,5,1.5,2,3,4.95,37,https://www.airbnb.com/rooms/3445138
3447238,$98.00,Neighborhood highlights,2,1,1,1,4.63,8,https://www.airbnb.com/rooms/3447238
3448037,NA,Neighborhood highlights,4,NA,2,NA,NA,0,https://www.airbnb.com/rooms/3448037
3450210,$125.00,Neighborhood highlights,2,1,1,1,4.91,193,https://www.airbnb.com/rooms/3450210
3452835,NA,Neighborhood highlights,3,NA,NA,NA,4.76,42,https://www.airbnb.com/rooms/3452835
3453488,NA,Neighborhood highlights,4,NA,2,NA,NA,0,https://www.airbnb.com/rooms/3453488
3455983,NA,Neighborhood highlights,5,NA,3,NA,NA,0,https://www.airbnb.com/rooms/3455983
3457770,NA,NA,3,NA,1,NA,4,1,https://www.airbnb.com/rooms/3457770
3458525,$70.00,Neighborhood highlights,2,1,1,1,4.19,108,https://www.airbnb.com/rooms/3458525
3461872,NA,Neighborhood highlights,2,NA,NA,NA,4.67,3,https://www.airbnb.com/rooms/3461872
3464727,NA,NA,2,NA,1,NA,NA,0,https://www.airbnb.com/rooms/3464727
3465604,$375.00,Neighborhood highlights,4,2.5,2,2,4.75,4,https://www.airbnb.com/rooms/3465604
3465651,$82.00,Neighborhood highlights,2,1,1,1,4.88,233,https://www.airbnb.com/rooms/3465651
3468486,NA,NA,4,NA,2,NA,4,1,https://www.airbnb.com/rooms/3468486
3469171,$150.00,Neighborhood highlights,4,1,1,3,4.48,355,https://www.airbnb.com/rooms/3469171
3476105,NA,Neighborhood highlights,2,NA,1,NA,4.68,174,https://www.airbnb.com/rooms/3476105
3476431,NA,Neighborhood highlights,2,NA,1,NA,4.93,42,https://www.airbnb.com/rooms/3476431
3482919,NA,Neighborhood highlights,2,NA,1,NA,NA,0,https://www.airbnb.com/rooms/3482919
3485146,NA,NA,4,NA,2,NA,4,1,https://www.airbnb.com/rooms/3485146
3485449,$155.00,NA,2,1,1,1,4.59,85,https://www.airbnb.com/rooms/3485449
3487445,NA,Neighborhood highlights,4,NA,1,NA,NA,0,https://www.airbnb.com/rooms/3487445
3488989,NA,Neighborhood highlights,4,NA,1,NA,4.67,3,https://www.airbnb.com/rooms/3488989
3489095,$39.00,NA,1,1,1,1,NA,0,https://www.airbnb.com/rooms/3489095
3489242,$40.00,NA,1,1,1,1,4.38,8,https://www.airbnb.com/rooms/3489242
3490317,$327.00,Neighborhood highlights,6,1,3,4,4.88,435,https://www.airbnb.com/rooms/3490317
3492910,NA,Neighborhood highlights,1,NA,NA,NA,4.88,189,https://www.airbnb.com/rooms/3492910
3493833,$350.00,Neighborhood highlights,4,1,3,3,5,20,https://www.airbnb.com/rooms/3493833
3499016,$100.00,Neighborhood highlights,1,1,1,1,4.5,2,https://www.airbnb.com/rooms/3499016
3504289,NA,NA,2,NA,1,NA,5,2,https://www.airbnb.com/rooms/3504289
3507112,$59.00,Neighborhood highlights,2,1,1,1,4.27,11,https://www.airbnb.com/rooms/3507112
3511778,$275.00,Neighborhood highlights,2,1,1,1,4.91,11,https://www.airbnb.com/rooms/3511778
3511883,NA,Neighborhood highlights,4,NA,1,NA,4.5,10,https://www.airbnb.com/rooms/3511883
3511898,NA,Neighborhood highlights,2,NA,2,NA,4.8,5,https://www.airbnb.com/rooms/3511898
3511934,NA,Neighborhood highlights,2,NA,1,NA,NA,0,https://www.airbnb.com/rooms/3511934
3512428,$125.00,Neighborhood highlights,1,1,1,1,4.94,231,https://www.airbnb.com/rooms/3512428
3512620,NA,Neighborhood highlights,4,NA,2,NA,4.79,69,https://www.airbnb.com/rooms/3512620
3513662,NA,Neighborhood highlights,6,NA,2,NA,5,3,https://www.airbnb.com/rooms/3513662
3518682,$80.00,Neighborhood highlights,2,1,1,1,4.68,50,https://www.airbnb.com/rooms/3518682
3519172,$250.00,Neighborhood highlights,2,1,1,0,4.7,27,https://www.airbnb.com/rooms/3519172
3522244,$149.00,Neighborhood highlights,3,1,2,2,4.69,84,https://www.airbnb.com/rooms/3522244
3522329,NA,Neighborhood highlights,3,NA,1,NA,4.58,43,https://www.airbnb.com/rooms/3522329
3529500,$175.00,Neighborhood highlights,6,1,2,3,4.39,72,https://www.airbnb.com/rooms/3529500
3529888,NA,Neighborhood highlights,2,NA,1,NA,4.67,9,https://www.airbnb.com/rooms/3529888
3530122,NA,Neighborhood highlights,4,NA,1,NA,4.64,88,https://www.airbnb.com/rooms/3530122
3531681,NA,Neighborhood highlights,2,NA,NA,NA,4.85,168,https://www.airbnb.com/rooms/3531681
3533741,NA,NA,2,NA,1,NA,NA,0,https://www.airbnb.com/rooms/3533741
3534443,NA,Neighborhood highlights,3,NA,1,NA,4.76,119,https://www.airbnb.com/rooms/3534443
3536241,$130.00,Neighborhood highlights,2,2,1,1,4.89,45,https://www.airbnb.com/rooms/3536241
3539618,NA,NA,2,NA,NA,NA,4.67,9,https://www.airbnb.com/rooms/3539618
3539882,NA,Neighborhood highlights,2,NA,NA,NA,4.45,11,https://www.airbnb.com/rooms/3539882
3540370,NA,Neighborhood highlights,2,NA,NA,NA,4.71,191,https://www.airbnb.com/rooms/3540370
3543839,$138.00,Neighborhood highlights,2,1,1,1,4.56,45,https://www.airbnb.com/rooms/3543839
3549074,NA,Neighborhood highlights,2,NA,1,NA,5,2,https://www.airbnb.com/rooms/3549074
3549798,$100.00,NA,2,1,2,2,4.88,276,https://www.airbnb.com/rooms/3549798
3553768,$180.00,Neighborhood highlights,3,1,0,1,4.71,190,https://www.airbnb.com/rooms/3553768
3554230,$135.00,Neighborhood highlights,2,1,1,1,4.86,37,https://www.airbnb.com/rooms/3554230
3554287,NA,NA,1,NA,NA,NA,NA,0,https://www.airbnb.com/rooms/3554287
3556241,NA,Neighborhood highlights,2,NA,NA,NA,NA,0,https://www.airbnb.com/rooms/3556241
3561828,NA,Neighborhood highlights,2,NA,1,NA,NA,0,https://www.airbnb.com/rooms/3561828
3563271,$99.00,Neighborhood highlights,4,1.5,1,2,4.76,97,https://www.airbnb.com/rooms/3563271
3569374,NA,Neighborhood highlights,2,NA,1,NA,4.86,7,https://www.airbnb.com/rooms/3569374
3575859,NA,Neighborhood highlights,1,NA,NA,NA,4,1,https://www.airbnb.com/rooms/3575859
3576160,NA,Neighborhood highlights,2,NA,1,NA,4.41,114,https://www.airbnb.com/rooms/3576160
3581153,NA,Neighborhood highlights,4,NA,1,NA,4.94,33,https://www.airbnb.com/rooms/3581153
3581652,NA,Neighborhood highlights,6,NA,2,NA,4.6,5,https://www.airbnb.com/rooms/3581652
3583605,NA,NA,8,NA,2,NA,NA,0,https://www.airbnb.com/rooms/3583605
3585309,NA,Neighborhood highlights,9,NA,4,NA,4.93,14,https://www.airbnb.com/rooms/3585309
3585452,$91.00,Neighborhood highlights,4,1,0,3,4.76,353,https://www.airbnb.com/rooms/3585452
3585974,NA,Neighborhood highlights,2,NA,1,NA,4.65,17,https://www.airbnb.com/rooms/3585974
3587219,$165.00,NA,2,1,0,1,4.97,31,https://www.airbnb.com/rooms/3587219
3591107,NA,Neighborhood highlights,2,NA,NA,NA,4.78,9,https://www.airbnb.com/rooms/3591107
3593821,NA,Neighborhood highlights,1,NA,NA,NA,5,1,https://www.airbnb.com/rooms/3593821
3594408,NA,Neighborhood highlights,2,NA,NA,NA,5,2,https://www.airbnb.com/rooms/3594408
3600961,NA,Neighborhood highlights,4,NA,1,NA,4.6,5,https://www.airbnb.com/rooms/3600961
3603134,NA,Neighborhood highlights,4,NA,1,NA,4.95,21,https://www.airbnb.com/rooms/3603134
3605388,NA,Neighborhood highlights,4,NA,2,NA,4.2,74,https://www.airbnb.com/rooms/3605388
3605524,$149.00,Neighborhood highlights,2,1,0,1,4.7,138,https://www.airbnb.com/rooms/3605524
3611620,NA,Neighborhood highlights,1,NA,NA,NA,4.77,13,https://www.airbnb.com/rooms/3611620
3616001,NA,NA,2,NA,1,NA,4.67,6,https://www.airbnb.com/rooms/3616001
3616173,$79.00,Neighborhood highlights,1,1,1,1,4.86,114,https://www.airbnb.com/rooms/3616173
3619399,NA,Neighborhood highlights,2,NA,NA,NA,4.67,3,https://www.airbnb.com/rooms/3619399
3623201,NA,Neighborhood highlights,2,NA,1,NA,4.83,30,https://www.airbnb.com/rooms/3623201
3624387,$180.00,Neighborhood highlights,2,1,1,1,4.9,29,https://www.airbnb.com/rooms/3624387
3624653,NA,Neighborhood highlights,2,NA,NA,NA,4.8,10,https://www.airbnb.com/rooms/3624653
3624952,NA,Neighborhood highlights,1,NA,1,NA,5,2,https://www.airbnb.com/rooms/3624952
3625870,$146.00,Neighborhood highlights,2,1.5,1,1,4.99,94,https://www.airbnb.com/rooms/3625870
3626426,$145.00,Neighborhood highlights,2,1,1,1,4.7,10,https://www.airbnb.com/rooms/3626426
3627326,$115.00,Neighborhood highlights,2,1,1,1,4.36,11,https://www.airbnb.com/rooms/3627326
3628190,NA,Neighborhood highlights,5,NA,1,NA,4.91,11,https://www.airbnb.com/rooms/3628190
3629580,NA,NA,1,NA,NA,NA,5,3,https://www.airbnb.com/rooms/3629580
3636601,$125.00,NA,2,1,0,2,4.17,18,https://www.airbnb.com/rooms/3636601
3636967,$159.00,NA,4,1,1,3,5,4,https://www.airbnb.com/rooms/3636967
3637029,NA,NA,1,NA,1,NA,4.82,17,https://www.airbnb.com/rooms/3637029
3641819,NA,Neighborhood highlights,4,NA,2,NA,4.82,22,https://www.airbnb.com/rooms/3641819
3642278,NA,NA,5,NA,2,NA,5,4,https://www.airbnb.com/rooms/3642278
3642325,$150.00,Neighborhood highlights,4,1,2,2,4.67,3,https://www.airbnb.com/rooms/3642325
3642801,NA,Neighborhood highlights,2,NA,1,NA,4.41,34,https://www.airbnb.com/rooms/3642801
3644017,$90.00,Neighborhood highlights,2,1,1,1,4.92,39,https://www.airbnb.com/rooms/3644017
3645284,$244.00,Neighborhood highlights,5,1,2,3,4.75,20,https://www.airbnb.com/rooms/3645284
3646059,NA,NA,2,NA,NA,NA,4.63,35,https://www.airbnb.com/rooms/3646059
3652230,$100.00,Neighborhood highlights,2,1,1,1,4.91,70,https://www.airbnb.com/rooms/3652230
3654510,NA,Neighborhood highlights,2,NA,NA,NA,4.15,13,https://www.airbnb.com/rooms/3654510
3655007,NA,Neighborhood highlights,1,NA,2,NA,4.92,12,https://www.airbnb.com/rooms/3655007
3659544,$280.00,Neighborhood highlights,6,1,1,2,4.79,375,https://www.airbnb.com/rooms/3659544
3662795,NA,Neighborhood highlights,2,NA,NA,NA,4.62,29,https://www.airbnb.com/rooms/3662795
3663423,NA,Neighborhood highlights,6,NA,2,NA,NA,0,https://www.airbnb.com/rooms/3663423
3663984,$116.00,Neighborhood highlights,2,1,1,1,4.69,13,https://www.airbnb.com/rooms/3663984
3665787,NA,NA,3,NA,2,NA,5,11,https://www.airbnb.com/rooms/3665787
3666709,NA,Neighborhood highlights,1,NA,NA,NA,4.85,13,https://www.airbnb.com/rooms/3666709
3670659,$236.00,Neighborhood highlights,5,2,2,2,4.68,22,https://www.airbnb.com/rooms/3670659
3677436,$103.00,Neighborhood highlights,2,1,1,1,4.29,7,https://www.airbnb.com/rooms/3677436
3677769,NA,Neighborhood highlights,2,NA,NA,NA,4.85,117,https://www.airbnb.com/rooms/3677769
3678796,NA,Neighborhood highlights,2,NA,NA,NA,4.79,250,https://www.airbnb.com/rooms/3678796
3678829,$580.00,Neighborhood highlights,7,2.5,3,4,5,25,https://www.airbnb.com/rooms/3678829
3683241,NA,Neighborhood highlights,4,NA,2,NA,4.5,2,https://www.airbnb.com/rooms/3683241
3684144,NA,Neighborhood highlights,2,NA,NA,NA,4.78,27,https://www.airbnb.com/rooms/3684144
3685433,NA,Neighborhood highlights,2,NA,NA,NA,4.57,7,https://www.airbnb.com/rooms/3685433
3685704,$178.00,Neighborhood highlights,2,1,1,2,4.71,259,https://www.airbnb.com/rooms/3685704
3686972,NA,Neighborhood highlights,3,NA,1,NA,4.8,35,https://www.airbnb.com/rooms/3686972
3687172,NA,Neighborhood highlights,2,NA,NA,NA,4.65,20,https://www.airbnb.com/rooms/3687172
3687227,NA,Neighborhood highlights,2,NA,1,NA,4.67,3,https://www.airbnb.com/rooms/3687227
3688197,NA,Neighborhood highlights,1,NA,1,NA,4.91,11,https://www.airbnb.com/rooms/3688197
3689140,$233.00,Neighborhood highlights,2,1,1,1,4.75,270,https://www.airbnb.com/rooms/3689140
3692566,NA,Neighborhood highlights,9,NA,5,NA,4.86,35,https://www.airbnb.com/rooms/3692566
3694441,NA,NA,4,NA,2,NA,4.83,6,https://www.airbnb.com/rooms/3694441
3696746,NA,Neighborhood highlights,3,NA,1,NA,4.82,103,https://www.airbnb.com/rooms/3696746
3700364,NA,Neighborhood highlights,3,NA,1,NA,4.8,59,https://www.airbnb.com/rooms/3700364
3701708,NA,Neighborhood highlights,1,NA,NA,NA,4.5,2,https://www.airbnb.com/rooms/3701708
3703037,NA,NA,2,NA,2,NA,NA,0,https://www.airbnb.com/rooms/3703037
3706213,NA,Neighborhood highlights,2,NA,NA,NA,NA,0,https://www.airbnb.com/rooms/3706213
3710162,NA,Neighborhood highlights,3,NA,NA,NA,4.8,5,https://www.airbnb.com/rooms/3710162
3710230,NA,Neighborhood highlights,8,NA,3,NA,4.73,15,https://www.airbnb.com/rooms/3710230
3710685,$136.00,Neighborhood highlights,4,1,1,3,4.63,94,https://www.airbnb.com/rooms/3710685
3713233,$103.00,Neighborhood highlights,4,2,2,2,4,9,https://www.airbnb.com/rooms/3713233
3715638,$85.00,Neighborhood highlights,3,1,1,2,4.83,320,https://www.airbnb.com/rooms/3715638
3718539,NA,NA,4,NA,1,NA,4.5,2,https://www.airbnb.com/rooms/3718539
3725902,NA,Neighborhood highlights,4,NA,2,NA,4.78,9,https://www.airbnb.com/rooms/3725902
3727816,NA,Neighborhood highlights,2,NA,NA,NA,4.5,2,https://www.airbnb.com/rooms/3727816
3727861,NA,NA,1,NA,1,NA,NA,0,https://www.airbnb.com/rooms/3727861
3735483,NA,Neighborhood highlights,2,NA,NA,NA,4.78,41,https://www.airbnb.com/rooms/3735483
3738529,NA,Neighborhood highlights,5,NA,2,NA,4.71,7,https://www.airbnb.com/rooms/3738529
3738815,$200.00,Neighborhood highlights,6,1,2,5,4.33,15,https://www.airbnb.com/rooms/3738815
3739126,NA,NA,2,NA,NA,NA,NA,0,https://www.airbnb.com/rooms/3739126
3739864,NA,Neighborhood highlights,1,NA,NA,NA,NA,0,https://www.airbnb.com/rooms/3739864
3743048,$65.00,Neighborhood highlights,2,1.5,1,1,4.88,219,https://www.airbnb.com/rooms/3743048
3747107,NA,Neighborhood highlights,2,NA,NA,NA,4.67,3,https://www.airbnb.com/rooms/3747107
3747392,NA,Neighborhood highlights,2,NA,NA,NA,4.86,7,https://www.airbnb.com/rooms/3747392
3749140,$75.00,Neighborhood highlights,3,1,1,2,4.89,54,https://www.airbnb.com/rooms/3749140
3749971,NA,Neighborhood highlights,2,NA,NA,NA,4.95,94,https://www.airbnb.com/rooms/3749971
3752035,$190.00,Neighborhood highlights,6,1,2,5,4.87,139,https://www.airbnb.com/rooms/3752035
3752069,$390.00,Neighborhood highlights,6,1,2,3,4.95,61,https://www.airbnb.com/rooms/3752069
3755474,NA,Neighborhood highlights,4,NA,2,NA,4.43,7,https://www.airbnb.com/rooms/3755474
3757178,NA,Neighborhood highlights,4,NA,1,NA,4.75,16,https://www.airbnb.com/rooms/3757178
3758296,$128.00,Neighborhood highlights,1,1,1,1,4.82,28,https://www.airbnb.com/rooms/3758296
3760029,$150.00,Neighborhood highlights,2,1,1,1,4.75,165,https://www.airbnb.com/rooms/3760029
3760824,$110.00,Neighborhood highlights,2,1,1,2,4.82,38,https://www.airbnb.com/rooms/3760824
3765095,NA,Neighborhood highlights,1,NA,2,NA,4.13,8,https://www.airbnb.com/rooms/3765095
3767156,$152.00,Neighborhood highlights,6,1,2,3,4.92,298,https://www.airbnb.com/rooms/3767156
3767801,NA,Neighborhood highlights,4,NA,3,NA,5,4,https://www.airbnb.com/rooms/3767801
3769052,$45.00,Neighborhood highlights,2,1,1,1,4.66,88,https://www.airbnb.com/rooms/3769052
3775978,NA,Neighborhood highlights,4,NA,NA,NA,4.5,10,https://www.airbnb.com/rooms/3775978
3779230,$34.00,Neighborhood highlights,1,2.5,1,1,5,8,https://www.airbnb.com/rooms/3779230
3780113,$120.00,Neighborhood highlights,4,1,1,2,4.72,146,https://www.airbnb.com/rooms/3780113
3780746,NA,NA,2,NA,1,NA,NA,0,https://www.airbnb.com/rooms/3780746
3783016,NA,NA,2,NA,NA,NA,4.87,23,https://www.airbnb.com/rooms/3783016
3783021,NA,NA,2,NA,NA,NA,4.83,30,https://www.airbnb.com/rooms/3783021
3785438,$225.00,Neighborhood highlights,2,1,1,1,4.82,17,https://www.airbnb.com/rooms/3785438
3789265,NA,Neighborhood highlights,1,NA,NA,NA,NA,0,https://www.airbnb.com/rooms/3789265
3789758,NA,Neighborhood highlights,2,NA,1,NA,5,1,https://www.airbnb.com/rooms/3789758
3791244,$190.00,Neighborhood highlights,3,1,1,1,4.78,27,https://www.airbnb.com/rooms/3791244
3791325,$250.00,Neighborhood highlights,2,1,1,2,4.87,39,https://www.airbnb.com/rooms/3791325
3792910,$150.00,Neighborhood highlights,2,1,0,2,4.9,273,https://www.airbnb.com/rooms/3792910
3793161,$42.00,NA,1,1,1,1,4.77,13,https://www.airbnb.com/rooms/3793161
3797183,NA,Neighborhood highlights,2,NA,1,NA,5,1,https://www.airbnb.com/rooms/3797183
3798874,NA,Neighborhood highlights,5,NA,3,NA,4.75,4,https://www.airbnb.com/rooms/3798874
3800549,NA,NA,2,NA,NA,NA,4,1,https://www.airbnb.com/rooms/3800549
3803622,$300.00,Neighborhood highlights,4,1,1,4,4.73,11,https://www.airbnb.com/rooms/3803622
3808358,NA,Neighborhood highlights,1,NA,1,NA,5,1,https://www.airbnb.com/rooms/3808358
3818298,NA,Neighborhood highlights,2,NA,NA,NA,4.95,22,https://www.airbnb.com/rooms/3818298
3819136,NA,Neighborhood highlights,1,NA,2,NA,NA,0,https://www.airbnb.com/rooms/3819136
3819656,NA,Neighborhood highlights,1,NA,NA,NA,5,2,https://www.airbnb.com/rooms/3819656
3825437,NA,NA,2,NA,NA,NA,5,5,https://www.airbnb.com/rooms/3825437
3827442,NA,Neighborhood highlights,4,NA,1,NA,5,8,https://www.airbnb.com/rooms/3827442
3829039,NA,NA,2,NA,NA,NA,NA,0,https://www.airbnb.com/rooms/3829039
3833538,NA,NA,4,NA,1,NA,4,2,https://www.airbnb.com/rooms/3833538
3835681,$37.00,Neighborhood highlights,2,1,1,1,4.4,212,https://www.airbnb.com/rooms/3835681
3835757,$59.00,Neighborhood highlights,2,1,1,1,4.44,320,https://www.airbnb.com/rooms/3835757
3836180,NA,NA,2,NA,1,NA,5,5,https://www.airbnb.com/rooms/3836180
3838375,$172.00,Neighborhood highlights,6,1,2,5,4.97,118,https://www.airbnb.com/rooms/3838375
3839717,$42.00,NA,1,1,2,1,4.75,4,https://www.airbnb.com/rooms/3839717
3840324,NA,Neighborhood highlights,2,NA,1,NA,4.94,18,https://www.airbnb.com/rooms/3840324
3841033,NA,Neighborhood highlights,2,NA,NA,NA,5,1,https://www.airbnb.com/rooms/3841033
3841048,NA,NA,4,NA,2,NA,4.57,7,https://www.airbnb.com/rooms/3841048
3848105,$170.00,Neighborhood highlights,4,1,2,2,4.95,22,https://www.airbnb.com/rooms/3848105
3848431,$142.00,Neighborhood highlights,4,1,2,3,4.6,25,https://www.airbnb.com/rooms/3848431
3848825,NA,Neighborhood highlights,2,NA,NA,NA,4.9,10,https://www.airbnb.com/rooms/3848825
3850493,$143.00,Neighborhood highlights,2,1,2,2,4.78,191,https://www.airbnb.com/rooms/3850493
3850967,NA,Neighborhood highlights,4,NA,2,NA,4.9,10,https://www.airbnb.com/rooms/3850967
3851719,NA,Neighborhood highlights,2,NA,1,NA,4.84,25,https://www.airbnb.com/rooms/3851719
3851911,$136.00,Neighborhood highlights,4,1,0,2,4.5,126,https://www.airbnb.com/rooms/3851911
3852261,$350.00,Neighborhood highlights,8,2,4,4,4.87,106,https://www.airbnb.com/rooms/3852261
3852538,$225.00,Neighborhood highlights,3,1,1,1,4.79,33,https://www.airbnb.com/rooms/3852538
3852988,NA,Neighborhood highlights,2,NA,2,NA,4.97,29,https://www.airbnb.com/rooms/3852988
3857180,NA,Neighborhood highlights,1,NA,NA,NA,4.18,11,https://www.airbnb.com/rooms/3857180
3857863,$120.00,NA,2,1,1,0,4.64,156,https://www.airbnb.com/rooms/3857863
3860899,NA,NA,1,NA,1,NA,NA,0,https://www.airbnb.com/rooms/3860899
3861713,NA,Neighborhood highlights,2,NA,NA,NA,4.67,3,https://www.airbnb.com/rooms/3861713
3864528,NA,NA,2,NA,1,NA,NA,0,https://www.airbnb.com/rooms/3864528
3866888,$210.00,Neighborhood highlights,4,1,2,0,4.44,18,https://www.airbnb.com/rooms/3866888
3868100,NA,Neighborhood highlights,3,NA,1,NA,4.76,21,https://www.airbnb.com/rooms/3868100
3868344,$158.00,Neighborhood highlights,6,1,2,3,4.22,60,https://www.airbnb.com/rooms/3868344
3869762,NA,NA,2,NA,1,NA,NA,0,https://www.airbnb.com/rooms/3869762
3873451,$471.00,NA,2,1,1,1,NA,0,https://www.airbnb.com/rooms/3873451
3874870,NA,NA,4,NA,1,NA,4.79,19,https://www.airbnb.com/rooms/3874870
3876850,NA,Neighborhood highlights,1,NA,2,NA,4.83,6,https://www.airbnb.com/rooms/3876850
3880588,NA,Neighborhood highlights,4,NA,2,NA,4.15,20,https://www.airbnb.com/rooms/3880588
3882682,NA,Neighborhood highlights,1,NA,NA,NA,4.85,27,https://www.airbnb.com/rooms/3882682
3883020,NA,Neighborhood highlights,4,NA,2,NA,4.81,49,https://www.airbnb.com/rooms/3883020
3884105,NA,Neighborhood highlights,4,NA,1,NA,4.46,13,https://www.airbnb.com/rooms/3884105
3889997,$198.00,Neighborhood highlights,2,1,1,1,4.75,4,https://www.airbnb.com/rooms/3889997
3891031,$139.00,Neighborhood highlights,2,1,1,1,4.18,11,https://www.airbnb.com/rooms/3891031
3891370,NA,NA,4,NA,2,NA,5,3,https://www.airbnb.com/rooms/3891370
3895455,NA,Neighborhood highlights,1,NA,NA,NA,4.67,3,https://www.airbnb.com/rooms/3895455
3898329,NA,Neighborhood highlights,3,NA,NA,NA,4.83,6,https://www.airbnb.com/rooms/3898329
3902156,$199.00,Neighborhood highlights,2,1.5,1,1,4.9,20,https://www.airbnb.com/rooms/3902156
3902791,NA,NA,4,NA,1,NA,5,5,https://www.airbnb.com/rooms/3902791
3908094,NA,NA,2,NA,NA,NA,5,5,https://www.airbnb.com/rooms/3908094
3913635,NA,Neighborhood highlights,4,NA,1,NA,4.48,93,https://www.airbnb.com/rooms/3913635
3915042,NA,Neighborhood highlights,2,NA,1,NA,5,2,https://www.airbnb.com/rooms/3915042
3922417,$135.00,NA,2,1,0,2,4.55,20,https://www.airbnb.com/rooms/3922417
3923128,$116.00,Neighborhood highlights,2,1,1,1,4.86,7,https://www.airbnb.com/rooms/3923128
3924325,$79.00,Neighborhood highlights,1,1,1,1,4.86,7,https://www.airbnb.com/rooms/3924325
3928241,NA,NA,1,NA,1,NA,NA,0,https://www.airbnb.com/rooms/3928241
3929669,NA,NA,2,NA,1,NA,5,11,https://www.airbnb.com/rooms/3929669
3930149,NA,Neighborhood highlights,2,NA,1,NA,4.5,10,https://www.airbnb.com/rooms/3930149
3933059,NA,NA,4,NA,1,NA,4,3,https://www.airbnb.com/rooms/3933059
3933382,NA,Neighborhood highlights,2,NA,1,NA,4,2,https://www.airbnb.com/rooms/3933382
3939086,NA,Neighborhood highlights,1,NA,1,NA,4.54,13,https://www.airbnb.com/rooms/3939086
3939535,$80.00,Neighborhood highlights,2,1,1,2,4.86,71,https://www.airbnb.com/rooms/3939535
3942731,NA,Neighborhood highlights,4,NA,1,NA,4.86,7,https://www.airbnb.com/rooms/3942731
3943879,NA,Neighborhood highlights,2,NA,NA,NA,4.83,92,https://www.airbnb.com/rooms/3943879
3945636,NA,Neighborhood highlights,1,NA,2,NA,4.8,5,https://www.airbnb.com/rooms/3945636
3945796,NA,Neighborhood highlights,1,NA,NA,NA,4.92,13,https://www.airbnb.com/rooms/3945796
3946018,NA,NA,2,NA,1,NA,4.97,68,https://www.airbnb.com/rooms/3946018
3946239,NA,Neighborhood highlights,5,NA,2,NA,4.91,11,https://www.airbnb.com/rooms/3946239
3951363,NA,Neighborhood highlights,1,NA,NA,NA,NA,0,https://www.airbnb.com/rooms/3951363
3952093,NA,NA,4,NA,2,NA,4.56,97,https://www.airbnb.com/rooms/3952093
3953314,$154.00,Neighborhood highlights,5,1,2,3,4.57,23,https://www.airbnb.com/rooms/3953314
3953415,$75.00,Neighborhood highlights,2,1,2,1,NA,0,https://www.airbnb.com/rooms/3953415
3962389,$125.00,NA,5,1,2,4,4.42,12,https://www.airbnb.com/rooms/3962389
3962586,NA,Neighborhood highlights,2,NA,1,NA,5,1,https://www.airbnb.com/rooms/3962586
3963137,NA,Neighborhood highlights,7,NA,3,NA,5,7,https://www.airbnb.com/rooms/3963137
3963635,$406.00,Neighborhood highlights,8,2.5,3,4,4.86,74,https://www.airbnb.com/rooms/3963635
3968434,$62.00,Neighborhood highlights,2,2,1,1,4.37,46,https://www.airbnb.com/rooms/3968434
3968610,$128.00,Neighborhood highlights,2,1,1,1,4.23,40,https://www.airbnb.com/rooms/3968610
3970701,$71.00,Neighborhood highlights,1,1,1,1,4.87,15,https://www.airbnb.com/rooms/3970701
3970755,NA,Neighborhood highlights,2,NA,1,NA,NA,0,https://www.airbnb.com/rooms/3970755
3971526,NA,Neighborhood highlights,2,NA,NA,NA,NA,0,https://www.airbnb.com/rooms/3971526
3971580,NA,Neighborhood highlights,4,NA,2,NA,NA,0,https://www.airbnb.com/rooms/3971580
3971948,NA,NA,3,NA,2,NA,NA,0,https://www.airbnb.com/rooms/3971948
3974464,NA,Neighborhood highlights,2,NA,1,NA,NA,0,https://www.airbnb.com/rooms/3974464
3979360,NA,Neighborhood highlights,4,NA,NA,NA,4.2,5,https://www.airbnb.com/rooms/3979360
3979611,"$1,400.00",Neighborhood highlights,4,1,1,1,4.3,30,https://www.airbnb.com/rooms/3979611
3985673,$230.00,Neighborhood highlights,2,1,1,1,4.94,18,https://www.airbnb.com/rooms/3985673
3987571,$152.00,NA,2,1,0,2,4.78,400,https://www.airbnb.com/rooms/3987571
3987599,$93.00,Neighborhood highlights,5,1,3,3,4.8,25,https://www.airbnb.com/rooms/3987599
3989564,$134.00,Neighborhood highlights,2,1,1,2,4.68,352,https://www.airbnb.com/rooms/3989564
3993388,NA,Neighborhood highlights,5,NA,NA,NA,4.58,199,https://www.airbnb.com/rooms/3993388
3993553,NA,Neighborhood highlights,2,NA,NA,NA,4.5,2,https://www.airbnb.com/rooms/3993553
3998977,$550.00,Neighborhood highlights,7,2,5,0,5,2,https://www.airbnb.com/rooms/3998977
3999228,NA,Neighborhood highlights,2,NA,NA,NA,4.69,16,https://www.airbnb.com/rooms/3999228
4000579,NA,Neighborhood highlights,2,NA,1,NA,4.67,3,https://www.airbnb.com/rooms/4000579
4003515,NA,Neighborhood highlights,2,NA,NA,NA,4.93,46,https://www.airbnb.com/rooms/4003515
4006264,NA,NA,2,NA,1,NA,5,1,https://www.airbnb.com/rooms/4006264
4007277,NA,Neighborhood highlights,2,NA,NA,NA,4.9,30,https://www.airbnb.com/rooms/4007277
4007770,NA,Neighborhood highlights,4,NA,1,NA,NA,0,https://www.airbnb.com/rooms/4007770
4010865,NA,Neighborhood highlights,7,NA,5,NA,5,3,https://www.airbnb.com/rooms/4010865
4013668,NA,Neighborhood highlights,6,NA,1,NA,4.85,125,https://www.airbnb.com/rooms/4013668
4016121,NA,Neighborhood highlights,2,NA,1,NA,5,1,https://www.airbnb.com/rooms/4016121
4016142,$225.00,Neighborhood highlights,2,1,1,3,4.93,46,https://www.airbnb.com/rooms/4016142
4016173,$99.00,Neighborhood highlights,2,1,1,4,4.9,39,https://www.airbnb.com/rooms/4016173
4017226,NA,NA,1,NA,1,NA,5,1,https://www.airbnb.com/rooms/4017226
4020425,$95.00,Neighborhood highlights,2,1.5,1,1,4.69,26,https://www.airbnb.com/rooms/4020425
4024582,NA,Neighborhood highlights,2,NA,1,NA,4.92,95,https://www.airbnb.com/rooms/4024582
4025313,NA,NA,2,NA,NA,NA,4.38,8,https://www.airbnb.com/rooms/4025313
4025329,$149.00,Neighborhood highlights,4,1,0,2,4.63,166,https://www.airbnb.com/rooms/4025329
4026150,$80.00,Neighborhood highlights,2,1,1,1,4.73,252,https://www.airbnb.com/rooms/4026150
4028670,NA,NA,1,NA,1,NA,NA,0,https://www.airbnb.com/rooms/4028670
4031463,$71.00,Neighborhood highlights,2,1,1,1,4.87,124,https://www.airbnb.com/rooms/4031463
4033422,$250.00,Neighborhood highlights,2,2,1,3,4.65,57,https://www.airbnb.com/rooms/4033422
4033444,$130.00,Neighborhood highlights,4,1,1,0,4.74,204,https://www.airbnb.com/rooms/4033444
4033521,$180.00,Neighborhood highlights,4,1,1,3,4.56,223,https://www.airbnb.com/rooms/4033521
4033998,$200.00,Neighborhood highlights,3,1,1,2,NA,0,https://www.airbnb.com/rooms/4033998
4037379,NA,Neighborhood highlights,2,NA,NA,NA,4.78,9,https://www.airbnb.com/rooms/4037379
4037522,$99.00,NA,2,1,2,1,4.69,16,https://www.airbnb.com/rooms/4037522
4038794,$70.00,Neighborhood highlights,1,1,1,1,4.86,29,https://www.airbnb.com/rooms/4038794
4041189,NA,Neighborhood highlights,3,NA,1,NA,4.5,2,https://www.airbnb.com/rooms/4041189
4041351,NA,NA,2,NA,1,NA,NA,0,https://www.airbnb.com/rooms/4041351
4041383,NA,Neighborhood highlights,2,NA,NA,NA,5,5,https://www.airbnb.com/rooms/4041383
4044625,NA,Neighborhood highlights,2,NA,NA,NA,4.71,7,https://www.airbnb.com/rooms/4044625
4044906,NA,Neighborhood highlights,5,NA,2,NA,4,3,https://www.airbnb.com/rooms/4044906
4047638,NA,Neighborhood highlights,2,NA,NA,NA,4.78,27,https://www.airbnb.com/rooms/4047638
4047751,NA,Neighborhood highlights,2,NA,1,NA,NA,0,https://www.airbnb.com/rooms/4047751
4047815,NA,Neighborhood highlights,2,NA,1,NA,4.7,23,https://www.airbnb.com/rooms/4047815
4051643,NA,NA,2,NA,NA,NA,4,1,https://www.airbnb.com/rooms/4051643
4053249,NA,NA,4,NA,2,NA,4.77,13,https://www.airbnb.com/rooms/4053249
4053517,$170.00,Neighborhood highlights,2,1,1,1,4.55,29,https://www.airbnb.com/rooms/4053517
4053564,NA,Neighborhood highlights,1,NA,NA,NA,4.88,40,https://www.airbnb.com/rooms/4053564
4054332,NA,NA,2,NA,NA,NA,4.83,41,https://www.airbnb.com/rooms/4054332
4055732,NA,Neighborhood highlights,2,NA,NA,NA,4,1,https://www.airbnb.com/rooms/4055732
4058515,$100.00,Neighborhood highlights,2,1,0,1,5,8,https://www.airbnb.com/rooms/4058515
4058701,NA,NA,1,NA,NA,NA,5,3,https://www.airbnb.com/rooms/4058701
4059620,$229.00,Neighborhood highlights,2,1,1,1,4.38,323,https://www.airbnb.com/rooms/4059620
4059794,NA,Neighborhood highlights,4,NA,1,NA,5,2,https://www.airbnb.com/rooms/4059794
4060446,$98.00,Neighborhood highlights,2,1,1,1,4.86,73,https://www.airbnb.com/rooms/4060446
4060993,NA,NA,4,NA,2,NA,4.8,5,https://www.airbnb.com/rooms/4060993
4067820,NA,Neighborhood highlights,4,NA,2,NA,4.87,151,https://www.airbnb.com/rooms/4067820
4067861,NA,Neighborhood highlights,1,NA,NA,NA,NA,0,https://www.airbnb.com/rooms/4067861
4069228,NA,Neighborhood highlights,2,NA,2,NA,4.87,63,https://www.airbnb.com/rooms/4069228
4069341,NA,Neighborhood highlights,5,NA,1,NA,4.79,34,https://www.airbnb.com/rooms/4069341
4070025,$400.00,Neighborhood highlights,2,1,1,1,4.9,191,https://www.airbnb.com/rooms/4070025
4074248,$500.00,Neighborhood highlights,1,2,1,1,4.68,31,https://www.airbnb.com/rooms/4074248
4076084,NA,Neighborhood highlights,2,NA,NA,NA,4.5,2,https://www.airbnb.com/rooms/4076084
4077427,NA,Neighborhood highlights,2,NA,1,NA,5,2,https://www.airbnb.com/rooms/4077427
4081707,NA,Neighborhood highlights,6,NA,3,NA,5,10,https://www.airbnb.com/rooms/4081707
4082357,NA,Neighborhood highlights,3,NA,2,NA,4.85,27,https://www.airbnb.com/rooms/4082357
4084603,NA,Neighborhood highlights,4,NA,1,NA,5,1,https://www.airbnb.com/rooms/4084603
4116403,NA,NA,2,NA,1,NA,NA,0,https://www.airbnb.com/rooms/4116403
4117817,NA,Neighborhood highlights,2,NA,NA,NA,4.25,4,https://www.airbnb.com/rooms/4117817
4121173,NA,Neighborhood highlights,3,NA,1,NA,4.5,2,https://www.airbnb.com/rooms/4121173
4121363,$100.00,Neighborhood highlights,3,1,0,2,5,23,https://www.airbnb.com/rooms/4121363
4125398,NA,Neighborhood highlights,2,NA,NA,NA,4.67,6,https://www.airbnb.com/rooms/4125398
4126676,$221.00,NA,2,1,1,1,4.87,52,https://www.airbnb.com/rooms/4126676
4127402,NA,Neighborhood highlights,5,NA,2,NA,4.21,14,https://www.airbnb.com/rooms/4127402
4128337,$185.00,Neighborhood highlights,2,1,1,2,4.63,283,https://www.airbnb.com/rooms/4128337
4128428,$425.00,Neighborhood highlights,2,1,1,1,5,15,https://www.airbnb.com/rooms/4128428
4128450,NA,NA,2,NA,1,NA,5,2,https://www.airbnb.com/rooms/4128450
4129909,NA,NA,3,NA,NA,NA,4.49,61,https://www.airbnb.com/rooms/4129909
4132116,$170.00,Neighborhood highlights,2,1.5,2,2,4.73,124,https://www.airbnb.com/rooms/4132116
4134035,$185.00,Neighborhood highlights,2,1,1,1,4.97,176,https://www.airbnb.com/rooms/4134035
4135674,NA,Neighborhood highlights,4,NA,3,NA,4.2,5,https://www.airbnb.com/rooms/4135674
4136252,$100.00,Neighborhood highlights,3,1,1,1,4.72,87,https://www.airbnb.com/rooms/4136252
4137414,NA,NA,2,NA,1,NA,4.67,6,https://www.airbnb.com/rooms/4137414
4140776,$45.00,NA,1,1,1,1,4.46,35,https://www.airbnb.com/rooms/4140776
4142125,NA,NA,2,NA,NA,NA,NA,0,https://www.airbnb.com/rooms/4142125
4144630,NA,NA,2,NA,1,NA,NA,0,https://www.airbnb.com/rooms/4144630
4152752,$175.00,Neighborhood highlights,2,1,1,1,4.86,631,https://www.airbnb.com/rooms/4152752
4155012,NA,Neighborhood highlights,2,NA,1,NA,4.89,9,https://www.airbnb.com/rooms/4155012
4162119,$79.00,Neighborhood highlights,2,1,1,1,4.67,46,https://www.airbnb.com/rooms/4162119
4162292,$160.00,Neighborhood highlights,3,1,1,2,4.9,43,https://www.airbnb.com/rooms/4162292
4162519,$39.00,Neighborhood highlights,2,1,1,3,4.73,234,https://www.airbnb.com/rooms/4162519
4162667,$65.00,Neighborhood highlights,1,1,1,1,5,3,https://www.airbnb.com/rooms/4162667
4163804,NA,NA,2,NA,1,NA,NA,0,https://www.airbnb.com/rooms/4163804
4169094,$90.00,Neighborhood highlights,2,1,1,2,4.76,25,https://www.airbnb.com/rooms/4169094
4172303,$200.00,Neighborhood highlights,4,1,2,2,5,4,https://www.airbnb.com/rooms/4172303
4172633,NA,NA,4,NA,1,NA,4,1,https://www.airbnb.com/rooms/4172633
4173751,NA,Neighborhood highlights,2,NA,NA,NA,4.5,4,https://www.airbnb.com/rooms/4173751
4174847,$48.00,Neighborhood highlights,1,1,1,1,4.93,46,https://www.airbnb.com/rooms/4174847
4181102,NA,Neighborhood highlights,2,NA,NA,NA,4.79,14,https://www.airbnb.com/rooms/4181102
4181828,NA,Neighborhood highlights,1,NA,NA,NA,4.82,28,https://www.airbnb.com/rooms/4181828
4183424,$152.00,Neighborhood highlights,2,1,1,1,4.63,27,https://www.airbnb.com/rooms/4183424
4183801,$115.00,Neighborhood highlights,3,1,2,2,4.77,139,https://www.airbnb.com/rooms/4183801
4183989,$75.00,Neighborhood highlights,1,1.5,1,1,4.83,64,https://www.airbnb.com/rooms/4183989
4187653,NA,NA,2,NA,1,NA,4,1,https://www.airbnb.com/rooms/4187653
4189428,NA,Neighborhood highlights,4,NA,2,NA,NA,0,https://www.airbnb.com/rooms/4189428
4190301,NA,NA,1,NA,1,NA,NA,0,https://www.airbnb.com/rooms/4190301
4191257,NA,NA,3,NA,1,NA,5,1,https://www.airbnb.com/rooms/4191257
4196039,NA,Neighborhood highlights,2,NA,NA,NA,NA,0,https://www.airbnb.com/rooms/4196039
4198391,NA,Neighborhood highlights,4,NA,2,NA,NA,0,https://www.airbnb.com/rooms/4198391
4198695,$53.00,Neighborhood highlights,2,1,1,1,4.57,7,https://www.airbnb.com/rooms/4198695
4199411,NA,NA,2,NA,1,NA,NA,0,https://www.airbnb.com/rooms/4199411
4203119,NA,NA,2,NA,1,NA,NA,0,https://www.airbnb.com/rooms/4203119
4203460,NA,NA,2,NA,1,NA,NA,0,https://www.airbnb.com/rooms/4203460
4204302,NA,Neighborhood highlights,3,NA,1,NA,3.5,2,https://www.airbnb.com/rooms/4204302
4204988,NA,Neighborhood highlights,4,NA,1,NA,NA,0,https://www.airbnb.com/rooms/4204988
4206034,$150.00,Neighborhood highlights,2,1,1,2,4.88,41,https://www.airbnb.com/rooms/4206034
4206087,NA,Neighborhood highlights,2,NA,NA,NA,4.75,4,https://www.airbnb.com/rooms/4206087
4211276,NA,Neighborhood highlights,7,NA,4,NA,4,3,https://www.airbnb.com/rooms/4211276
4216183,NA,Neighborhood highlights,3,NA,1,NA,4,3,https://www.airbnb.com/rooms/4216183
4216435,NA,NA,2,NA,1,NA,NA,0,https://www.airbnb.com/rooms/4216435
4216813,$240.00,Neighborhood highlights,4,1,1,1,4.92,199,https://www.airbnb.com/rooms/4216813
4225738,$289.00,Neighborhood highlights,2,1,1,0,4.89,9,https://www.airbnb.com/rooms/4225738
4225745,NA,Neighborhood highlights,2,NA,NA,NA,4.57,7,https://www.airbnb.com/rooms/4225745
4227018,NA,NA,2,NA,NA,NA,NA,0,https://www.airbnb.com/rooms/4227018
4227499,$292.00,Neighborhood highlights,6,1,2,2,4.84,79,https://www.airbnb.com/rooms/4227499
4227554,NA,Neighborhood highlights,4,NA,2,NA,4.91,142,https://www.airbnb.com/rooms/4227554
4232356,NA,NA,2,NA,NA,NA,NA,0,https://www.airbnb.com/rooms/4232356
4233006,$61.00,Neighborhood highlights,2,1,1,1,4.68,31,https://www.airbnb.com/rooms/4233006
4235620,$115.00,Neighborhood highlights,2,1,1,1,4.96,27,https://www.airbnb.com/rooms/4235620
4241028,$70.00,Neighborhood highlights,2,1,1,1,4.79,468,https://www.airbnb.com/rooms/4241028
4243533,NA,NA,1,NA,1,NA,NA,0,https://www.airbnb.com/rooms/4243533
4244476,NA,Neighborhood highlights,2,NA,1,NA,1,1,https://www.airbnb.com/rooms/4244476
4244576,NA,NA,1,NA,NA,NA,NA,0,https://www.airbnb.com/rooms/4244576
4248788,NA,Neighborhood highlights,2,NA,NA,NA,4.4,5,https://www.airbnb.com/rooms/4248788
4249342,$225.00,Neighborhood highlights,2,1,1,1,4.94,100,https://www.airbnb.com/rooms/4249342
4258867,NA,Neighborhood highlights,3,NA,1,NA,4.76,21,https://www.airbnb.com/rooms/4258867
4260964,$250.00,Neighborhood highlights,2,1,1,1,4.97,93,https://www.airbnb.com/rooms/4260964
4261951,NA,NA,3,NA,1,NA,5,2,https://www.airbnb.com/rooms/4261951
4263488,NA,NA,4,NA,2,NA,NA,0,https://www.airbnb.com/rooms/4263488
4263802,$225.00,NA,2,1,1,1,4.93,69,https://www.airbnb.com/rooms/4263802
4264049,$43.00,NA,1,1,1,1,4.64,11,https://www.airbnb.com/rooms/4264049
4264127,$42.00,NA,1,1,1,1,4.84,19,https://www.airbnb.com/rooms/4264127
4265471,$40.00,Neighborhood highlights,1,1.5,1,0,4.9,30,https://www.airbnb.com/rooms/4265471
4268286,$125.00,Neighborhood highlights,2,1,1,1,4.77,260,https://www.airbnb.com/rooms/4268286
4271059,NA,Neighborhood highlights,4,NA,2,NA,4.57,7,https://www.airbnb.com/rooms/4271059
4273931,NA,NA,4,NA,2,NA,4.82,57,https://www.airbnb.com/rooms/4273931
4274589,NA,Neighborhood highlights,4,NA,1,NA,4.68,22,https://www.airbnb.com/rooms/4274589
4275729,NA,Neighborhood highlights,3,NA,1,NA,NA,0,https://www.airbnb.com/rooms/4275729
4279260,NA,Neighborhood highlights,4,NA,2,NA,4.92,104,https://www.airbnb.com/rooms/4279260
4279323,NA,NA,2,NA,1,NA,4.5,2,https://www.airbnb.com/rooms/4279323
4281241,NA,Neighborhood highlights,2,NA,NA,NA,4.71,24,https://www.airbnb.com/rooms/4281241
4285522,$195.00,Neighborhood highlights,1,1,1,1,5,27,https://www.airbnb.com/rooms/4285522
4291654,NA,NA,1,NA,1,NA,NA,0,https://www.airbnb.com/rooms/4291654
4293040,$75.00,NA,1,1,1,1,1,1,https://www.airbnb.com/rooms/4293040
4293935,$107.00,NA,2,1,1,2,4.39,76,https://www.airbnb.com/rooms/4293935
4294969,NA,Neighborhood highlights,4,NA,1,NA,4,1,https://www.airbnb.com/rooms/4294969
4296710,$55.00,Neighborhood highlights,3,1,1,2,4.69,134,https://www.airbnb.com/rooms/4296710
4296956,$175.00,Neighborhood highlights,6,1,3,5,4.54,37,https://www.airbnb.com/rooms/4296956
4297952,$212.00,Neighborhood highlights,2,1,1,1,4.88,371,https://www.airbnb.com/rooms/4297952
4299536,$164.00,NA,2,2,1,1,4.81,63,https://www.airbnb.com/rooms/4299536
4303600,$120.00,Neighborhood highlights,1,1.5,1,1,4.77,57,https://www.airbnb.com/rooms/4303600
4305170,$145.00,Neighborhood highlights,2,1,0,1,4.74,105,https://www.airbnb.com/rooms/4305170
4308991,NA,Neighborhood highlights,2,NA,NA,NA,4.89,9,https://www.airbnb.com/rooms/4308991
4310501,NA,Neighborhood highlights,2,NA,2,NA,4.81,74,https://www.airbnb.com/rooms/4310501
4315934,$80.00,NA,2,1,1,1,4.5,2,https://www.airbnb.com/rooms/4315934
4329728,NA,Neighborhood highlights,2,NA,NA,NA,4.55,20,https://www.airbnb.com/rooms/4329728
4331684,NA,Neighborhood highlights,4,NA,2,NA,4.88,16,https://www.airbnb.com/rooms/4331684
4338541,NA,Neighborhood highlights,4,NA,1,NA,4.75,8,https://www.airbnb.com/rooms/4338541
4338548,$225.00,Neighborhood highlights,2,2,2,2,4.87,52,https://www.airbnb.com/rooms/4338548
4339202,NA,Neighborhood highlights,1,NA,NA,NA,5,2,https://www.airbnb.com/rooms/4339202
4339924,NA,Neighborhood highlights,3,NA,1,NA,4.81,91,https://www.airbnb.com/rooms/4339924
4343860,NA,NA,4,NA,NA,NA,4.87,15,https://www.airbnb.com/rooms/4343860
4343913,$98.00,Neighborhood highlights,2,1,0,1,5,14,https://www.airbnb.com/rooms/4343913
4349358,NA,Neighborhood highlights,2,NA,NA,NA,4.41,243,https://www.airbnb.com/rooms/4349358
4349695,NA,Neighborhood highlights,3,NA,NA,NA,4.69,32,https://www.airbnb.com/rooms/4349695
4350406,NA,NA,3,NA,1,NA,NA,0,https://www.airbnb.com/rooms/4350406
4350495,NA,Neighborhood highlights,2,NA,NA,NA,NA,0,https://www.airbnb.com/rooms/4350495
4350687,$350.00,Neighborhood highlights,4,1,3,2,4.67,3,https://www.airbnb.com/rooms/4350687
4351563,NA,NA,2,NA,2,NA,4.71,7,https://www.airbnb.com/rooms/4351563
4352537,$282.00,Neighborhood highlights,4,1,2,2,4.69,58,https://www.airbnb.com/rooms/4352537
4354764,$96.00,NA,2,1,1,1,4.74,163,https://www.airbnb.com/rooms/4354764
4354901,NA,Neighborhood highlights,1,NA,1,NA,NA,0,https://www.airbnb.com/rooms/4354901
4355934,$42.00,Neighborhood highlights,1,1,1,1,4.68,186,https://www.airbnb.com/rooms/4355934
4357134,NA,NA,4,NA,2,NA,NA,0,https://www.airbnb.com/rooms/4357134
4357496,NA,Neighborhood highlights,3,NA,1,NA,4.85,13,https://www.airbnb.com/rooms/4357496
4357892,NA,Neighborhood highlights,6,NA,4,NA,4.64,94,https://www.airbnb.com/rooms/4357892
4359718,$98.00,Neighborhood highlights,7,1,2,3,4.42,148,https://www.airbnb.com/rooms/4359718
4362570,$300.00,Neighborhood highlights,4,1,1,2,4.85,155,https://www.airbnb.com/rooms/4362570
4364924,NA,Neighborhood highlights,2,NA,1,NA,NA,0,https://www.airbnb.com/rooms/4364924
4365242,NA,NA,2,NA,NA,NA,4.4,5,https://www.airbnb.com/rooms/4365242
4365276,NA,Neighborhood highlights,4,NA,1,NA,4.52,274,https://www.airbnb.com/rooms/4365276
4365833,NA,NA,2,NA,1,NA,4.75,4,https://www.airbnb.com/rooms/4365833
4366053,$69.00,Neighborhood highlights,1,1,1,1,4.65,20,https://www.airbnb.com/rooms/4366053
4377929,$136.00,Neighborhood highlights,4,1,1,3,4.72,294,https://www.airbnb.com/rooms/4377929
4378951,$192.00,Neighborhood highlights,2,1,1,1,4.9,258,https://www.airbnb.com/rooms/4378951
4383734,NA,Neighborhood highlights,2,NA,1,NA,4.58,12,https://www.airbnb.com/rooms/4383734
4384442,NA,Neighborhood highlights,2,NA,1,NA,NA,0,https://www.airbnb.com/rooms/4384442
4384820,NA,Neighborhood highlights,1,NA,NA,NA,5,1,https://www.airbnb.com/rooms/4384820
4385360,NA,NA,4,NA,1,NA,NA,0,https://www.airbnb.com/rooms/4385360
4386718,NA,Neighborhood highlights,2,NA,1,NA,5,1,https://www.airbnb.com/rooms/4386718
4387152,$100.00,Neighborhood highlights,2,1,0,1,4.81,155,https://www.airbnb.com/rooms/4387152
4387491,NA,Neighborhood highlights,3,NA,1,NA,4.89,9,https://www.airbnb.com/rooms/4387491
4390865,NA,NA,4,NA,NA,NA,5,3,https://www.airbnb.com/rooms/4390865
4392066,NA,NA,1,NA,1,NA,NA,0,https://www.airbnb.com/rooms/4392066
4392596,NA,NA,2,NA,NA,NA,4.75,4,https://www.airbnb.com/rooms/4392596
4392996,NA,NA,3,NA,1,NA,4.25,8,https://www.airbnb.com/rooms/4392996
4394687,NA,Neighborhood highlights,3,NA,NA,NA,4.86,7,https://www.airbnb.com/rooms/4394687
4396939,$89.00,Neighborhood highlights,2,1,1,1,4.77,78,https://www.airbnb.com/rooms/4396939
4397455,$90.00,Neighborhood highlights,6,1,2,5,4.98,85,https://www.airbnb.com/rooms/4397455
4401193,NA,Neighborhood highlights,2,NA,NA,NA,4.75,4,https://www.airbnb.com/rooms/4401193
4405156,NA,Neighborhood highlights,1,NA,1,NA,4.7,99,https://www.airbnb.com/rooms/4405156
4407557,NA,NA,4,NA,NA,NA,NA,0,https://www.airbnb.com/rooms/4407557
4410249,$110.00,Neighborhood highlights,1,1,1,1,5,1,https://www.airbnb.com/rooms/4410249
4410643,NA,Neighborhood highlights,5,NA,2,NA,4.67,3,https://www.airbnb.com/rooms/4410643
4412533,NA,Neighborhood highlights,2,NA,NA,NA,4.75,72,https://www.airbnb.com/rooms/4412533
4421826,NA,NA,2,NA,NA,NA,NA,0,https://www.airbnb.com/rooms/4421826
4422017,NA,NA,2,NA,NA,NA,4.71,7,https://www.airbnb.com/rooms/4422017
4426780,$90.00,Neighborhood highlights,2,1,0,1,4.56,25,https://www.airbnb.com/rooms/4426780
4426877,NA,NA,4,NA,3,NA,4.53,15,https://www.airbnb.com/rooms/4426877
4428027,NA,NA,4,NA,1,NA,4.33,3,https://www.airbnb.com/rooms/4428027
4428854,$65.00,NA,1,1,1,1,4.91,197,https://www.airbnb.com/rooms/4428854
4428906,NA,Neighborhood highlights,8,NA,3,NA,5,10,https://www.airbnb.com/rooms/4428906
4430645,NA,Neighborhood highlights,4,NA,2,NA,NA,0,https://www.airbnb.com/rooms/4430645
4430819,NA,Neighborhood highlights,2,NA,1,NA,4.67,3,https://www.airbnb.com/rooms/4430819
4431674,$150.00,Neighborhood highlights,2,1,1,0,4.44,36,https://www.airbnb.com/rooms/4431674
4435766,NA,NA,2,NA,1,NA,NA,0,https://www.airbnb.com/rooms/4435766
4436185,NA,Neighborhood highlights,2,NA,NA,NA,NA,0,https://www.airbnb.com/rooms/4436185
4436944,$57.00,Neighborhood highlights,1,1,1,1,4.56,32,https://www.airbnb.com/rooms/4436944
4438459,NA,Neighborhood highlights,2,NA,1,NA,4.74,19,https://www.airbnb.com/rooms/4438459
4439664,NA,Neighborhood highlights,2,NA,NA,NA,4.29,7,https://www.airbnb.com/rooms/4439664
4440181,NA,Neighborhood highlights,2,NA,NA,NA,4.92,13,https://www.airbnb.com/rooms/4440181
4440538,NA,Neighborhood highlights,1,NA,1,NA,4.94,17,https://www.airbnb.com/rooms/4440538
4440611,NA,Neighborhood highlights,2,NA,1,NA,4.67,3,https://www.airbnb.com/rooms/4440611
4440751,$116.00,NA,2,1,0,2,4.54,41,https://www.airbnb.com/rooms/4440751
4446178,NA,NA,2,NA,1,NA,4,6,https://www.airbnb.com/rooms/4446178
4446862,NA,Neighborhood highlights,2,NA,NA,NA,NA,0,https://www.airbnb.com/rooms/4446862
4447611,NA,NA,2,NA,1,NA,NA,0,https://www.airbnb.com/rooms/4447611
4447904,NA,Neighborhood highlights,3,NA,2,NA,5,5,https://www.airbnb.com/rooms/4447904
4449058,NA,Neighborhood highlights,2,NA,NA,NA,4.45,22,https://www.airbnb.com/rooms/4449058
4449611,NA,Neighborhood highlights,4,NA,1,NA,NA,0,https://www.airbnb.com/rooms/4449611
4452723,$95.00,NA,4,1,2,2,4.72,18,https://www.airbnb.com/rooms/4452723
4453233,NA,Neighborhood highlights,5,NA,2,NA,4.2,5,https://www.airbnb.com/rooms/4453233
4453484,$250.00,Neighborhood highlights,3,1,1,1,4.88,286,https://www.airbnb.com/rooms/4453484
4455301,$80.00,Neighborhood highlights,2,1,1,1,4.94,352,https://www.airbnb.com/rooms/4455301
4456004,NA,Neighborhood highlights,2,NA,1,NA,5,4,https://www.airbnb.com/rooms/4456004
4456312,NA,Neighborhood highlights,1,NA,NA,NA,4.9,30,https://www.airbnb.com/rooms/4456312
4456555,NA,NA,6,NA,2,NA,4.71,7,https://www.airbnb.com/rooms/4456555
4457556,NA,Neighborhood highlights,2,NA,NA,NA,4.81,67,https://www.airbnb.com/rooms/4457556
4462491,NA,Neighborhood highlights,4,NA,1,NA,5,1,https://www.airbnb.com/rooms/4462491
4462553,NA,NA,2,NA,2,NA,NA,0,https://www.airbnb.com/rooms/4462553
4464508,$76.00,NA,4,1,1,2,4.54,37,https://www.airbnb.com/rooms/4464508
4465274,NA,Neighborhood highlights,4,NA,1,NA,4.83,36,https://www.airbnb.com/rooms/4465274
4469650,$795.00,Neighborhood highlights,9,2.5,5,6,4.74,282,https://www.airbnb.com/rooms/4469650
4472978,$281.00,Neighborhood highlights,2,1,0,1,4.92,339,https://www.airbnb.com/rooms/4472978
4479556,NA,NA,3,NA,1,NA,4,1,https://www.airbnb.com/rooms/4479556
4480308,NA,NA,2,NA,NA,NA,4.65,23,https://www.airbnb.com/rooms/4480308
4482158,NA,NA,3,NA,2,NA,5,2,https://www.airbnb.com/rooms/4482158
4485286,NA,NA,4,NA,NA,NA,5,1,https://www.airbnb.com/rooms/4485286
4492303,$240.00,Neighborhood highlights,2,1,1,1,4.77,30,https://www.airbnb.com/rooms/4492303
4492821,NA,Neighborhood highlights,2,NA,2,NA,4,2,https://www.airbnb.com/rooms/4492821
4493526,NA,NA,2,NA,1,NA,NA,0,https://www.airbnb.com/rooms/4493526
4494217,NA,Neighborhood highlights,2,NA,NA,NA,5,1,https://www.airbnb.com/rooms/4494217
4494705,NA,NA,1,NA,1,NA,5,1,https://www.airbnb.com/rooms/4494705
4497294,NA,NA,2,NA,NA,NA,4.7,10,https://www.airbnb.com/rooms/4497294
4498688,$262.00,Neighborhood highlights,5,2,2,2,4.56,16,https://www.airbnb.com/rooms/4498688
4498798,NA,NA,2,NA,NA,NA,NA,0,https://www.airbnb.com/rooms/4498798
4498927,NA,Neighborhood highlights,8,NA,2,NA,4.86,108,https://www.airbnb.com/rooms/4498927
4499097,NA,Neighborhood highlights,2,NA,1,NA,4.8,25,https://www.airbnb.com/rooms/4499097
4500272,NA,Neighborhood highlights,3,NA,NA,NA,5,1,https://www.airbnb.com/rooms/4500272
4500794,NA,Neighborhood highlights,2,NA,NA,NA,4.33,9,https://www.airbnb.com/rooms/4500794
4501164,NA,Neighborhood highlights,2,NA,NA,NA,4.59,61,https://www.airbnb.com/rooms/4501164
4504115,$150.00,Neighborhood highlights,2,1.5,2,1,4.64,81,https://www.airbnb.com/rooms/4504115
4504353,NA,Neighborhood highlights,2,NA,NA,NA,4,1,https://www.airbnb.com/rooms/4504353
4507262,NA,Neighborhood highlights,4,NA,1,NA,4.58,40,https://www.airbnb.com/rooms/4507262
4508885,NA,Neighborhood highlights,2,NA,1,NA,NA,0,https://www.airbnb.com/rooms/4508885
4509560,$170.00,Neighborhood highlights,3,1,0,2,4.42,19,https://www.airbnb.com/rooms/4509560
4509664,NA,Neighborhood highlights,4,NA,2,NA,4.5,6,https://www.airbnb.com/rooms/4509664
4513084,NA,Neighborhood highlights,2,NA,1,NA,5,2,https://www.airbnb.com/rooms/4513084
4514042,$82.00,NA,1,1.5,1,1,4.9,42,https://www.airbnb.com/rooms/4514042
4515111,$239.00,Neighborhood highlights,2,1,1,1,5,1,https://www.airbnb.com/rooms/4515111
4517848,$93.00,Neighborhood highlights,2,1,1,1,4.67,6,https://www.airbnb.com/rooms/4517848
4518242,NA,Neighborhood highlights,2,NA,NA,NA,4.67,3,https://www.airbnb.com/rooms/4518242
4520449,NA,NA,2,NA,1,NA,NA,0,https://www.airbnb.com/rooms/4520449
4524289,NA,Neighborhood highlights,1,NA,1,NA,NA,0,https://www.airbnb.com/rooms/4524289
4525334,$100.00,NA,2,1,1,1,5,1,https://www.airbnb.com/rooms/4525334
4525475,NA,NA,4,NA,1,NA,NA,0,https://www.airbnb.com/rooms/4525475
4525589,NA,NA,3,NA,NA,NA,NA,0,https://www.airbnb.com/rooms/4525589
4530085,NA,Neighborhood highlights,4,NA,2,NA,4,1,https://www.airbnb.com/rooms/4530085
4530160,NA,Neighborhood highlights,5,NA,1,NA,4.86,7,https://www.airbnb.com/rooms/4530160
4530432,$87.00,Neighborhood highlights,2,1,0,2,4.4,10,https://www.airbnb.com/rooms/4530432
4532913,$67.00,NA,1,1,1,1,4.81,425,https://www.airbnb.com/rooms/4532913
4537198,NA,NA,3,NA,NA,NA,5,4,https://www.airbnb.com/rooms/4537198
4537389,NA,Neighborhood highlights,4,NA,1,NA,NA,0,https://www.airbnb.com/rooms/4537389
4537500,$45.00,NA,1,1,1,1,4.5,2,https://www.airbnb.com/rooms/4537500
4538012,$85.00,Neighborhood highlights,2,1,1,1,4.9,67,https://www.airbnb.com/rooms/4538012
4538901,NA,Neighborhood highlights,2,NA,1,NA,NA,0,https://www.airbnb.com/rooms/4538901
4539480,$260.00,NA,3,1,1,1,4.92,13,https://www.airbnb.com/rooms/4539480
4539483,NA,Neighborhood highlights,2,NA,1,NA,4.88,17,https://www.airbnb.com/rooms/4539483
4539520,NA,Neighborhood highlights,4,NA,1,NA,4.78,9,https://www.airbnb.com/rooms/4539520
4539906,NA,NA,3,NA,1,NA,NA,0,https://www.airbnb.com/rooms/4539906
4539943,$200.00,NA,1,1.5,2,1,4.71,99,https://www.airbnb.com/rooms/4539943
4540852,NA,NA,2,NA,1,NA,NA,0,https://www.airbnb.com/rooms/4540852
4541102,$118.00,Neighborhood highlights,4,1,2,2,4.74,39,https://www.airbnb.com/rooms/4541102
4545999,$60.00,Neighborhood highlights,1,1,1,1,5,44,https://www.airbnb.com/rooms/4545999
4546721,NA,NA,4,NA,1,NA,5,1,https://www.airbnb.com/rooms/4546721
4547143,NA,Neighborhood highlights,1,NA,NA,NA,NA,0,https://www.airbnb.com/rooms/4547143
4547273,NA,Neighborhood highlights,3,NA,1,NA,4.65,34,https://www.airbnb.com/rooms/4547273
4549248,NA,NA,3,NA,1,NA,4.5,2,https://www.airbnb.com/rooms/4549248
4549557,$199.00,Neighborhood highlights,4,1,1,2,4.33,3,https://www.airbnb.com/rooms/4549557
4549627,NA,Neighborhood highlights,2,NA,1,NA,NA,0,https://www.airbnb.com/rooms/4549627
4550015,NA,NA,1,NA,NA,NA,NA,0,https://www.airbnb.com/rooms/4550015
4550602,$200.00,Neighborhood highlights,3,1,1,2,4.65,110,https://www.airbnb.com/rooms/4550602
4554577,NA,Neighborhood highlights,2,NA,1,NA,5,4,https://www.airbnb.com/rooms/4554577
4555241,NA,Neighborhood highlights,3,NA,NA,NA,NA,0,https://www.airbnb.com/rooms/4555241
4556564,$70.00,Neighborhood highlights,1,1,1,1,4.93,15,https://www.airbnb.com/rooms/4556564
4557370,$99.00,Neighborhood highlights,1,1,0,1,4.92,13,https://www.airbnb.com/rooms/4557370
4559096,$145.00,NA,2,1,1,1,4.97,364,https://www.airbnb.com/rooms/4559096
4564292,NA,Neighborhood highlights,1,NA,1,NA,4.72,188,https://www.airbnb.com/rooms/4564292
4567518,NA,Neighborhood highlights,4,NA,2,NA,4.73,15,https://www.airbnb.com/rooms/4567518
4571518,NA,Neighborhood highlights,1,NA,NA,NA,4,1,https://www.airbnb.com/rooms/4571518
4572225,NA,Neighborhood highlights,3,NA,1,NA,4.67,12,https://www.airbnb.com/rooms/4572225
4573728,NA,Neighborhood highlights,2,1,2,2,4.89,176,https://www.airbnb.com/rooms/4573728
4573897,$80.00,Neighborhood highlights,2,1,1,1,4.84,127,https://www.airbnb.com/rooms/4573897
4574224,NA,NA,2,NA,NA,NA,NA,0,https://www.airbnb.com/rooms/4574224
4576206,$285.00,Neighborhood highlights,2,1,1,2,4.9,142,https://www.airbnb.com/rooms/4576206
4576821,NA,Neighborhood highlights,2,NA,1,NA,4.8,10,https://www.airbnb.com/rooms/4576821
4581479,NA,Neighborhood highlights,2,NA,NA,NA,NA,0,https://www.airbnb.com/rooms/4581479
4581942,NA,Neighborhood highlights,3,NA,1,NA,NA,0,https://www.airbnb.com/rooms/4581942
4582087,NA,NA,1,NA,1,NA,NA,0,https://www.airbnb.com/rooms/4582087
4582785,NA,NA,5,NA,2,NA,4.5,18,https://www.airbnb.com/rooms/4582785
4585748,NA,NA,1,NA,2,NA,NA,0,https://www.airbnb.com/rooms/4585748
4586330,NA,NA,2,NA,NA,NA,NA,0,https://www.airbnb.com/rooms/4586330
4587905,NA,Neighborhood highlights,4,NA,2,NA,NA,0,https://www.airbnb.com/rooms/4587905
4588689,NA,NA,2,NA,1,NA,NA,0,https://www.airbnb.com/rooms/4588689
4592475,NA,Neighborhood highlights,2,NA,NA,NA,5,7,https://www.airbnb.com/rooms/4592475
4593939,NA,Neighborhood highlights,3,NA,1,NA,4.74,46,https://www.airbnb.com/rooms/4593939
4594389,$175.00,Neighborhood highlights,4,1,2,3,4.76,25,https://www.airbnb.com/rooms/4594389
4601325,NA,Neighborhood highlights,2,NA,NA,NA,5,2,https://www.airbnb.com/rooms/4601325
4603012,NA,Neighborhood highlights,4,NA,1,NA,5,24,https://www.airbnb.com/rooms/4603012
4604991,$85.00,Neighborhood highlights,2,1,1,1,4.94,360,https://www.airbnb.com/rooms/4604991
4605840,$75.00,Neighborhood highlights,2,1,1,1,4.93,101,https://www.airbnb.com/rooms/4605840
4606385,NA,NA,4,NA,2,NA,5,1,https://www.airbnb.com/rooms/4606385
4606473,NA,NA,4,NA,2,NA,5,1,https://www.airbnb.com/rooms/4606473
4611203,NA,Neighborhood highlights,4,NA,1,NA,4,5,https://www.airbnb.com/rooms/4611203
4611256,NA,NA,2,NA,NA,NA,NA,0,https://www.airbnb.com/rooms/4611256
4611295,NA,NA,2,NA,NA,NA,NA,0,https://www.airbnb.com/rooms/4611295
4612401,NA,NA,2,NA,1,NA,NA,0,https://www.airbnb.com/rooms/4612401
4613154,NA,Neighborhood highlights,4,NA,NA,NA,4.26,23,https://www.airbnb.com/rooms/4613154
4614091,$258.00,Neighborhood highlights,5,1,3,3,4.69,13,https://www.airbnb.com/rooms/4614091
4614838,$272.00,Neighborhood highlights,6,1,2,2,4.8,5,https://www.airbnb.com/rooms/4614838
4619579,NA,NA,3,NA,1,NA,NA,0,https://www.airbnb.com/rooms/4619579
4620505,NA,Neighborhood highlights,2,NA,1,NA,NA,0,https://www.airbnb.com/rooms/4620505
4620962,NA,NA,2,NA,1,NA,NA,0,https://www.airbnb.com/rooms/4620962
4621213,$188.00,Neighborhood highlights,3,1,2,4,4.64,66,https://www.airbnb.com/rooms/4621213
4621217,$199.00,NA,3,1,1,1,4.29,17,https://www.airbnb.com/rooms/4621217
4621713,$149.00,Neighborhood highlights,4,1,1,2,4.5,14,https://www.airbnb.com/rooms/4621713
4623217,NA,Neighborhood highlights,3,NA,NA,NA,4.67,6,https://www.airbnb.com/rooms/4623217
4628804,NA,Neighborhood highlights,2,NA,NA,NA,5,4,https://www.airbnb.com/rooms/4628804
4629599,NA,Neighborhood highlights,2,NA,1,NA,5,1,https://www.airbnb.com/rooms/4629599
4629726,NA,NA,2,NA,NA,NA,4,1,https://www.airbnb.com/rooms/4629726
4629870,$155.00,Neighborhood highlights,4,1,0,2,4.8,20,https://www.airbnb.com/rooms/4629870
4632795,$500.00,NA,1,1,1,1,4.75,12,https://www.airbnb.com/rooms/4632795
4632852,$89.00,NA,2,1,1,1,4.5,8,https://www.airbnb.com/rooms/4632852
4636643,NA,Neighborhood highlights,2,NA,1,NA,4.83,6,https://www.airbnb.com/rooms/4636643
4637053,$250.00,Neighborhood highlights,4,1,1,4,4.85,176,https://www.airbnb.com/rooms/4637053
4637146,$168.00,Neighborhood highlights,3,1,1,1,4.74,238,https://www.airbnb.com/rooms/4637146
4638086,$474.00,Neighborhood highlights,3,1,1,1,4.79,14,https://www.airbnb.com/rooms/4638086
4638668,NA,Neighborhood highlights,2,NA,NA,NA,NA,0,https://www.airbnb.com/rooms/4638668
4639179,NA,Neighborhood highlights,1,NA,NA,NA,4.73,86,https://www.airbnb.com/rooms/4639179
4639451,NA,Neighborhood highlights,1,NA,NA,NA,NA,0,https://www.airbnb.com/rooms/4639451
4639746,NA,Neighborhood highlights,2,NA,NA,NA,4.93,14,https://www.airbnb.com/rooms/4639746
4641291,NA,Neighborhood highlights,2,NA,NA,NA,4.2,5,https://www.airbnb.com/rooms/4641291
4643192,NA,NA,2,NA,1,NA,4.4,5,https://www.airbnb.com/rooms/4643192
4643199,$144.00,Neighborhood highlights,3,1,1,1,4.5,8,https://www.airbnb.com/rooms/4643199
4644669,$375.00,Neighborhood highlights,2,1,1,2,4.96,102,https://www.airbnb.com/rooms/4644669
4644828,NA,Neighborhood highlights,2,NA,1,NA,4.8,5,https://www.airbnb.com/rooms/4644828
4645170,$89.00,NA,2,1,1,1,4.75,83,https://www.airbnb.com/rooms/4645170
4645319,$75.00,Neighborhood highlights,4,1,2,2,4.58,190,https://www.airbnb.com/rooms/4645319
4654374,$703.00,Neighborhood highlights,4,2.5,3,4,5,3,https://www.airbnb.com/rooms/4654374
4659046,NA,Neighborhood highlights,2,NA,NA,NA,4.79,56,https://www.airbnb.com/rooms/4659046
4660022,"$1,025.00",Neighborhood highlights,5,2,2,2,4.94,133,https://www.airbnb.com/rooms/4660022
4660964,NA,Neighborhood highlights,3,NA,2,NA,4.5,18,https://www.airbnb.com/rooms/4660964
4661135,NA,Neighborhood highlights,1,NA,NA,NA,4.72,18,https://www.airbnb.com/rooms/4661135
4663807,NA,Neighborhood highlights,2,NA,2,NA,4.5,2,https://www.airbnb.com/rooms/4663807
4666584,$450.00,NA,8,2,2,5,4.86,164,https://www.airbnb.com/rooms/4666584
4666794,NA,Neighborhood highlights,1,NA,1,NA,5,1,https://www.airbnb.com/rooms/4666794
4667046,$275.00,Neighborhood highlights,6,1,3,4,4.86,159,https://www.airbnb.com/rooms/4667046
4668244,$150.00,NA,2,1,1,1,4.55,42,https://www.airbnb.com/rooms/4668244
4668252,$120.00,Neighborhood highlights,3,1,0,2,4.85,33,https://www.airbnb.com/rooms/4668252
4671712,NA,Neighborhood highlights,3,NA,NA,NA,4.86,7,https://www.airbnb.com/rooms/4671712
4677654,$43.00,Neighborhood highlights,2,3,1,1,4.4,10,https://www.airbnb.com/rooms/4677654
4678514,NA,NA,2,NA,1,NA,4.8,5,https://www.airbnb.com/rooms/4678514
4678742,NA,NA,4,NA,2,NA,NA,0,https://www.airbnb.com/rooms/4678742
4678795,NA,Neighborhood highlights,2,NA,1,NA,NA,0,https://www.airbnb.com/rooms/4678795
4679967,NA,Neighborhood highlights,2,NA,NA,NA,4.83,6,https://www.airbnb.com/rooms/4679967
4685985,NA,NA,2,NA,NA,NA,NA,0,https://www.airbnb.com/rooms/4685985
4686678,NA,NA,2,NA,NA,NA,5,2,https://www.airbnb.com/rooms/4686678
4687730,NA,Neighborhood highlights,2,NA,NA,NA,NA,0,https://www.airbnb.com/rooms/4687730
4688209,$86.00,Neighborhood highlights,1,1,1,1,4.96,23,https://www.airbnb.com/rooms/4688209
4688418,$172.00,Neighborhood highlights,4,1,2,3,4.8,10,https://www.airbnb.com/rooms/4688418
4691649,NA,NA,2,NA,NA,NA,5,1,https://www.airbnb.com/rooms/4691649
4693338,NA,Neighborhood highlights,2,NA,NA,NA,4.5,2,https://www.airbnb.com/rooms/4693338
4694480,$325.00,Neighborhood highlights,6,1,2,3,4.93,235,https://www.airbnb.com/rooms/4694480
4695408,NA,NA,2,NA,NA,NA,4.5,2,https://www.airbnb.com/rooms/4695408
4699061,NA,NA,1,NA,1,NA,NA,0,https://www.airbnb.com/rooms/4699061
4700082,NA,Neighborhood highlights,2,NA,1,NA,4.78,18,https://www.airbnb.com/rooms/4700082
4700565,NA,Neighborhood highlights,2,NA,NA,NA,4,1,https://www.airbnb.com/rooms/4700565
4700809,NA,Neighborhood highlights,2,NA,1,NA,NA,0,https://www.airbnb.com/rooms/4700809
4704813,NA,Neighborhood highlights,4,NA,2,NA,5,8,https://www.airbnb.com/rooms/4704813
4705670,$60.00,Neighborhood highlights,2,1,1,1,4.9,94,https://www.airbnb.com/rooms/4705670
4706957,NA,NA,2,NA,NA,NA,4.5,4,https://www.airbnb.com/rooms/4706957
4707057,NA,Neighborhood highlights,1,NA,NA,NA,5,1,https://www.airbnb.com/rooms/4707057
4707159,NA,NA,1,NA,NA,NA,4,1,https://www.airbnb.com/rooms/4707159
4707959,$40.00,Neighborhood highlights,1,1,1,1,4.73,15,https://www.airbnb.com/rooms/4707959
4708314,NA,Neighborhood highlights,3,NA,1,NA,4.67,12,https://www.airbnb.com/rooms/4708314
4709252,NA,NA,2,NA,1,NA,5,1,https://www.airbnb.com/rooms/4709252
4710310,NA,NA,2,NA,1,NA,NA,0,https://www.airbnb.com/rooms/4710310
4710315,NA,NA,4,NA,2,NA,4.75,8,https://www.airbnb.com/rooms/4710315
4710488,NA,Neighborhood highlights,2,NA,NA,NA,4.67,3,https://www.airbnb.com/rooms/4710488
4711070,$125.00,NA,1,1,1,1,4.83,24,https://www.airbnb.com/rooms/4711070
4711396,$99.00,Neighborhood highlights,2,1,1,1,5,1,https://www.airbnb.com/rooms/4711396
4714854,$160.00,Neighborhood highlights,3,1,2,2,4.5,14,https://www.airbnb.com/rooms/4714854
4716349,NA,Neighborhood highlights,2,NA,NA,NA,NA,0,https://www.airbnb.com/rooms/4716349
4717296,NA,Neighborhood highlights,4,NA,1,NA,4.89,97,https://www.airbnb.com/rooms/4717296
4719825,NA,Neighborhood highlights,4,NA,1,NA,4.67,6,https://www.airbnb.com/rooms/4719825
4720142,NA,NA,2,NA,1,NA,NA,0,https://www.airbnb.com/rooms/4720142
4720558,NA,NA,1,NA,NA,NA,NA,0,https://www.airbnb.com/rooms/4720558
4720752,NA,Neighborhood highlights,1,NA,1,NA,NA,0,https://www.airbnb.com/rooms/4720752
4721007,NA,NA,1,NA,1,NA,5,1,https://www.airbnb.com/rooms/4721007
4724857,NA,Neighborhood highlights,2,NA,NA,NA,NA,0,https://www.airbnb.com/rooms/4724857
4724943,NA,NA,3,NA,1,NA,5,1,https://www.airbnb.com/rooms/4724943
4725852,NA,Neighborhood highlights,2,NA,1,NA,4.54,13,https://www.airbnb.com/rooms/4725852
4726749,NA,NA,1,NA,1,NA,NA,0,https://www.airbnb.com/rooms/4726749
4726893,NA,Neighborhood highlights,8,NA,3,NA,4.83,12,https://www.airbnb.com/rooms/4726893
4726941,NA,Neighborhood highlights,6,NA,3,NA,4.8,5,https://www.airbnb.com/rooms/4726941
4727731,NA,Neighborhood highlights,4,NA,1,NA,4.79,19,https://www.airbnb.com/rooms/4727731
4727912,NA,Neighborhood highlights,4,NA,2,NA,NA,0,https://www.airbnb.com/rooms/4727912
4730379,NA,NA,1,NA,1,NA,NA,0,https://www.airbnb.com/rooms/4730379
4731162,$60.00,Neighborhood highlights,1,1,1,1,4.87,39,https://www.airbnb.com/rooms/4731162
4734170,NA,Neighborhood highlights,3,NA,1,NA,4.83,18,https://www.airbnb.com/rooms/4734170
4737830,NA,Neighborhood highlights,1,NA,1,NA,4.5,2,https://www.airbnb.com/rooms/4737830
4737930,NA,Neighborhood highlights,4,NA,2,NA,5,1,https://www.airbnb.com/rooms/4737930
4738250,NA,NA,1,NA,1,NA,NA,0,https://www.airbnb.com/rooms/4738250
4738429,$121.00,Neighborhood highlights,2,1,1,2,4.61,18,https://www.airbnb.com/rooms/4738429
4738946,NA,Neighborhood highlights,2,NA,NA,NA,4,1,https://www.airbnb.com/rooms/4738946
4739407,NA,Neighborhood highlights,4,NA,1,NA,4.21,14,https://www.airbnb.com/rooms/4739407
4742068,$92.00,Neighborhood highlights,4,1,1,3,4.53,108,https://www.airbnb.com/rooms/4742068
4744276,NA,Neighborhood highlights,2,NA,NA,NA,4.76,17,https://www.airbnb.com/rooms/4744276
4745012,NA,Neighborhood highlights,3,NA,1,NA,4.5,16,https://www.airbnb.com/rooms/4745012
4745212,NA,NA,2,NA,2,NA,5,1,https://www.airbnb.com/rooms/4745212
4746171,NA,Neighborhood highlights,4,NA,2,NA,4.6,10,https://www.airbnb.com/rooms/4746171
4747068,NA,NA,3,NA,NA,NA,4.75,24,https://www.airbnb.com/rooms/4747068
4747624,$549.00,NA,6,1,3,4,4.85,261,https://www.airbnb.com/rooms/4747624
4748873,NA,Neighborhood highlights,1,NA,1,NA,NA,0,https://www.airbnb.com/rooms/4748873
4751686,NA,Neighborhood highlights,2,NA,NA,NA,4.4,5,https://www.airbnb.com/rooms/4751686
4752020,NA,Neighborhood highlights,3,NA,2,NA,NA,0,https://www.airbnb.com/rooms/4752020
4753571,NA,NA,2,NA,1,NA,4.9,10,https://www.airbnb.com/rooms/4753571
4753639,$127.00,Neighborhood highlights,2,1,1,1,4.94,18,https://www.airbnb.com/rooms/4753639
4753866,$117.00,Neighborhood highlights,2,1,1,1,5,4,https://www.airbnb.com/rooms/4753866
4753918,NA,NA,2,NA,NA,NA,NA,0,https://www.airbnb.com/rooms/4753918
4756125,NA,NA,1,NA,NA,NA,NA,0,https://www.airbnb.com/rooms/4756125
4756551,$118.00,Neighborhood highlights,2,2,1,1,4.87,230,https://www.airbnb.com/rooms/4756551
4757212,NA,Neighborhood highlights,2,NA,NA,NA,4.65,26,https://www.airbnb.com/rooms/4757212
4757941,NA,NA,5,NA,1,NA,5,1,https://www.airbnb.com/rooms/4757941
4758924,NA,Neighborhood highlights,2,NA,NA,NA,5,1,https://www.airbnb.com/rooms/4758924
4759680,$76.00,Neighborhood highlights,1,1,1,1,4.73,22,https://www.airbnb.com/rooms/4759680
4760085,$120.00,Neighborhood highlights,2,1,1,1,4.88,296,https://www.airbnb.com/rooms/4760085
4760107,$184.00,Neighborhood highlights,2,1,0,1,4.78,23,https://www.airbnb.com/rooms/4760107
4762718,NA,NA,2,NA,1,NA,NA,0,https://www.airbnb.com/rooms/4762718
4763327,NA,Neighborhood highlights,4,NA,1,NA,4,1,https://www.airbnb.com/rooms/4763327
4766198,NA,NA,1,NA,1,NA,4.5,2,https://www.airbnb.com/rooms/4766198
4766284,$70.00,Neighborhood highlights,2,1,1,1,4.75,53,https://www.airbnb.com/rooms/4766284
4766468,NA,Neighborhood highlights,3,NA,2,NA,5,1,https://www.airbnb.com/rooms/4766468
4766582,NA,Neighborhood highlights,2,NA,NA,NA,4.74,27,https://www.airbnb.com/rooms/4766582
4766819,NA,Neighborhood highlights,2,NA,1,NA,NA,0,https://www.airbnb.com/rooms/4766819
4768030,NA,NA,1,NA,1,NA,NA,0,https://www.airbnb.com/rooms/4768030
4768778,NA,Neighborhood highlights,4,NA,2,NA,5,3,https://www.airbnb.com/rooms/4768778
4773286,NA,NA,2,NA,NA,NA,NA,0,https://www.airbnb.com/rooms/4773286
4773463,NA,Neighborhood highlights,2,NA,NA,NA,NA,0,https://www.airbnb.com/rooms/4773463
4774629,NA,NA,2,NA,1,NA,NA,0,https://www.airbnb.com/rooms/4774629
4774763,NA,NA,2,NA,1,NA,4.78,9,https://www.airbnb.com/rooms/4774763
4775737,NA,NA,2,NA,NA,NA,4.93,14,https://www.airbnb.com/rooms/4775737
4777597,NA,Neighborhood highlights,4,NA,2,NA,NA,0,https://www.airbnb.com/rooms/4777597
4778638,NA,Neighborhood highlights,1,NA,NA,NA,4.5,2,https://www.airbnb.com/rooms/4778638
4781069,NA,NA,2,NA,1,NA,NA,0,https://www.airbnb.com/rooms/4781069
4782243,NA,Neighborhood highlights,2,NA,NA,NA,5,4,https://www.airbnb.com/rooms/4782243
4782252,NA,NA,2,NA,NA,NA,NA,0,https://www.airbnb.com/rooms/4782252
4782569,$131.00,Neighborhood highlights,2,1,1,1,4.94,96,https://www.airbnb.com/rooms/4782569
4782799,NA,Neighborhood highlights,4,NA,NA,NA,4.71,14,https://www.airbnb.com/rooms/4782799
4783614,NA,Neighborhood highlights,1,NA,NA,NA,5,2,https://www.airbnb.com/rooms/4783614
4783738,NA,Neighborhood highlights,3,NA,1,NA,4.9,10,https://www.airbnb.com/rooms/4783738
4783809,NA,Neighborhood highlights,3,NA,2,NA,4.7,44,https://www.airbnb.com/rooms/4783809
4783902,$150.00,NA,2,1,1,1,NA,0,https://www.airbnb.com/rooms/4783902
4784570,$89.00,NA,3,1,1,1,4.88,8,https://www.airbnb.com/rooms/4784570
4784846,NA,Neighborhood highlights,2,NA,1,NA,3.88,8,https://www.airbnb.com/rooms/4784846
4785563,NA,Neighborhood highlights,2,NA,1,NA,NA,0,https://www.airbnb.com/rooms/4785563
4785941,NA,NA,3,NA,1,NA,5,1,https://www.airbnb.com/rooms/4785941
4786030,NA,NA,2,NA,1,NA,4,1,https://www.airbnb.com/rooms/4786030
4786675,$159.00,Neighborhood highlights,1,1,0,1,4.97,33,https://www.airbnb.com/rooms/4786675
4787201,$199.00,Neighborhood highlights,6,1,2,3,4.91,22,https://www.airbnb.com/rooms/4787201
4790969,$70.00,Neighborhood highlights,1,1,1,1,4.77,82,https://www.airbnb.com/rooms/4790969
4792192,NA,NA,1,NA,1,NA,NA,0,https://www.airbnb.com/rooms/4792192
4792529,$170.00,Neighborhood highlights,4,1,2,2,4.86,382,https://www.airbnb.com/rooms/4792529
4792533,NA,Neighborhood highlights,2,NA,NA,NA,5,8,https://www.airbnb.com/rooms/4792533
4794322,NA,NA,2,NA,1,NA,4.33,3,https://www.airbnb.com/rooms/4794322
4795029,NA,NA,1,NA,NA,NA,4,1,https://www.airbnb.com/rooms/4795029
4795857,$100.00,Neighborhood highlights,4,1,2,3,4.67,18,https://www.airbnb.com/rooms/4795857
4798723,$79.00,NA,2,1,0,2,5,3,https://www.airbnb.com/rooms/4798723
4798794,NA,Neighborhood highlights,4,NA,NA,NA,4.33,3,https://www.airbnb.com/rooms/4798794
4802648,NA,NA,2,NA,1,NA,4.55,11,https://www.airbnb.com/rooms/4802648
4803244,NA,Neighborhood highlights,2,NA,NA,NA,NA,0,https://www.airbnb.com/rooms/4803244
4803623,NA,NA,2,NA,NA,NA,NA,0,https://www.airbnb.com/rooms/4803623
4807244,$299.00,Neighborhood highlights,6,1,2,4,4.8,291,https://www.airbnb.com/rooms/4807244
4807899,NA,Neighborhood highlights,2,NA,1,NA,4.71,7,https://www.airbnb.com/rooms/4807899
4808239,$150.00,NA,3,2,2,2,4.67,3,https://www.airbnb.com/rooms/4808239
4808505,$100.00,Neighborhood highlights,1,0,1,1,4.97,68,https://www.airbnb.com/rooms/4808505
4813236,NA,Neighborhood highlights,1,NA,NA,NA,NA,0,https://www.airbnb.com/rooms/4813236
4813342,$95.00,NA,2,1,0,1,4.8,5,https://www.airbnb.com/rooms/4813342
4814075,NA,NA,1,NA,1,NA,NA,0,https://www.airbnb.com/rooms/4814075
4815028,NA,Neighborhood highlights,2,NA,1,NA,4.92,36,https://www.airbnb.com/rooms/4815028
4815953,NA,Neighborhood highlights,2,NA,NA,NA,4.77,39,https://www.airbnb.com/rooms/4815953
4817208,NA,Neighborhood highlights,2,NA,NA,NA,4.5,2,https://www.airbnb.com/rooms/4817208
4820897,$73.00,Neighborhood highlights,1,1,1,1,4.78,152,https://www.airbnb.com/rooms/4820897
4822181,$160.00,Neighborhood highlights,4,1,2,3,4.23,13,https://www.airbnb.com/rooms/4822181
4822324,NA,Neighborhood highlights,2,NA,1,NA,5,7,https://www.airbnb.com/rooms/4822324
4822557,NA,NA,2,NA,1,NA,NA,0,https://www.airbnb.com/rooms/4822557
4823105,$45.00,Neighborhood highlights,1,0,1,1,4.97,32,https://www.airbnb.com/rooms/4823105
4823386,$138.00,Neighborhood highlights,6,1.5,2,5,4.75,172,https://www.airbnb.com/rooms/4823386
4823529,$34.00,Neighborhood highlights,2,1,1,1,4.66,263,https://www.airbnb.com/rooms/4823529
4824052,NA,Neighborhood highlights,4,NA,2,NA,4.79,14,https://www.airbnb.com/rooms/4824052
4824146,NA,Neighborhood highlights,4,NA,1,NA,5,1,https://www.airbnb.com/rooms/4824146
4824310,NA,Neighborhood highlights,2,NA,NA,NA,4.82,33,https://www.airbnb.com/rooms/4824310
4824361,$79.00,Neighborhood highlights,2,1.5,1,1,5,12,https://www.airbnb.com/rooms/4824361
4824849,NA,Neighborhood highlights,4,NA,2,NA,NA,0,https://www.airbnb.com/rooms/4824849
4825359,NA,Neighborhood highlights,2,NA,NA,NA,5,6,https://www.airbnb.com/rooms/4825359
4830154,NA,NA,1,NA,NA,NA,NA,0,https://www.airbnb.com/rooms/4830154
4830799,$98.00,Neighborhood highlights,2,1,1,1,4.92,63,https://www.airbnb.com/rooms/4830799
4833294,NA,Neighborhood highlights,2,NA,1,NA,NA,0,https://www.airbnb.com/rooms/4833294
4839323,NA,Neighborhood highlights,4,NA,2,NA,5,2,https://www.airbnb.com/rooms/4839323
4839805,NA,Neighborhood highlights,2,NA,1,NA,4,1,https://www.airbnb.com/rooms/4839805
4839932,NA,Neighborhood highlights,3,NA,1,NA,4.88,8,https://www.airbnb.com/rooms/4839932
4840211,NA,NA,2,NA,NA,NA,NA,0,https://www.airbnb.com/rooms/4840211
4840381,NA,NA,4,NA,2,NA,5,1,https://www.airbnb.com/rooms/4840381
4840841,NA,Neighborhood highlights,4,NA,1,NA,NA,0,https://www.airbnb.com/rooms/4840841
4840977,NA,NA,4,NA,2,NA,NA,0,https://www.airbnb.com/rooms/4840977
4841187,NA,NA,3,NA,1,NA,4.57,7,https://www.airbnb.com/rooms/4841187
4841431,NA,Neighborhood highlights,4,NA,1,NA,4.67,43,https://www.airbnb.com/rooms/4841431
4842054,NA,Neighborhood highlights,2,NA,1,NA,4.38,13,https://www.airbnb.com/rooms/4842054
4842507,NA,NA,2,NA,NA,NA,NA,0,https://www.airbnb.com/rooms/4842507
4845290,$155.00,NA,3,1,1,1,5,2,https://www.airbnb.com/rooms/4845290
4846199,NA,Neighborhood highlights,2,NA,1,NA,4.5,2,https://www.airbnb.com/rooms/4846199
4846877,NA,NA,1,NA,NA,NA,5,1,https://www.airbnb.com/rooms/4846877
4847177,$140.00,Neighborhood highlights,3,1,2,2,5,1,https://www.airbnb.com/rooms/4847177
4848500,NA,NA,4,NA,2,NA,5,5,https://www.airbnb.com/rooms/4848500
4849266,NA,Neighborhood highlights,1,NA,1,NA,NA,0,https://www.airbnb.com/rooms/4849266
4850000,NA,NA,2,NA,1,NA,NA,0,https://www.airbnb.com/rooms/4850000
4853287,NA,NA,1,NA,1,NA,NA,0,https://www.airbnb.com/rooms/4853287
4853365,NA,Neighborhood highlights,4,NA,2,NA,4.79,14,https://www.airbnb.com/rooms/4853365
4854417,NA,Neighborhood highlights,6,NA,3,NA,4.95,21,https://www.airbnb.com/rooms/4854417
4854552,NA,NA,1,NA,1,NA,NA,0,https://www.airbnb.com/rooms/4854552
4857075,NA,Neighborhood highlights,4,NA,2,NA,4.64,28,https://www.airbnb.com/rooms/4857075
4860430,NA,Neighborhood highlights,1,NA,NA,NA,4.84,179,https://www.airbnb.com/rooms/4860430
4860650,$140.00,Neighborhood highlights,2,1,1,6,4.81,110,https://www.airbnb.com/rooms/4860650
4861046,NA,NA,3,NA,1,NA,NA,0,https://www.airbnb.com/rooms/4861046
4861859,NA,Neighborhood highlights,1,NA,NA,NA,4.46,26,https://www.airbnb.com/rooms/4861859
4862917,$800.00,Neighborhood highlights,8,2.5,4,5,NA,0,https://www.airbnb.com/rooms/4862917
4863176,NA,Neighborhood highlights,2,NA,1,NA,5,5,https://www.airbnb.com/rooms/4863176
4865377,NA,Neighborhood highlights,4,NA,NA,NA,5,2,https://www.airbnb.com/rooms/4865377
4865387,NA,NA,2,NA,1,NA,4.33,3,https://www.airbnb.com/rooms/4865387
4868048,NA,Neighborhood highlights,1,NA,1,NA,NA,0,https://www.airbnb.com/rooms/4868048
4868571,NA,Neighborhood highlights,2,NA,2,NA,4.8,5,https://www.airbnb.com/rooms/4868571
4871966,NA,Neighborhood highlights,2,NA,1,NA,4.57,7,https://www.airbnb.com/rooms/4871966
4873699,NA,NA,2,NA,1,NA,NA,0,https://www.airbnb.com/rooms/4873699
4879530,NA,NA,2,NA,1,NA,NA,0,https://www.airbnb.com/rooms/4879530
4879911,NA,Neighborhood highlights,2,NA,NA,NA,4,1,https://www.airbnb.com/rooms/4879911
4880277,NA,Neighborhood highlights,3,NA,2,NA,4.87,126,https://www.airbnb.com/rooms/4880277
4880542,$400.00,Neighborhood highlights,3,1,1,2,4.8,41,https://www.airbnb.com/rooms/4880542
4881420,$179.00,Neighborhood highlights,2,1,0,2,4.54,93,https://www.airbnb.com/rooms/4881420
4884601,NA,NA,2,NA,1,NA,NA,0,https://www.airbnb.com/rooms/4884601
4885240,NA,NA,4,NA,2,NA,NA,0,https://www.airbnb.com/rooms/4885240
4885569,$320.00,Neighborhood highlights,2,1,1,1,4.8,60,https://www.airbnb.com/rooms/4885569
4885673,$110.00,Neighborhood highlights,1,1,1,1,4.91,76,https://www.airbnb.com/rooms/4885673
4886168,$60.00,Neighborhood highlights,1,1,1,1,NA,0,https://www.airbnb.com/rooms/4886168
4887727,NA,NA,2,NA,1,NA,4.71,7,https://www.airbnb.com/rooms/4887727
4890335,NA,Neighborhood highlights,2,NA,NA,NA,4.52,21,https://www.airbnb.com/rooms/4890335
4890726,NA,Neighborhood highlights,2,NA,1,NA,4.97,31,https://www.airbnb.com/rooms/4890726
4891172,NA,Neighborhood highlights,2,NA,1,NA,NA,0,https://www.airbnb.com/rooms/4891172
4891441,NA,Neighborhood highlights,11,NA,3,NA,4.77,155,https://www.airbnb.com/rooms/4891441
4891616,NA,Neighborhood highlights,2,NA,1,NA,5,1,https://www.airbnb.com/rooms/4891616
4892079,NA,NA,4,NA,2,NA,NA,0,https://www.airbnb.com/rooms/4892079
4897673,NA,NA,1,NA,NA,NA,NA,0,https://www.airbnb.com/rooms/4897673
4901269,NA,NA,2,NA,1,NA,5,4,https://www.airbnb.com/rooms/4901269
4901617,NA,NA,4,NA,1,NA,4.5,4,https://www.airbnb.com/rooms/4901617
4902025,NA,Neighborhood highlights,2,NA,NA,NA,NA,0,https://www.airbnb.com/rooms/4902025
4904582,NA,Neighborhood highlights,2,1,1,1,4.4,5,https://www.airbnb.com/rooms/4904582
4906961,NA,Neighborhood highlights,2,NA,NA,NA,4.95,38,https://www.airbnb.com/rooms/4906961
4907206,NA,NA,2,NA,NA,NA,NA,0,https://www.airbnb.com/rooms/4907206
4907561,$75.00,NA,4,1,2,2,NA,0,https://www.airbnb.com/rooms/4907561
4907749,NA,NA,2,NA,NA,NA,NA,0,https://www.airbnb.com/rooms/4907749
4908331,NA,Neighborhood highlights,4,NA,2,NA,4.91,22,https://www.airbnb.com/rooms/4908331
4909438,NA,Neighborhood highlights,2,NA,NA,NA,5,1,https://www.airbnb.com/rooms/4909438
4914545,NA,Neighborhood highlights,4,NA,2,NA,4.54,26,https://www.airbnb.com/rooms/4914545
4916340,$118.00,Neighborhood highlights,5,1,1,4,4.61,238,https://www.airbnb.com/rooms/4916340
4917122,NA,Neighborhood highlights,2,NA,1,NA,5,4,https://www.airbnb.com/rooms/4917122
4917217,NA,Neighborhood highlights,2,NA,2,NA,NA,0,https://www.airbnb.com/rooms/4917217
4920338,$310.00,NA,2,1,1,1,NA,0,https://www.airbnb.com/rooms/4920338
4920448,$310.00,NA,2,1,1,1,NA,0,https://www.airbnb.com/rooms/4920448
4920489,$330.00,NA,2,1,1,2,NA,0,https://www.airbnb.com/rooms/4920489
4920912,NA,Neighborhood highlights,2,NA,1,NA,NA,0,https://www.airbnb.com/rooms/4920912
4925368,$46.00,Neighborhood highlights,2,1,1,1,4.63,73,https://www.airbnb.com/rooms/4925368
4925517,NA,Neighborhood highlights,2,NA,NA,NA,4.8,414,https://www.airbnb.com/rooms/4925517
4927910,$47.00,Neighborhood highlights,2,1,1,1,4.7,33,https://www.airbnb.com/rooms/4927910
4928303,$200.00,Neighborhood highlights,1,1,1,1,4.69,118,https://www.airbnb.com/rooms/4928303
4930306,NA,Neighborhood highlights,2,NA,1,NA,5,1,https://www.airbnb.com/rooms/4930306
4931807,NA,Neighborhood highlights,2,NA,1,NA,4.5,4,https://www.airbnb.com/rooms/4931807
4932139,NA,Neighborhood highlights,4,NA,1,NA,4.71,163,https://www.airbnb.com/rooms/4932139
4936254,$349.00,Neighborhood highlights,2,1.5,2,2,4.84,203,https://www.airbnb.com/rooms/4936254
4937135,NA,Neighborhood highlights,4,NA,2,NA,4.83,6,https://www.airbnb.com/rooms/4937135
4941141,NA,NA,2,NA,NA,NA,4.11,9,https://www.airbnb.com/rooms/4941141
4941771,NA,NA,2,NA,NA,NA,4.74,31,https://www.airbnb.com/rooms/4941771
4942985,NA,NA,1,NA,NA,NA,NA,0,https://www.airbnb.com/rooms/4942985
4947515,$284.00,Neighborhood highlights,2,1,1,1,4.99,82,https://www.airbnb.com/rooms/4947515
4951402,NA,Neighborhood highlights,2,NA,NA,NA,4.71,171,https://www.airbnb.com/rooms/4951402
4952989,NA,Neighborhood highlights,5,NA,NA,NA,4.92,59,https://www.airbnb.com/rooms/4952989
4956469,$80.00,Neighborhood highlights,4,1,1,2,4.62,230,https://www.airbnb.com/rooms/4956469
4963237,$146.00,Neighborhood highlights,5,1,2,2,4.86,37,https://www.airbnb.com/rooms/4963237
4965152,NA,NA,2,NA,1,NA,4.88,8,https://www.airbnb.com/rooms/4965152
4967098,NA,Neighborhood highlights,2,NA,NA,NA,5,2,https://www.airbnb.com/rooms/4967098
4967114,NA,NA,2,NA,1,NA,NA,0,https://www.airbnb.com/rooms/4967114
4968633,$99.00,Neighborhood highlights,2,1,1,2,4.87,203,https://www.airbnb.com/rooms/4968633
4968798,$44.00,NA,2,1,1,1,4.73,26,https://www.airbnb.com/rooms/4968798
4973452,NA,NA,2,NA,1,NA,NA,0,https://www.airbnb.com/rooms/4973452
4976848,$89.00,Neighborhood highlights,1,1,1,1,4.41,109,https://www.airbnb.com/rooms/4976848
4977744,NA,NA,4,NA,1,NA,5,1,https://www.airbnb.com/rooms/4977744
4978241,$174.00,Neighborhood highlights,4,1,1,1,4.88,185,https://www.airbnb.com/rooms/4978241
4982969,NA,NA,1,NA,1,NA,NA,0,https://www.airbnb.com/rooms/4982969
4987238,$375.00,Neighborhood highlights,2,1,1,0,4.89,37,https://www.airbnb.com/rooms/4987238
4987929,$100.00,Neighborhood highlights,2,1,1,2,4.86,51,https://www.airbnb.com/rooms/4987929
4993422,NA,Neighborhood highlights,2,NA,1,NA,4.63,38,https://www.airbnb.com/rooms/4993422
4994264,NA,NA,1,NA,1,NA,NA,0,https://www.airbnb.com/rooms/4994264
4995083,NA,NA,2,NA,NA,NA,4.38,8,https://www.airbnb.com/rooms/4995083
4996027,NA,Neighborhood highlights,2,NA,1,NA,4.91,22,https://www.airbnb.com/rooms/4996027
5002867,NA,Neighborhood highlights,3,NA,NA,NA,4.88,24,https://www.airbnb.com/rooms/5002867
5004463,$60.00,Neighborhood highlights,3,1,1,2,5,27,https://www.airbnb.com/rooms/5004463
5006113,$476.00,Neighborhood highlights,4,1,2,2,5,4,https://www.airbnb.com/rooms/5006113
5006927,NA,NA,2,NA,NA,NA,4.75,4,https://www.airbnb.com/rooms/5006927
5010368,$105.00,Neighborhood highlights,2,1,1,2,4.38,93,https://www.airbnb.com/rooms/5010368
5013564,$110.00,Neighborhood highlights,1,1,1,1,4.56,9,https://www.airbnb.com/rooms/5013564
5020687,$85.00,Neighborhood highlights,2,1,1,2,4.87,175,https://www.airbnb.com/rooms/5020687
5025771,NA,NA,6,NA,3,NA,5,2,https://www.airbnb.com/rooms/5025771
5028135,NA,Neighborhood highlights,3,NA,1,NA,4.72,72,https://www.airbnb.com/rooms/5028135
5029202,NA,Neighborhood highlights,4,NA,2,NA,4.71,7,https://www.airbnb.com/rooms/5029202
5029573,NA,NA,1,NA,1,NA,NA,0,https://www.airbnb.com/rooms/5029573
5030646,NA,NA,2,NA,NA,NA,4.69,39,https://www.airbnb.com/rooms/5030646
5038299,NA,Neighborhood highlights,1,NA,NA,NA,5,1,https://www.airbnb.com/rooms/5038299
5039939,NA,Neighborhood highlights,2,NA,NA,NA,NA,0,https://www.airbnb.com/rooms/5039939
5040653,$130.00,NA,2,1,1,1,4.8,108,https://www.airbnb.com/rooms/5040653
5040919,NA,NA,1,NA,NA,NA,NA,0,https://www.airbnb.com/rooms/5040919
5040951,NA,NA,2,NA,1,NA,4.5,24,https://www.airbnb.com/rooms/5040951
5049823,NA,Neighborhood highlights,4,NA,1,NA,NA,0,https://www.airbnb.com/rooms/5049823
5050156,$120.00,Neighborhood highlights,4,1,1,3,4.72,58,https://www.airbnb.com/rooms/5050156
5050369,NA,NA,2,NA,1,NA,NA,0,https://www.airbnb.com/rooms/5050369
5050799,NA,Neighborhood highlights,2,NA,1,NA,4.64,22,https://www.airbnb.com/rooms/5050799
5052495,NA,Neighborhood highlights,2,NA,1,NA,4.94,53,https://www.airbnb.com/rooms/5052495
5055033,NA,NA,2,NA,1,NA,NA,0,https://www.airbnb.com/rooms/5055033
5058359,NA,Neighborhood highlights,1,NA,NA,NA,4.86,7,https://www.airbnb.com/rooms/5058359
5059082,NA,Neighborhood highlights,2,NA,1,NA,NA,0,https://www.airbnb.com/rooms/5059082
5059402,NA,Neighborhood highlights,2,NA,NA,NA,NA,0,https://www.airbnb.com/rooms/5059402
5065185,$145.00,Neighborhood highlights,2,1,1,1,4.85,96,https://www.airbnb.com/rooms/5065185
5065630,NA,NA,2,NA,2,NA,NA,0,https://www.airbnb.com/rooms/5065630
5066526,NA,NA,2,NA,1,NA,NA,0,https://www.airbnb.com/rooms/5066526
5066963,NA,Neighborhood highlights,2,NA,1,NA,NA,0,https://www.airbnb.com/rooms/5066963
5068972,NA,NA,2,NA,1,NA,4.71,7,https://www.airbnb.com/rooms/5068972
5069734,$67.00,NA,4,1,2,0,NA,0,https://www.airbnb.com/rooms/5069734
5077231,NA,NA,2,NA,1,NA,NA,0,https://www.airbnb.com/rooms/5077231
5078828,NA,Neighborhood highlights,11,NA,6,NA,4.67,3,https://www.airbnb.com/rooms/5078828
5082455,NA,Neighborhood highlights,4,NA,1,NA,4.76,29,https://www.airbnb.com/rooms/5082455
5083907,$60.00,Neighborhood highlights,2,1,1,1,NA,0,https://www.airbnb.com/rooms/5083907
5084095,NA,Neighborhood highlights,4,NA,2,NA,NA,0,https://www.airbnb.com/rooms/5084095
5085803,$120.00,Neighborhood highlights,3,1,0,2,4.71,24,https://www.airbnb.com/rooms/5085803
5093352,NA,Neighborhood highlights,2,NA,NA,NA,4.57,21,https://www.airbnb.com/rooms/5093352
5094593,NA,Neighborhood highlights,1,NA,NA,NA,4.89,9,https://www.airbnb.com/rooms/5094593
5095468,$199.00,NA,6,1,1,3,4.79,126,https://www.airbnb.com/rooms/5095468
5102132,NA,Neighborhood highlights,2,NA,NA,NA,5,1,https://www.airbnb.com/rooms/5102132
5105514,NA,NA,2,NA,NA,NA,5,1,https://www.airbnb.com/rooms/5105514
5105632,NA,Neighborhood highlights,1,NA,1,NA,NA,0,https://www.airbnb.com/rooms/5105632
5106041,$64.00,Neighborhood highlights,3,1,1,1,4.49,73,https://www.airbnb.com/rooms/5106041
5106607,$80.00,Neighborhood highlights,4,1,2,2,NA,0,https://www.airbnb.com/rooms/5106607
5106749,$110.00,Neighborhood highlights,1,1,1,1,4.96,57,https://www.airbnb.com/rooms/5106749
5110541,NA,Neighborhood highlights,2,NA,NA,NA,5,2,https://www.airbnb.com/rooms/5110541
5113910,$151.00,Neighborhood highlights,4,1,1,2,4.77,96,https://www.airbnb.com/rooms/5113910
5115534,NA,NA,4,NA,1,NA,4.67,3,https://www.airbnb.com/rooms/5115534
5115870,$120.00,NA,3,1,1,1,5,20,https://www.airbnb.com/rooms/5115870
5125051,$99.00,Neighborhood highlights,2,1,1,1,4.56,121,https://www.airbnb.com/rooms/5125051
5131879,NA,Neighborhood highlights,5,NA,1,NA,NA,0,https://www.airbnb.com/rooms/5131879
5136673,NA,NA,2,NA,1,NA,NA,0,https://www.airbnb.com/rooms/5136673
5136833,NA,NA,2,NA,NA,NA,4.13,8,https://www.airbnb.com/rooms/5136833
5137531,NA,Neighborhood highlights,4,NA,1,NA,NA,0,https://www.airbnb.com/rooms/5137531
5141379,NA,Neighborhood highlights,2,NA,1,NA,4.8,15,https://www.airbnb.com/rooms/5141379
5143959,NA,Neighborhood highlights,3,NA,NA,NA,NA,0,https://www.airbnb.com/rooms/5143959
5144689,$149.00,Neighborhood highlights,4,1,1,2,4.69,310,https://www.airbnb.com/rooms/5144689
5148878,NA,Neighborhood highlights,4,NA,2,NA,4.6,5,https://www.airbnb.com/rooms/5148878
5150206,$115.00,Neighborhood highlights,2,1,1,1,4.92,37,https://www.airbnb.com/rooms/5150206
5160871,NA,NA,1,NA,NA,NA,4.87,30,https://www.airbnb.com/rooms/5160871
5164045,NA,Neighborhood highlights,2,NA,1,NA,4.76,21,https://www.airbnb.com/rooms/5164045
5168854,NA,NA,3,NA,NA,NA,NA,0,https://www.airbnb.com/rooms/5168854
5172992,NA,Neighborhood highlights,2,NA,NA,NA,NA,0,https://www.airbnb.com/rooms/5172992
5181720,NA,NA,1,NA,1,NA,NA,0,https://www.airbnb.com/rooms/5181720
5183502,NA,Neighborhood highlights,2,NA,NA,NA,4.58,45,https://www.airbnb.com/rooms/5183502
5184986,NA,NA,3,NA,NA,NA,4.67,3,https://www.airbnb.com/rooms/5184986
5185359,NA,Neighborhood highlights,4,NA,2,NA,4.5,18,https://www.airbnb.com/rooms/5185359
5191617,NA,Neighborhood highlights,1,NA,NA,NA,4,1,https://www.airbnb.com/rooms/5191617
5194812,NA,Neighborhood highlights,2,NA,NA,NA,4.56,96,https://www.airbnb.com/rooms/5194812
5195568,$138.00,NA,2,1,1,1,5,2,https://www.airbnb.com/rooms/5195568
5199439,$120.00,Neighborhood highlights,2,1,0,1,4.79,24,https://www.airbnb.com/rooms/5199439
5204458,NA,Neighborhood highlights,3,NA,1,NA,4,2,https://www.airbnb.com/rooms/5204458
5207973,NA,NA,4,NA,2,NA,NA,0,https://www.airbnb.com/rooms/5207973
5231104,NA,Neighborhood highlights,1,NA,NA,NA,NA,0,https://www.airbnb.com/rooms/5231104
5231817,$170.00,Neighborhood highlights,3,1,1,1,4.4,15,https://www.airbnb.com/rooms/5231817
5233279,NA,Neighborhood highlights,3,NA,NA,NA,5,2,https://www.airbnb.com/rooms/5233279
5233345,NA,Neighborhood highlights,2,NA,NA,NA,4.68,28,https://www.airbnb.com/rooms/5233345
5236234,NA,NA,2,NA,1,NA,NA,0,https://www.airbnb.com/rooms/5236234
5237336,$129.00,Neighborhood highlights,2,1,1,1,4.49,205,https://www.airbnb.com/rooms/5237336
5247202,NA,Neighborhood highlights,2,NA,1,NA,4.52,42,https://www.airbnb.com/rooms/5247202
5248975,NA,Neighborhood highlights,6,NA,3,NA,5,9,https://www.airbnb.com/rooms/5248975
5251340,$60.00,Neighborhood highlights,2,1,1,1,4.78,139,https://www.airbnb.com/rooms/5251340
5251624,NA,NA,1,NA,NA,NA,NA,0,https://www.airbnb.com/rooms/5251624
5251719,NA,Neighborhood highlights,2,NA,NA,NA,NA,0,https://www.airbnb.com/rooms/5251719
5262333,NA,NA,3,NA,1,NA,4,1,https://www.airbnb.com/rooms/5262333
5266888,NA,NA,3,NA,1,NA,4.81,27,https://www.airbnb.com/rooms/5266888
5267177,NA,NA,2,NA,1,NA,NA,0,https://www.airbnb.com/rooms/5267177
5269840,$152.00,Neighborhood highlights,4,1,2,3,4.86,88,https://www.airbnb.com/rooms/5269840
5274268,$135.00,Neighborhood highlights,1,10.5,1,1,4.85,20,https://www.airbnb.com/rooms/5274268
5276602,$120.00,Neighborhood highlights,1,1,1,1,4.94,32,https://www.airbnb.com/rooms/5276602
5277117,NA,NA,1,NA,1,NA,5,1,https://www.airbnb.com/rooms/5277117
5277242,NA,NA,6,NA,1,NA,NA,0,https://www.airbnb.com/rooms/5277242
5279902,NA,Neighborhood highlights,2,NA,1,NA,NA,0,https://www.airbnb.com/rooms/5279902
5286096,NA,NA,3,NA,NA,NA,4.67,3,https://www.airbnb.com/rooms/5286096
5287414,NA,Neighborhood highlights,2,1,1,1,4.94,101,https://www.airbnb.com/rooms/5287414
5287733,$85.00,NA,3,1,1,1,4.66,238,https://www.airbnb.com/rooms/5287733
5288228,NA,Neighborhood highlights,1,NA,NA,NA,4.67,15,https://www.airbnb.com/rooms/5288228
5291956,$80.00,Neighborhood highlights,1,1,0,2,4.8,41,https://www.airbnb.com/rooms/5291956
5293662,NA,Neighborhood highlights,2,NA,1,NA,5,1,https://www.airbnb.com/rooms/5293662
5297292,$300.00,Neighborhood highlights,6,1,2,4,4.75,121,https://www.airbnb.com/rooms/5297292
5298299,NA,Neighborhood highlights,2,NA,NA,NA,4.5,2,https://www.airbnb.com/rooms/5298299
5298896,$169.00,Neighborhood highlights,2,1,1,1,4.97,288,https://www.airbnb.com/rooms/5298896
5301003,$211.00,NA,4,1,1,3,4.91,278,https://www.airbnb.com/rooms/5301003
5303100,NA,Neighborhood highlights,1,NA,NA,NA,4.5,2,https://www.airbnb.com/rooms/5303100
5309343,NA,NA,2,NA,1,NA,NA,0,https://www.airbnb.com/rooms/5309343
5309448,$60.00,Neighborhood highlights,1,1,1,1,5,1,https://www.airbnb.com/rooms/5309448
5309959,$61.00,Neighborhood highlights,1,1,1,1,4.98,49,https://www.airbnb.com/rooms/5309959
5313584,NA,Neighborhood highlights,2,NA,1,NA,NA,0,https://www.airbnb.com/rooms/5313584
5315798,NA,NA,2,NA,1,NA,5,1,https://www.airbnb.com/rooms/5315798
5316158,NA,Neighborhood highlights,4,NA,2,NA,4.86,7,https://www.airbnb.com/rooms/5316158
5319150,NA,Neighborhood highlights,2,NA,1,NA,4.94,18,https://www.airbnb.com/rooms/5319150
5319431,$150.00,Neighborhood highlights,2,1,0,1,4.85,27,https://www.airbnb.com/rooms/5319431
5319785,$189.00,NA,2,1,1,2,4.82,28,https://www.airbnb.com/rooms/5319785
5320325,$47.00,NA,1,1,1,1,4.59,111,https://www.airbnb.com/rooms/5320325
5320983,$395.00,NA,6,1,2,3,4.66,368,https://www.airbnb.com/rooms/5320983
5327598,NA,NA,3,NA,1,NA,5,1,https://www.airbnb.com/rooms/5327598
5335792,NA,NA,2,NA,NA,NA,NA,0,https://www.airbnb.com/rooms/5335792
5340262,$70.00,Neighborhood highlights,2,1.5,1,1,4.46,316,https://www.airbnb.com/rooms/5340262
5343821,$200.00,Neighborhood highlights,2,1,0,1,4.88,151,https://www.airbnb.com/rooms/5343821
5352301,$40.00,Neighborhood highlights,1,1,3,1,4.75,16,https://www.airbnb.com/rooms/5352301
5352802,NA,Neighborhood highlights,4,NA,1,NA,5,2,https://www.airbnb.com/rooms/5352802
5353312,$125.00,Neighborhood highlights,3,1,0,1,4.8,25,https://www.airbnb.com/rooms/5353312
5353431,NA,NA,2,NA,NA,NA,4.6,5,https://www.airbnb.com/rooms/5353431
5353612,$300.00,Neighborhood highlights,2,1,1,2,4.98,379,https://www.airbnb.com/rooms/5353612
5358354,$200.00,Neighborhood highlights,4,1,0,2,4.91,33,https://www.airbnb.com/rooms/5358354
5359410,NA,NA,2,NA,NA,NA,5,1,https://www.airbnb.com/rooms/5359410
5362041,$257.00,NA,5,1,2,2,4.75,122,https://www.airbnb.com/rooms/5362041
5362279,NA,Neighborhood highlights,2,NA,1,NA,4.65,23,https://www.airbnb.com/rooms/5362279
5363874,$250.00,Neighborhood highlights,2,1,2,2,4.87,15,https://www.airbnb.com/rooms/5363874
5364337,NA,Neighborhood highlights,2,NA,NA,NA,NA,0,https://www.airbnb.com/rooms/5364337
5371463,NA,Neighborhood highlights,6,NA,2,NA,4.77,100,https://www.airbnb.com/rooms/5371463
5374912,NA,NA,4,NA,3,NA,NA,0,https://www.airbnb.com/rooms/5374912
5385943,NA,NA,1,NA,1,NA,NA,0,https://www.airbnb.com/rooms/5385943
5386402,NA,NA,3,NA,2,NA,NA,0,https://www.airbnb.com/rooms/5386402
5389907,$180.00,Neighborhood highlights,2,1,2,3,4.83,12,https://www.airbnb.com/rooms/5389907
5392416,$349.00,Neighborhood highlights,2,2,2,1,5,6,https://www.airbnb.com/rooms/5392416
5395116,NA,NA,3,NA,NA,NA,NA,0,https://www.airbnb.com/rooms/5395116
5396801,NA,NA,2,NA,1,NA,4.78,81,https://www.airbnb.com/rooms/5396801
5397568,NA,Neighborhood highlights,8,NA,2,NA,4.91,158,https://www.airbnb.com/rooms/5397568
5401148,NA,Neighborhood highlights,2,NA,2,NA,4.71,14,https://www.airbnb.com/rooms/5401148
5406041,$108.00,Neighborhood highlights,2,1,1,1,4.89,320,https://www.airbnb.com/rooms/5406041
5412567,NA,Neighborhood highlights,3,NA,NA,NA,5,3,https://www.airbnb.com/rooms/5412567
5413565,$239.00,NA,4,1,0,1,4.74,94,https://www.airbnb.com/rooms/5413565
5414178,NA,Neighborhood highlights,2,NA,1,NA,5,2,https://www.airbnb.com/rooms/5414178
5414911,$78.00,Neighborhood highlights,2,1,1,1,4.64,138,https://www.airbnb.com/rooms/5414911
5430560,NA,NA,2,NA,1,NA,5,2,https://www.airbnb.com/rooms/5430560
5431845,NA,NA,3,NA,1,NA,4.86,29,https://www.airbnb.com/rooms/5431845
5433746,$140.00,Neighborhood highlights,2,1,1,1,4.7,152,https://www.airbnb.com/rooms/5433746
5434150,$150.00,Neighborhood highlights,2,1,0,2,4.88,65,https://www.airbnb.com/rooms/5434150
5439372,$94.00,Neighborhood highlights,4,1,1,2,4.37,126,https://www.airbnb.com/rooms/5439372
5442054,$293.00,Neighborhood highlights,4,1,2,3,4.7,10,https://www.airbnb.com/rooms/5442054
5442313,$729.00,Neighborhood highlights,10,3,5,5,5,5,https://www.airbnb.com/rooms/5442313
5442584,$210.00,Neighborhood highlights,2,1,1,2,4.61,28,https://www.airbnb.com/rooms/5442584
5443318,$195.00,Neighborhood highlights,4,1,1,2,4.38,21,https://www.airbnb.com/rooms/5443318
5445314,$265.00,Neighborhood highlights,2,2,1,1,4.9,123,https://www.airbnb.com/rooms/5445314
5451108,NA,Neighborhood highlights,2,NA,1,NA,NA,0,https://www.airbnb.com/rooms/5451108
5454050,$196.00,Neighborhood highlights,4,1,1,2,4.45,22,https://www.airbnb.com/rooms/5454050
5465270,NA,Neighborhood highlights,3,NA,1,NA,4.86,7,https://www.airbnb.com/rooms/5465270
5469274,$85.00,NA,2,2,1,1,4.5,2,https://www.airbnb.com/rooms/5469274
5470350,NA,NA,2,NA,NA,NA,4.5,4,https://www.airbnb.com/rooms/5470350
5477034,NA,NA,1,NA,NA,NA,NA,0,https://www.airbnb.com/rooms/5477034
5478741,$589.00,Neighborhood highlights,10,1.5,3,8,4.55,71,https://www.airbnb.com/rooms/5478741
5478901,NA,Neighborhood highlights,2,NA,1,NA,NA,0,https://www.airbnb.com/rooms/5478901
5487204,NA,Neighborhood highlights,1,NA,NA,NA,5,2,https://www.airbnb.com/rooms/5487204
5495927,NA,Neighborhood highlights,2,NA,NA,NA,4.83,24,https://www.airbnb.com/rooms/5495927
5500197,NA,Neighborhood highlights,2,NA,1,NA,4.88,8,https://www.airbnb.com/rooms/5500197
5505918,NA,NA,2,NA,NA,NA,5,2,https://www.airbnb.com/rooms/5505918
5506438,NA,Neighborhood highlights,2,NA,NA,NA,5,1,https://www.airbnb.com/rooms/5506438
5509771,$199.00,Neighborhood highlights,3,1,1,1,4.77,261,https://www.airbnb.com/rooms/5509771
5511036,$125.00,Neighborhood highlights,2,1,1,1,4.69,121,https://www.airbnb.com/rooms/5511036
5512274,NA,Neighborhood highlights,2,NA,1,NA,5,1,https://www.airbnb.com/rooms/5512274
5519207,$105.00,Neighborhood highlights,4,1,1,2,4.87,289,https://www.airbnb.com/rooms/5519207
5520934,$175.00,Neighborhood highlights,2,1,1,1,4.88,8,https://www.airbnb.com/rooms/5520934
5525510,NA,Neighborhood highlights,1,NA,1,NA,4.84,76,https://www.airbnb.com/rooms/5525510
5534660,NA,Neighborhood highlights,2,NA,NA,NA,4.94,17,https://www.airbnb.com/rooms/5534660
5536638,$189.00,Neighborhood highlights,2,1,1,0,4.6,52,https://www.airbnb.com/rooms/5536638
5536824,$185.00,Neighborhood highlights,4,1,1,2,4,9,https://www.airbnb.com/rooms/5536824
5536844,NA,NA,1,NA,1,NA,NA,0,https://www.airbnb.com/rooms/5536844
5538410,$56.00,NA,2,1,1,1,NA,0,https://www.airbnb.com/rooms/5538410
5543210,NA,Neighborhood highlights,2,NA,NA,NA,4.75,8,https://www.airbnb.com/rooms/5543210
5543996,NA,NA,2,NA,1,NA,NA,0,https://www.airbnb.com/rooms/5543996
5545560,$300.00,Neighborhood highlights,2,1,3,3,4.96,164,https://www.airbnb.com/rooms/5545560
5550377,NA,Neighborhood highlights,2,NA,2,NA,4.83,12,https://www.airbnb.com/rooms/5550377
5557097,$59.00,Neighborhood highlights,2,1,1,1,4.73,175,https://www.airbnb.com/rooms/5557097
5557135,NA,Neighborhood highlights,2,NA,NA,NA,5,7,https://www.airbnb.com/rooms/5557135
5558242,NA,NA,2,NA,NA,NA,5,2,https://www.airbnb.com/rooms/5558242
5562962,NA,Neighborhood highlights,2,NA,1,NA,4.8,15,https://www.airbnb.com/rooms/5562962
5567220,NA,NA,5,NA,2,NA,4.41,29,https://www.airbnb.com/rooms/5567220
5567361,$85.00,Neighborhood highlights,2,1,1,3,4.87,526,https://www.airbnb.com/rooms/5567361
5567401,NA,Neighborhood highlights,2,NA,1,NA,4.79,24,https://www.airbnb.com/rooms/5567401
5569464,NA,NA,2,NA,1,NA,NA,0,https://www.airbnb.com/rooms/5569464
5579240,$74.00,NA,2,1,1,2,4.85,41,https://www.airbnb.com/rooms/5579240
5580236,NA,Neighborhood highlights,5,NA,3,NA,5,2,https://www.airbnb.com/rooms/5580236
5580648,NA,Neighborhood highlights,2,NA,NA,NA,4,13,https://www.airbnb.com/rooms/5580648
5588684,NA,Neighborhood highlights,4,NA,1,NA,4.95,22,https://www.airbnb.com/rooms/5588684
5590262,$130.00,Neighborhood highlights,2,1,1,1,5,6,https://www.airbnb.com/rooms/5590262
5590400,NA,Neighborhood highlights,2,NA,1,NA,NA,0,https://www.airbnb.com/rooms/5590400
5590966,NA,Neighborhood highlights,2,NA,2,NA,4.55,131,https://www.airbnb.com/rooms/5590966
5592990,$230.00,Neighborhood highlights,3,1,2,5,NA,0,https://www.airbnb.com/rooms/5592990
5593725,NA,Neighborhood highlights,2,NA,NA,NA,4.82,39,https://www.airbnb.com/rooms/5593725
5593975,$125.00,Neighborhood highlights,1,1,1,1,5,7,https://www.airbnb.com/rooms/5593975
5598465,NA,Neighborhood highlights,2,NA,1,NA,4.86,7,https://www.airbnb.com/rooms/5598465
5601147,NA,NA,4,NA,1,NA,NA,0,https://www.airbnb.com/rooms/5601147
5602369,NA,Neighborhood highlights,6,NA,3,NA,4.95,20,https://www.airbnb.com/rooms/5602369
5606308,$361.00,Neighborhood highlights,2,1,1,1,4.84,55,https://www.airbnb.com/rooms/5606308
5616298,"$2,500.00",NA,7,2.5,2,3,4.89,9,https://www.airbnb.com/rooms/5616298
5619149,$675.00,Neighborhood highlights,4,1,2,2,4.97,64,https://www.airbnb.com/rooms/5619149
5624807,NA,Neighborhood highlights,6,NA,2,NA,5,2,https://www.airbnb.com/rooms/5624807
5627090,$200.00,Neighborhood highlights,6,1,2,2,5,3,https://www.airbnb.com/rooms/5627090
5628539,$264.00,Neighborhood highlights,4,1,2,3,4.29,14,https://www.airbnb.com/rooms/5628539
5631916,NA,NA,3,NA,1,NA,NA,0,https://www.airbnb.com/rooms/5631916
5638917,$149.00,NA,2,1,0,1,4.88,8,https://www.airbnb.com/rooms/5638917
5640394,NA,NA,2,NA,1,NA,4.41,22,https://www.airbnb.com/rooms/5640394
5647213,$197.00,Neighborhood highlights,4,1,2,2,5,71,https://www.airbnb.com/rooms/5647213
5649163,$165.00,Neighborhood highlights,2,1,1,1,4.73,15,https://www.airbnb.com/rooms/5649163
5649623,"$2,000.00",NA,8,2,2,2,4.89,9,https://www.airbnb.com/rooms/5649623
5652403,NA,Neighborhood highlights,2,NA,NA,NA,5,1,https://www.airbnb.com/rooms/5652403
5652542,NA,Neighborhood highlights,2,NA,1,NA,4.82,33,https://www.airbnb.com/rooms/5652542
5652946,NA,Neighborhood highlights,1,NA,NA,NA,4.67,6,https://www.airbnb.com/rooms/5652946
5656458,NA,Neighborhood highlights,3,NA,2,NA,4.5,8,https://www.airbnb.com/rooms/5656458
5661603,NA,NA,3,NA,2,NA,5,1,https://www.airbnb.com/rooms/5661603
5661631,$56.00,Neighborhood highlights,2,1,1,1,NA,0,https://www.airbnb.com/rooms/5661631
5663222,$92.00,Neighborhood highlights,2,1,1,1,4.78,377,https://www.airbnb.com/rooms/5663222
5671103,NA,Neighborhood highlights,2,NA,NA,NA,4.82,11,https://www.airbnb.com/rooms/5671103
5672196,NA,Neighborhood highlights,2,NA,NA,NA,NA,0,https://www.airbnb.com/rooms/5672196
5672288,NA,NA,3,NA,1,NA,5,1,https://www.airbnb.com/rooms/5672288
5672471,NA,NA,2,NA,1,NA,NA,0,https://www.airbnb.com/rooms/5672471
5672704,NA,NA,2,NA,NA,NA,4.5,2,https://www.airbnb.com/rooms/5672704
5679938,$150.00,NA,2,1,0,1,5,3,https://www.airbnb.com/rooms/5679938
5681182,$90.00,NA,2,1,1,1,NA,0,https://www.airbnb.com/rooms/5681182
5681745,NA,NA,2,NA,1,NA,4.86,7,https://www.airbnb.com/rooms/5681745
5690007,NA,Neighborhood highlights,3,NA,NA,NA,4.82,230,https://www.airbnb.com/rooms/5690007
5692492,NA,Neighborhood highlights,2,NA,NA,NA,4.5,10,https://www.airbnb.com/rooms/5692492
5693879,$75.00,Neighborhood highlights,2,1,1,1,4.91,11,https://www.airbnb.com/rooms/5693879
5693978,NA,NA,4,NA,1,NA,5,1,https://www.airbnb.com/rooms/5693978
5695055,$117.00,Neighborhood highlights,2,1,1,1,4.29,7,https://www.airbnb.com/rooms/5695055
5695509,NA,NA,2,NA,NA,NA,NA,0,https://www.airbnb.com/rooms/5695509
5697062,NA,NA,2,NA,NA,NA,5,3,https://www.airbnb.com/rooms/5697062
5697237,$222.00,Neighborhood highlights,4,1,0,2,4,10,https://www.airbnb.com/rooms/5697237
5697556,NA,Neighborhood highlights,2,NA,1,NA,4.83,65,https://www.airbnb.com/rooms/5697556
5706280,$144.00,Neighborhood highlights,2,1,1,2,4.75,12,https://www.airbnb.com/rooms/5706280
5707888,NA,Neighborhood highlights,4,NA,2,NA,4,6,https://www.airbnb.com/rooms/5707888
5708360,NA,Neighborhood highlights,3,NA,1,NA,5,1,https://www.airbnb.com/rooms/5708360
5715049,$225.00,Neighborhood highlights,2,1,0,1,4.88,454,https://www.airbnb.com/rooms/5715049
5717674,NA,Neighborhood highlights,2,NA,NA,NA,4.29,7,https://www.airbnb.com/rooms/5717674
5718494,NA,NA,2,NA,1,NA,5,1,https://www.airbnb.com/rooms/5718494
5718935,NA,Neighborhood highlights,2,NA,NA,NA,4.69,13,https://www.airbnb.com/rooms/5718935
5719742,$230.00,Neighborhood highlights,3,1,1,2,4.94,18,https://www.airbnb.com/rooms/5719742
5720988,NA,Neighborhood highlights,1,NA,1,NA,4.5,4,https://www.airbnb.com/rooms/5720988
5726139,NA,Neighborhood highlights,1,NA,1,NA,NA,0,https://www.airbnb.com/rooms/5726139
5727093,NA,NA,2,NA,1,NA,5,1,https://www.airbnb.com/rooms/5727093
5728502,$136.00,Neighborhood highlights,3,1,1,2,4.87,93,https://www.airbnb.com/rooms/5728502
5729530,NA,NA,2,NA,1,NA,NA,0,https://www.airbnb.com/rooms/5729530
5734824,NA,Neighborhood highlights,4,NA,1,NA,4.47,15,https://www.airbnb.com/rooms/5734824
5743959,NA,NA,1,NA,2,NA,5,6,https://www.airbnb.com/rooms/5743959
5748301,$95.00,NA,4,1,1,2,4.7,268,https://www.airbnb.com/rooms/5748301
5749147,NA,Neighborhood highlights,1,NA,NA,NA,4.55,11,https://www.airbnb.com/rooms/5749147
5749237,$220.00,Neighborhood highlights,1,1,1,1,4.75,4,https://www.airbnb.com/rooms/5749237
5749889,NA,NA,2,NA,1,NA,NA,0,https://www.airbnb.com/rooms/5749889
5756464,$118.00,Neighborhood highlights,2,1,1,2,4.9,10,https://www.airbnb.com/rooms/5756464
5756643,NA,Neighborhood highlights,1,NA,NA,NA,NA,0,https://www.airbnb.com/rooms/5756643
5757509,NA,NA,2,NA,1,NA,NA,0,https://www.airbnb.com/rooms/5757509
5761564,NA,NA,1,NA,NA,NA,NA,0,https://www.airbnb.com/rooms/5761564
5761908,$145.00,Neighborhood highlights,4,1,1,1,4.57,14,https://www.airbnb.com/rooms/5761908
5762947,$78.00,Neighborhood highlights,2,1.5,1,1,4.53,118,https://www.airbnb.com/rooms/5762947
5766499,NA,NA,2,NA,NA,NA,NA,0,https://www.airbnb.com/rooms/5766499
5766895,NA,NA,3,NA,1,NA,5,6,https://www.airbnb.com/rooms/5766895
5769218,NA,Neighborhood highlights,2,NA,1,NA,NA,0,https://www.airbnb.com/rooms/5769218
5770483,$325.00,Neighborhood highlights,2,1,1,1,4.96,84,https://www.airbnb.com/rooms/5770483
5772667,NA,Neighborhood highlights,2,NA,2,NA,5,16,https://www.airbnb.com/rooms/5772667
5773199,NA,Neighborhood highlights,2,NA,4,NA,4.92,52,https://www.airbnb.com/rooms/5773199
5774245,NA,Neighborhood highlights,2,NA,1,NA,4.5,4,https://www.airbnb.com/rooms/5774245
5779752,NA,Neighborhood highlights,2,NA,NA,NA,4.75,4,https://www.airbnb.com/rooms/5779752
5783517,$200.00,Neighborhood highlights,1,1,1,1,4.68,94,https://www.airbnb.com/rooms/5783517
5791540,NA,Neighborhood highlights,3,NA,1,NA,5,1,https://www.airbnb.com/rooms/5791540
5792453,NA,Neighborhood highlights,3,NA,1,NA,4.89,9,https://www.airbnb.com/rooms/5792453
5797144,$110.00,NA,2,1,1,1,NA,0,https://www.airbnb.com/rooms/5797144
5804170,NA,NA,2,NA,NA,NA,NA,0,https://www.airbnb.com/rooms/5804170
5804184,NA,Neighborhood highlights,1,NA,1,NA,4.71,17,https://www.airbnb.com/rooms/5804184
5804451,NA,Neighborhood highlights,2,NA,1,NA,4.82,11,https://www.airbnb.com/rooms/5804451
5805561,NA,Neighborhood highlights,3,NA,1,NA,NA,0,https://www.airbnb.com/rooms/5805561
5806273,$80.00,Neighborhood highlights,2,1,1,2,4.55,190,https://www.airbnb.com/rooms/5806273
5806687,NA,NA,2,NA,1,NA,5,1,https://www.airbnb.com/rooms/5806687
5806829,NA,NA,2,NA,1,NA,NA,0,https://www.airbnb.com/rooms/5806829
5811500,$65.00,Neighborhood highlights,2,1,1,1,4.6,83,https://www.airbnb.com/rooms/5811500
5815437,$150.00,Neighborhood highlights,5,1,2,2,4.88,8,https://www.airbnb.com/rooms/5815437
5821886,NA,NA,2,NA,1,NA,4.33,3,https://www.airbnb.com/rooms/5821886
5823337,NA,NA,5,NA,2,NA,5,2,https://www.airbnb.com/rooms/5823337
5825911,NA,Neighborhood highlights,10,NA,4,NA,5,13,https://www.airbnb.com/rooms/5825911
5826468,NA,Neighborhood highlights,4,NA,2,NA,NA,0,https://www.airbnb.com/rooms/5826468
5831012,NA,Neighborhood highlights,1,NA,NA,NA,5,1,https://www.airbnb.com/rooms/5831012
5833530,NA,NA,1,NA,NA,NA,NA,0,https://www.airbnb.com/rooms/5833530
5839268,$225.00,NA,2,1,0,1,5,1,https://www.airbnb.com/rooms/5839268
5842819,NA,Neighborhood highlights,1,NA,1,NA,2,1,https://www.airbnb.com/rooms/5842819
5846654,NA,Neighborhood highlights,2,NA,1,NA,5,2,https://www.airbnb.com/rooms/5846654
5846745,$130.00,Neighborhood highlights,2,1,1,1,4.82,324,https://www.airbnb.com/rooms/5846745
5847182,NA,NA,2,NA,NA,NA,NA,0,https://www.airbnb.com/rooms/5847182
5847724,NA,NA,2,NA,NA,NA,NA,0,https://www.airbnb.com/rooms/5847724
5848422,NA,NA,2,NA,NA,NA,4.5,2,https://www.airbnb.com/rooms/5848422
5850978,NA,Neighborhood highlights,3,NA,1,NA,5,1,https://www.airbnb.com/rooms/5850978
5851054,NA,Neighborhood highlights,2,NA,2,NA,4.64,11,https://www.airbnb.com/rooms/5851054
5856685,NA,Neighborhood highlights,1,NA,NA,NA,4.55,20,https://www.airbnb.com/rooms/5856685
5860123,$245.00,Neighborhood highlights,4,2,2,3,4.59,17,https://www.airbnb.com/rooms/5860123
5861963,NA,Neighborhood highlights,2,NA,1,NA,4.86,14,https://www.airbnb.com/rooms/5861963
5862128,NA,Neighborhood highlights,1,NA,NA,NA,4.88,144,https://www.airbnb.com/rooms/5862128
5866656,$61.00,NA,2,1,1,1,NA,0,https://www.airbnb.com/rooms/5866656
5869197,NA,NA,4,NA,1,NA,5,3,https://www.airbnb.com/rooms/5869197
5871372,NA,Neighborhood highlights,2,NA,NA,NA,4.8,137,https://www.airbnb.com/rooms/5871372
5872177,NA,Neighborhood highlights,3,NA,1,NA,4.9,10,https://www.airbnb.com/rooms/5872177
5873714,$175.00,Neighborhood highlights,2,1,1,1,4.65,20,https://www.airbnb.com/rooms/5873714
5878382,NA,NA,2,NA,NA,NA,5,5,https://www.airbnb.com/rooms/5878382
5881858,NA,NA,2,NA,1,NA,NA,0,https://www.airbnb.com/rooms/5881858
5882068,NA,Neighborhood highlights,3,NA,1,NA,4.82,11,https://www.airbnb.com/rooms/5882068
5882725,$185.00,Neighborhood highlights,2,1,1,2,4.97,161,https://www.airbnb.com/rooms/5882725
5883159,NA,Neighborhood highlights,3,NA,1,NA,4.69,16,https://www.airbnb.com/rooms/5883159
5889379,$55.00,Neighborhood highlights,1,1,1,1,4.91,66,https://www.airbnb.com/rooms/5889379
5892794,$185.00,Neighborhood highlights,2,1,1,1,4.7,10,https://www.airbnb.com/rooms/5892794
5895056,$56.00,Neighborhood highlights,2,1,1,1,4.72,98,https://www.airbnb.com/rooms/5895056
5895082,$60.00,NA,2,1,1,1,4.77,104,https://www.airbnb.com/rooms/5895082
5897622,NA,Neighborhood highlights,2,NA,NA,NA,4.84,156,https://www.airbnb.com/rooms/5897622
5899598,$55.00,Neighborhood highlights,1,1,1,1,4.95,150,https://www.airbnb.com/rooms/5899598
5904538,NA,NA,1,NA,NA,NA,NA,0,https://www.airbnb.com/rooms/5904538
5925550,NA,Neighborhood highlights,7,NA,4,NA,5,1,https://www.airbnb.com/rooms/5925550
5926854,NA,NA,3,NA,NA,NA,4.89,27,https://www.airbnb.com/rooms/5926854
5927152,NA,NA,4,NA,1,NA,NA,0,https://www.airbnb.com/rooms/5927152
5931103,$165.00,Neighborhood highlights,6,1,3,3,4.89,133,https://www.airbnb.com/rooms/5931103
5931824,NA,NA,2,NA,1,NA,NA,0,https://www.airbnb.com/rooms/5931824
5935275,NA,NA,1,NA,NA,NA,5,3,https://www.airbnb.com/rooms/5935275
5936796,$75.00,NA,1,1,1,1,4.33,3,https://www.airbnb.com/rooms/5936796
5940868,NA,Neighborhood highlights,2,NA,1,NA,4.83,6,https://www.airbnb.com/rooms/5940868
5944801,$307.00,NA,6,1,2,5,4.63,68,https://www.airbnb.com/rooms/5944801
5947617,$51.00,Neighborhood highlights,1,1.5,1,1,NA,0,https://www.airbnb.com/rooms/5947617
5954466,NA,Neighborhood highlights,3,NA,1,NA,4.9,31,https://www.airbnb.com/rooms/5954466
5956257,NA,NA,1,NA,1,NA,NA,0,https://www.airbnb.com/rooms/5956257
5965198,$53.00,NA,2,1,1,1,4.39,31,https://www.airbnb.com/rooms/5965198
5969719,NA,Neighborhood highlights,2,NA,NA,NA,4.73,45,https://www.airbnb.com/rooms/5969719
5979363,$288.00,Neighborhood highlights,2,1,1,1,5,13,https://www.airbnb.com/rooms/5979363
5979675,$69.00,Neighborhood highlights,2,1,1,2,4.86,352,https://www.airbnb.com/rooms/5979675
5989528,$143.00,Neighborhood highlights,6,2,3,4,5,2,https://www.airbnb.com/rooms/5989528
5992438,NA,Neighborhood highlights,1,NA,NA,NA,5,1,https://www.airbnb.com/rooms/5992438
5999786,$63.00,Neighborhood highlights,1,1,1,1,4.56,103,https://www.airbnb.com/rooms/5999786
6000785,NA,Neighborhood highlights,4,NA,1,NA,4.63,163,https://www.airbnb.com/rooms/6000785
6000898,"$1,134.00",Neighborhood highlights,8,5,4,6,4.74,129,https://www.airbnb.com/rooms/6000898
6002382,NA,NA,1,NA,NA,NA,NA,0,https://www.airbnb.com/rooms/6002382
6005868,$245.00,Neighborhood highlights,5,1,2,2,4.85,46,https://www.airbnb.com/rooms/6005868
6006711,NA,NA,1,NA,NA,NA,5,1,https://www.airbnb.com/rooms/6006711
6006837,NA,Neighborhood highlights,1,NA,NA,NA,5,1,https://www.airbnb.com/rooms/6006837
6012187,NA,Neighborhood highlights,3,NA,1,NA,4.52,42,https://www.airbnb.com/rooms/6012187
6013171,NA,Neighborhood highlights,2,NA,1,NA,NA,0,https://www.airbnb.com/rooms/6013171
6015754,NA,Neighborhood highlights,1,NA,1,NA,5,1,https://www.airbnb.com/rooms/6015754
6018589,$65.00,Neighborhood highlights,1,1,1,1,4.89,47,https://www.airbnb.com/rooms/6018589
6020044,NA,NA,1,NA,1,NA,NA,0,https://www.airbnb.com/rooms/6020044
6026546,NA,NA,2,NA,NA,NA,5,1,https://www.airbnb.com/rooms/6026546
6027485,NA,Neighborhood highlights,1,NA,NA,NA,5,1,https://www.airbnb.com/rooms/6027485
6028165,NA,NA,2,NA,1,NA,4.78,9,https://www.airbnb.com/rooms/6028165
6029987,NA,Neighborhood highlights,4,NA,1,NA,5,9,https://www.airbnb.com/rooms/6029987
6031001,$90.00,Neighborhood highlights,2,1,1,0,4.8,5,https://www.airbnb.com/rooms/6031001
6040757,$250.00,Neighborhood highlights,4,2,2,2,4.86,37,https://www.airbnb.com/rooms/6040757
6041875,NA,NA,4,NA,2,NA,NA,0,https://www.airbnb.com/rooms/6041875
6045917,NA,Neighborhood highlights,2,NA,1,NA,NA,0,https://www.airbnb.com/rooms/6045917
6046877,NA,NA,2,NA,1,NA,NA,0,https://www.airbnb.com/rooms/6046877
6048583,NA,Neighborhood highlights,6,NA,3,NA,4,1,https://www.airbnb.com/rooms/6048583
6051856,NA,Neighborhood highlights,1,NA,NA,NA,5,2,https://www.airbnb.com/rooms/6051856
6052119,NA,Neighborhood highlights,3,NA,2,NA,5,11,https://www.airbnb.com/rooms/6052119
6054400,NA,Neighborhood highlights,1,NA,1,NA,4.63,27,https://www.airbnb.com/rooms/6054400
6054864,NA,Neighborhood highlights,2,NA,1,NA,4.5,6,https://www.airbnb.com/rooms/6054864
6059556,NA,Neighborhood highlights,7,NA,4,NA,NA,0,https://www.airbnb.com/rooms/6059556
6066563,$125.00,Neighborhood highlights,2,1,2,3,4.79,205,https://www.airbnb.com/rooms/6066563
6069703,$145.00,Neighborhood highlights,2,1,1,1,4.83,70,https://www.airbnb.com/rooms/6069703
6071870,$50.00,Neighborhood highlights,1,1,1,1,5,12,https://www.airbnb.com/rooms/6071870
6078234,$281.00,Neighborhood highlights,3,1,1,1,4.96,162,https://www.airbnb.com/rooms/6078234
6079079,$229.00,NA,8,2.5,4,4,4.42,53,https://www.airbnb.com/rooms/6079079
6079197,NA,NA,1,NA,1,NA,4.17,6,https://www.airbnb.com/rooms/6079197
6084475,$90.00,Neighborhood highlights,1,1,1,1,4.31,104,https://www.airbnb.com/rooms/6084475
6087827,NA,NA,2,NA,NA,NA,NA,0,https://www.airbnb.com/rooms/6087827
6091850,$130.00,Neighborhood highlights,2,1,1,2,4.83,308,https://www.airbnb.com/rooms/6091850
6092535,NA,Neighborhood highlights,2,NA,1,NA,5,2,https://www.airbnb.com/rooms/6092535
6093352,$128.00,Neighborhood highlights,2,1,1,1,4.75,574,https://www.airbnb.com/rooms/6093352
6094046,$86.00,NA,1,1,1,1,4.68,174,https://www.airbnb.com/rooms/6094046
6094708,NA,Neighborhood highlights,2,NA,1,NA,NA,0,https://www.airbnb.com/rooms/6094708
6099485,NA,NA,2,NA,1,NA,5,2,https://www.airbnb.com/rooms/6099485
6101104,$220.00,Neighborhood highlights,2,1,1,1,4.33,46,https://www.airbnb.com/rooms/6101104
6103146,NA,Neighborhood highlights,2,NA,1,NA,4.7,10,https://www.airbnb.com/rooms/6103146
6105342,NA,NA,1,NA,1,NA,NA,0,https://www.airbnb.com/rooms/6105342
6105742,$300.00,Neighborhood highlights,2,1,1,1,4.88,16,https://www.airbnb.com/rooms/6105742
6106142,NA,NA,2,NA,NA,NA,5,1,https://www.airbnb.com/rooms/6106142
6114353,NA,Neighborhood highlights,2,NA,NA,NA,4.8,20,https://www.airbnb.com/rooms/6114353
6121052,NA,Neighborhood highlights,2,NA,1,NA,4.89,81,https://www.airbnb.com/rooms/6121052
6124097,NA,Neighborhood highlights,3,NA,2,NA,4.44,103,https://www.airbnb.com/rooms/6124097
6129078,$160.00,NA,2,1,1,1,4,2,https://www.airbnb.com/rooms/6129078
6130145,$60.00,Neighborhood highlights,2,1,1,2,4.92,137,https://www.airbnb.com/rooms/6130145
6131266,NA,Neighborhood highlights,2,NA,1,NA,5,1,https://www.airbnb.com/rooms/6131266
6131606,$49.00,Neighborhood highlights,2,2,1,1,4.94,112,https://www.airbnb.com/rooms/6131606
6133150,NA,Neighborhood highlights,2,NA,NA,NA,4,1,https://www.airbnb.com/rooms/6133150
6138423,"$1,200.00",Neighborhood highlights,5,3.5,2,2,5,11,https://www.airbnb.com/rooms/6138423
6145124,NA,NA,1,NA,NA,NA,4,1,https://www.airbnb.com/rooms/6145124
6145637,$90.00,NA,1,1,1,1,4.54,69,https://www.airbnb.com/rooms/6145637
6146783,$45.00,Neighborhood highlights,1,1,1,1,4.92,126,https://www.airbnb.com/rooms/6146783
6151450,NA,Neighborhood highlights,2,NA,1,NA,5,1,https://www.airbnb.com/rooms/6151450
6155857,NA,Neighborhood highlights,2,NA,1,NA,5,1,https://www.airbnb.com/rooms/6155857
6156319,NA,Neighborhood highlights,2,NA,NA,NA,5,4,https://www.airbnb.com/rooms/6156319
6156442,NA,NA,2,NA,2,NA,NA,0,https://www.airbnb.com/rooms/6156442
6165032,NA,Neighborhood highlights,4,NA,1,NA,5,2,https://www.airbnb.com/rooms/6165032
6165564,NA,NA,1,NA,1,NA,NA,0,https://www.airbnb.com/rooms/6165564
6166870,NA,Neighborhood highlights,2,NA,NA,NA,4.6,10,https://www.airbnb.com/rooms/6166870
6167817,NA,NA,2,NA,NA,NA,5,4,https://www.airbnb.com/rooms/6167817
6168331,NA,NA,2,NA,NA,NA,4,1,https://www.airbnb.com/rooms/6168331
6169068,NA,Neighborhood highlights,6,NA,4,NA,NA,0,https://www.airbnb.com/rooms/6169068
6169897,NA,Neighborhood highlights,2,NA,1,NA,NA,0,https://www.airbnb.com/rooms/6169897
6169981,NA,NA,2,NA,NA,NA,4.93,14,https://www.airbnb.com/rooms/6169981
6179500,NA,NA,2,NA,1,NA,5,1,https://www.airbnb.com/rooms/6179500
6180741,NA,Neighborhood highlights,4,NA,2,NA,4.8,44,https://www.airbnb.com/rooms/6180741
6181131,$45.00,NA,1,1,1,1,5,24,https://www.airbnb.com/rooms/6181131
6184855,NA,Neighborhood highlights,4,NA,NA,NA,4.67,3,https://www.airbnb.com/rooms/6184855
6185426,NA,Neighborhood highlights,2,NA,1,NA,4.83,30,https://www.airbnb.com/rooms/6185426
6185599,$65.00,Neighborhood highlights,1,1,1,2,4.89,53,https://www.airbnb.com/rooms/6185599
6188022,NA,NA,4,NA,2,NA,5,1,https://www.airbnb.com/rooms/6188022
6192999,NA,Neighborhood highlights,1,NA,1,NA,4.75,36,https://www.airbnb.com/rooms/6192999
6194461,$250.00,Neighborhood highlights,2,1,1,1,4.87,52,https://www.airbnb.com/rooms/6194461
6196354,$59.00,Neighborhood highlights,1,1,1,1,4.78,485,https://www.airbnb.com/rooms/6196354
6196860,NA,Neighborhood highlights,2,NA,1,NA,4.5,4,https://www.airbnb.com/rooms/6196860
6197119,NA,Neighborhood highlights,2,NA,1,NA,4.72,61,https://www.airbnb.com/rooms/6197119
6198636,NA,Neighborhood highlights,1,NA,NA,NA,4,1,https://www.airbnb.com/rooms/6198636
6200613,NA,Neighborhood highlights,1,NA,1,NA,NA,0,https://www.airbnb.com/rooms/6200613
6201730,NA,Neighborhood highlights,2,NA,1,NA,NA,0,https://www.airbnb.com/rooms/6201730
6209084,NA,Neighborhood highlights,2,NA,NA,NA,5,2,https://www.airbnb.com/rooms/6209084
6209147,NA,Neighborhood highlights,4,NA,1,NA,4.29,34,https://www.airbnb.com/rooms/6209147
6216318,NA,Neighborhood highlights,2,NA,1,NA,NA,0,https://www.airbnb.com/rooms/6216318
6220514,NA,NA,7,NA,3,NA,4.09,23,https://www.airbnb.com/rooms/6220514
6221877,$65.00,Neighborhood highlights,1,1,1,1,4.92,72,https://www.airbnb.com/rooms/6221877
6225501,NA,Neighborhood highlights,2,NA,1,NA,4.71,93,https://www.airbnb.com/rooms/6225501
6225766,$319.00,Neighborhood highlights,4,1,2,2,4.8,160,https://www.airbnb.com/rooms/6225766
6225968,NA,Neighborhood highlights,2,NA,1,NA,4.39,23,https://www.airbnb.com/rooms/6225968
6226794,$200.00,Neighborhood highlights,3,1,1,2,4.38,91,https://www.airbnb.com/rooms/6226794
6227027,NA,Neighborhood highlights,1,NA,1,NA,5,2,https://www.airbnb.com/rooms/6227027
6227341,NA,Neighborhood highlights,1,NA,NA,NA,NA,0,https://www.airbnb.com/rooms/6227341
6227680,$120.00,Neighborhood highlights,4,1,2,1,4.89,37,https://www.airbnb.com/rooms/6227680
6228461,$65.00,Neighborhood highlights,1,1,1,1,5,73,https://www.airbnb.com/rooms/6228461
6232987,NA,NA,2,NA,NA,NA,NA,0,https://www.airbnb.com/rooms/6232987
6237443,$99.00,Neighborhood highlights,2,2,1,1,4.91,385,https://www.airbnb.com/rooms/6237443
6237974,$85.00,Neighborhood highlights,4,1,1,2,4.93,238,https://www.airbnb.com/rooms/6237974
6242600,$180.00,Neighborhood highlights,2,1,1,1,4.56,9,https://www.airbnb.com/rooms/6242600
6244089,$125.00,Neighborhood highlights,6,1,3,3,4.34,91,https://www.airbnb.com/rooms/6244089
6246681,NA,NA,2,NA,1,NA,4,1,https://www.airbnb.com/rooms/6246681
6248358,NA,NA,4,NA,2,NA,NA,0,https://www.airbnb.com/rooms/6248358
6249100,NA,NA,2,NA,NA,NA,4.75,4,https://www.airbnb.com/rooms/6249100
6249465,NA,Neighborhood highlights,2,NA,NA,NA,NA,0,https://www.airbnb.com/rooms/6249465
6255407,NA,Neighborhood highlights,3,NA,1,NA,4,2,https://www.airbnb.com/rooms/6255407
6255597,$225.00,NA,2,1,0,1,4.93,57,https://www.airbnb.com/rooms/6255597
6256470,$125.00,Neighborhood highlights,6,1,3,3,4.35,119,https://www.airbnb.com/rooms/6256470
6257715,NA,Neighborhood highlights,4,NA,1,NA,5,1,https://www.airbnb.com/rooms/6257715
6259593,$39.00,Neighborhood highlights,1,1,1,1,4.57,72,https://www.airbnb.com/rooms/6259593
6259928,NA,NA,2,NA,NA,NA,4.67,3,https://www.airbnb.com/rooms/6259928
6262496,NA,NA,2,NA,1,NA,NA,0,https://www.airbnb.com/rooms/6262496
6262536,NA,Neighborhood highlights,2,NA,NA,NA,5,1,https://www.airbnb.com/rooms/6262536
6262562,NA,Neighborhood highlights,3,NA,NA,NA,4,2,https://www.airbnb.com/rooms/6262562
6269646,NA,Neighborhood highlights,2,NA,NA,NA,4.6,159,https://www.airbnb.com/rooms/6269646
6269808,NA,Neighborhood highlights,6,NA,3,NA,NA,0,https://www.airbnb.com/rooms/6269808
6269945,$100.00,Neighborhood highlights,1,1,1,2,4.82,85,https://www.airbnb.com/rooms/6269945
6273469,NA,Neighborhood highlights,2,NA,NA,NA,NA,0,https://www.airbnb.com/rooms/6273469
6276574,NA,Neighborhood highlights,2,NA,NA,NA,4.45,31,https://www.airbnb.com/rooms/6276574
6277476,NA,Neighborhood highlights,1,NA,1,NA,5,2,https://www.airbnb.com/rooms/6277476
6278513,NA,Neighborhood highlights,1,NA,1,NA,5,2,https://www.airbnb.com/rooms/6278513
6279160,NA,NA,2,NA,NA,NA,NA,0,https://www.airbnb.com/rooms/6279160
6282629,$78.00,Neighborhood highlights,2,1,1,1,4.63,56,https://www.airbnb.com/rooms/6282629
6283933,NA,Neighborhood highlights,2,NA,1,NA,NA,0,https://www.airbnb.com/rooms/6283933
6286253,NA,NA,1,NA,1,NA,NA,0,https://www.airbnb.com/rooms/6286253
6291371,$65.00,Neighborhood highlights,1,1,1,1,4.98,65,https://www.airbnb.com/rooms/6291371
6291454,NA,NA,3,NA,1,NA,4.5,2,https://www.airbnb.com/rooms/6291454
6292334,NA,NA,1,NA,NA,NA,NA,0,https://www.airbnb.com/rooms/6292334
6292828,NA,NA,1,NA,1,NA,NA,0,https://www.airbnb.com/rooms/6292828
6292893,NA,NA,2,NA,NA,NA,5,5,https://www.airbnb.com/rooms/6292893
6300353,NA,Neighborhood highlights,2,NA,NA,NA,4.84,37,https://www.airbnb.com/rooms/6300353
6302460,NA,Neighborhood highlights,2,NA,NA,NA,5,1,https://www.airbnb.com/rooms/6302460
6302996,NA,NA,1,NA,NA,NA,NA,0,https://www.airbnb.com/rooms/6302996
6303109,$300.00,Neighborhood highlights,4,1,2,3,5,1,https://www.airbnb.com/rooms/6303109
6303611,NA,Neighborhood highlights,4,NA,2,NA,NA,0,https://www.airbnb.com/rooms/6303611
6303845,$90.00,Neighborhood highlights,1,1.5,1,1,4.81,32,https://www.airbnb.com/rooms/6303845
6304002,$47.00,Neighborhood highlights,2,1.5,1,1,4.79,34,https://www.airbnb.com/rooms/6304002
6304307,NA,NA,3,NA,1,NA,4.67,6,https://www.airbnb.com/rooms/6304307
6304928,NA,Neighborhood highlights,3,NA,1,NA,4.75,4,https://www.airbnb.com/rooms/6304928
6305027,NA,Neighborhood highlights,3,NA,2,NA,5,1,https://www.airbnb.com/rooms/6305027
6305553,NA,Neighborhood highlights,1,NA,1,NA,NA,0,https://www.airbnb.com/rooms/6305553
6309328,NA,Neighborhood highlights,1,NA,NA,NA,5,4,https://www.airbnb.com/rooms/6309328
6314148,$210.00,NA,2,1,0,1,NA,0,https://www.airbnb.com/rooms/6314148
6315050,NA,Neighborhood highlights,1,NA,NA,NA,NA,0,https://www.airbnb.com/rooms/6315050
6322937,NA,NA,2,NA,1,NA,4.5,6,https://www.airbnb.com/rooms/6322937
6323483,NA,NA,2,NA,1,NA,NA,0,https://www.airbnb.com/rooms/6323483
6326345,NA,Neighborhood highlights,2,NA,NA,NA,4,9,https://www.airbnb.com/rooms/6326345
6326582,NA,Neighborhood highlights,1,NA,NA,NA,5,2,https://www.airbnb.com/rooms/6326582
6326681,NA,Neighborhood highlights,1,1,0,1,4.93,14,https://www.airbnb.com/rooms/6326681
6326865,NA,Neighborhood highlights,7,NA,3,NA,5,1,https://www.airbnb.com/rooms/6326865
6326959,NA,Neighborhood highlights,2,NA,2,NA,4.71,7,https://www.airbnb.com/rooms/6326959
6327222,$55.00,Neighborhood highlights,2,1,1,1,4.37,242,https://www.airbnb.com/rooms/6327222
6328394,$130.00,Neighborhood highlights,6,1,1,3,4.79,249,https://www.airbnb.com/rooms/6328394
6329973,$71.00,NA,1,1,1,1,4.68,156,https://www.airbnb.com/rooms/6329973
6330321,NA,Neighborhood highlights,2,NA,1,NA,4.97,169,https://www.airbnb.com/rooms/6330321
6331598,NA,Neighborhood highlights,5,NA,3,NA,4,1,https://www.airbnb.com/rooms/6331598
6333850,NA,NA,1,NA,1,NA,NA,0,https://www.airbnb.com/rooms/6333850
6333994,$480.00,Neighborhood highlights,4,1,2,2,4.84,196,https://www.airbnb.com/rooms/6333994
6334236,$65.00,Neighborhood highlights,1,1,1,1,4.79,68,https://www.airbnb.com/rooms/6334236
6337001,$65.00,Neighborhood highlights,2,1,1,1,4.31,214,https://www.airbnb.com/rooms/6337001
6337725,NA,NA,3,NA,1,NA,5,2,https://www.airbnb.com/rooms/6337725
6342801,NA,Neighborhood highlights,4,NA,3,NA,4.33,3,https://www.airbnb.com/rooms/6342801
6343619,NA,NA,2,NA,1,NA,4,5,https://www.airbnb.com/rooms/6343619
6343641,$69.00,Neighborhood highlights,2,1,1,1,4.47,53,https://www.airbnb.com/rooms/6343641
6345728,NA,Neighborhood highlights,3,NA,1,NA,4.86,7,https://www.airbnb.com/rooms/6345728
6346456,NA,Neighborhood highlights,2,NA,1,NA,NA,0,https://www.airbnb.com/rooms/6346456
6346496,NA,NA,5,NA,2,NA,5,1,https://www.airbnb.com/rooms/6346496
6347548,NA,NA,2,NA,1,NA,4,2,https://www.airbnb.com/rooms/6347548
6347713,NA,Neighborhood highlights,2,NA,NA,NA,5,1,https://www.airbnb.com/rooms/6347713
6348972,NA,Neighborhood highlights,1,NA,1,NA,4.85,93,https://www.airbnb.com/rooms/6348972
6349524,NA,NA,2,NA,NA,NA,NA,0,https://www.airbnb.com/rooms/6349524
6356070,$140.00,Neighborhood highlights,6,1,3,3,4.76,86,https://www.airbnb.com/rooms/6356070
6357128,$174.00,Neighborhood highlights,2,1,1,1,4.85,41,https://www.airbnb.com/rooms/6357128
6357527,NA,NA,1,NA,NA,NA,3.67,3,https://www.airbnb.com/rooms/6357527
6359111,$746.00,Neighborhood highlights,16,1.5,0,0,4.82,104,https://www.airbnb.com/rooms/6359111
6359266,NA,NA,1,NA,1,NA,NA,0,https://www.airbnb.com/rooms/6359266
6360224,NA,NA,1,NA,NA,NA,NA,0,https://www.airbnb.com/rooms/6360224
6362662,NA,Neighborhood highlights,1,NA,1,NA,NA,0,https://www.airbnb.com/rooms/6362662
6364280,NA,NA,2,NA,1,NA,5,1,https://www.airbnb.com/rooms/6364280
6370889,NA,Neighborhood highlights,1,NA,NA,NA,5,4,https://www.airbnb.com/rooms/6370889
6371504,NA,Neighborhood highlights,2,NA,1,NA,5,4,https://www.airbnb.com/rooms/6371504
6371593,NA,Neighborhood highlights,6,NA,2,NA,4.5,6,https://www.airbnb.com/rooms/6371593
6371890,NA,NA,2,NA,NA,NA,NA,0,https://www.airbnb.com/rooms/6371890
6373379,NA,NA,2,NA,NA,NA,NA,0,https://www.airbnb.com/rooms/6373379
6373790,NA,NA,6,NA,2,NA,5,1,https://www.airbnb.com/rooms/6373790
6375124,$450.00,Neighborhood highlights,5,2,3,3,4.91,32,https://www.airbnb.com/rooms/6375124
6377384,NA,Neighborhood highlights,4,NA,1,NA,4.75,8,https://www.airbnb.com/rooms/6377384
6378298,NA,Neighborhood highlights,2,NA,2,NA,4.76,71,https://www.airbnb.com/rooms/6378298
6380118,$42.00,NA,2,1,1,1,5,4,https://www.airbnb.com/rooms/6380118
6384275,$350.00,Neighborhood highlights,4,1,1,1,4.78,114,https://www.airbnb.com/rooms/6384275
6384560,NA,NA,1,NA,NA,NA,5,1,https://www.airbnb.com/rooms/6384560
6385364,NA,NA,1,NA,NA,NA,5,1,https://www.airbnb.com/rooms/6385364
6388315,NA,NA,2,NA,1,NA,NA,0,https://www.airbnb.com/rooms/6388315
6391062,NA,Neighborhood highlights,2,NA,NA,NA,4.33,3,https://www.airbnb.com/rooms/6391062
6395433,NA,Neighborhood highlights,4,NA,1,NA,4.87,137,https://www.airbnb.com/rooms/6395433
6397963,NA,NA,2,NA,NA,NA,5,2,https://www.airbnb.com/rooms/6397963
6398715,NA,NA,1,NA,1,NA,NA,0,https://www.airbnb.com/rooms/6398715
6400482,NA,Neighborhood highlights,4,NA,1,NA,4.67,3,https://www.airbnb.com/rooms/6400482
6400649,NA,Neighborhood highlights,2,NA,NA,NA,4.5,6,https://www.airbnb.com/rooms/6400649
6403485,NA,NA,2,NA,1,NA,4.5,2,https://www.airbnb.com/rooms/6403485
6403755,NA,Neighborhood highlights,2,NA,1,NA,4.89,9,https://www.airbnb.com/rooms/6403755
6403795,NA,Neighborhood highlights,1,NA,NA,NA,4.67,27,https://www.airbnb.com/rooms/6403795
6404584,NA,NA,2,NA,NA,NA,4.67,3,https://www.airbnb.com/rooms/6404584
6405859,NA,Neighborhood highlights,2,NA,NA,NA,5,2,https://www.airbnb.com/rooms/6405859
6407534,$200.00,NA,2,1,1,1,4.94,18,https://www.airbnb.com/rooms/6407534
6408849,NA,NA,2,NA,1,NA,5,3,https://www.airbnb.com/rooms/6408849
6410814,NA,Neighborhood highlights,2,NA,NA,NA,4.81,26,https://www.airbnb.com/rooms/6410814
6410924,NA,Neighborhood highlights,1,NA,NA,NA,NA,0,https://www.airbnb.com/rooms/6410924
6416714,NA,Neighborhood highlights,2,NA,NA,NA,5,2,https://www.airbnb.com/rooms/6416714
6421011,NA,Neighborhood highlights,2,NA,1,NA,4.6,5,https://www.airbnb.com/rooms/6421011
6421335,NA,Neighborhood highlights,2,NA,NA,NA,4,1,https://www.airbnb.com/rooms/6421335
6421429,$128.00,Neighborhood highlights,2,1,1,1,4.83,12,https://www.airbnb.com/rooms/6421429
6422511,$80.00,Neighborhood highlights,2,1,1,4,4.76,328,https://www.airbnb.com/rooms/6422511
6422762,NA,Neighborhood highlights,2,NA,NA,NA,4.67,3,https://www.airbnb.com/rooms/6422762
6423521,NA,Neighborhood highlights,2,NA,NA,NA,4.71,7,https://www.airbnb.com/rooms/6423521
6424961,$102.00,Neighborhood highlights,2,1,2,2,4.08,12,https://www.airbnb.com/rooms/6424961
6425712,NA,Neighborhood highlights,4,NA,2,NA,4,1,https://www.airbnb.com/rooms/6425712
6425850,NA,NA,2,NA,NA,NA,5,5,https://www.airbnb.com/rooms/6425850
6428581,NA,Neighborhood highlights,2,NA,NA,NA,5,1,https://www.airbnb.com/rooms/6428581
6428913,$300.00,Neighborhood highlights,5,3,3,2,4.86,7,https://www.airbnb.com/rooms/6428913
6432836,NA,Neighborhood highlights,2,NA,NA,NA,4,1,https://www.airbnb.com/rooms/6432836
6436950,NA,Neighborhood highlights,2,NA,NA,NA,4.56,9,https://www.airbnb.com/rooms/6436950
6438239,NA,NA,3,NA,NA,NA,NA,0,https://www.airbnb.com/rooms/6438239
6438254,NA,NA,2,NA,1,NA,5,2,https://www.airbnb.com/rooms/6438254
6443330,NA,NA,1,NA,NA,NA,NA,0,https://www.airbnb.com/rooms/6443330
6445126,NA,NA,4,NA,2,NA,4,1,https://www.airbnb.com/rooms/6445126
6447136,$105.00,Neighborhood highlights,2,1,1,2,4.83,64,https://www.airbnb.com/rooms/6447136
6447797,NA,Neighborhood highlights,2,NA,NA,NA,4.67,3,https://www.airbnb.com/rooms/6447797
6449002,NA,Neighborhood highlights,2,NA,1,NA,5,2,https://www.airbnb.com/rooms/6449002
6449238,NA,Neighborhood highlights,2,NA,NA,NA,4.5,2,https://www.airbnb.com/rooms/6449238
6449718,NA,Neighborhood highlights,2,NA,2,NA,4.6,47,https://www.airbnb.com/rooms/6449718
6450240,NA,NA,1,NA,NA,NA,4.5,4,https://www.airbnb.com/rooms/6450240
6450457,NA,Neighborhood highlights,4,NA,1,NA,NA,0,https://www.airbnb.com/rooms/6450457
6451892,NA,NA,1,NA,NA,NA,5,1,https://www.airbnb.com/rooms/6451892
6452188,$119.00,Neighborhood highlights,2,1,1,1,4.94,248,https://www.airbnb.com/rooms/6452188
6452585,NA,Neighborhood highlights,2,NA,NA,NA,NA,0,https://www.airbnb.com/rooms/6452585
6460353,$157.00,Neighborhood highlights,2,1,1,2,4.65,23,https://www.airbnb.com/rooms/6460353
6460927,NA,Neighborhood highlights,4,NA,NA,NA,4.95,22,https://www.airbnb.com/rooms/6460927
6462454,NA,Neighborhood highlights,2,NA,1,NA,NA,0,https://www.airbnb.com/rooms/6462454
6462513,NA,Neighborhood highlights,2,NA,NA,NA,4.69,168,https://www.airbnb.com/rooms/6462513
6464881,NA,Neighborhood highlights,2,NA,NA,NA,4.93,61,https://www.airbnb.com/rooms/6464881
6465850,$179.00,Neighborhood highlights,4,2.5,2,4,5,1,https://www.airbnb.com/rooms/6465850
6467905,NA,Neighborhood highlights,3,NA,NA,NA,NA,0,https://www.airbnb.com/rooms/6467905
6470740,NA,Neighborhood highlights,3,NA,NA,NA,NA,0,https://www.airbnb.com/rooms/6470740
6474699,$130.00,Neighborhood highlights,2,1,1,1,4.75,72,https://www.airbnb.com/rooms/6474699
6476333,$100.00,NA,2,1,1,1,5,6,https://www.airbnb.com/rooms/6476333
6476426,NA,NA,6,NA,3,NA,4.22,9,https://www.airbnb.com/rooms/6476426
6477558,$200.00,Neighborhood highlights,5,1,2,3,4.07,14,https://www.airbnb.com/rooms/6477558
6478214,NA,NA,2,NA,1,NA,4.81,70,https://www.airbnb.com/rooms/6478214
6478459,NA,Neighborhood highlights,6,NA,3,NA,5,3,https://www.airbnb.com/rooms/6478459
6479956,NA,NA,1,NA,1,NA,NA,0,https://www.airbnb.com/rooms/6479956
6487196,NA,Neighborhood highlights,1,NA,NA,NA,5,4,https://www.airbnb.com/rooms/6487196
6492185,$165.00,Neighborhood highlights,2,1,1,1,4.97,106,https://www.airbnb.com/rooms/6492185
6492778,$250.00,Neighborhood highlights,3,1,2,3,4.5,189,https://www.airbnb.com/rooms/6492778
6493737,NA,Neighborhood highlights,3,NA,NA,NA,NA,0,https://www.airbnb.com/rooms/6493737
6494256,NA,Neighborhood highlights,4,NA,NA,NA,4.73,197,https://www.airbnb.com/rooms/6494256
6494312,$50.00,Neighborhood highlights,1,1,1,1,4.94,64,https://www.airbnb.com/rooms/6494312
6499058,NA,Neighborhood highlights,2,NA,1,NA,4.78,9,https://www.airbnb.com/rooms/6499058
6499870,NA,Neighborhood highlights,4,NA,2,NA,5,2,https://www.airbnb.com/rooms/6499870
6500246,$65.00,Neighborhood highlights,2,1,1,1,4.92,60,https://www.airbnb.com/rooms/6500246
6501082,$411.00,Neighborhood highlights,6,2,3,3,4.95,22,https://www.airbnb.com/rooms/6501082
6505898,NA,Neighborhood highlights,4,NA,1,NA,5,1,https://www.airbnb.com/rooms/6505898
6505927,$174.00,Neighborhood highlights,2,1,2,2,4.72,88,https://www.airbnb.com/rooms/6505927
6506449,NA,NA,1,NA,NA,NA,4.5,2,https://www.airbnb.com/rooms/6506449
6507084,$190.00,Neighborhood highlights,6,1,2,3,4.69,13,https://www.airbnb.com/rooms/6507084
6509750,NA,Neighborhood highlights,4,NA,2,NA,NA,0,https://www.airbnb.com/rooms/6509750
6512429,NA,Neighborhood highlights,3,NA,1,NA,4.86,14,https://www.airbnb.com/rooms/6512429
6512929,NA,Neighborhood highlights,2,NA,NA,NA,5,1,https://www.airbnb.com/rooms/6512929
6515562,NA,NA,2,NA,NA,NA,4.67,3,https://www.airbnb.com/rooms/6515562
6515686,NA,NA,1,NA,1,NA,NA,0,https://www.airbnb.com/rooms/6515686
6520350,$725.00,NA,2,1.5,4,5,4.88,115,https://www.airbnb.com/rooms/6520350
6523409,NA,Neighborhood highlights,2,NA,1,NA,4.53,99,https://www.airbnb.com/rooms/6523409
6528046,NA,NA,4,NA,1,NA,NA,0,https://www.airbnb.com/rooms/6528046
6528060,NA,NA,1,NA,NA,NA,NA,0,https://www.airbnb.com/rooms/6528060
6534409,NA,Neighborhood highlights,4,NA,1,NA,4.82,17,https://www.airbnb.com/rooms/6534409
6539114,NA,Neighborhood highlights,2,NA,NA,NA,5,1,https://www.airbnb.com/rooms/6539114
6539778,NA,Neighborhood highlights,4,NA,1,NA,4.89,35,https://www.airbnb.com/rooms/6539778
6540907,$90.00,Neighborhood highlights,2,1,1,1,4.76,180,https://www.airbnb.com/rooms/6540907
6542929,NA,Neighborhood highlights,2,NA,NA,NA,4.75,32,https://www.airbnb.com/rooms/6542929
6543312,NA,Neighborhood highlights,3,NA,1,NA,4.6,5,https://www.airbnb.com/rooms/6543312
6543581,NA,Neighborhood highlights,5,NA,1,NA,NA,0,https://www.airbnb.com/rooms/6543581
6544899,NA,NA,4,NA,2,NA,NA,0,https://www.airbnb.com/rooms/6544899
6545310,NA,Neighborhood highlights,1,NA,NA,NA,4.88,41,https://www.airbnb.com/rooms/6545310
6545580,NA,NA,1,NA,1,NA,NA,0,https://www.airbnb.com/rooms/6545580
6550596,NA,Neighborhood highlights,2,NA,1,NA,4.64,14,https://www.airbnb.com/rooms/6550596
6553874,NA,Neighborhood highlights,3,NA,1,NA,4.8,5,https://www.airbnb.com/rooms/6553874
6555997,NA,NA,2,NA,2,NA,5,2,https://www.airbnb.com/rooms/6555997
6556848,NA,NA,4,NA,2,NA,4.7,10,https://www.airbnb.com/rooms/6556848
6557289,NA,NA,2,NA,NA,NA,NA,0,https://www.airbnb.com/rooms/6557289
6558125,NA,Neighborhood highlights,3,NA,1,NA,4.69,13,https://www.airbnb.com/rooms/6558125
6558729,NA,Neighborhood highlights,1,NA,1,NA,NA,0,https://www.airbnb.com/rooms/6558729
6559615,$70.00,Neighborhood highlights,1,1,1,1,4.98,57,https://www.airbnb.com/rooms/6559615
6559926,"$1,491.00",Neighborhood highlights,6,1,1,3,4.64,107,https://www.airbnb.com/rooms/6559926
6560165,NA,Neighborhood highlights,4,NA,1,NA,5,4,https://www.airbnb.com/rooms/6560165
6561328,NA,NA,2,NA,1,NA,5,1,https://www.airbnb.com/rooms/6561328
6571441,NA,Neighborhood highlights,2,NA,NA,NA,4.27,11,https://www.airbnb.com/rooms/6571441
6574353,NA,NA,2,NA,NA,NA,NA,0,https://www.airbnb.com/rooms/6574353
6574537,NA,NA,1,NA,1,NA,NA,0,https://www.airbnb.com/rooms/6574537
6576336,$73.00,Neighborhood highlights,2,1,0,1,4.85,120,https://www.airbnb.com/rooms/6576336
6585028,$400.00,Neighborhood highlights,8,0,4,4,4.86,56,https://www.airbnb.com/rooms/6585028
6585852,NA,Neighborhood highlights,1,NA,NA,NA,4.6,5,https://www.airbnb.com/rooms/6585852
6586663,NA,Neighborhood highlights,2,NA,1,NA,4.65,239,https://www.airbnb.com/rooms/6586663
6588947,NA,Neighborhood highlights,2,NA,NA,NA,NA,0,https://www.airbnb.com/rooms/6588947
6590549,NA,Neighborhood highlights,4,NA,1,NA,5,5,https://www.airbnb.com/rooms/6590549
6590570,$134.00,Neighborhood highlights,4,1,1,3,4.86,152,https://www.airbnb.com/rooms/6590570
6596747,$155.00,Neighborhood highlights,1,1,1,1,4.9,148,https://www.airbnb.com/rooms/6596747
6599950,NA,NA,2,NA,NA,NA,NA,0,https://www.airbnb.com/rooms/6599950
6601284,$265.00,Neighborhood highlights,2,1,1,2,4.95,269,https://www.airbnb.com/rooms/6601284
6603534,$42.00,Neighborhood highlights,1,1,1,1,4.46,164,https://www.airbnb.com/rooms/6603534
6608246,$200.00,Neighborhood highlights,8,2,2,2,4.57,58,https://www.airbnb.com/rooms/6608246
6610244,NA,Neighborhood highlights,2,NA,1,NA,NA,0,https://www.airbnb.com/rooms/6610244
6612737,NA,NA,1,NA,NA,NA,NA,0,https://www.airbnb.com/rooms/6612737
6613106,$70.00,Neighborhood highlights,2,1,1,2,4.86,51,https://www.airbnb.com/rooms/6613106
6614604,NA,NA,1,NA,1,NA,NA,0,https://www.airbnb.com/rooms/6614604
6619100,NA,NA,2,NA,NA,NA,5,1,https://www.airbnb.com/rooms/6619100
6620407,NA,Neighborhood highlights,2,NA,1,NA,5,6,https://www.airbnb.com/rooms/6620407
6622389,NA,NA,2,NA,1,NA,5,1,https://www.airbnb.com/rooms/6622389
6626581,NA,NA,4,NA,2,NA,NA,0,https://www.airbnb.com/rooms/6626581
6626894,NA,NA,6,NA,2,NA,5,1,https://www.airbnb.com/rooms/6626894
6627016,NA,NA,4,NA,1,NA,5,1,https://www.airbnb.com/rooms/6627016
6627668,NA,NA,2,NA,NA,NA,NA,0,https://www.airbnb.com/rooms/6627668
6627752,NA,Neighborhood highlights,2,NA,1,NA,4.74,42,https://www.airbnb.com/rooms/6627752
6627931,NA,Neighborhood highlights,3,NA,2,NA,5,2,https://www.airbnb.com/rooms/6627931
6628117,NA,Neighborhood highlights,2,NA,NA,NA,4.57,7,https://www.airbnb.com/rooms/6628117
6633613,NA,NA,1,NA,1,NA,5,2,https://www.airbnb.com/rooms/6633613
6634590,$250.00,Neighborhood highlights,2,1,0,1,4.91,11,https://www.airbnb.com/rooms/6634590
6636389,NA,NA,2,NA,1,NA,NA,0,https://www.airbnb.com/rooms/6636389
6637311,NA,NA,3,NA,1,NA,4.89,9,https://www.airbnb.com/rooms/6637311
6638377,NA,NA,2,NA,NA,NA,5,1,https://www.airbnb.com/rooms/6638377
6640144,$500.00,Neighborhood highlights,2,1,1,2,4.88,73,https://www.airbnb.com/rooms/6640144
6642103,NA,NA,4,NA,1,NA,NA,0,https://www.airbnb.com/rooms/6642103
6643716,NA,Neighborhood highlights,1,NA,NA,NA,4.91,11,https://www.airbnb.com/rooms/6643716
6644449,NA,Neighborhood highlights,2,NA,NA,NA,5,1,https://www.airbnb.com/rooms/6644449
6645224,NA,NA,1,NA,1,NA,NA,0,https://www.airbnb.com/rooms/6645224
6645263,NA,Neighborhood highlights,3,NA,1,NA,5,2,https://www.airbnb.com/rooms/6645263
6645788,$250.00,Neighborhood highlights,2,2,2,2,4.75,4,https://www.airbnb.com/rooms/6645788
6649555,NA,NA,2,NA,1,NA,5,10,https://www.airbnb.com/rooms/6649555
6651070,NA,NA,2,NA,1,NA,NA,0,https://www.airbnb.com/rooms/6651070
6651156,NA,Neighborhood highlights,3,NA,1,NA,4.93,56,https://www.airbnb.com/rooms/6651156
6652353,NA,Neighborhood highlights,4,NA,2,NA,4.67,6,https://www.airbnb.com/rooms/6652353
6654323,$225.00,Neighborhood highlights,3,1,1,1,5,11,https://www.airbnb.com/rooms/6654323
6654984,NA,NA,6,NA,2,NA,5,3,https://www.airbnb.com/rooms/6654984
6655786,NA,NA,2,NA,1,NA,4.92,13,https://www.airbnb.com/rooms/6655786
6657134,NA,NA,4,NA,2,NA,5,4,https://www.airbnb.com/rooms/6657134
6657454,NA,NA,4,NA,1,NA,5,4,https://www.airbnb.com/rooms/6657454
6659165,$70.00,Neighborhood highlights,2,1,1,1,4.83,40,https://www.airbnb.com/rooms/6659165
6659371,NA,Neighborhood highlights,3,NA,2,NA,4.67,3,https://www.airbnb.com/rooms/6659371
6660330,NA,NA,6,NA,2,NA,4.71,7,https://www.airbnb.com/rooms/6660330
6660511,$300.00,Neighborhood highlights,2,1,1,1,4.92,59,https://www.airbnb.com/rooms/6660511
6660518,$66.00,Neighborhood highlights,2,1,1,1,4.77,26,https://www.airbnb.com/rooms/6660518
6660816,NA,Neighborhood highlights,2,NA,1,NA,NA,0,https://www.airbnb.com/rooms/6660816
6661923,NA,Neighborhood highlights,4,NA,2,NA,4,1,https://www.airbnb.com/rooms/6661923
6662241,NA,Neighborhood highlights,6,NA,4,NA,4.5,4,https://www.airbnb.com/rooms/6662241
6662422,NA,Neighborhood highlights,4,NA,2,NA,NA,0,https://www.airbnb.com/rooms/6662422
6662967,$65.00,Neighborhood highlights,2,1,1,3,4.89,107,https://www.airbnb.com/rooms/6662967
6670064,$250.00,Neighborhood highlights,2,1,1,2,4.83,76,https://www.airbnb.com/rooms/6670064
6670191,$180.00,Neighborhood highlights,5,1,3,4,4.71,7,https://www.airbnb.com/rooms/6670191
6673638,NA,NA,2,NA,NA,NA,NA,0,https://www.airbnb.com/rooms/6673638
6674155,NA,NA,2,NA,NA,NA,5,4,https://www.airbnb.com/rooms/6674155
6676383,NA,Neighborhood highlights,4,NA,2,NA,4.8,5,https://www.airbnb.com/rooms/6676383
6678082,$151.00,Neighborhood highlights,3,1,2,3,4.83,96,https://www.airbnb.com/rooms/6678082
6679063,NA,NA,1,NA,1,NA,4.5,2,https://www.airbnb.com/rooms/6679063
6685220,$38.00,NA,2,2,5,1,5,2,https://www.airbnb.com/rooms/6685220
6686140,NA,Neighborhood highlights,2,NA,1,NA,4.85,13,https://www.airbnb.com/rooms/6686140
6687933,NA,NA,1,NA,1,NA,NA,0,https://www.airbnb.com/rooms/6687933
6688119,NA,NA,2,NA,1,NA,5,1,https://www.airbnb.com/rooms/6688119
6688780,NA,Neighborhood highlights,2,NA,NA,NA,5,1,https://www.airbnb.com/rooms/6688780
6690696,NA,Neighborhood highlights,5,NA,2,NA,5,1,https://www.airbnb.com/rooms/6690696
6692213,NA,Neighborhood highlights,4,NA,1,NA,4.68,41,https://www.airbnb.com/rooms/6692213
6692574,NA,Neighborhood highlights,2,NA,1,NA,5,1,https://www.airbnb.com/rooms/6692574
6692633,NA,Neighborhood highlights,8,NA,4,NA,4.77,30,https://www.airbnb.com/rooms/6692633
6692975,NA,NA,2,NA,NA,NA,4,2,https://www.airbnb.com/rooms/6692975
6699725,NA,Neighborhood highlights,3,NA,NA,NA,NA,0,https://www.airbnb.com/rooms/6699725
6700860,NA,Neighborhood highlights,6,NA,2,NA,4.4,5,https://www.airbnb.com/rooms/6700860
6703106,NA,NA,1,NA,1,NA,5,1,https://www.airbnb.com/rooms/6703106
6704000,NA,Neighborhood highlights,1,NA,NA,NA,5,1,https://www.airbnb.com/rooms/6704000
6704737,$149.00,NA,4,1,0,2,4.68,47,https://www.airbnb.com/rooms/6704737
6705604,NA,NA,1,NA,NA,NA,4.92,39,https://www.airbnb.com/rooms/6705604
6706703,NA,Neighborhood highlights,1,NA,NA,NA,NA,0,https://www.airbnb.com/rooms/6706703
6711306,NA,Neighborhood highlights,1,NA,NA,NA,NA,0,https://www.airbnb.com/rooms/6711306
6712618,NA,Neighborhood highlights,2,NA,NA,NA,4.5,2,https://www.airbnb.com/rooms/6712618
6713005,NA,NA,2,NA,NA,NA,NA,0,https://www.airbnb.com/rooms/6713005
6713521,NA,Neighborhood highlights,4,NA,3,NA,4.88,33,https://www.airbnb.com/rooms/6713521
6713911,NA,Neighborhood highlights,2,NA,NA,NA,NA,0,https://www.airbnb.com/rooms/6713911
6716066,NA,Neighborhood highlights,3,NA,2,NA,NA,0,https://www.airbnb.com/rooms/6716066
6716199,NA,NA,1,NA,NA,NA,4.33,3,https://www.airbnb.com/rooms/6716199
6716444,NA,Neighborhood highlights,2,NA,NA,NA,4.5,2,https://www.airbnb.com/rooms/6716444
6717053,$75.00,Neighborhood highlights,2,1,1,3,4.71,269,https://www.airbnb.com/rooms/6717053
6722799,NA,NA,4,NA,2,NA,4.8,5,https://www.airbnb.com/rooms/6722799
6726337,$115.00,Neighborhood highlights,4,1,2,2,4.88,17,https://www.airbnb.com/rooms/6726337
6729589,NA,Neighborhood highlights,2,NA,2,NA,4.89,19,https://www.airbnb.com/rooms/6729589
6730582,$160.00,Neighborhood highlights,6,1,3,3,4.86,36,https://www.airbnb.com/rooms/6730582
6731170,NA,NA,4,NA,1,NA,4,1,https://www.airbnb.com/rooms/6731170
6737249,$85.00,Neighborhood highlights,1,1,1,1,4.84,19,https://www.airbnb.com/rooms/6737249
6738524,NA,NA,3,NA,1,NA,5,1,https://www.airbnb.com/rooms/6738524
6741094,NA,Neighborhood highlights,2,NA,NA,NA,5,1,https://www.airbnb.com/rooms/6741094
6743935,NA,Neighborhood highlights,3,NA,NA,NA,4.92,13,https://www.airbnb.com/rooms/6743935
6746003,$69.00,Neighborhood highlights,2,1,1,1,4.95,122,https://www.airbnb.com/rooms/6746003
6747106,NA,Neighborhood highlights,2,NA,2,NA,4.47,32,https://www.airbnb.com/rooms/6747106
6747308,NA,Neighborhood highlights,5,NA,2,NA,4.56,9,https://www.airbnb.com/rooms/6747308
6747685,$725.00,NA,5,2,2,2,4.93,120,https://www.airbnb.com/rooms/6747685
6748711,NA,Neighborhood highlights,4,NA,1,NA,4.79,34,https://www.airbnb.com/rooms/6748711
6748952,NA,NA,2,NA,1,NA,4,1,https://www.airbnb.com/rooms/6748952
6757821,NA,NA,1,NA,NA,NA,NA,0,https://www.airbnb.com/rooms/6757821
6758846,NA,NA,2,NA,2,NA,NA,0,https://www.airbnb.com/rooms/6758846
6758849,$999.00,Neighborhood highlights,10,3,3,5,4.88,113,https://www.airbnb.com/rooms/6758849
6759052,NA,NA,1,NA,1,NA,5,1,https://www.airbnb.com/rooms/6759052
6764316,$278.00,Neighborhood highlights,2,1,2,2,4.89,349,https://www.airbnb.com/rooms/6764316
6765697,$90.00,NA,2,1,1,2,4.95,40,https://www.airbnb.com/rooms/6765697
6766662,NA,Neighborhood highlights,4,NA,1,NA,4.67,3,https://www.airbnb.com/rooms/6766662
6766894,NA,Neighborhood highlights,2,NA,1,NA,NA,0,https://www.airbnb.com/rooms/6766894
6766908,NA,Neighborhood highlights,2,NA,2,NA,4.78,9,https://www.airbnb.com/rooms/6766908
6767047,$182.00,Neighborhood highlights,6,1,3,3,4.84,32,https://www.airbnb.com/rooms/6767047
6768399,NA,NA,1,NA,NA,NA,4.81,53,https://www.airbnb.com/rooms/6768399
6769535,NA,Neighborhood highlights,2,NA,1,NA,5,7,https://www.airbnb.com/rooms/6769535
6775098,NA,NA,3,NA,1,NA,NA,0,https://www.airbnb.com/rooms/6775098
6778776,NA,Neighborhood highlights,2,NA,NA,NA,5,4,https://www.airbnb.com/rooms/6778776
6779136,NA,NA,2,NA,NA,NA,4,1,https://www.airbnb.com/rooms/6779136
6780285,NA,Neighborhood highlights,8,NA,4,NA,5,6,https://www.airbnb.com/rooms/6780285
6784207,$94.00,Neighborhood highlights,1,1,1,1,4.91,54,https://www.airbnb.com/rooms/6784207
6784406,NA,Neighborhood highlights,2,NA,NA,NA,NA,0,https://www.airbnb.com/rooms/6784406
6784873,NA,Neighborhood highlights,6,NA,3,NA,4.75,4,https://www.airbnb.com/rooms/6784873
6786761,$156.00,Neighborhood highlights,2,1,1,1,4.59,212,https://www.airbnb.com/rooms/6786761
6787310,$211.00,Neighborhood highlights,4,1,1,2,4.65,225,https://www.airbnb.com/rooms/6787310
6794912,NA,NA,1,NA,1,NA,4,1,https://www.airbnb.com/rooms/6794912
6795231,NA,NA,2,NA,1,NA,4.87,15,https://www.airbnb.com/rooms/6795231
6795568,$156.00,Neighborhood highlights,2,1,1,1,4.59,207,https://www.airbnb.com/rooms/6795568
6797564,NA,NA,1,NA,1,NA,NA,0,https://www.airbnb.com/rooms/6797564
6798811,NA,NA,2,NA,1,NA,4.73,15,https://www.airbnb.com/rooms/6798811
6799118,NA,Neighborhood highlights,2,NA,2,NA,NA,0,https://www.airbnb.com/rooms/6799118
6799692,$256.00,Neighborhood highlights,5,1,1,3,4.57,243,https://www.airbnb.com/rooms/6799692
6799814,$246.00,Neighborhood highlights,4,1,1,2,4.64,188,https://www.airbnb.com/rooms/6799814
6799895,$156.00,Neighborhood highlights,2,1,1,1,4.61,252,https://www.airbnb.com/rooms/6799895
6799932,$156.00,Neighborhood highlights,2,1,1,1,4.76,245,https://www.airbnb.com/rooms/6799932
6799999,$166.00,Neighborhood highlights,2,1,1,1,4.61,181,https://www.airbnb.com/rooms/6799999
6800277,$156.00,Neighborhood highlights,2,1,1,1,4.69,216,https://www.airbnb.com/rooms/6800277
6804319,NA,Neighborhood highlights,6,NA,3,NA,5,3,https://www.airbnb.com/rooms/6804319
6806282,NA,NA,2,NA,1,NA,NA,0,https://www.airbnb.com/rooms/6806282
6807281,NA,NA,2,NA,1,NA,5,1,https://www.airbnb.com/rooms/6807281
6808818,$102.00,Neighborhood highlights,1,1,1,1,4.85,236,https://www.airbnb.com/rooms/6808818
6809332,NA,Neighborhood highlights,2,NA,1,NA,5,4,https://www.airbnb.com/rooms/6809332
6812270,NA,Neighborhood highlights,1,NA,NA,NA,4.67,3,https://www.airbnb.com/rooms/6812270
6821978,NA,Neighborhood highlights,4,NA,1,NA,5,1,https://www.airbnb.com/rooms/6821978
6823282,$169.00,Neighborhood highlights,2,1,1,1,4.66,64,https://www.airbnb.com/rooms/6823282
6824996,NA,Neighborhood highlights,1,NA,1,NA,NA,0,https://www.airbnb.com/rooms/6824996
6827028,$200.00,Neighborhood highlights,6,2,3,5,4.86,297,https://www.airbnb.com/rooms/6827028
6833000,NA,Neighborhood highlights,2,NA,NA,NA,4.75,4,https://www.airbnb.com/rooms/6833000
6833049,NA,Neighborhood highlights,2,NA,1,NA,5,5,https://www.airbnb.com/rooms/6833049
6833395,"$1,200.00",NA,2,2,1,2,5,32,https://www.airbnb.com/rooms/6833395
6834972,NA,Neighborhood highlights,4,NA,2,NA,NA,0,https://www.airbnb.com/rooms/6834972
6835487,NA,Neighborhood highlights,2,NA,1,NA,5,1,https://www.airbnb.com/rooms/6835487
6837529,NA,Neighborhood highlights,2,NA,NA,NA,4.83,6,https://www.airbnb.com/rooms/6837529
6843145,NA,Neighborhood highlights,4,NA,3,NA,4.56,9,https://www.airbnb.com/rooms/6843145
6846956,$225.00,Neighborhood highlights,2,1,1,1,4.74,166,https://www.airbnb.com/rooms/6846956
6847053,NA,NA,1,NA,NA,NA,NA,0,https://www.airbnb.com/rooms/6847053
6850752,NA,Neighborhood highlights,1,NA,NA,NA,4.33,6,https://www.airbnb.com/rooms/6850752
6851685,NA,NA,2,NA,NA,NA,5,1,https://www.airbnb.com/rooms/6851685
6851700,NA,NA,2,NA,1,NA,NA,0,https://www.airbnb.com/rooms/6851700
6853661,NA,Neighborhood highlights,4,NA,1,NA,4.5,2,https://www.airbnb.com/rooms/6853661
6853752,NA,Neighborhood highlights,7,NA,2,NA,NA,0,https://www.airbnb.com/rooms/6853752
6853761,NA,Neighborhood highlights,4,NA,2,NA,4.65,156,https://www.airbnb.com/rooms/6853761
6854013,NA,Neighborhood highlights,4,NA,2,NA,NA,0,https://www.airbnb.com/rooms/6854013
6854404,NA,NA,4,NA,1,NA,5,1,https://www.airbnb.com/rooms/6854404
6861894,NA,NA,6,NA,2,NA,5,1,https://www.airbnb.com/rooms/6861894
6862191,NA,Neighborhood highlights,4,NA,2,NA,4.78,9,https://www.airbnb.com/rooms/6862191
6863691,$275.00,Neighborhood highlights,6,2,3,3,4.83,29,https://www.airbnb.com/rooms/6863691
6863948,NA,Neighborhood highlights,3,NA,NA,NA,4.5,2,https://www.airbnb.com/rooms/6863948
6864482,NA,Neighborhood highlights,2,NA,1,NA,NA,0,https://www.airbnb.com/rooms/6864482
6868777,$100.00,Neighborhood highlights,1,1,1,1,4.97,36,https://www.airbnb.com/rooms/6868777
6869363,NA,Neighborhood highlights,3,NA,1,NA,NA,0,https://www.airbnb.com/rooms/6869363
6871251,NA,NA,4,NA,1,NA,4.63,19,https://www.airbnb.com/rooms/6871251
6880480,$75.00,Neighborhood highlights,2,1,0,2,4.78,9,https://www.airbnb.com/rooms/6880480
6880990,NA,NA,2,NA,NA,NA,5,1,https://www.airbnb.com/rooms/6880990
6881827,NA,Neighborhood highlights,2,NA,NA,NA,NA,0,https://www.airbnb.com/rooms/6881827
6882689,NA,Neighborhood highlights,2,NA,1,NA,4.75,16,https://www.airbnb.com/rooms/6882689
6883096,$342.00,Neighborhood highlights,2,1,1,1,4.97,62,https://www.airbnb.com/rooms/6883096
6883404,NA,Neighborhood highlights,2,NA,NA,NA,4.87,31,https://www.airbnb.com/rooms/6883404
6884147,NA,NA,1,NA,1,NA,NA,0,https://www.airbnb.com/rooms/6884147
6885767,NA,Neighborhood highlights,2,NA,1,NA,NA,0,https://www.airbnb.com/rooms/6885767
6885805,NA,NA,1,NA,NA,NA,4.5,2,https://www.airbnb.com/rooms/6885805
6887127,NA,Neighborhood highlights,2,NA,1,NA,4.96,51,https://www.airbnb.com/rooms/6887127
6887755,$96.00,Neighborhood highlights,4,1,2,2,4.63,333,https://www.airbnb.com/rooms/6887755
6892731,$156.00,NA,2,1,2,5,4.67,70,https://www.airbnb.com/rooms/6892731
6895270,NA,Neighborhood highlights,6,NA,3,NA,5,1,https://www.airbnb.com/rooms/6895270
6896737,$35.00,Neighborhood highlights,1,1,1,1,4.74,46,https://www.airbnb.com/rooms/6896737
6897066,$275.00,Neighborhood highlights,2,1,1,1,5,2,https://www.airbnb.com/rooms/6897066
6898240,NA,Neighborhood highlights,6,NA,3,NA,4.83,6,https://www.airbnb.com/rooms/6898240
6900168,$90.00,Neighborhood highlights,4,1,1,5,4.9,362,https://www.airbnb.com/rooms/6900168
6901484,NA,NA,1,NA,NA,NA,5,1,https://www.airbnb.com/rooms/6901484
6901734,NA,Neighborhood highlights,4,NA,1,NA,4.75,4,https://www.airbnb.com/rooms/6901734
6902855,NA,Neighborhood highlights,5,NA,1,NA,4.67,18,https://www.airbnb.com/rooms/6902855
6908140,NA,Neighborhood highlights,8,NA,4,NA,5,1,https://www.airbnb.com/rooms/6908140
6909447,NA,NA,2,NA,NA,NA,4.77,13,https://www.airbnb.com/rooms/6909447
6909615,NA,NA,1,NA,NA,NA,5,1,https://www.airbnb.com/rooms/6909615
6911965,NA,NA,2,NA,1,NA,5,1,https://www.airbnb.com/rooms/6911965
6913023,NA,NA,2,NA,1,NA,NA,0,https://www.airbnb.com/rooms/6913023
6913773,$61.00,Neighborhood highlights,1,1,1,1,4.86,7,https://www.airbnb.com/rooms/6913773
6913969,$61.00,Neighborhood highlights,1,1,1,1,5,7,https://www.airbnb.com/rooms/6913969
6914268,NA,NA,1,NA,1,NA,NA,0,https://www.airbnb.com/rooms/6914268
6914516,NA,Neighborhood highlights,1,NA,NA,NA,5,1,https://www.airbnb.com/rooms/6914516
6915467,NA,NA,1,NA,1,NA,5,1,https://www.airbnb.com/rooms/6915467
6919971,NA,Neighborhood highlights,2,NA,NA,NA,5,1,https://www.airbnb.com/rooms/6919971
6921831,$186.00,Neighborhood highlights,4,1.5,1,2,5,16,https://www.airbnb.com/rooms/6921831
6921974,NA,Neighborhood highlights,2,NA,NA,NA,5,1,https://www.airbnb.com/rooms/6921974
6921984,NA,Neighborhood highlights,2,NA,1,NA,5,3,https://www.airbnb.com/rooms/6921984
6922490,NA,Neighborhood highlights,2,NA,1,NA,4.85,55,https://www.airbnb.com/rooms/6922490
6923000,NA,Neighborhood highlights,3,NA,1,NA,4.67,3,https://www.airbnb.com/rooms/6923000
6923161,NA,Neighborhood highlights,2,NA,NA,NA,5,12,https://www.airbnb.com/rooms/6923161
6924400,NA,Neighborhood highlights,1,NA,NA,NA,NA,0,https://www.airbnb.com/rooms/6924400
6925372,$140.00,Neighborhood highlights,1,1.5,1,1,4.71,14,https://www.airbnb.com/rooms/6925372
6925777,NA,Neighborhood highlights,1,NA,NA,NA,5,5,https://www.airbnb.com/rooms/6925777
6926686,NA,Neighborhood highlights,1,NA,NA,NA,5,1,https://www.airbnb.com/rooms/6926686
6927027,NA,NA,2,NA,1,NA,4.5,2,https://www.airbnb.com/rooms/6927027
6933582,NA,Neighborhood highlights,3,NA,1,NA,4.5,2,https://www.airbnb.com/rooms/6933582
6934770,NA,NA,2,NA,1,NA,NA,0,https://www.airbnb.com/rooms/6934770
6937871,NA,NA,2,NA,NA,NA,NA,0,https://www.airbnb.com/rooms/6937871
6938827,NA,NA,5,NA,3,NA,4.91,22,https://www.airbnb.com/rooms/6938827
6939024,NA,Neighborhood highlights,3,NA,1,NA,4.53,15,https://www.airbnb.com/rooms/6939024
6939597,$120.00,Neighborhood highlights,2,1,1,1,4.65,102,https://www.airbnb.com/rooms/6939597
6939638,NA,Neighborhood highlights,7,NA,3,NA,4.75,8,https://www.airbnb.com/rooms/6939638
6939668,NA,NA,2,NA,1,NA,NA,0,https://www.airbnb.com/rooms/6939668
6939758,NA,Neighborhood highlights,2,NA,NA,NA,5,10,https://www.airbnb.com/rooms/6939758
6939859,NA,Neighborhood highlights,1,NA,NA,NA,4.2,5,https://www.airbnb.com/rooms/6939859
6944665,NA,Neighborhood highlights,2,NA,NA,NA,NA,0,https://www.airbnb.com/rooms/6944665
6946479,NA,Neighborhood highlights,5,NA,3,NA,4.5,2,https://www.airbnb.com/rooms/6946479
6946841,NA,NA,2,NA,2,NA,NA,0,https://www.airbnb.com/rooms/6946841
6947196,NA,NA,4,NA,2,NA,NA,0,https://www.airbnb.com/rooms/6947196
6948161,NA,NA,2,NA,NA,NA,NA,0,https://www.airbnb.com/rooms/6948161
6950807,NA,NA,4,NA,1,NA,5,5,https://www.airbnb.com/rooms/6950807
6955143,NA,NA,2,NA,NA,NA,NA,0,https://www.airbnb.com/rooms/6955143
6956358,NA,NA,2,NA,NA,NA,5,2,https://www.airbnb.com/rooms/6956358
6957168,NA,Neighborhood highlights,4,NA,2,NA,4.81,144,https://www.airbnb.com/rooms/6957168
6957328,NA,Neighborhood highlights,2,NA,NA,NA,4.75,20,https://www.airbnb.com/rooms/6957328
6966985,NA,NA,1,NA,NA,NA,4.78,76,https://www.airbnb.com/rooms/6966985
6967201,NA,NA,3,NA,1,NA,NA,0,https://www.airbnb.com/rooms/6967201
6967305,NA,NA,6,NA,2,NA,4.5,2,https://www.airbnb.com/rooms/6967305
6968737,NA,NA,4,NA,2,NA,5,1,https://www.airbnb.com/rooms/6968737
6969011,NA,Neighborhood highlights,1,NA,NA,NA,4.77,26,https://www.airbnb.com/rooms/6969011
6969048,NA,NA,10,NA,NA,NA,4.17,18,https://www.airbnb.com/rooms/6969048
6969473,NA,Neighborhood highlights,8,NA,3,NA,5,1,https://www.airbnb.com/rooms/6969473
6970005,NA,Neighborhood highlights,2,NA,1,NA,4,1,https://www.airbnb.com/rooms/6970005
6972046,NA,NA,2,NA,1,NA,4.14,7,https://www.airbnb.com/rooms/6972046
6972271,NA,Neighborhood highlights,6,NA,2,NA,NA,0,https://www.airbnb.com/rooms/6972271
6972554,NA,Neighborhood highlights,3,NA,1,NA,4.33,3,https://www.airbnb.com/rooms/6972554
6972673,NA,NA,2,NA,NA,NA,5,12,https://www.airbnb.com/rooms/6972673
6974249,NA,Neighborhood highlights,3,NA,2,NA,4.83,6,https://www.airbnb.com/rooms/6974249
6974801,NA,Neighborhood highlights,2,NA,1,NA,5,1,https://www.airbnb.com/rooms/6974801
6976045,NA,Neighborhood highlights,6,NA,3,NA,5,3,https://www.airbnb.com/rooms/6976045
6977204,$93.00,NA,2,1,1,1,4.75,260,https://www.airbnb.com/rooms/6977204
6982967,NA,NA,1,NA,NA,NA,NA,0,https://www.airbnb.com/rooms/6982967
6986600,NA,Neighborhood highlights,4,NA,1,NA,4,12,https://www.airbnb.com/rooms/6986600
6988265,NA,Neighborhood highlights,4,NA,2,NA,NA,0,https://www.airbnb.com/rooms/6988265
6988905,NA,Neighborhood highlights,2,NA,NA,NA,4.77,26,https://www.airbnb.com/rooms/6988905
6989258,NA,NA,2,NA,1,NA,4,1,https://www.airbnb.com/rooms/6989258
6989436,NA,Neighborhood highlights,2,NA,NA,NA,4.88,174,https://www.airbnb.com/rooms/6989436
6990524,NA,Neighborhood highlights,6,NA,3,NA,NA,0,https://www.airbnb.com/rooms/6990524
6992300,$97.00,Neighborhood highlights,2,1,1,2,4.95,21,https://www.airbnb.com/rooms/6992300
6992831,$94.00,Neighborhood highlights,2,1,1,1,4.91,332,https://www.airbnb.com/rooms/6992831
6992939,NA,Neighborhood highlights,2,NA,NA,NA,5,1,https://www.airbnb.com/rooms/6992939
6992973,NA,Neighborhood highlights,4,NA,2,NA,NA,0,https://www.airbnb.com/rooms/6992973
6994064,NA,Neighborhood highlights,2,NA,NA,NA,4.76,25,https://www.airbnb.com/rooms/6994064
6994259,$100.00,NA,2,1,1,1,4.83,71,https://www.airbnb.com/rooms/6994259
6999056,NA,NA,2,NA,1,NA,5,3,https://www.airbnb.com/rooms/6999056
7002884,NA,NA,3,NA,NA,NA,4.75,4,https://www.airbnb.com/rooms/7002884
7003788,NA,Neighborhood highlights,1,NA,1,NA,4.5,4,https://www.airbnb.com/rooms/7003788
7004408,$145.00,Neighborhood highlights,2,1,1,1,4.76,160,https://www.airbnb.com/rooms/7004408
7006494,NA,Neighborhood highlights,6,NA,3,NA,NA,0,https://www.airbnb.com/rooms/7006494
7010135,NA,NA,2,NA,NA,NA,NA,0,https://www.airbnb.com/rooms/7010135
7010332,NA,Neighborhood highlights,1,NA,NA,NA,NA,0,https://www.airbnb.com/rooms/7010332
7010681,NA,Neighborhood highlights,5,NA,2,NA,4.5,2,https://www.airbnb.com/rooms/7010681
7015831,NA,Neighborhood highlights,1,NA,1,NA,3,1,https://www.airbnb.com/rooms/7015831
7019195,$420.00,NA,4,1,1,2,5,11,https://www.airbnb.com/rooms/7019195
7020266,$124.00,NA,2,1,1,1,4.87,30,https://www.airbnb.com/rooms/7020266
7021346,NA,NA,2,NA,1,NA,NA,0,https://www.airbnb.com/rooms/7021346
7023437,NA,Neighborhood highlights,2,NA,1,NA,5,2,https://www.airbnb.com/rooms/7023437
7023583,NA,Neighborhood highlights,2,NA,NA,NA,5,4,https://www.airbnb.com/rooms/7023583
7023818,NA,NA,2,NA,1,NA,4.76,17,https://www.airbnb.com/rooms/7023818
7024079,NA,NA,1,NA,1,NA,2,2,https://www.airbnb.com/rooms/7024079
7024138,$179.00,Neighborhood highlights,4,1,2,2,4.53,259,https://www.airbnb.com/rooms/7024138
7024303,NA,NA,4,NA,2,NA,5,4,https://www.airbnb.com/rooms/7024303
7024538,NA,NA,2,NA,1,NA,NA,0,https://www.airbnb.com/rooms/7024538
7024774,NA,Neighborhood highlights,4,NA,2,NA,5,4,https://www.airbnb.com/rooms/7024774
7025026,NA,Neighborhood highlights,3,NA,1,NA,5,3,https://www.airbnb.com/rooms/7025026
7028199,NA,NA,4,NA,2,NA,NA,0,https://www.airbnb.com/rooms/7028199
7031803,NA,NA,1,NA,NA,NA,NA,0,https://www.airbnb.com/rooms/7031803
7032396,NA,Neighborhood highlights,3,NA,1,NA,5,1,https://www.airbnb.com/rooms/7032396
7033271,$85.00,Neighborhood highlights,2,1,1,2,4.87,183,https://www.airbnb.com/rooms/7033271
7034787,$95.00,Neighborhood highlights,1,1,1,1,NA,0,https://www.airbnb.com/rooms/7034787
7035051,NA,Neighborhood highlights,2,NA,NA,NA,NA,0,https://www.airbnb.com/rooms/7035051
7035579,NA,Neighborhood highlights,2,NA,1,NA,NA,0,https://www.airbnb.com/rooms/7035579
7036079,NA,Neighborhood highlights,4,NA,2,NA,5,6,https://www.airbnb.com/rooms/7036079
7036285,NA,Neighborhood highlights,1,NA,NA,NA,NA,0,https://www.airbnb.com/rooms/7036285
7036435,NA,NA,2,NA,1,NA,4.5,2,https://www.airbnb.com/rooms/7036435
7037791,$185.00,NA,4,1,2,2,4.97,151,https://www.airbnb.com/rooms/7037791
7037918,$60.00,Neighborhood highlights,2,1,1,1,4.77,229,https://www.airbnb.com/rooms/7037918
7038801,$50.00,Neighborhood highlights,1,1,1,1,4.86,70,https://www.airbnb.com/rooms/7038801
7041968,NA,NA,2,NA,1,NA,NA,0,https://www.airbnb.com/rooms/7041968
7047076,NA,Neighborhood highlights,3,NA,1,NA,4.71,7,https://www.airbnb.com/rooms/7047076
7048195,NA,NA,2,NA,NA,NA,NA,0,https://www.airbnb.com/rooms/7048195
7048508,NA,Neighborhood highlights,2,NA,NA,NA,4.88,8,https://www.airbnb.com/rooms/7048508
7050316,NA,NA,1,NA,1,NA,5,1,https://www.airbnb.com/rooms/7050316
7051619,NA,Neighborhood highlights,2,NA,NA,NA,5,5,https://www.airbnb.com/rooms/7051619
7052026,NA,NA,1,NA,NA,NA,NA,0,https://www.airbnb.com/rooms/7052026
7053165,NA,Neighborhood highlights,2,NA,2,NA,NA,0,https://www.airbnb.com/rooms/7053165
7053502,$191.00,Neighborhood highlights,2,1.5,1,2,4.96,280,https://www.airbnb.com/rooms/7053502
7053815,$400.00,Neighborhood highlights,5,1,1,1,4.8,127,https://www.airbnb.com/rooms/7053815
7054267,NA,Neighborhood highlights,2,NA,1,NA,NA,0,https://www.airbnb.com/rooms/7054267
7054405,NA,Neighborhood highlights,2,NA,NA,NA,NA,0,https://www.airbnb.com/rooms/7054405
7054468,NA,Neighborhood highlights,1,NA,1,NA,NA,0,https://www.airbnb.com/rooms/7054468
7054585,NA,Neighborhood highlights,2,NA,NA,NA,5,1,https://www.airbnb.com/rooms/7054585
7054797,$150.00,Neighborhood highlights,4,1,2,2,5,17,https://www.airbnb.com/rooms/7054797
7062446,NA,NA,1,NA,1,NA,NA,0,https://www.airbnb.com/rooms/7062446
7065653,NA,NA,5,NA,1,NA,4.67,6,https://www.airbnb.com/rooms/7065653
7066122,NA,Neighborhood highlights,3,NA,1,NA,5,7,https://www.airbnb.com/rooms/7066122
7067406,$300.00,Neighborhood highlights,2,1,2,2,4.95,66,https://www.airbnb.com/rooms/7067406
7070705,NA,NA,2,NA,1,NA,4.43,7,https://www.airbnb.com/rooms/7070705
7071657,$205.00,Neighborhood highlights,2,1,1,1,4.63,110,https://www.airbnb.com/rooms/7071657
7071677,NA,NA,2,NA,NA,NA,5,2,https://www.airbnb.com/rooms/7071677
7072541,$200.00,Neighborhood highlights,4,1,1,2,4.87,76,https://www.airbnb.com/rooms/7072541
7074488,NA,Neighborhood highlights,5,NA,2,NA,5,3,https://www.airbnb.com/rooms/7074488
7074504,NA,Neighborhood highlights,2,NA,NA,NA,5,1,https://www.airbnb.com/rooms/7074504
7074961,NA,NA,4,NA,2,NA,5,3,https://www.airbnb.com/rooms/7074961
7084621,NA,Neighborhood highlights,6,NA,2,NA,5,7,https://www.airbnb.com/rooms/7084621
7087255,NA,Neighborhood highlights,7,NA,2,NA,4.8,15,https://www.airbnb.com/rooms/7087255
7087752,NA,NA,2,NA,NA,NA,4.5,2,https://www.airbnb.com/rooms/7087752
7089639,NA,NA,2,NA,1,NA,4.33,3,https://www.airbnb.com/rooms/7089639
7090264,$120.00,Neighborhood highlights,3,1,1,1,4.22,9,https://www.airbnb.com/rooms/7090264
7091390,NA,Neighborhood highlights,4,NA,1,NA,5,2,https://www.airbnb.com/rooms/7091390
7091926,NA,Neighborhood highlights,2,NA,1,NA,4.78,18,https://www.airbnb.com/rooms/7091926
7093122,NA,NA,2,NA,1,NA,5,1,https://www.airbnb.com/rooms/7093122
7094112,$250.00,NA,4,2,2,3,5,17,https://www.airbnb.com/rooms/7094112
7094262,NA,Neighborhood highlights,4,NA,1,NA,4.92,13,https://www.airbnb.com/rooms/7094262
7094462,NA,NA,2,NA,1,NA,4.83,6,https://www.airbnb.com/rooms/7094462
7094619,NA,Neighborhood highlights,2,NA,NA,NA,4,1,https://www.airbnb.com/rooms/7094619
7095426,NA,NA,2,NA,NA,NA,NA,0,https://www.airbnb.com/rooms/7095426
7105865,NA,NA,2,NA,NA,NA,5,1,https://www.airbnb.com/rooms/7105865
7108992,NA,NA,6,NA,2,NA,5,1,https://www.airbnb.com/rooms/7108992
7111775,NA,Neighborhood highlights,2,NA,NA,NA,4.6,5,https://www.airbnb.com/rooms/7111775
7114665,NA,NA,1,NA,NA,NA,NA,0,https://www.airbnb.com/rooms/7114665
7116034,NA,Neighborhood highlights,2,NA,1,NA,5,4,https://www.airbnb.com/rooms/7116034
7116071,$219.00,Neighborhood highlights,7,1,2,3,4.38,237,https://www.airbnb.com/rooms/7116071
7116273,NA,Neighborhood highlights,2,NA,NA,NA,4.54,35,https://www.airbnb.com/rooms/7116273
7122067,NA,Neighborhood highlights,3,NA,1,NA,NA,0,https://www.airbnb.com/rooms/7122067
7124926,NA,NA,6,NA,2,NA,4,1,https://www.airbnb.com/rooms/7124926
7126996,NA,Neighborhood highlights,2,NA,NA,NA,NA,0,https://www.airbnb.com/rooms/7126996
7127684,NA,Neighborhood highlights,1,NA,NA,NA,NA,0,https://www.airbnb.com/rooms/7127684
7129972,NA,NA,4,NA,1,NA,4.88,8,https://www.airbnb.com/rooms/7129972
7131007,NA,Neighborhood highlights,2,NA,2,NA,4.86,14,https://www.airbnb.com/rooms/7131007
7132891,$75.00,NA,2,1,1,1,4.71,24,https://www.airbnb.com/rooms/7132891
7133488,NA,Neighborhood highlights,2,NA,NA,NA,4.85,27,https://www.airbnb.com/rooms/7133488
7141549,NA,Neighborhood highlights,2,NA,NA,NA,4.88,24,https://www.airbnb.com/rooms/7141549
7144807,NA,NA,2,NA,3,NA,NA,0,https://www.airbnb.com/rooms/7144807
7149408,NA,Neighborhood highlights,1,NA,NA,NA,NA,0,https://www.airbnb.com/rooms/7149408
7149452,$150.00,Neighborhood highlights,1,1,1,1,4.83,6,https://www.airbnb.com/rooms/7149452
7149710,NA,NA,1,NA,1,NA,NA,0,https://www.airbnb.com/rooms/7149710
7151565,NA,Neighborhood highlights,2,NA,1,NA,4.6,5,https://www.airbnb.com/rooms/7151565
7155442,NA,NA,2,NA,1,NA,NA,0,https://www.airbnb.com/rooms/7155442
7159258,NA,NA,2,NA,2,NA,4.38,13,https://www.airbnb.com/rooms/7159258
7161189,NA,Neighborhood highlights,2,NA,1,NA,5,3,https://www.airbnb.com/rooms/7161189
7162435,NA,Neighborhood highlights,4,NA,2,NA,NA,0,https://www.airbnb.com/rooms/7162435
7172107,NA,Neighborhood highlights,4,NA,2,NA,5,4,https://www.airbnb.com/rooms/7172107
7174695,NA,NA,5,NA,3,NA,5,1,https://www.airbnb.com/rooms/7174695
7176975,NA,Neighborhood highlights,4,NA,2,NA,NA,0,https://www.airbnb.com/rooms/7176975
7177666,$450.00,Neighborhood highlights,5,2,3,3,4.82,34,https://www.airbnb.com/rooms/7177666
7177958,NA,Neighborhood highlights,2,NA,1,NA,4.83,6,https://www.airbnb.com/rooms/7177958
7179646,NA,Neighborhood highlights,2,NA,NA,NA,4.87,46,https://www.airbnb.com/rooms/7179646
7180015,NA,Neighborhood highlights,2,NA,1,NA,NA,0,https://www.airbnb.com/rooms/7180015
7181422,NA,Neighborhood highlights,3,NA,1,NA,4.5,2,https://www.airbnb.com/rooms/7181422
7182079,$231.00,Neighborhood highlights,2,1,1,2,4.87,31,https://www.airbnb.com/rooms/7182079
7193201,NA,NA,2,NA,NA,NA,5,4,https://www.airbnb.com/rooms/7193201
7194538,$540.00,Neighborhood highlights,11,2.5,4,5,4.75,142,https://www.airbnb.com/rooms/7194538
7194972,NA,Neighborhood highlights,2,NA,NA,NA,4.89,9,https://www.airbnb.com/rooms/7194972
7195202,NA,Neighborhood highlights,2,NA,1,NA,4.5,2,https://www.airbnb.com/rooms/7195202
7197915,NA,Neighborhood highlights,2,NA,1,NA,4.71,7,https://www.airbnb.com/rooms/7197915
7199464,NA,NA,1,NA,1,NA,5,1,https://www.airbnb.com/rooms/7199464
7200503,NA,Neighborhood highlights,3,NA,2,NA,4.19,16,https://www.airbnb.com/rooms/7200503
7201169,NA,NA,1,NA,1,NA,NA,0,https://www.airbnb.com/rooms/7201169
7201615,NA,Neighborhood highlights,4,NA,2,NA,NA,0,https://www.airbnb.com/rooms/7201615
7202170,NA,Neighborhood highlights,2,NA,NA,NA,4.94,32,https://www.airbnb.com/rooms/7202170
7202368,$75.00,NA,2,1,1,1,4.78,235,https://www.airbnb.com/rooms/7202368
7203943,NA,NA,2,NA,1,NA,NA,0,https://www.airbnb.com/rooms/7203943
7204281,NA,Neighborhood highlights,1,NA,NA,NA,5,1,https://www.airbnb.com/rooms/7204281
7204443,$250.00,Neighborhood highlights,1,1,1,1,4.93,171,https://www.airbnb.com/rooms/7204443
7204721,NA,NA,4,NA,1,NA,4.75,4,https://www.airbnb.com/rooms/7204721
7205064,$65.00,Neighborhood highlights,1,1,1,1,4.9,87,https://www.airbnb.com/rooms/7205064
7205212,NA,Neighborhood highlights,2,NA,NA,NA,4.56,18,https://www.airbnb.com/rooms/7205212
7205668,NA,Neighborhood highlights,2,NA,1,NA,NA,0,https://www.airbnb.com/rooms/7205668
7206401,NA,Neighborhood highlights,5,NA,2,NA,NA,0,https://www.airbnb.com/rooms/7206401
7207594,NA,Neighborhood highlights,2,NA,NA,NA,NA,0,https://www.airbnb.com/rooms/7207594
7210353,NA,NA,1,NA,3,NA,NA,0,https://www.airbnb.com/rooms/7210353
7221712,NA,Neighborhood highlights,2,NA,NA,NA,5,1,https://www.airbnb.com/rooms/7221712
7222354,NA,NA,2,NA,1,NA,5,1,https://www.airbnb.com/rooms/7222354
7222833,NA,Neighborhood highlights,4,NA,2,NA,5,17,https://www.airbnb.com/rooms/7222833
7224028,NA,Neighborhood highlights,2,NA,NA,NA,5,2,https://www.airbnb.com/rooms/7224028
7226624,NA,Neighborhood highlights,2,NA,1,NA,NA,0,https://www.airbnb.com/rooms/7226624
7228397,NA,NA,4,NA,2,NA,NA,0,https://www.airbnb.com/rooms/7228397
7234538,NA,NA,3,NA,1,NA,NA,0,https://www.airbnb.com/rooms/7234538
7239527,NA,NA,2,NA,1,NA,4,1,https://www.airbnb.com/rooms/7239527
7239575,NA,NA,4,NA,2,NA,4.5,4,https://www.airbnb.com/rooms/7239575
7240002,NA,NA,2,NA,NA,NA,5,1,https://www.airbnb.com/rooms/7240002
7241020,NA,Neighborhood highlights,4,NA,2,NA,5,2,https://www.airbnb.com/rooms/7241020
7243708,NA,Neighborhood highlights,2,NA,NA,NA,4.67,6,https://www.airbnb.com/rooms/7243708
7244824,NA,Neighborhood highlights,2,NA,NA,NA,4.71,42,https://www.airbnb.com/rooms/7244824
7246159,NA,NA,4,NA,2,NA,NA,0,https://www.airbnb.com/rooms/7246159
7247763,NA,Neighborhood highlights,1,NA,NA,NA,NA,0,https://www.airbnb.com/rooms/7247763
7254952,NA,Neighborhood highlights,6,NA,3,NA,5,6,https://www.airbnb.com/rooms/7254952
7254973,NA,Neighborhood highlights,6,NA,2,NA,4.74,351,https://www.airbnb.com/rooms/7254973
7254986,$575.00,Neighborhood highlights,6,2,3,4,5,18,https://www.airbnb.com/rooms/7254986
7255372,NA,Neighborhood highlights,2,NA,NA,NA,4.97,30,https://www.airbnb.com/rooms/7255372
7257163,NA,Neighborhood highlights,3,NA,1,NA,4.82,17,https://www.airbnb.com/rooms/7257163
7257311,NA,Neighborhood highlights,1,NA,NA,NA,4.64,11,https://www.airbnb.com/rooms/7257311
7261928,$316.00,NA,5,2,3,3,4.95,57,https://www.airbnb.com/rooms/7261928
7262068,NA,NA,2,NA,1,NA,NA,0,https://www.airbnb.com/rooms/7262068
7262439,NA,NA,2,NA,1,NA,NA,0,https://www.airbnb.com/rooms/7262439
7264471,NA,Neighborhood highlights,1,NA,1,NA,NA,0,https://www.airbnb.com/rooms/7264471
7264560,NA,Neighborhood highlights,1,NA,NA,NA,4.63,8,https://www.airbnb.com/rooms/7264560
7264659,NA,Neighborhood highlights,3,NA,2,NA,4.83,18,https://www.airbnb.com/rooms/7264659
7265079,$181.00,Neighborhood highlights,2,1,1,1,4.94,217,https://www.airbnb.com/rooms/7265079
7265118,NA,NA,2,NA,2,NA,4.9,10,https://www.airbnb.com/rooms/7265118
7265249,NA,NA,3,NA,2,NA,4.94,16,https://www.airbnb.com/rooms/7265249
7265253,NA,Neighborhood highlights,1,NA,NA,NA,NA,0,https://www.airbnb.com/rooms/7265253
7271876,NA,NA,2,NA,1,NA,NA,0,https://www.airbnb.com/rooms/7271876
7272680,$45.00,Neighborhood highlights,2,1,1,2,4.69,84,https://www.airbnb.com/rooms/7272680
7274441,NA,NA,2,NA,1,NA,NA,0,https://www.airbnb.com/rooms/7274441
7275655,NA,NA,2,NA,1,NA,5,4,https://www.airbnb.com/rooms/7275655
7276534,NA,Neighborhood highlights,2,NA,NA,NA,4.5,303,https://www.airbnb.com/rooms/7276534
7277143,NA,Neighborhood highlights,2,NA,1,NA,4,2,https://www.airbnb.com/rooms/7277143
7277600,NA,Neighborhood highlights,3,NA,NA,NA,NA,0,https://www.airbnb.com/rooms/7277600
7278762,$259.00,Neighborhood highlights,4,1,2,2,4.96,150,https://www.airbnb.com/rooms/7278762
7288752,NA,NA,1,NA,1,NA,5,2,https://www.airbnb.com/rooms/7288752
7292891,NA,NA,4,NA,2,NA,4.43,14,https://www.airbnb.com/rooms/7292891
7293506,NA,NA,4,NA,2,NA,NA,0,https://www.airbnb.com/rooms/7293506
7294773,$165.00,Neighborhood highlights,6,1,1,2,4.82,17,https://www.airbnb.com/rooms/7294773
7302762,NA,Neighborhood highlights,4,NA,1,NA,4.5,2,https://www.airbnb.com/rooms/7302762
7309427,NA,NA,7,NA,4,NA,4.71,14,https://www.airbnb.com/rooms/7309427
7309633,NA,Neighborhood highlights,1,NA,1,NA,5,1,https://www.airbnb.com/rooms/7309633
7310097,NA,Neighborhood highlights,4,NA,3,NA,5,1,https://www.airbnb.com/rooms/7310097
7310330,NA,Neighborhood highlights,5,NA,2,NA,NA,0,https://www.airbnb.com/rooms/7310330
7311209,NA,Neighborhood highlights,2,NA,NA,NA,4.6,5,https://www.airbnb.com/rooms/7311209
7311541,NA,Neighborhood highlights,2,NA,NA,NA,4.73,11,https://www.airbnb.com/rooms/7311541
7319791,$135.00,Neighborhood highlights,2,1,1,1,4.72,208,https://www.airbnb.com/rooms/7319791
7320160,NA,Neighborhood highlights,2,NA,NA,NA,4.6,42,https://www.airbnb.com/rooms/7320160
7321054,NA,NA,1,NA,1,NA,5,1,https://www.airbnb.com/rooms/7321054
7322088,NA,NA,3,NA,NA,NA,4.5,2,https://www.airbnb.com/rooms/7322088
7322656,NA,Neighborhood highlights,1,NA,1,NA,NA,0,https://www.airbnb.com/rooms/7322656
7323905,NA,Neighborhood highlights,2,NA,1,NA,4.93,27,https://www.airbnb.com/rooms/7323905
7324746,$115.00,Neighborhood highlights,2,1.5,1,1,4.81,31,https://www.airbnb.com/rooms/7324746
7327782,NA,Neighborhood highlights,2,NA,NA,NA,4.53,81,https://www.airbnb.com/rooms/7327782
7328712,NA,Neighborhood highlights,2,NA,1,NA,NA,0,https://www.airbnb.com/rooms/7328712
7328775,NA,Neighborhood highlights,2,NA,NA,NA,4.56,9,https://www.airbnb.com/rooms/7328775
7329781,$450.00,Neighborhood highlights,2,1,1,1,4.76,33,https://www.airbnb.com/rooms/7329781
7330488,NA,Neighborhood highlights,1,NA,NA,NA,4.88,33,https://www.airbnb.com/rooms/7330488
7331070,$267.00,Neighborhood highlights,7,2,3,3,4.61,178,https://www.airbnb.com/rooms/7331070
7331835,NA,Neighborhood highlights,3,NA,NA,NA,NA,0,https://www.airbnb.com/rooms/7331835
7332196,NA,Neighborhood highlights,1,NA,NA,NA,4.25,8,https://www.airbnb.com/rooms/7332196
7339802,NA,Neighborhood highlights,3,NA,1,NA,4.64,14,https://www.airbnb.com/rooms/7339802
7340318,NA,NA,2,NA,NA,NA,4.57,7,https://www.airbnb.com/rooms/7340318
7345443,NA,NA,4,NA,3,NA,4.83,6,https://www.airbnb.com/rooms/7345443
7348509,NA,NA,2,NA,1,NA,5,1,https://www.airbnb.com/rooms/7348509
7348925,NA,NA,4,NA,1,NA,4,1,https://www.airbnb.com/rooms/7348925
7349421,NA,Neighborhood highlights,2,NA,2,NA,5,4,https://www.airbnb.com/rooms/7349421
7354701,$395.00,Neighborhood highlights,6,2,3,4,4.94,17,https://www.airbnb.com/rooms/7354701
7359313,NA,NA,2,NA,NA,NA,5,1,https://www.airbnb.com/rooms/7359313
7361434,NA,NA,2,NA,1,NA,4.5,2,https://www.airbnb.com/rooms/7361434
7366831,NA,NA,1,NA,1,NA,NA,0,https://www.airbnb.com/rooms/7366831
7367165,NA,Neighborhood highlights,2,NA,NA,NA,5,2,https://www.airbnb.com/rooms/7367165
7367484,NA,Neighborhood highlights,2,NA,NA,NA,NA,0,https://www.airbnb.com/rooms/7367484
7367780,NA,Neighborhood highlights,7,NA,3,NA,5,7,https://www.airbnb.com/rooms/7367780
7376952,$160.00,Neighborhood highlights,2,1,1,1,5,12,https://www.airbnb.com/rooms/7376952
7378773,NA,Neighborhood highlights,2,NA,2,NA,5,1,https://www.airbnb.com/rooms/7378773
7379929,NA,Neighborhood highlights,1,NA,NA,NA,5,3,https://www.airbnb.com/rooms/7379929
7381236,$350.00,Neighborhood highlights,8,2,3,3,4.77,57,https://www.airbnb.com/rooms/7381236
7381893,NA,Neighborhood highlights,2,NA,NA,NA,4.61,18,https://www.airbnb.com/rooms/7381893
7382396,NA,Neighborhood highlights,4,NA,NA,NA,4.79,19,https://www.airbnb.com/rooms/7382396
7382573,NA,Neighborhood highlights,2,NA,NA,NA,NA,0,https://www.airbnb.com/rooms/7382573
7382982,NA,Neighborhood highlights,2,NA,1,NA,4.5,2,https://www.airbnb.com/rooms/7382982
7383804,NA,NA,1,NA,1,NA,4.5,2,https://www.airbnb.com/rooms/7383804
7386119,NA,NA,2,NA,2,NA,5,4,https://www.airbnb.com/rooms/7386119
7387862,NA,NA,1,NA,1,NA,NA,0,https://www.airbnb.com/rooms/7387862
7387919,NA,NA,2,NA,NA,NA,5,1,https://www.airbnb.com/rooms/7387919
7389120,$89.00,Neighborhood highlights,4,1,1,3,4.73,78,https://www.airbnb.com/rooms/7389120
7396662,NA,NA,2,NA,NA,NA,4.65,17,https://www.airbnb.com/rooms/7396662
7397237,NA,NA,2,NA,1,NA,5,2,https://www.airbnb.com/rooms/7397237
7397649,NA,Neighborhood highlights,3,NA,1,NA,NA,0,https://www.airbnb.com/rooms/7397649
7397699,NA,Neighborhood highlights,1,NA,1,NA,4.33,3,https://www.airbnb.com/rooms/7397699
7398163,NA,NA,1,NA,NA,NA,5,2,https://www.airbnb.com/rooms/7398163
7398507,NA,NA,2,NA,1,NA,5,1,https://www.airbnb.com/rooms/7398507
7401048,NA,NA,2,NA,NA,NA,5,2,https://www.airbnb.com/rooms/7401048
7402303,NA,Neighborhood highlights,3,NA,1,NA,4.67,3,https://www.airbnb.com/rooms/7402303
7402608,NA,Neighborhood highlights,2,NA,1,NA,4.73,11,https://www.airbnb.com/rooms/7402608
7403613,NA,Neighborhood highlights,4,NA,1,NA,5,1,https://www.airbnb.com/rooms/7403613
7411421,$175.00,Neighborhood highlights,4,2,2,3,4.88,65,https://www.airbnb.com/rooms/7411421
7411499,NA,Neighborhood highlights,2,NA,NA,NA,4,2,https://www.airbnb.com/rooms/7411499
7413605,$60.00,Neighborhood highlights,1,1,1,1,5,1,https://www.airbnb.com/rooms/7413605
7419230,NA,NA,2,NA,NA,NA,NA,0,https://www.airbnb.com/rooms/7419230
7419334,NA,NA,3,NA,1,NA,5,1,https://www.airbnb.com/rooms/7419334
7419517,NA,NA,1,NA,1,NA,NA,0,https://www.airbnb.com/rooms/7419517
7421930,NA,NA,2,NA,NA,NA,4,8,https://www.airbnb.com/rooms/7421930
7426597,$221.00,Neighborhood highlights,4,1,2,2,4.96,231,https://www.airbnb.com/rooms/7426597
7431316,NA,NA,1,NA,NA,NA,4,1,https://www.airbnb.com/rooms/7431316
7433796,NA,Neighborhood highlights,1,NA,NA,NA,4.93,15,https://www.airbnb.com/rooms/7433796
7434316,NA,Neighborhood highlights,1,NA,NA,NA,4.67,3,https://www.airbnb.com/rooms/7434316
7435181,NA,Neighborhood highlights,2,NA,NA,NA,4.75,4,https://www.airbnb.com/rooms/7435181
7435577,NA,Neighborhood highlights,3,NA,2,NA,4.67,6,https://www.airbnb.com/rooms/7435577
7435882,NA,NA,1,NA,1,NA,NA,0,https://www.airbnb.com/rooms/7435882
7436186,$110.00,Neighborhood highlights,2,1,1,1,4.93,80,https://www.airbnb.com/rooms/7436186
7450047,NA,Neighborhood highlights,3,NA,1,NA,4.8,5,https://www.airbnb.com/rooms/7450047
7451145,NA,NA,4,NA,2,NA,5,1,https://www.airbnb.com/rooms/7451145
7457091,NA,NA,2,NA,1,NA,NA,0,https://www.airbnb.com/rooms/7457091
7457673,NA,NA,2,NA,1,NA,4.67,3,https://www.airbnb.com/rooms/7457673
7460009,NA,NA,2,NA,1,NA,3.89,9,https://www.airbnb.com/rooms/7460009
7460803,NA,Neighborhood highlights,1,NA,NA,NA,NA,0,https://www.airbnb.com/rooms/7460803
7461611,$260.00,Neighborhood highlights,2,1,1,1,4.85,109,https://www.airbnb.com/rooms/7461611
7462019,$200.00,Neighborhood highlights,6,1,3,4,4.74,128,https://www.airbnb.com/rooms/7462019
7470123,NA,Neighborhood highlights,5,NA,2,NA,4.75,4,https://www.airbnb.com/rooms/7470123
7471859,NA,NA,3,NA,2,NA,NA,0,https://www.airbnb.com/rooms/7471859
7475708,NA,NA,4,NA,3,NA,NA,0,https://www.airbnb.com/rooms/7475708
7480520,$220.00,Neighborhood highlights,2,1,0,1,4.91,100,https://www.airbnb.com/rooms/7480520
7480795,NA,NA,2,NA,NA,NA,4.67,6,https://www.airbnb.com/rooms/7480795
7482767,NA,NA,2,NA,1,NA,NA,0,https://www.airbnb.com/rooms/7482767
7483034,NA,NA,2,NA,NA,NA,NA,0,https://www.airbnb.com/rooms/7483034
7483853,NA,Neighborhood highlights,1,NA,NA,NA,4.67,3,https://www.airbnb.com/rooms/7483853
7483910,$55.00,NA,2,1,1,1,4.62,26,https://www.airbnb.com/rooms/7483910
7492539,NA,Neighborhood highlights,2,NA,1,NA,NA,0,https://www.airbnb.com/rooms/7492539
7495497,NA,Neighborhood highlights,3,NA,2,NA,5,4,https://www.airbnb.com/rooms/7495497
7496211,NA,NA,4,NA,NA,NA,NA,0,https://www.airbnb.com/rooms/7496211
7497287,NA,NA,2,NA,NA,NA,NA,0,https://www.airbnb.com/rooms/7497287
7498074,$115.00,Neighborhood highlights,2,1,1,1,5,10,https://www.airbnb.com/rooms/7498074
7498271,$240.00,Neighborhood highlights,6,1,3,4,4.84,255,https://www.airbnb.com/rooms/7498271
7500030,NA,NA,7,NA,2,NA,NA,0,https://www.airbnb.com/rooms/7500030
7500228,NA,Neighborhood highlights,2,NA,NA,NA,4.68,31,https://www.airbnb.com/rooms/7500228
7500390,NA,NA,1,NA,NA,NA,4.5,2,https://www.airbnb.com/rooms/7500390
7501668,NA,NA,2,NA,NA,NA,5,3,https://www.airbnb.com/rooms/7501668
7501694,$50.00,Neighborhood highlights,2,1,1,1,4.55,20,https://www.airbnb.com/rooms/7501694
7502146,$50.00,Neighborhood highlights,2,1,1,2,4.57,28,https://www.airbnb.com/rooms/7502146
7512811,NA,NA,2,NA,NA,NA,5,3,https://www.airbnb.com/rooms/7512811
7512967,NA,Neighborhood highlights,2,NA,NA,NA,NA,0,https://www.airbnb.com/rooms/7512967
7515281,NA,NA,1,NA,NA,NA,5,1,https://www.airbnb.com/rooms/7515281
7515694,NA,Neighborhood highlights,4,NA,1,NA,4.89,9,https://www.airbnb.com/rooms/7515694
7516218,$193.00,Neighborhood highlights,2,1,1,1,4.79,42,https://www.airbnb.com/rooms/7516218
7516992,NA,NA,1,NA,1,NA,4,1,https://www.airbnb.com/rooms/7516992
7517614,NA,Neighborhood highlights,5,NA,2,NA,5,3,https://www.airbnb.com/rooms/7517614
7524934,NA,NA,2,NA,NA,NA,NA,0,https://www.airbnb.com/rooms/7524934
7526715,NA,NA,2,NA,NA,NA,4.6,20,https://www.airbnb.com/rooms/7526715
7534543,NA,Neighborhood highlights,4,NA,1,NA,4.87,67,https://www.airbnb.com/rooms/7534543
7535450,NA,Neighborhood highlights,2,NA,NA,NA,4.71,35,https://www.airbnb.com/rooms/7535450
7535791,NA,Neighborhood highlights,3,NA,1,NA,5,1,https://www.airbnb.com/rooms/7535791
7539610,NA,NA,1,NA,1,NA,NA,0,https://www.airbnb.com/rooms/7539610
7542840,NA,Neighborhood highlights,2,NA,NA,NA,4.7,10,https://www.airbnb.com/rooms/7542840
7543993,NA,NA,6,NA,3,NA,NA,0,https://www.airbnb.com/rooms/7543993
7545274,NA,Neighborhood highlights,2,NA,1,NA,4.78,18,https://www.airbnb.com/rooms/7545274
7545750,NA,Neighborhood highlights,2,NA,NA,NA,4.29,7,https://www.airbnb.com/rooms/7545750
7545751,NA,NA,2,NA,NA,NA,NA,0,https://www.airbnb.com/rooms/7545751
7546039,NA,NA,2,NA,NA,NA,5,4,https://www.airbnb.com/rooms/7546039
7547439,NA,Neighborhood highlights,1,NA,NA,NA,4.89,9,https://www.airbnb.com/rooms/7547439
7556153,$175.00,Neighborhood highlights,2,1,0,2,4.86,37,https://www.airbnb.com/rooms/7556153
7556587,NA,NA,2,NA,NA,NA,NA,0,https://www.airbnb.com/rooms/7556587
7556669,$175.00,Neighborhood highlights,4,1,0,2,4.69,16,https://www.airbnb.com/rooms/7556669
7556814,NA,Neighborhood highlights,2,NA,NA,NA,4.8,5,https://www.airbnb.com/rooms/7556814
7557546,$124.00,Neighborhood highlights,2,1,1,3,4.91,196,https://www.airbnb.com/rooms/7557546
7560658,NA,NA,2,NA,NA,NA,NA,0,https://www.airbnb.com/rooms/7560658
7560918,NA,NA,2,NA,NA,NA,NA,0,https://www.airbnb.com/rooms/7560918
7561686,NA,Neighborhood highlights,2,NA,NA,NA,5,1,https://www.airbnb.com/rooms/7561686
7563487,NA,NA,2,NA,NA,NA,NA,0,https://www.airbnb.com/rooms/7563487
7563717,NA,NA,2,NA,NA,NA,NA,0,https://www.airbnb.com/rooms/7563717
7570475,NA,NA,1,NA,NA,NA,NA,0,https://www.airbnb.com/rooms/7570475
7573103,NA,Neighborhood highlights,4,NA,2,NA,4,3,https://www.airbnb.com/rooms/7573103
7573221,NA,NA,1,NA,NA,NA,NA,0,https://www.airbnb.com/rooms/7573221
7573321,NA,NA,2,NA,NA,NA,5,1,https://www.airbnb.com/rooms/7573321
7573430,NA,NA,1,NA,NA,NA,5,2,https://www.airbnb.com/rooms/7573430
7575626,NA,NA,2,NA,1,NA,NA,0,https://www.airbnb.com/rooms/7575626
7575697,NA,Neighborhood highlights,2,NA,1,NA,NA,0,https://www.airbnb.com/rooms/7575697
7576910,NA,Neighborhood highlights,2,NA,1,NA,4.7,27,https://www.airbnb.com/rooms/7576910
7577608,NA,Neighborhood highlights,2,NA,NA,NA,NA,0,https://www.airbnb.com/rooms/7577608
7581611,NA,Neighborhood highlights,2,NA,NA,NA,4.27,15,https://www.airbnb.com/rooms/7581611
7581727,NA,Neighborhood highlights,2,NA,NA,NA,NA,0,https://www.airbnb.com/rooms/7581727
7582706,NA,NA,4,NA,1,NA,NA,0,https://www.airbnb.com/rooms/7582706
7582834,NA,Neighborhood highlights,2,NA,1,NA,NA,0,https://www.airbnb.com/rooms/7582834
7583507,NA,NA,2,NA,NA,NA,4,2,https://www.airbnb.com/rooms/7583507
7584885,NA,NA,1,NA,NA,NA,NA,0,https://www.airbnb.com/rooms/7584885
7593985,NA,Neighborhood highlights,2,NA,NA,NA,4.83,18,https://www.airbnb.com/rooms/7593985
7594252,$200.00,Neighborhood highlights,4,2,2,2,5,3,https://www.airbnb.com/rooms/7594252
7596078,NA,Neighborhood highlights,3,NA,2,NA,NA,0,https://www.airbnb.com/rooms/7596078
7596341,NA,NA,2,NA,1,NA,NA,0,https://www.airbnb.com/rooms/7596341
7599569,NA,Neighborhood highlights,1,NA,NA,NA,4.5,10,https://www.airbnb.com/rooms/7599569
7599873,NA,NA,2,NA,2,NA,4.73,11,https://www.airbnb.com/rooms/7599873
7601496,NA,NA,2,NA,1,NA,NA,0,https://www.airbnb.com/rooms/7601496
7602400,NA,Neighborhood highlights,3,NA,1,NA,4.83,6,https://www.airbnb.com/rooms/7602400
7602426,NA,Neighborhood highlights,5,NA,2,NA,4.44,18,https://www.airbnb.com/rooms/7602426
7602442,NA,NA,2,NA,NA,NA,NA,0,https://www.airbnb.com/rooms/7602442
7603075,NA,NA,2,NA,1,NA,NA,0,https://www.airbnb.com/rooms/7603075
7603716,$80.00,Neighborhood highlights,2,1,1,1,4.95,78,https://www.airbnb.com/rooms/7603716
7609520,NA,NA,4,NA,1,NA,4.86,76,https://www.airbnb.com/rooms/7609520
7611169,NA,Neighborhood highlights,2,NA,NA,NA,4,3,https://www.airbnb.com/rooms/7611169
7611764,NA,NA,2,NA,NA,NA,5,2,https://www.airbnb.com/rooms/7611764
7612100,$120.00,Neighborhood highlights,4,1,1,2,4.45,44,https://www.airbnb.com/rooms/7612100
7612456,$125.00,Neighborhood highlights,2,1,1,1,4.9,69,https://www.airbnb.com/rooms/7612456
7615496,$90.00,Neighborhood highlights,7,1.5,3,4,4.8,367,https://www.airbnb.com/rooms/7615496
7615693,NA,Neighborhood highlights,6,NA,4,NA,4.67,9,https://www.airbnb.com/rooms/7615693
7616651,NA,NA,1,NA,1,NA,4,1,https://www.airbnb.com/rooms/7616651
7619996,NA,NA,1,NA,NA,NA,4,2,https://www.airbnb.com/rooms/7619996
7620763,$130.00,Neighborhood highlights,2,1,1,4,4.74,145,https://www.airbnb.com/rooms/7620763
7621629,NA,Neighborhood highlights,1,NA,1,NA,NA,0,https://www.airbnb.com/rooms/7621629
7621698,NA,Neighborhood highlights,3,NA,2,NA,5,7,https://www.airbnb.com/rooms/7621698
7629563,NA,NA,2,NA,NA,NA,5,2,https://www.airbnb.com/rooms/7629563
7630422,$250.00,Neighborhood highlights,6,1,0,2,4.92,212,https://www.airbnb.com/rooms/7630422
7632128,NA,NA,1,NA,NA,NA,NA,0,https://www.airbnb.com/rooms/7632128
7632182,NA,NA,2,NA,NA,NA,4.12,17,https://www.airbnb.com/rooms/7632182
7632731,$600.00,NA,5,3,4,4,5,2,https://www.airbnb.com/rooms/7632731
7632804,NA,Neighborhood highlights,1,NA,NA,NA,5,2,https://www.airbnb.com/rooms/7632804
7636280,NA,Neighborhood highlights,2,NA,NA,NA,5,4,https://www.airbnb.com/rooms/7636280
7637047,NA,NA,2,NA,NA,NA,5,1,https://www.airbnb.com/rooms/7637047
7637101,NA,NA,2,NA,1,NA,NA,0,https://www.airbnb.com/rooms/7637101
7638537,NA,NA,4,NA,NA,NA,4.66,32,https://www.airbnb.com/rooms/7638537
7643399,$189.00,Neighborhood highlights,4,1,2,2,4.8,5,https://www.airbnb.com/rooms/7643399
7643428,NA,Neighborhood highlights,1,NA,NA,NA,4.91,11,https://www.airbnb.com/rooms/7643428
7644505,NA,Neighborhood highlights,6,NA,3,NA,NA,0,https://www.airbnb.com/rooms/7644505
7645359,$109.00,Neighborhood highlights,2,1,1,1,4.64,11,https://www.airbnb.com/rooms/7645359
7646092,NA,NA,2,NA,NA,NA,4.33,3,https://www.airbnb.com/rooms/7646092
7646832,NA,Neighborhood highlights,8,NA,4,NA,5,5,https://www.airbnb.com/rooms/7646832
7647268,$40.00,Neighborhood highlights,1,1,1,1,4.92,72,https://www.airbnb.com/rooms/7647268
7651459,NA,Neighborhood highlights,1,NA,NA,NA,5,2,https://www.airbnb.com/rooms/7651459
7651547,NA,Neighborhood highlights,8,NA,3,NA,4.79,29,https://www.airbnb.com/rooms/7651547
7652929,NA,NA,2,NA,NA,NA,4.5,2,https://www.airbnb.com/rooms/7652929
7652936,NA,Neighborhood highlights,2,NA,NA,NA,4.95,19,https://www.airbnb.com/rooms/7652936
7654931,$92.00,Neighborhood highlights,1,2,1,1,4.84,492,https://www.airbnb.com/rooms/7654931
7656308,NA,Neighborhood highlights,1,NA,NA,NA,4.87,23,https://www.airbnb.com/rooms/7656308
7659042,NA,NA,2,NA,1,NA,NA,0,https://www.airbnb.com/rooms/7659042
7660853,NA,Neighborhood highlights,1,NA,1,NA,5,1,https://www.airbnb.com/rooms/7660853
7661735,NA,NA,2,NA,NA,NA,NA,0,https://www.airbnb.com/rooms/7661735
7662160,NA,Neighborhood highlights,1,NA,NA,NA,4,6,https://www.airbnb.com/rooms/7662160
7664692,$34.00,Neighborhood highlights,1,1,1,1,4.96,93,https://www.airbnb.com/rooms/7664692
7664863,NA,NA,2,NA,NA,NA,4.43,35,https://www.airbnb.com/rooms/7664863
7664959,NA,NA,1,NA,NA,NA,NA,0,https://www.airbnb.com/rooms/7664959
7665230,NA,Neighborhood highlights,2,NA,NA,NA,5,2,https://www.airbnb.com/rooms/7665230
7665764,NA,Neighborhood highlights,4,NA,1,NA,5,2,https://www.airbnb.com/rooms/7665764
7673007,$165.00,Neighborhood highlights,1,1,1,1,4.5,16,https://www.airbnb.com/rooms/7673007
7677565,NA,NA,2,NA,1,NA,4,1,https://www.airbnb.com/rooms/7677565
7678187,NA,Neighborhood highlights,2,NA,1,NA,5,3,https://www.airbnb.com/rooms/7678187
7679094,NA,Neighborhood highlights,4,NA,2,NA,4.78,9,https://www.airbnb.com/rooms/7679094
7679691,NA,Neighborhood highlights,2,NA,1,NA,5,1,https://www.airbnb.com/rooms/7679691
7679697,$300.00,Neighborhood highlights,2,1,1,1,4.78,72,https://www.airbnb.com/rooms/7679697
7680504,$119.00,Neighborhood highlights,4,1,2,2,4.62,13,https://www.airbnb.com/rooms/7680504
7686940,NA,Neighborhood highlights,2,NA,NA,NA,4.55,182,https://www.airbnb.com/rooms/7686940
7689346,NA,Neighborhood highlights,1,NA,1,NA,5,1,https://www.airbnb.com/rooms/7689346
7689495,NA,Neighborhood highlights,2,NA,1,NA,5,2,https://www.airbnb.com/rooms/7689495
7691534,NA,NA,2,NA,2,NA,NA,0,https://www.airbnb.com/rooms/7691534
7692326,NA,Neighborhood highlights,10,NA,6,NA,4.83,136,https://www.airbnb.com/rooms/7692326
7692660,$50.00,Neighborhood highlights,2,1,1,2,4.63,32,https://www.airbnb.com/rooms/7692660
7692870,$120.00,Neighborhood highlights,2,1,1,2,4.92,320,https://www.airbnb.com/rooms/7692870
7693124,NA,Neighborhood highlights,1,NA,NA,NA,4.33,3,https://www.airbnb.com/rooms/7693124
7696654,NA,Neighborhood highlights,2,NA,1,NA,NA,0,https://www.airbnb.com/rooms/7696654
7697256,NA,NA,2,NA,NA,NA,4.5,8,https://www.airbnb.com/rooms/7697256
7698593,$298.00,Neighborhood highlights,4,2,2,2,4.92,25,https://www.airbnb.com/rooms/7698593
7698619,NA,NA,2,NA,1,NA,NA,0,https://www.airbnb.com/rooms/7698619
7698722,NA,Neighborhood highlights,4,NA,2,NA,4.7,226,https://www.airbnb.com/rooms/7698722
7699037,NA,Neighborhood highlights,2,NA,NA,NA,4.79,29,https://www.airbnb.com/rooms/7699037
7699156,NA,Neighborhood highlights,3,NA,1,NA,NA,0,https://www.airbnb.com/rooms/7699156
7699542,NA,NA,2,NA,1,NA,4,1,https://www.airbnb.com/rooms/7699542
7700741,NA,NA,2,NA,NA,NA,5,1,https://www.airbnb.com/rooms/7700741
7707274,NA,Neighborhood highlights,2,NA,1,NA,5,8,https://www.airbnb.com/rooms/7707274
7709293,NA,NA,3,NA,1,NA,NA,0,https://www.airbnb.com/rooms/7709293
7711161,NA,Neighborhood highlights,2,NA,1,NA,5,2,https://www.airbnb.com/rooms/7711161
7711899,$43.00,Neighborhood highlights,1,1,1,1,4.53,15,https://www.airbnb.com/rooms/7711899
7713509,NA,Neighborhood highlights,2,NA,1,NA,4,2,https://www.airbnb.com/rooms/7713509
7714405,NA,Neighborhood highlights,4,NA,2,NA,NA,0,https://www.airbnb.com/rooms/7714405
7715344,NA,Neighborhood highlights,4,NA,1,NA,4.75,4,https://www.airbnb.com/rooms/7715344
7716489,NA,NA,2,NA,NA,NA,NA,0,https://www.airbnb.com/rooms/7716489
7725042,NA,NA,2,NA,1,NA,NA,0,https://www.airbnb.com/rooms/7725042
7725075,NA,Neighborhood highlights,2,NA,NA,NA,5,3,https://www.airbnb.com/rooms/7725075
7726296,NA,NA,2,NA,1,NA,NA,0,https://www.airbnb.com/rooms/7726296
7727644,NA,Neighborhood highlights,4,NA,2,NA,4.25,4,https://www.airbnb.com/rooms/7727644
7728265,NA,Neighborhood highlights,1,NA,1,NA,NA,0,https://www.airbnb.com/rooms/7728265
7729804,NA,Neighborhood highlights,3,NA,NA,NA,4.5,2,https://www.airbnb.com/rooms/7729804
7730865,NA,NA,2,NA,1,NA,NA,0,https://www.airbnb.com/rooms/7730865
7731348,NA,NA,3,NA,1,NA,5,2,https://www.airbnb.com/rooms/7731348
7733651,NA,Neighborhood highlights,4,NA,2,NA,5,17,https://www.airbnb.com/rooms/7733651
7734176,NA,Neighborhood highlights,5,NA,2,NA,4.67,12,https://www.airbnb.com/rooms/7734176
7734670,$40.00,Neighborhood highlights,1,1.5,1,2,4.52,33,https://www.airbnb.com/rooms/7734670
7740527,NA,NA,2,NA,1,NA,5,1,https://www.airbnb.com/rooms/7740527
7741113,NA,NA,1,NA,NA,NA,NA,0,https://www.airbnb.com/rooms/7741113
7742486,NA,Neighborhood highlights,2,NA,1,NA,4.65,17,https://www.airbnb.com/rooms/7742486
7742889,NA,NA,2,NA,NA,NA,4,4,https://www.airbnb.com/rooms/7742889
7746286,$221.00,Neighborhood highlights,6,2,2,4,5,9,https://www.airbnb.com/rooms/7746286
7748044,NA,NA,2,NA,NA,NA,NA,0,https://www.airbnb.com/rooms/7748044
7749239,NA,NA,2,NA,1,NA,4.86,22,https://www.airbnb.com/rooms/7749239
7754697,$421.00,Neighborhood highlights,8,1,2,3,4.32,25,https://www.airbnb.com/rooms/7754697
7756015,NA,Neighborhood highlights,2,NA,1,NA,4.66,44,https://www.airbnb.com/rooms/7756015
7758577,NA,NA,4,NA,2,NA,4.5,2,https://www.airbnb.com/rooms/7758577
7760406,NA,Neighborhood highlights,4,NA,NA,NA,4.8,45,https://www.airbnb.com/rooms/7760406
7760808,$508.00,Neighborhood highlights,2,1,0,2,5,41,https://www.airbnb.com/rooms/7760808
7761394,NA,Neighborhood highlights,1,NA,1,NA,3.5,2,https://www.airbnb.com/rooms/7761394
7762201,NA,Neighborhood highlights,2,NA,1,NA,5,1,https://www.airbnb.com/rooms/7762201
7763869,$75.00,Neighborhood highlights,2,1,1,1,4.37,102,https://www.airbnb.com/rooms/7763869
7764285,NA,NA,3,NA,1,NA,5,8,https://www.airbnb.com/rooms/7764285
7768661,$142.00,Neighborhood highlights,7,1,1,2,4.43,21,https://www.airbnb.com/rooms/7768661
7772377,NA,Neighborhood highlights,5,NA,1,NA,4,1,https://www.airbnb.com/rooms/7772377
7774182,$192.00,Neighborhood highlights,7,1,2,2,4.93,245,https://www.airbnb.com/rooms/7774182
7775627,NA,Neighborhood highlights,2,NA,1,NA,4.57,7,https://www.airbnb.com/rooms/7775627
7780335,NA,NA,2,NA,NA,NA,4.63,8,https://www.airbnb.com/rooms/7780335
7782176,$50.00,Neighborhood highlights,3,1,1,1,4.54,112,https://www.airbnb.com/rooms/7782176
7785582,NA,Neighborhood highlights,1,NA,NA,NA,4,2,https://www.airbnb.com/rooms/7785582
7785952,NA,Neighborhood highlights,3,NA,1,NA,4.75,51,https://www.airbnb.com/rooms/7785952
7787799,$65.00,Neighborhood highlights,2,1,1,1,5,2,https://www.airbnb.com/rooms/7787799
7788438,$61.00,Neighborhood highlights,1,1,1,1,5,8,https://www.airbnb.com/rooms/7788438
7788565,$61.00,Neighborhood highlights,1,1,1,1,5,1,https://www.airbnb.com/rooms/7788565
7789678,NA,NA,1,NA,1,NA,NA,0,https://www.airbnb.com/rooms/7789678
7790911,NA,Neighborhood highlights,2,NA,NA,NA,5,3,https://www.airbnb.com/rooms/7790911
7796446,NA,Neighborhood highlights,2,NA,1,NA,NA,0,https://www.airbnb.com/rooms/7796446
7798327,NA,NA,1,NA,NA,NA,5,1,https://www.airbnb.com/rooms/7798327
7798935,NA,Neighborhood highlights,6,NA,2,NA,5,3,https://www.airbnb.com/rooms/7798935
7800835,$130.00,Neighborhood highlights,4,1,2,2,4.84,259,https://www.airbnb.com/rooms/7800835
7801023,NA,NA,2,NA,1,NA,NA,0,https://www.airbnb.com/rooms/7801023
7801169,NA,Neighborhood highlights,2,NA,1,NA,5,12,https://www.airbnb.com/rooms/7801169
7801262,NA,Neighborhood highlights,2,NA,NA,NA,4.73,159,https://www.airbnb.com/rooms/7801262
7803602,$57.00,Neighborhood highlights,1,1.5,1,1,4.59,196,https://www.airbnb.com/rooms/7803602
7803828,$49.00,Neighborhood highlights,2,1,1,1,4.8,15,https://www.airbnb.com/rooms/7803828
7806322,$212.00,Neighborhood highlights,6,1,3,3,4.89,93,https://www.airbnb.com/rooms/7806322
7807454,NA,NA,1,NA,1,NA,4,1,https://www.airbnb.com/rooms/7807454
7808565,NA,Neighborhood highlights,2,NA,NA,NA,4,1,https://www.airbnb.com/rooms/7808565
7809878,$75.00,Neighborhood highlights,1,1,1,1,4.69,32,https://www.airbnb.com/rooms/7809878
7810109,NA,NA,3,NA,1,NA,4.5,2,https://www.airbnb.com/rooms/7810109
7816449,$750.00,Neighborhood highlights,4,1.5,2,2,4.93,58,https://www.airbnb.com/rooms/7816449
7818142,NA,Neighborhood highlights,2,NA,1,NA,NA,0,https://www.airbnb.com/rooms/7818142
7819539,$100.00,Neighborhood highlights,3,1,1,2,4.61,46,https://www.airbnb.com/rooms/7819539
7821813,NA,NA,2,NA,NA,NA,5,2,https://www.airbnb.com/rooms/7821813
7822488,$22.00,NA,1,1,1,1,4.5,40,https://www.airbnb.com/rooms/7822488
7823495,$670.00,NA,4,2,2,2,4.94,34,https://www.airbnb.com/rooms/7823495
7826411,NA,NA,2,NA,1,NA,NA,0,https://www.airbnb.com/rooms/7826411
7827908,NA,Neighborhood highlights,2,NA,NA,NA,4.69,132,https://www.airbnb.com/rooms/7827908
7828204,NA,Neighborhood highlights,2,NA,1,NA,5,1,https://www.airbnb.com/rooms/7828204
7834733,NA,NA,1,NA,NA,NA,NA,0,https://www.airbnb.com/rooms/7834733
7835470,NA,Neighborhood highlights,2,NA,2,NA,5,3,https://www.airbnb.com/rooms/7835470
7835680,NA,Neighborhood highlights,3,NA,1,NA,5,1,https://www.airbnb.com/rooms/7835680
7835778,NA,NA,1,NA,NA,NA,5,1,https://www.airbnb.com/rooms/7835778
7837347,NA,Neighborhood highlights,6,NA,3,NA,NA,0,https://www.airbnb.com/rooms/7837347
7837685,NA,Neighborhood highlights,2,NA,NA,NA,5,11,https://www.airbnb.com/rooms/7837685
7837816,$80.00,Neighborhood highlights,2,1,1,1,4.86,502,https://www.airbnb.com/rooms/7837816
7837952,$245.00,Neighborhood highlights,2,1,0,1,4.9,184,https://www.airbnb.com/rooms/7837952
7839972,NA,Neighborhood highlights,4,NA,1,NA,4.5,4,https://www.airbnb.com/rooms/7839972
7841904,NA,Neighborhood highlights,1,NA,NA,NA,4.75,4,https://www.airbnb.com/rooms/7841904
7842116,NA,Neighborhood highlights,2,NA,NA,NA,NA,0,https://www.airbnb.com/rooms/7842116
7842276,NA,Neighborhood highlights,2,NA,5,NA,4.85,93,https://www.airbnb.com/rooms/7842276
7842671,NA,Neighborhood highlights,1,NA,1,NA,4.7,10,https://www.airbnb.com/rooms/7842671
7843390,$100.00,NA,2,1,1,1,4.61,79,https://www.airbnb.com/rooms/7843390
7843582,NA,Neighborhood highlights,2,NA,1,NA,4.78,27,https://www.airbnb.com/rooms/7843582
7843604,$175.00,Neighborhood highlights,2,1,1,2,4.91,365,https://www.airbnb.com/rooms/7843604
7843696,NA,NA,1,NA,1,NA,NA,0,https://www.airbnb.com/rooms/7843696
7851047,NA,Neighborhood highlights,8,NA,3,NA,NA,0,https://www.airbnb.com/rooms/7851047
7851753,NA,NA,2,NA,1,NA,NA,0,https://www.airbnb.com/rooms/7851753
7856749,$172.00,Neighborhood highlights,4,1,0,2,4.61,18,https://www.airbnb.com/rooms/7856749
7857040,NA,NA,1,NA,NA,NA,NA,0,https://www.airbnb.com/rooms/7857040
7858096,NA,Neighborhood highlights,2,NA,NA,NA,4,3,https://www.airbnb.com/rooms/7858096
7860155,$150.00,NA,2,1,1,1,4.86,300,https://www.airbnb.com/rooms/7860155
7864877,NA,Neighborhood highlights,6,NA,2,NA,4,2,https://www.airbnb.com/rooms/7864877
7866421,NA,Neighborhood highlights,2,NA,1,NA,4.67,6,https://www.airbnb.com/rooms/7866421
7867805,NA,NA,2,NA,1,NA,5,1,https://www.airbnb.com/rooms/7867805
7869449,NA,NA,1,NA,NA,NA,NA,0,https://www.airbnb.com/rooms/7869449
7871818,$142.00,Neighborhood highlights,4,1,0,2,4.54,240,https://www.airbnb.com/rooms/7871818
7871985,NA,Neighborhood highlights,2,NA,1,NA,4.86,7,https://www.airbnb.com/rooms/7871985
7873524,NA,NA,3,NA,1,NA,5,1,https://www.airbnb.com/rooms/7873524
7884922,NA,Neighborhood highlights,3,NA,1,NA,5,1,https://www.airbnb.com/rooms/7884922
7887966,$90.00,Neighborhood highlights,4,1,2,2,4.82,76,https://www.airbnb.com/rooms/7887966
7891403,$285.00,Neighborhood highlights,6,1,3,3,4.85,78,https://www.airbnb.com/rooms/7891403
7893820,NA,NA,2,NA,2,NA,NA,0,https://www.airbnb.com/rooms/7893820
7894007,$204.00,Neighborhood highlights,4,1,2,2,4.93,92,https://www.airbnb.com/rooms/7894007
7894084,NA,Neighborhood highlights,1,NA,NA,NA,NA,0,https://www.airbnb.com/rooms/7894084
7894907,NA,Neighborhood highlights,2,NA,NA,NA,4.8,25,https://www.airbnb.com/rooms/7894907
7895157,NA,NA,2,NA,NA,NA,NA,0,https://www.airbnb.com/rooms/7895157
7897229,NA,NA,1,NA,2,NA,4.75,8,https://www.airbnb.com/rooms/7897229
7900119,NA,NA,1,NA,NA,NA,5,2,https://www.airbnb.com/rooms/7900119
7900437,NA,Neighborhood highlights,2,NA,NA,NA,4.5,4,https://www.airbnb.com/rooms/7900437
7900722,NA,Neighborhood highlights,2,NA,1,NA,5,11,https://www.airbnb.com/rooms/7900722
7901715,NA,NA,2,NA,NA,NA,4.5,2,https://www.airbnb.com/rooms/7901715
7901928,NA,Neighborhood highlights,2,NA,NA,NA,5,2,https://www.airbnb.com/rooms/7901928
7911249,NA,Neighborhood highlights,2,NA,NA,NA,4.67,3,https://www.airbnb.com/rooms/7911249
7913704,NA,Neighborhood highlights,2,NA,1,NA,4.67,3,https://www.airbnb.com/rooms/7913704
7914401,NA,NA,1,NA,NA,NA,4.56,9,https://www.airbnb.com/rooms/7914401
7915525,NA,Neighborhood highlights,2,NA,NA,NA,4.93,14,https://www.airbnb.com/rooms/7915525
7915542,$150.00,Neighborhood highlights,2,1,1,1,4.87,15,https://www.airbnb.com/rooms/7915542
7916103,NA,Neighborhood highlights,2,NA,NA,NA,4,3,https://www.airbnb.com/rooms/7916103
7916802,NA,NA,2,NA,1,NA,5,1,https://www.airbnb.com/rooms/7916802
7919094,NA,Neighborhood highlights,2,NA,1,NA,4.83,6,https://www.airbnb.com/rooms/7919094
7919303,NA,NA,1,NA,NA,NA,5,1,https://www.airbnb.com/rooms/7919303
7919372,$214.00,Neighborhood highlights,3,1,1,2,4.81,63,https://www.airbnb.com/rooms/7919372
7919803,NA,Neighborhood highlights,6,NA,2,NA,4.79,14,https://www.airbnb.com/rooms/7919803
7921643,NA,NA,1,NA,NA,NA,NA,0,https://www.airbnb.com/rooms/7921643
7922002,NA,NA,2,NA,NA,NA,5,1,https://www.airbnb.com/rooms/7922002
7922158,$65.00,NA,2,1,1,1,5,1,https://www.airbnb.com/rooms/7922158
7927838,$125.00,Neighborhood highlights,2,1,1,1,4.88,206,https://www.airbnb.com/rooms/7927838
7928917,NA,Neighborhood highlights,1,NA,NA,NA,NA,0,https://www.airbnb.com/rooms/7928917
7931180,NA,NA,4,NA,NA,NA,NA,0,https://www.airbnb.com/rooms/7931180
7933400,NA,Neighborhood highlights,1,NA,1,NA,NA,0,https://www.airbnb.com/rooms/7933400
7933773,NA,Neighborhood highlights,4,NA,1,NA,4.82,17,https://www.airbnb.com/rooms/7933773
7933896,NA,Neighborhood highlights,2,NA,1,NA,NA,0,https://www.airbnb.com/rooms/7933896
7935508,$65.00,Neighborhood highlights,1,1.5,1,1,4.6,10,https://www.airbnb.com/rooms/7935508
7937398,$92.00,Neighborhood highlights,2,1,1,1,4.88,178,https://www.airbnb.com/rooms/7937398
7937553,$292.00,Neighborhood highlights,2,1,1,1,4.78,54,https://www.airbnb.com/rooms/7937553
7938424,NA,NA,2,NA,1,NA,4.5,2,https://www.airbnb.com/rooms/7938424
7939788,NA,NA,2,NA,NA,NA,4.6,5,https://www.airbnb.com/rooms/7939788
7950368,NA,Neighborhood highlights,2,NA,1,NA,4.89,9,https://www.airbnb.com/rooms/7950368
7951281,$450.00,Neighborhood highlights,4,1,2,2,4.93,319,https://www.airbnb.com/rooms/7951281
7952963,$160.00,Neighborhood highlights,1,1,1,1,4.97,66,https://www.airbnb.com/rooms/7952963
7953819,NA,Neighborhood highlights,4,NA,2,NA,4.8,10,https://www.airbnb.com/rooms/7953819
7954940,NA,Neighborhood highlights,1,NA,1,NA,NA,0,https://www.airbnb.com/rooms/7954940
7955150,NA,Neighborhood highlights,2,NA,1,NA,4.63,8,https://www.airbnb.com/rooms/7955150
7956593,NA,Neighborhood highlights,4,NA,2,NA,4.33,3,https://www.airbnb.com/rooms/7956593
7962707,NA,Neighborhood highlights,4,NA,1,NA,4.63,8,https://www.airbnb.com/rooms/7962707
7966153,NA,Neighborhood highlights,4,NA,2,NA,NA,0,https://www.airbnb.com/rooms/7966153
7966447,NA,NA,1,NA,1,NA,NA,0,https://www.airbnb.com/rooms/7966447
7967942,NA,Neighborhood highlights,5,NA,1,NA,5,2,https://www.airbnb.com/rooms/7967942
7968983,$245.00,Neighborhood highlights,7,2.5,4,4,4.84,177,https://www.airbnb.com/rooms/7968983
7970578,NA,NA,5,NA,3,NA,4.6,5,https://www.airbnb.com/rooms/7970578
7972210,$100.00,Neighborhood highlights,2,1,1,3,4.74,38,https://www.airbnb.com/rooms/7972210
7972839,NA,Neighborhood highlights,3,NA,2,NA,4.5,2,https://www.airbnb.com/rooms/7972839
7973933,NA,Neighborhood highlights,2,NA,1,NA,5,3,https://www.airbnb.com/rooms/7973933
7975360,NA,Neighborhood highlights,6,NA,2,NA,4.69,141,https://www.airbnb.com/rooms/7975360
7979433,NA,Neighborhood highlights,4,NA,1,NA,5,2,https://www.airbnb.com/rooms/7979433
7980191,NA,Neighborhood highlights,4,NA,1,NA,4.85,26,https://www.airbnb.com/rooms/7980191
7982720,NA,Neighborhood highlights,3,NA,1,NA,5,2,https://www.airbnb.com/rooms/7982720
7985537,NA,Neighborhood highlights,2,NA,NA,NA,4.69,13,https://www.airbnb.com/rooms/7985537
7987209,$833.00,Neighborhood highlights,8,3,4,4,4.79,131,https://www.airbnb.com/rooms/7987209
7987306,NA,NA,2,NA,1,NA,NA,0,https://www.airbnb.com/rooms/7987306
7988259,NA,Neighborhood highlights,1,NA,NA,NA,5,3,https://www.airbnb.com/rooms/7988259
7988491,NA,Neighborhood highlights,4,NA,2,NA,NA,0,https://www.airbnb.com/rooms/7988491
7993995,$80.00,NA,2,1,1,1,5,1,https://www.airbnb.com/rooms/7993995
8000640,NA,NA,2,NA,1,NA,5,8,https://www.airbnb.com/rooms/8000640
8000716,NA,NA,3,NA,1,NA,4.69,16,https://www.airbnb.com/rooms/8000716
8005645,NA,Neighborhood highlights,2,NA,1,NA,5,4,https://www.airbnb.com/rooms/8005645
8011605,$72.00,Neighborhood highlights,1,1,1,1,4.79,14,https://www.airbnb.com/rooms/8011605
8012041,NA,NA,2,NA,NA,NA,4.87,15,https://www.airbnb.com/rooms/8012041
8013947,NA,Neighborhood highlights,3,NA,NA,NA,4.94,17,https://www.airbnb.com/rooms/8013947
8014087,NA,NA,2,NA,1,NA,5,2,https://www.airbnb.com/rooms/8014087
8014298,NA,NA,1,NA,NA,NA,5,1,https://www.airbnb.com/rooms/8014298
8014811,NA,NA,2,NA,1,NA,4,3,https://www.airbnb.com/rooms/8014811
8015917,NA,Neighborhood highlights,2,NA,1,NA,4.83,6,https://www.airbnb.com/rooms/8015917
8016681,NA,Neighborhood highlights,2,NA,NA,NA,4.73,11,https://www.airbnb.com/rooms/8016681
8016747,NA,Neighborhood highlights,2,NA,NA,NA,4.8,76,https://www.airbnb.com/rooms/8016747
8017587,NA,NA,2,NA,1,NA,NA,0,https://www.airbnb.com/rooms/8017587
8033860,NA,NA,2,NA,1,NA,4.67,3,https://www.airbnb.com/rooms/8033860
8034665,NA,NA,2,NA,1,NA,4.05,21,https://www.airbnb.com/rooms/8034665
8035074,NA,NA,2,NA,1,NA,4.5,4,https://www.airbnb.com/rooms/8035074
8040050,$132.00,Neighborhood highlights,4,2,2,1,4.63,35,https://www.airbnb.com/rooms/8040050
8042732,NA,Neighborhood highlights,3,NA,1,NA,5,2,https://www.airbnb.com/rooms/8042732
8045552,$78.00,Neighborhood highlights,2,1,1,1,4.72,295,https://www.airbnb.com/rooms/8045552
8047711,NA,NA,2,NA,NA,NA,5,2,https://www.airbnb.com/rooms/8047711
8052046,NA,Neighborhood highlights,2,NA,NA,NA,4.78,73,https://www.airbnb.com/rooms/8052046
8052243,NA,Neighborhood highlights,2,NA,1,NA,5,2,https://www.airbnb.com/rooms/8052243
8052841,NA,Neighborhood highlights,2,NA,NA,NA,4.6,15,https://www.airbnb.com/rooms/8052841
8054277,NA,NA,4,NA,2,NA,4.5,32,https://www.airbnb.com/rooms/8054277
8054523,$130.00,Neighborhood highlights,1,1,1,1,4.94,17,https://www.airbnb.com/rooms/8054523
8054651,$105.00,Neighborhood highlights,1,2,1,1,4.84,570,https://www.airbnb.com/rooms/8054651
8055508,$93.00,Neighborhood highlights,1,2,1,1,4.83,565,https://www.airbnb.com/rooms/8055508
8055582,$123.00,Neighborhood highlights,2,2,1,1,4.81,561,https://www.airbnb.com/rooms/8055582
8055721,$130.00,Neighborhood highlights,2,2,1,1,4.86,551,https://www.airbnb.com/rooms/8055721
8055778,$108.00,Neighborhood highlights,1,2,1,1,4.85,657,https://www.airbnb.com/rooms/8055778
8063565,NA,NA,3,NA,1,NA,NA,0,https://www.airbnb.com/rooms/8063565
8065272,NA,NA,2,NA,NA,NA,4.78,9,https://www.airbnb.com/rooms/8065272
8067561,NA,NA,1,NA,1,NA,4.78,9,https://www.airbnb.com/rooms/8067561
8070252,NA,NA,4,NA,2,NA,5,5,https://www.airbnb.com/rooms/8070252
8071687,$298.00,Neighborhood highlights,4,1,1,2,4.93,195,https://www.airbnb.com/rooms/8071687
8082651,NA,Neighborhood highlights,1,NA,NA,NA,4.32,19,https://www.airbnb.com/rooms/8082651
8088779,$251.00,Neighborhood highlights,4,1,1,2,4.63,167,https://www.airbnb.com/rooms/8088779
8101848,NA,NA,2,NA,1,NA,5,3,https://www.airbnb.com/rooms/8101848
8102145,NA,Neighborhood highlights,2,NA,NA,NA,5,1,https://www.airbnb.com/rooms/8102145
8108376,$107.00,Neighborhood highlights,3,1,1,2,4.6,72,https://www.airbnb.com/rooms/8108376
8115321,$100.00,Neighborhood highlights,2,1,1,1,4.92,163,https://www.airbnb.com/rooms/8115321
8117209,$38.00,NA,1,1,1,1,4.68,19,https://www.airbnb.com/rooms/8117209
8118692,NA,Neighborhood highlights,2,NA,NA,NA,4,1,https://www.airbnb.com/rooms/8118692
8127517,$650.00,Neighborhood highlights,16,1,0,1,NA,0,https://www.airbnb.com/rooms/8127517
8130551,NA,Neighborhood highlights,2,NA,NA,NA,NA,0,https://www.airbnb.com/rooms/8130551
8131995,$220.00,Neighborhood highlights,1,1,1,1,4.5,2,https://www.airbnb.com/rooms/8131995
8133275,$90.00,Neighborhood highlights,4,1,2,2,4.71,184,https://www.airbnb.com/rooms/8133275
8133707,NA,Neighborhood highlights,2,NA,NA,NA,4.5,8,https://www.airbnb.com/rooms/8133707
8135144,$180.00,Neighborhood highlights,4,1,2,2,4.44,179,https://www.airbnb.com/rooms/8135144
8139311,NA,Neighborhood highlights,6,NA,2,NA,5,1,https://www.airbnb.com/rooms/8139311
8142536,NA,NA,4,NA,1,NA,NA,0,https://www.airbnb.com/rooms/8142536
8144049,NA,Neighborhood highlights,4,NA,NA,NA,4.6,5,https://www.airbnb.com/rooms/8144049
8145339,NA,NA,4,NA,2,NA,4.8,5,https://www.airbnb.com/rooms/8145339
8146444,NA,Neighborhood highlights,2,NA,1,NA,4.79,14,https://www.airbnb.com/rooms/8146444
8147651,NA,NA,5,NA,3,NA,NA,0,https://www.airbnb.com/rooms/8147651
8151183,$140.00,Neighborhood highlights,5,1,2,2,5,75,https://www.airbnb.com/rooms/8151183
8151605,NA,Neighborhood highlights,4,NA,2,NA,4,1,https://www.airbnb.com/rooms/8151605
8151925,NA,Neighborhood highlights,2,NA,NA,NA,4.63,302,https://www.airbnb.com/rooms/8151925
8152916,$133.00,Neighborhood highlights,2,1,1,1,4.86,223,https://www.airbnb.com/rooms/8152916
8152985,NA,Neighborhood highlights,2,NA,NA,NA,4.6,5,https://www.airbnb.com/rooms/8152985
8153240,NA,Neighborhood highlights,8,NA,3,NA,NA,0,https://www.airbnb.com/rooms/8153240
8155028,NA,Neighborhood highlights,2,NA,1,NA,5,7,https://www.airbnb.com/rooms/8155028
8162214,NA,Neighborhood highlights,1,NA,NA,NA,4.29,7,https://www.airbnb.com/rooms/8162214
8164877,NA,Neighborhood highlights,1,NA,NA,NA,4.76,17,https://www.airbnb.com/rooms/8164877
8167884,$165.00,Neighborhood highlights,2,1,1,3,4.91,166,https://www.airbnb.com/rooms/8167884
8171965,NA,Neighborhood highlights,1,NA,1,NA,NA,0,https://www.airbnb.com/rooms/8171965
8173001,$150.00,Neighborhood highlights,2,1,1,1,4.97,490,https://www.airbnb.com/rooms/8173001
8173232,NA,Neighborhood highlights,2,NA,NA,NA,NA,0,https://www.airbnb.com/rooms/8173232
8173434,NA,Neighborhood highlights,8,NA,2,NA,4.93,168,https://www.airbnb.com/rooms/8173434
8174397,NA,NA,1,NA,NA,NA,5,1,https://www.airbnb.com/rooms/8174397
8182759,$325.00,Neighborhood highlights,4,1,2,2,5,4,https://www.airbnb.com/rooms/8182759
8183112,NA,Neighborhood highlights,5,NA,2,NA,5,5,https://www.airbnb.com/rooms/8183112
8183217,NA,Neighborhood highlights,2,NA,NA,NA,NA,0,https://www.airbnb.com/rooms/8183217
8185845,NA,Neighborhood highlights,3,NA,1,NA,3,2,https://www.airbnb.com/rooms/8185845
8186181,NA,Neighborhood highlights,2,NA,2,NA,4.29,14,https://www.airbnb.com/rooms/8186181
8186924,NA,Neighborhood highlights,3,NA,1,NA,5,2,https://www.airbnb.com/rooms/8186924
8189063,NA,NA,1,NA,1,NA,NA,0,https://www.airbnb.com/rooms/8189063
8190747,$75.00,NA,1,1,1,1,5,2,https://www.airbnb.com/rooms/8190747
8192789,$200.00,Neighborhood highlights,2,1,1,1,4.79,19,https://www.airbnb.com/rooms/8192789
8194369,NA,Neighborhood highlights,1,NA,NA,NA,4.89,9,https://www.airbnb.com/rooms/8194369
8195719,NA,NA,4,NA,2,NA,5,1,https://www.airbnb.com/rooms/8195719
8206060,$180.00,Neighborhood highlights,5,1,2,2,4.9,10,https://www.airbnb.com/rooms/8206060
8207003,NA,NA,2,NA,NA,NA,4.33,3,https://www.airbnb.com/rooms/8207003
8207453,NA,Neighborhood highlights,1,NA,NA,NA,NA,0,https://www.airbnb.com/rooms/8207453
8208285,$210.00,NA,6,1,2,2,4.56,279,https://www.airbnb.com/rooms/8208285
8219648,$70.00,Neighborhood highlights,1,1,1,1,4.78,258,https://www.airbnb.com/rooms/8219648
8221965,$190.00,Neighborhood highlights,2,1.5,2,2,5,11,https://www.airbnb.com/rooms/8221965
8225210,NA,NA,3,NA,1,NA,NA,0,https://www.airbnb.com/rooms/8225210
8225997,$138.00,Neighborhood highlights,2,1,1,1,5,2,https://www.airbnb.com/rooms/8225997
8228217,$55.00,NA,2,2,1,1,4.67,3,https://www.airbnb.com/rooms/8228217
8234295,NA,Neighborhood highlights,1,NA,1,NA,NA,0,https://www.airbnb.com/rooms/8234295
8234510,NA,Neighborhood highlights,4,NA,1,NA,5,2,https://www.airbnb.com/rooms/8234510
8235820,NA,NA,4,NA,2,NA,4.6,5,https://www.airbnb.com/rooms/8235820
8237244,NA,NA,2,NA,1,NA,4.83,70,https://www.airbnb.com/rooms/8237244
8240016,$117.00,NA,2,1,1,2,4.5,261,https://www.airbnb.com/rooms/8240016
8241545,$71.00,Neighborhood highlights,2,1.5,1,1,4.73,11,https://www.airbnb.com/rooms/8241545
8250457,NA,Neighborhood highlights,2,NA,2,NA,4.69,114,https://www.airbnb.com/rooms/8250457
8255464,NA,Neighborhood highlights,2,NA,1,NA,5,1,https://www.airbnb.com/rooms/8255464
8256749,$107.00,Neighborhood highlights,2,1,1,2,4.81,159,https://www.airbnb.com/rooms/8256749
8257903,NA,Neighborhood highlights,2,NA,NA,NA,4.5,2,https://www.airbnb.com/rooms/8257903
8257999,NA,Neighborhood highlights,2,NA,NA,NA,4.5,2,https://www.airbnb.com/rooms/8257999
8266933,NA,Neighborhood highlights,2,NA,NA,NA,4.75,65,https://www.airbnb.com/rooms/8266933
8269681,NA,Neighborhood highlights,1,NA,NA,NA,4.92,13,https://www.airbnb.com/rooms/8269681
8272327,$245.00,Neighborhood highlights,2,1,0,1,4.95,104,https://www.airbnb.com/rooms/8272327
8274711,NA,Neighborhood highlights,2,NA,1,NA,5,8,https://www.airbnb.com/rooms/8274711
8274931,NA,NA,2,NA,1,NA,4.81,31,https://www.airbnb.com/rooms/8274931
8275676,$165.00,Neighborhood highlights,3,2,2,2,5,149,https://www.airbnb.com/rooms/8275676
8281340,NA,Neighborhood highlights,4,NA,7,NA,4.5,16,https://www.airbnb.com/rooms/8281340
8281889,$150.00,Neighborhood highlights,1,1,1,1,4.5,4,https://www.airbnb.com/rooms/8281889
8281967,NA,NA,2,NA,NA,NA,5,1,https://www.airbnb.com/rooms/8281967
8283594,$56.00,NA,2,0,1,1,4.74,19,https://www.airbnb.com/rooms/8283594
8283627,NA,NA,1,NA,NA,NA,4.4,10,https://www.airbnb.com/rooms/8283627
8283693,NA,NA,4,NA,1,NA,NA,0,https://www.airbnb.com/rooms/8283693
8286139,NA,Neighborhood highlights,2,NA,NA,NA,4.5,4,https://www.airbnb.com/rooms/8286139
8286476,NA,NA,1,NA,NA,NA,4,4,https://www.airbnb.com/rooms/8286476
8290724,NA,Neighborhood highlights,3,NA,1,NA,4.82,22,https://www.airbnb.com/rooms/8290724
8293281,$169.00,Neighborhood highlights,2,1,1,1,4.91,217,https://www.airbnb.com/rooms/8293281
8293802,NA,Neighborhood highlights,3,NA,1,NA,5,1,https://www.airbnb.com/rooms/8293802
8294525,NA,NA,1,NA,NA,NA,4.5,6,https://www.airbnb.com/rooms/8294525
8299030,$50.00,NA,2,0,1,1,4.61,33,https://www.airbnb.com/rooms/8299030
8301182,NA,Neighborhood highlights,2,NA,NA,NA,5,9,https://www.airbnb.com/rooms/8301182
8304809,$121.00,NA,6,1,2,3,4.83,177,https://www.airbnb.com/rooms/8304809
8307946,NA,Neighborhood highlights,3,NA,1,NA,4.93,15,https://www.airbnb.com/rooms/8307946
8313370,NA,Neighborhood highlights,2,NA,1,NA,5,2,https://www.airbnb.com/rooms/8313370
8313551,$134.00,Neighborhood highlights,4,1,1,2,4.9,221,https://www.airbnb.com/rooms/8313551
8320702,NA,Neighborhood highlights,3,NA,1,NA,5,2,https://www.airbnb.com/rooms/8320702
8322478,$150.00,Neighborhood highlights,3,1,2,2,4.92,331,https://www.airbnb.com/rooms/8322478
8323015,$116.00,Neighborhood highlights,4,1,1,2,4.76,68,https://www.airbnb.com/rooms/8323015
8324941,$150.00,NA,2,1,1,1,NA,0,https://www.airbnb.com/rooms/8324941
8325605,NA,NA,2,NA,1,NA,NA,0,https://www.airbnb.com/rooms/8325605
8326389,$85.00,Neighborhood highlights,2,1.5,1,1,4.96,141,https://www.airbnb.com/rooms/8326389
8326753,NA,NA,2,NA,NA,NA,NA,0,https://www.airbnb.com/rooms/8326753
8327773,$252.00,Neighborhood highlights,2,1,1,2,4.92,368,https://www.airbnb.com/rooms/8327773
8328900,NA,Neighborhood highlights,3,NA,1,NA,4.71,7,https://www.airbnb.com/rooms/8328900
8330254,$214.00,Neighborhood highlights,4,1,2,2,4.85,55,https://www.airbnb.com/rooms/8330254
8335547,NA,NA,4,NA,2,NA,5,1,https://www.airbnb.com/rooms/8335547
8337597,NA,Neighborhood highlights,2,NA,NA,NA,4,1,https://www.airbnb.com/rooms/8337597
8339140,$119.00,Neighborhood highlights,1,1,1,1,4.81,16,https://www.airbnb.com/rooms/8339140
8340381,NA,NA,1,NA,NA,NA,5,3,https://www.airbnb.com/rooms/8340381
8341919,NA,NA,1,NA,NA,NA,NA,0,https://www.airbnb.com/rooms/8341919
8355794,NA,NA,2,NA,NA,NA,NA,0,https://www.airbnb.com/rooms/8355794
8358047,NA,Neighborhood highlights,2,NA,NA,NA,NA,0,https://www.airbnb.com/rooms/8358047
8364733,NA,NA,2,NA,NA,NA,4.63,38,https://www.airbnb.com/rooms/8364733
8365647,NA,Neighborhood highlights,2,NA,NA,NA,4.92,202,https://www.airbnb.com/rooms/8365647
8365750,$700.00,Neighborhood highlights,3,1,1,1,NA,0,https://www.airbnb.com/rooms/8365750
8367125,NA,Neighborhood highlights,2,NA,NA,NA,5,1,https://www.airbnb.com/rooms/8367125
8368928,NA,Neighborhood highlights,5,NA,2,NA,5,1,https://www.airbnb.com/rooms/8368928
8370236,$55.00,Neighborhood highlights,2,1,1,1,4.71,271,https://www.airbnb.com/rooms/8370236
8373265,NA,Neighborhood highlights,2,NA,1,NA,5,13,https://www.airbnb.com/rooms/8373265
8381173,NA,NA,2,NA,NA,NA,4.4,5,https://www.airbnb.com/rooms/8381173
8381381,NA,NA,2,NA,NA,NA,NA,0,https://www.airbnb.com/rooms/8381381
8386889,NA,Neighborhood highlights,2,NA,NA,NA,4.67,3,https://www.airbnb.com/rooms/8386889
8388776,NA,NA,4,NA,1,NA,4.8,10,https://www.airbnb.com/rooms/8388776
8389603,NA,NA,2,NA,1,NA,5,1,https://www.airbnb.com/rooms/8389603
8392929,$44.00,Neighborhood highlights,1,0,1,1,4.63,38,https://www.airbnb.com/rooms/8392929
8398120,NA,Neighborhood highlights,2,NA,1,NA,NA,0,https://www.airbnb.com/rooms/8398120
8398955,NA,Neighborhood highlights,2,NA,NA,NA,4.57,305,https://www.airbnb.com/rooms/8398955
8399234,$300.00,NA,7,2,3,5,4.86,83,https://www.airbnb.com/rooms/8399234
8400115,NA,Neighborhood highlights,1,NA,NA,NA,5,13,https://www.airbnb.com/rooms/8400115
8401620,NA,NA,2,NA,1,NA,4.33,3,https://www.airbnb.com/rooms/8401620
8402882,NA,NA,1,NA,1,NA,NA,0,https://www.airbnb.com/rooms/8402882
8404181,NA,NA,2,NA,1,NA,5,3,https://www.airbnb.com/rooms/8404181
8404499,NA,Neighborhood highlights,4,NA,1,NA,4.57,7,https://www.airbnb.com/rooms/8404499
8410796,NA,NA,2,NA,1,NA,4.5,2,https://www.airbnb.com/rooms/8410796
8411164,$700.00,Neighborhood highlights,4,1,1,3,4.67,21,https://www.airbnb.com/rooms/8411164
8411390,NA,Neighborhood highlights,2,NA,NA,NA,5,9,https://www.airbnb.com/rooms/8411390
8416681,NA,Neighborhood highlights,2,NA,NA,NA,4.42,12,https://www.airbnb.com/rooms/8416681
8420972,$139.00,Neighborhood highlights,2,1,1,1,5,38,https://www.airbnb.com/rooms/8420972
8423666,$90.00,Neighborhood highlights,2,1,1,1,4.78,94,https://www.airbnb.com/rooms/8423666
8425657,NA,NA,2,NA,1,NA,NA,0,https://www.airbnb.com/rooms/8425657
8426874,$280.00,Neighborhood highlights,5,1,1,1,5,4,https://www.airbnb.com/rooms/8426874
8426915,$141.00,Neighborhood highlights,2,1,1,1,4.94,115,https://www.airbnb.com/rooms/8426915
8427028,NA,NA,2,NA,NA,NA,5,1,https://www.airbnb.com/rooms/8427028
8437115,NA,Neighborhood highlights,2,NA,1,NA,4.75,4,https://www.airbnb.com/rooms/8437115
8439145,NA,Neighborhood highlights,2,NA,1,NA,4.75,4,https://www.airbnb.com/rooms/8439145
8439191,NA,Neighborhood highlights,3,NA,NA,NA,4.91,11,https://www.airbnb.com/rooms/8439191
8440352,$80.00,Neighborhood highlights,1,1,1,1,4.57,244,https://www.airbnb.com/rooms/8440352
8441969,$69.00,Neighborhood highlights,2,1,1,1,4.6,40,https://www.airbnb.com/rooms/8441969
8444013,NA,Neighborhood highlights,4,NA,1,NA,4.75,24,https://www.airbnb.com/rooms/8444013
8444730,NA,NA,2,NA,NA,NA,4.67,3,https://www.airbnb.com/rooms/8444730
8454886,NA,Neighborhood highlights,2,NA,NA,NA,5,1,https://www.airbnb.com/rooms/8454886
8458966,$160.00,NA,2,1,1,1,4.7,84,https://www.airbnb.com/rooms/8458966
8467862,NA,Neighborhood highlights,2,NA,NA,NA,5,2,https://www.airbnb.com/rooms/8467862
8467950,NA,NA,2,NA,1,NA,NA,0,https://www.airbnb.com/rooms/8467950
8468662,NA,NA,4,NA,NA,NA,NA,0,https://www.airbnb.com/rooms/8468662
8470281,$64.00,Neighborhood highlights,1,1.5,1,1,5,1,https://www.airbnb.com/rooms/8470281
8472812,$209.00,NA,2,1,1,2,5,24,https://www.airbnb.com/rooms/8472812
8473532,NA,Neighborhood highlights,2,NA,NA,NA,4.4,5,https://www.airbnb.com/rooms/8473532
8474806,NA,Neighborhood highlights,2,NA,1,NA,4.67,9,https://www.airbnb.com/rooms/8474806
8479799,$205.00,NA,2,1,1,1,4.91,177,https://www.airbnb.com/rooms/8479799
8480087,$195.00,Neighborhood highlights,2,1,1,1,4.87,87,https://www.airbnb.com/rooms/8480087
8481074,NA,NA,4,NA,2,NA,5,2,https://www.airbnb.com/rooms/8481074
8484824,$325.00,Neighborhood highlights,2,1,1,1,5,2,https://www.airbnb.com/rooms/8484824
8485057,NA,Neighborhood highlights,2,NA,1,NA,4.74,34,https://www.airbnb.com/rooms/8485057
8485671,NA,Neighborhood highlights,2,NA,NA,NA,4,2,https://www.airbnb.com/rooms/8485671
8486828,NA,Neighborhood highlights,2,NA,NA,NA,4.71,14,https://www.airbnb.com/rooms/8486828
8488615,NA,Neighborhood highlights,3,NA,1,NA,5,1,https://www.airbnb.com/rooms/8488615
8489589,$150.00,Neighborhood highlights,2,1,1,1,NA,0,https://www.airbnb.com/rooms/8489589
8496270,NA,NA,2,NA,NA,NA,NA,0,https://www.airbnb.com/rooms/8496270
8498885,NA,NA,4,NA,2,NA,4.25,4,https://www.airbnb.com/rooms/8498885
8499719,$75.00,Neighborhood highlights,1,1,1,1,4.84,108,https://www.airbnb.com/rooms/8499719
8502814,NA,NA,2,NA,1,NA,NA,0,https://www.airbnb.com/rooms/8502814
8503280,NA,Neighborhood highlights,1,NA,1,NA,5,1,https://www.airbnb.com/rooms/8503280
8504231,NA,Neighborhood highlights,2,NA,NA,NA,4.43,7,https://www.airbnb.com/rooms/8504231
8504666,$250.00,Neighborhood highlights,4,1.5,2,2,4.78,114,https://www.airbnb.com/rooms/8504666
8505892,NA,NA,6,NA,3,NA,NA,0,https://www.airbnb.com/rooms/8505892
8506757,$140.00,Neighborhood highlights,2,1,2,2,4.85,113,https://www.airbnb.com/rooms/8506757
8506867,NA,NA,4,NA,2,NA,5,2,https://www.airbnb.com/rooms/8506867
8507219,NA,Neighborhood highlights,1,NA,NA,NA,4.97,30,https://www.airbnb.com/rooms/8507219
8507768,NA,Neighborhood highlights,2,NA,NA,NA,4.6,42,https://www.airbnb.com/rooms/8507768
8511404,NA,NA,2,NA,NA,NA,4.8,74,https://www.airbnb.com/rooms/8511404
8513839,NA,NA,2,NA,1,NA,5,2,https://www.airbnb.com/rooms/8513839
8515213,"$1,571.00",Neighborhood highlights,16,2,0,1,4.5,2,https://www.airbnb.com/rooms/8515213
8518051,$100.00,Neighborhood highlights,2,1,1,2,4.84,70,https://www.airbnb.com/rooms/8518051
8518280,NA,Neighborhood highlights,4,NA,1,NA,4.83,6,https://www.airbnb.com/rooms/8518280
8518878,NA,Neighborhood highlights,3,NA,1,NA,NA,0,https://www.airbnb.com/rooms/8518878
8520094,$250.00,Neighborhood highlights,2,1,1,2,4.37,404,https://www.airbnb.com/rooms/8520094
8520667,$55.00,NA,2,1.5,1,1,4,2,https://www.airbnb.com/rooms/8520667
8521188,NA,Neighborhood highlights,4,NA,1,NA,5,2,https://www.airbnb.com/rooms/8521188
8522933,$172.00,Neighborhood highlights,2,1,2,6,4.71,325,https://www.airbnb.com/rooms/8522933
8523688,NA,NA,2,NA,1,NA,5,2,https://www.airbnb.com/rooms/8523688
8523742,NA,Neighborhood highlights,2,NA,NA,NA,4.83,12,https://www.airbnb.com/rooms/8523742
8525172,$62.00,Neighborhood highlights,2,1,1,2,4.83,124,https://www.airbnb.com/rooms/8525172
8525292,NA,NA,4,NA,1,NA,4.73,26,https://www.airbnb.com/rooms/8525292
8530517,$232.00,Neighborhood highlights,4,2,2,2,4.69,13,https://www.airbnb.com/rooms/8530517
8531441,NA,NA,2,NA,1,NA,NA,0,https://www.airbnb.com/rooms/8531441
8532358,$60.00,Neighborhood highlights,2,1,1,1,4.76,42,https://www.airbnb.com/rooms/8532358
8532876,NA,NA,1,NA,1,NA,NA,0,https://www.airbnb.com/rooms/8532876
8533225,$463.00,Neighborhood highlights,16,3,3,7,4.81,293,https://www.airbnb.com/rooms/8533225
8534732,$270.00,Neighborhood highlights,5,1,2,5,4.83,12,https://www.airbnb.com/rooms/8534732
8536270,$240.00,Neighborhood highlights,2,1,1,1,5,265,https://www.airbnb.com/rooms/8536270
8541991,$95.00,Neighborhood highlights,2,1,0,2,4.63,138,https://www.airbnb.com/rooms/8541991
8547335,NA,Neighborhood highlights,1,NA,NA,NA,4.83,18,https://www.airbnb.com/rooms/8547335
8547630,NA,Neighborhood highlights,1,NA,2,NA,4.77,26,https://www.airbnb.com/rooms/8547630
8547691,NA,Neighborhood highlights,2,NA,NA,NA,4.82,68,https://www.airbnb.com/rooms/8547691
8551866,NA,NA,2,NA,1,NA,NA,0,https://www.airbnb.com/rooms/8551866
8553197,NA,NA,2,NA,1,NA,NA,0,https://www.airbnb.com/rooms/8553197
8553287,NA,NA,4,NA,2,NA,5,2,https://www.airbnb.com/rooms/8553287
8554425,NA,NA,1,NA,1,NA,5,1,https://www.airbnb.com/rooms/8554425
8554547,$70.00,NA,3,1,1,1,4.68,22,https://www.airbnb.com/rooms/8554547
8555250,$115.00,Neighborhood highlights,1,1,1,1,4.89,167,https://www.airbnb.com/rooms/8555250
8555411,NA,Neighborhood highlights,2,NA,NA,NA,4.42,19,https://www.airbnb.com/rooms/8555411
8563025,NA,NA,2,NA,NA,NA,4.75,8,https://www.airbnb.com/rooms/8563025
8569534,NA,Neighborhood highlights,2,NA,NA,NA,4.58,74,https://www.airbnb.com/rooms/8569534
8577949,NA,Neighborhood highlights,10,NA,5,NA,NA,0,https://www.airbnb.com/rooms/8577949
8582762,NA,NA,1,NA,1,NA,NA,0,https://www.airbnb.com/rooms/8582762
8588016,NA,Neighborhood highlights,2,NA,NA,NA,4.17,6,https://www.airbnb.com/rooms/8588016
8588621,$70.00,NA,2,1,1,1,4.9,125,https://www.airbnb.com/rooms/8588621
8589444,NA,Neighborhood highlights,1,NA,NA,NA,4.87,23,https://www.airbnb.com/rooms/8589444
8589729,$220.00,Neighborhood highlights,2,2,2,4,4.87,199,https://www.airbnb.com/rooms/8589729
8590275,NA,NA,3,NA,NA,NA,NA,0,https://www.airbnb.com/rooms/8590275
8590777,NA,Neighborhood highlights,2,NA,NA,NA,4.52,27,https://www.airbnb.com/rooms/8590777
8593798,$119.00,Neighborhood highlights,2,1,1,1,4.75,63,https://www.airbnb.com/rooms/8593798
8595349,NA,Neighborhood highlights,6,NA,2,NA,4,2,https://www.airbnb.com/rooms/8595349
8597141,$164.00,Neighborhood highlights,1,1,1,1,4.5,2,https://www.airbnb.com/rooms/8597141
8603083,NA,NA,1,NA,NA,NA,NA,0,https://www.airbnb.com/rooms/8603083
8605739,NA,NA,2,NA,1,NA,4,2,https://www.airbnb.com/rooms/8605739
8608841,NA,Neighborhood highlights,7,NA,3,NA,5,1,https://www.airbnb.com/rooms/8608841
8610093,NA,NA,2,NA,1,NA,5,3,https://www.airbnb.com/rooms/8610093
8612715,NA,Neighborhood highlights,1,NA,NA,NA,5,1,https://www.airbnb.com/rooms/8612715
8614125,NA,NA,2,NA,1,NA,NA,0,https://www.airbnb.com/rooms/8614125
8614204,$150.00,Neighborhood highlights,12,1,3,9,4.5,121,https://www.airbnb.com/rooms/8614204
8616888,$340.00,Neighborhood highlights,6,2,5,5,4.85,13,https://www.airbnb.com/rooms/8616888
8620134,NA,Neighborhood highlights,2,NA,1,NA,4.86,116,https://www.airbnb.com/rooms/8620134
8623370,$101.00,Neighborhood highlights,3,1,1,4,4.71,85,https://www.airbnb.com/rooms/8623370
8627561,$180.00,Neighborhood highlights,2,1,0,1,4.93,200,https://www.airbnb.com/rooms/8627561
8627973,NA,NA,2,NA,NA,NA,4,6,https://www.airbnb.com/rooms/8627973
8628425,NA,Neighborhood highlights,1,NA,1,NA,4.63,59,https://www.airbnb.com/rooms/8628425
8629731,$553.00,Neighborhood highlights,12,1,3,12,4.93,15,https://www.airbnb.com/rooms/8629731
8630185,$125.00,Neighborhood highlights,1,1,1,1,4.71,24,https://www.airbnb.com/rooms/8630185
8630560,NA,Neighborhood highlights,4,NA,2,NA,4.88,8,https://www.airbnb.com/rooms/8630560
8630853,NA,Neighborhood highlights,3,NA,1,NA,NA,0,https://www.airbnb.com/rooms/8630853
8631355,NA,Neighborhood highlights,1,NA,NA,NA,4.5,2,https://www.airbnb.com/rooms/8631355
8634024,NA,NA,2,NA,NA,NA,5,1,https://www.airbnb.com/rooms/8634024
8636811,NA,Neighborhood highlights,2,NA,NA,NA,5,1,https://www.airbnb.com/rooms/8636811
8642428,NA,NA,3,NA,1,NA,4.38,8,https://www.airbnb.com/rooms/8642428
8642982,NA,Neighborhood highlights,2,NA,NA,NA,4.72,86,https://www.airbnb.com/rooms/8642982
8643939,NA,NA,1,NA,NA,NA,5,1,https://www.airbnb.com/rooms/8643939
8645186,NA,NA,1,NA,NA,NA,NA,0,https://www.airbnb.com/rooms/8645186
8648818,NA,Neighborhood highlights,2,NA,NA,NA,5,2,https://www.airbnb.com/rooms/8648818
8650076,NA,Neighborhood highlights,2,NA,1,NA,5,3,https://www.airbnb.com/rooms/8650076
8651132,$38.00,Neighborhood highlights,1,1,1,1,4.29,28,https://www.airbnb.com/rooms/8651132
8653449,NA,NA,1,NA,NA,NA,5,1,https://www.airbnb.com/rooms/8653449
8653999,NA,Neighborhood highlights,3,NA,1,NA,5,2,https://www.airbnb.com/rooms/8653999
8663101,NA,Neighborhood highlights,2,NA,NA,NA,4.83,95,https://www.airbnb.com/rooms/8663101
8663831,NA,NA,2,NA,NA,NA,4,1,https://www.airbnb.com/rooms/8663831
8664611,$86.00,NA,4,1,0,3,4.89,230,https://www.airbnb.com/rooms/8664611
8664615,NA,NA,3,NA,1,NA,5,1,https://www.airbnb.com/rooms/8664615
8665047,NA,Neighborhood highlights,4,NA,2,NA,4.56,9,https://www.airbnb.com/rooms/8665047
8667280,$180.00,Neighborhood highlights,2,1,2,2,4.93,148,https://www.airbnb.com/rooms/8667280
8668115,$50.00,Neighborhood highlights,2,1,1,1,4.6,10,https://www.airbnb.com/rooms/8668115
8671663,$120.00,NA,4,1,1,3,4.96,70,https://www.airbnb.com/rooms/8671663
8673141,NA,Neighborhood highlights,3,NA,1,NA,NA,0,https://www.airbnb.com/rooms/8673141
8681776,NA,Neighborhood highlights,1,NA,2,NA,4.25,4,https://www.airbnb.com/rooms/8681776
8683858,$78.00,Neighborhood highlights,2,1.5,1,1,4.69,83,https://www.airbnb.com/rooms/8683858
8684886,$250.00,Neighborhood highlights,4,2,2,5,4.81,198,https://www.airbnb.com/rooms/8684886
8685857,NA,NA,2,NA,NA,NA,5,1,https://www.airbnb.com/rooms/8685857
8686040,NA,NA,3,NA,1,NA,4,5,https://www.airbnb.com/rooms/8686040
8686167,NA,Neighborhood highlights,4,NA,1,NA,4.71,14,https://www.airbnb.com/rooms/8686167
8687096,NA,Neighborhood highlights,2,NA,NA,NA,4.5,10,https://www.airbnb.com/rooms/8687096
8687556,$99.00,Neighborhood highlights,2,1,1,1,4.63,86,https://www.airbnb.com/rooms/8687556
8689608,NA,Neighborhood highlights,2,NA,1,NA,4.85,148,https://www.airbnb.com/rooms/8689608
8691258,NA,NA,1,NA,1,NA,5,1,https://www.airbnb.com/rooms/8691258
8703355,NA,Neighborhood highlights,4,NA,1,NA,4.88,8,https://www.airbnb.com/rooms/8703355
8703711,$100.00,Neighborhood highlights,2,1,1,1,4.28,178,https://www.airbnb.com/rooms/8703711
8704528,$65.00,Neighborhood highlights,1,1,1,1,4.87,457,https://www.airbnb.com/rooms/8704528
8709068,NA,NA,4,NA,1,NA,NA,0,https://www.airbnb.com/rooms/8709068
8709326,NA,NA,1,NA,NA,NA,4,1,https://www.airbnb.com/rooms/8709326
8712309,$200.00,Neighborhood highlights,2,1,1,1,4.95,188,https://www.airbnb.com/rooms/8712309
8712745,NA,NA,2,NA,NA,NA,NA,0,https://www.airbnb.com/rooms/8712745
8719948,NA,Neighborhood highlights,1,NA,1,NA,4.54,13,https://www.airbnb.com/rooms/8719948
8719984,NA,NA,3,NA,NA,NA,4,4,https://www.airbnb.com/rooms/8719984
8720070,NA,Neighborhood highlights,3,NA,NA,NA,4.82,17,https://www.airbnb.com/rooms/8720070
8720655,NA,NA,2,NA,1,NA,4.82,60,https://www.airbnb.com/rooms/8720655
8720923,NA,Neighborhood highlights,2,NA,NA,NA,4.98,65,https://www.airbnb.com/rooms/8720923
8722224,NA,Neighborhood highlights,2,NA,1,NA,5,1,https://www.airbnb.com/rooms/8722224
8729960,$60.00,NA,1,1,1,1,4.75,77,https://www.airbnb.com/rooms/8729960
8730247,$100.00,Neighborhood highlights,1,1,1,1,5,33,https://www.airbnb.com/rooms/8730247
8731224,NA,NA,4,NA,2,NA,5,1,https://www.airbnb.com/rooms/8731224
8734174,NA,Neighborhood highlights,5,NA,1,NA,4.89,130,https://www.airbnb.com/rooms/8734174
8735236,NA,Neighborhood highlights,2,NA,NA,NA,4.94,34,https://www.airbnb.com/rooms/8735236
8737468,NA,Neighborhood highlights,2,NA,NA,NA,NA,0,https://www.airbnb.com/rooms/8737468
8737991,NA,NA,2,NA,1,NA,NA,0,https://www.airbnb.com/rooms/8737991
8738438,NA,Neighborhood highlights,5,NA,2,NA,5,1,https://www.airbnb.com/rooms/8738438
8741020,NA,Neighborhood highlights,3,NA,1,NA,4.72,50,https://www.airbnb.com/rooms/8741020
8741124,$70.00,Neighborhood highlights,2,1,1,1,4.83,36,https://www.airbnb.com/rooms/8741124
8741489,NA,Neighborhood highlights,1,NA,NA,NA,4.96,26,https://www.airbnb.com/rooms/8741489
8741676,NA,NA,6,NA,2,NA,4,1,https://www.airbnb.com/rooms/8741676
8742567,NA,NA,3,NA,1,NA,NA,0,https://www.airbnb.com/rooms/8742567
8743269,NA,Neighborhood highlights,1,NA,NA,NA,5,1,https://www.airbnb.com/rooms/8743269
8754560,NA,Neighborhood highlights,2,NA,NA,NA,4.81,228,https://www.airbnb.com/rooms/8754560
8756017,NA,Neighborhood highlights,2,NA,1,NA,NA,0,https://www.airbnb.com/rooms/8756017
8757920,$85.00,NA,2,1,1,1,4.25,4,https://www.airbnb.com/rooms/8757920
8758534,NA,NA,10,NA,3,NA,NA,0,https://www.airbnb.com/rooms/8758534
8760442,$101.00,Neighborhood highlights,2,1,1,1,4.83,165,https://www.airbnb.com/rooms/8760442
8760775,NA,NA,1,NA,NA,NA,4.75,4,https://www.airbnb.com/rooms/8760775
8761013,$399.00,Neighborhood highlights,4,1.5,2,2,5,5,https://www.airbnb.com/rooms/8761013
8762641,NA,NA,2,NA,NA,NA,NA,0,https://www.airbnb.com/rooms/8762641
8762969,NA,NA,1,NA,1,NA,5,1,https://www.airbnb.com/rooms/8762969
8763502,$165.00,Neighborhood highlights,2,1,2,2,4.89,305,https://www.airbnb.com/rooms/8763502
8770660,NA,Neighborhood highlights,4,NA,2,NA,4,1,https://www.airbnb.com/rooms/8770660
8775344,NA,Neighborhood highlights,2,NA,1,NA,5,1,https://www.airbnb.com/rooms/8775344
8776329,$400.00,NA,10,3.5,5,7,5,3,https://www.airbnb.com/rooms/8776329
8776479,NA,Neighborhood highlights,4,NA,1,NA,4.78,18,https://www.airbnb.com/rooms/8776479
8777890,NA,Neighborhood highlights,1,NA,NA,NA,NA,0,https://www.airbnb.com/rooms/8777890
8781396,NA,NA,1,NA,NA,NA,NA,0,https://www.airbnb.com/rooms/8781396
8793166,$80.00,Neighborhood highlights,2,1,1,1,4.79,201,https://www.airbnb.com/rooms/8793166
8794495,NA,Neighborhood highlights,2,NA,NA,NA,NA,0,https://www.airbnb.com/rooms/8794495
8794624,NA,NA,1,NA,1,NA,NA,0,https://www.airbnb.com/rooms/8794624
8795721,NA,NA,2,NA,1,NA,4.57,7,https://www.airbnb.com/rooms/8795721
8796876,NA,NA,1,NA,NA,NA,4.67,6,https://www.airbnb.com/rooms/8796876
8799529,NA,Neighborhood highlights,2,NA,NA,NA,4.8,5,https://www.airbnb.com/rooms/8799529
8799533,NA,Neighborhood highlights,2,NA,NA,NA,NA,0,https://www.airbnb.com/rooms/8799533
8802289,NA,Neighborhood highlights,1,NA,NA,NA,4,1,https://www.airbnb.com/rooms/8802289
8806783,NA,Neighborhood highlights,4,NA,2,NA,4.95,38,https://www.airbnb.com/rooms/8806783
8808863,NA,NA,2,NA,NA,NA,5,1,https://www.airbnb.com/rooms/8808863
8809578,NA,NA,2,NA,NA,NA,5,1,https://www.airbnb.com/rooms/8809578
8811687,NA,Neighborhood highlights,2,NA,NA,NA,4.83,6,https://www.airbnb.com/rooms/8811687
8815120,NA,NA,2,NA,NA,NA,NA,0,https://www.airbnb.com/rooms/8815120
8815979,NA,NA,1,NA,1,NA,NA,0,https://www.airbnb.com/rooms/8815979
8816022,$455.00,Neighborhood highlights,10,1.5,3,6,4.89,98,https://www.airbnb.com/rooms/8816022
8816465,$150.00,Neighborhood highlights,2,1,2,3,4.88,33,https://www.airbnb.com/rooms/8816465
8817102,$50.00,Neighborhood highlights,1,1,1,1,4.67,3,https://www.airbnb.com/rooms/8817102
8823472,NA,NA,4,NA,2,NA,NA,0,https://www.airbnb.com/rooms/8823472
8825701,NA,NA,4,NA,1,NA,5,1,https://www.airbnb.com/rooms/8825701
8826833,NA,NA,3,NA,NA,NA,4.6,5,https://www.airbnb.com/rooms/8826833
8829421,NA,NA,6,NA,2,NA,NA,0,https://www.airbnb.com/rooms/8829421
8830825,$75.00,Neighborhood highlights,2,1,1,2,4.34,116,https://www.airbnb.com/rooms/8830825
8832355,NA,NA,5,NA,1,NA,NA,0,https://www.airbnb.com/rooms/8832355
8837432,NA,NA,4,NA,2,NA,5,8,https://www.airbnb.com/rooms/8837432
8838341,NA,NA,2,NA,1,NA,NA,0,https://www.airbnb.com/rooms/8838341
8841107,NA,NA,2,NA,1,NA,NA,0,https://www.airbnb.com/rooms/8841107
8841646,NA,NA,2,NA,1,NA,5,2,https://www.airbnb.com/rooms/8841646
8842752,NA,Neighborhood highlights,3,NA,1,NA,5,2,https://www.airbnb.com/rooms/8842752
8843403,NA,Neighborhood highlights,2,NA,NA,NA,4.75,4,https://www.airbnb.com/rooms/8843403
8845002,NA,Neighborhood highlights,2,NA,1,NA,5,1,https://www.airbnb.com/rooms/8845002
8847200,NA,Neighborhood highlights,1,NA,NA,NA,4.89,9,https://www.airbnb.com/rooms/8847200
8847268,NA,NA,2,NA,1,NA,NA,0,https://www.airbnb.com/rooms/8847268
8861269,$170.00,Neighborhood highlights,3,1,1,1,4.36,36,https://www.airbnb.com/rooms/8861269
8863005,NA,NA,2,NA,NA,NA,5,3,https://www.airbnb.com/rooms/8863005
8864404,NA,NA,3,NA,1,NA,NA,0,https://www.airbnb.com/rooms/8864404
8865020,NA,Neighborhood highlights,4,NA,1,NA,5,1,https://www.airbnb.com/rooms/8865020
8866435,NA,Neighborhood highlights,4,NA,2,NA,NA,0,https://www.airbnb.com/rooms/8866435
8866669,$324.00,Neighborhood highlights,2,1,1,1,4.95,21,https://www.airbnb.com/rooms/8866669
8868762,NA,NA,1,NA,1,NA,NA,0,https://www.airbnb.com/rooms/8868762
8869029,NA,Neighborhood highlights,2,NA,NA,NA,5,2,https://www.airbnb.com/rooms/8869029
8869857,$68.00,Neighborhood highlights,2,1,1,1,4.53,160,https://www.airbnb.com/rooms/8869857
8873479,$134.00,Neighborhood highlights,2,1,1,1,4.89,262,https://www.airbnb.com/rooms/8873479
8881765,NA,Neighborhood highlights,6,NA,3,NA,4.72,18,https://www.airbnb.com/rooms/8881765
8881955,NA,Neighborhood highlights,2,NA,NA,NA,5,1,https://www.airbnb.com/rooms/8881955
8883074,NA,NA,1,NA,NA,NA,NA,0,https://www.airbnb.com/rooms/8883074
8884004,NA,NA,1,NA,NA,NA,4.67,3,https://www.airbnb.com/rooms/8884004
8888689,NA,NA,4,NA,1,NA,4.83,6,https://www.airbnb.com/rooms/8888689
8889423,NA,Neighborhood highlights,2,NA,1,NA,4.73,11,https://www.airbnb.com/rooms/8889423
8897305,NA,Neighborhood highlights,2,NA,NA,NA,NA,0,https://www.airbnb.com/rooms/8897305
8901901,NA,Neighborhood highlights,4,NA,1,NA,4.25,4,https://www.airbnb.com/rooms/8901901
8904076,NA,NA,4,NA,3,NA,5,2,https://www.airbnb.com/rooms/8904076
8904662,NA,Neighborhood highlights,2,NA,1,NA,5,1,https://www.airbnb.com/rooms/8904662
8907812,$343.00,Neighborhood highlights,3,1,1,2,NA,0,https://www.airbnb.com/rooms/8907812
8914109,NA,Neighborhood highlights,4,NA,NA,NA,4.95,22,https://www.airbnb.com/rooms/8914109
8915246,NA,NA,2,NA,NA,NA,5,1,https://www.airbnb.com/rooms/8915246
8920714,NA,NA,1,NA,NA,NA,NA,0,https://www.airbnb.com/rooms/8920714
8920794,NA,NA,2,NA,1,NA,4.83,6,https://www.airbnb.com/rooms/8920794
8920816,NA,Neighborhood highlights,1,NA,NA,NA,4.2,5,https://www.airbnb.com/rooms/8920816
8920988,NA,NA,2,NA,1,NA,NA,0,https://www.airbnb.com/rooms/8920988
8923780,$75.00,NA,1,1,1,1,5,36,https://www.airbnb.com/rooms/8923780
8924038,NA,NA,4,NA,2,NA,NA,0,https://www.airbnb.com/rooms/8924038
8924552,NA,Neighborhood highlights,3,NA,2,NA,5,2,https://www.airbnb.com/rooms/8924552
8925082,NA,Neighborhood highlights,3,NA,1,NA,NA,0,https://www.airbnb.com/rooms/8925082
8935528,NA,NA,4,NA,2,NA,NA,0,https://www.airbnb.com/rooms/8935528
8942272,$55.00,NA,2,1.5,1,1,4.5,4,https://www.airbnb.com/rooms/8942272
8942467,$314.00,Neighborhood highlights,4,1,1,2,4.64,94,https://www.airbnb.com/rooms/8942467
8943358,NA,Neighborhood highlights,2,NA,NA,NA,4.68,455,https://www.airbnb.com/rooms/8943358
8948898,NA,NA,2,NA,NA,NA,4.5,6,https://www.airbnb.com/rooms/8948898
8950064,NA,Neighborhood highlights,4,NA,1,NA,5,1,https://www.airbnb.com/rooms/8950064
8951083,NA,NA,3,NA,1,NA,4.87,46,https://www.airbnb.com/rooms/8951083
8951480,NA,Neighborhood highlights,4,NA,1,NA,4.5,2,https://www.airbnb.com/rooms/8951480
8952816,$45.00,Neighborhood highlights,1,1,1,1,4.67,223,https://www.airbnb.com/rooms/8952816
8953200,$56.00,Neighborhood highlights,2,1,1,1,4.63,198,https://www.airbnb.com/rooms/8953200
8953404,$58.00,Neighborhood highlights,2,1,1,1,4.73,145,https://www.airbnb.com/rooms/8953404
8953625,$44.00,Neighborhood highlights,1,1,1,1,4.78,227,https://www.airbnb.com/rooms/8953625
8954037,$47.00,Neighborhood highlights,1,1,1,1,4.62,138,https://www.airbnb.com/rooms/8954037
8955750,$140.00,Neighborhood highlights,4,1,2,3,4.95,74,https://www.airbnb.com/rooms/8955750
8957189,NA,NA,4,NA,2,NA,NA,0,https://www.airbnb.com/rooms/8957189
8963968,NA,Neighborhood highlights,1,NA,NA,NA,4.88,8,https://www.airbnb.com/rooms/8963968
8964308,NA,NA,3,NA,1,NA,4.9,10,https://www.airbnb.com/rooms/8964308
8964446,NA,Neighborhood highlights,2,NA,NA,NA,4.8,5,https://www.airbnb.com/rooms/8964446
8964740,NA,NA,2,NA,NA,NA,NA,0,https://www.airbnb.com/rooms/8964740
8966368,NA,Neighborhood highlights,4,NA,1,NA,5,1,https://www.airbnb.com/rooms/8966368
8967396,$125.00,Neighborhood highlights,5,1,2,3,4.33,6,https://www.airbnb.com/rooms/8967396
8971258,NA,Neighborhood highlights,10,NA,3,NA,4.23,40,https://www.airbnb.com/rooms/8971258
8972219,NA,NA,2,NA,1,NA,4.75,4,https://www.airbnb.com/rooms/8972219
8973075,NA,Neighborhood highlights,3,NA,NA,NA,4.54,13,https://www.airbnb.com/rooms/8973075
8973292,NA,NA,4,NA,2,NA,NA,0,https://www.airbnb.com/rooms/8973292
8973682,NA,NA,2,NA,2,NA,4,1,https://www.airbnb.com/rooms/8973682
8973873,$108.00,Neighborhood highlights,5,1,0,3,4.86,111,https://www.airbnb.com/rooms/8973873
8985316,"$1,500.00",Neighborhood highlights,2,1,1,1,4.43,28,https://www.airbnb.com/rooms/8985316
8986308,NA,NA,2,NA,1,NA,NA,0,https://www.airbnb.com/rooms/8986308
8986585,NA,Neighborhood highlights,5,NA,2,NA,4.74,50,https://www.airbnb.com/rooms/8986585
8989320,$150.00,Neighborhood highlights,4,1,1,3,4.97,338,https://www.airbnb.com/rooms/8989320
8990116,NA,Neighborhood highlights,2,NA,1,NA,4.82,17,https://www.airbnb.com/rooms/8990116
8990988,NA,NA,4,NA,1,NA,4,3,https://www.airbnb.com/rooms/8990988
8992666,NA,Neighborhood highlights,3,NA,1,NA,NA,0,https://www.airbnb.com/rooms/8992666
8992714,NA,Neighborhood highlights,2,NA,NA,NA,5,2,https://www.airbnb.com/rooms/8992714
8992894,$950.00,Neighborhood highlights,6,2.5,4,4,4.93,58,https://www.airbnb.com/rooms/8992894
8993461,NA,NA,1,NA,NA,NA,NA,0,https://www.airbnb.com/rooms/8993461
8993871,$83.00,NA,2,1,1,1,4.76,302,https://www.airbnb.com/rooms/8993871
8994197,NA,Neighborhood highlights,2,NA,2,NA,5,2,https://www.airbnb.com/rooms/8994197
8994423,NA,NA,1,NA,1,NA,NA,0,https://www.airbnb.com/rooms/8994423
8995042,$50.00,NA,1,1,1,1,4.81,67,https://www.airbnb.com/rooms/8995042
9002096,NA,NA,1,NA,NA,NA,5,3,https://www.airbnb.com/rooms/9002096
9004969,$170.00,Neighborhood highlights,2,1,0,0,4.81,103,https://www.airbnb.com/rooms/9004969
9005771,NA,NA,1,NA,1,NA,5,1,https://www.airbnb.com/rooms/9005771
9007767,$154.00,Neighborhood highlights,4,1,0,2,4.81,16,https://www.airbnb.com/rooms/9007767
9011614,NA,NA,6,NA,3,NA,5,1,https://www.airbnb.com/rooms/9011614
9022913,$219.00,Neighborhood highlights,4,2.5,2,3,4.97,64,https://www.airbnb.com/rooms/9022913
9024874,NA,Neighborhood highlights,2,NA,1,NA,5,10,https://www.airbnb.com/rooms/9024874
9026203,$70.00,Neighborhood highlights,2,1,1,2,4.85,100,https://www.airbnb.com/rooms/9026203
9027283,$95.00,Neighborhood highlights,2,1,1,1,4.47,19,https://www.airbnb.com/rooms/9027283
9028493,NA,Neighborhood highlights,1,NA,NA,NA,4.69,155,https://www.airbnb.com/rooms/9028493
9028839,NA,Neighborhood highlights,6,NA,3,NA,NA,0,https://www.airbnb.com/rooms/9028839
9030997,NA,Neighborhood highlights,2,NA,NA,NA,4.64,70,https://www.airbnb.com/rooms/9030997
9033218,NA,Neighborhood highlights,1,NA,NA,NA,4.83,6,https://www.airbnb.com/rooms/9033218
9039236,NA,Neighborhood highlights,2,NA,NA,NA,NA,0,https://www.airbnb.com/rooms/9039236
9040931,NA,Neighborhood highlights,1,NA,NA,NA,NA,0,https://www.airbnb.com/rooms/9040931
9045427,NA,NA,4,NA,1,NA,5,1,https://www.airbnb.com/rooms/9045427
9046095,NA,Neighborhood highlights,2,NA,1,NA,4,1,https://www.airbnb.com/rooms/9046095
9046808,NA,NA,2,NA,1,NA,4.5,2,https://www.airbnb.com/rooms/9046808
9047417,NA,Neighborhood highlights,2,NA,NA,NA,5,3,https://www.airbnb.com/rooms/9047417
9049505,NA,NA,2,NA,1,NA,NA,0,https://www.airbnb.com/rooms/9049505
9050105,$150.00,NA,8,1,3,4,4.69,151,https://www.airbnb.com/rooms/9050105
9050144,NA,Neighborhood highlights,1,NA,NA,NA,4.5,2,https://www.airbnb.com/rooms/9050144
9050373,NA,Neighborhood highlights,2,NA,1,NA,4.81,27,https://www.airbnb.com/rooms/9050373
9050597,NA,Neighborhood highlights,2,NA,NA,NA,NA,0,https://www.airbnb.com/rooms/9050597
9051314,NA,NA,2,NA,NA,NA,5,2,https://www.airbnb.com/rooms/9051314
9051763,NA,NA,1,NA,NA,NA,4.84,19,https://www.airbnb.com/rooms/9051763
9052018,NA,Neighborhood highlights,2,NA,NA,NA,NA,0,https://www.airbnb.com/rooms/9052018
9059397,NA,NA,6,NA,2,NA,4,1,https://www.airbnb.com/rooms/9059397
9061145,$74.00,NA,1,1,1,1,4.95,78,https://www.airbnb.com/rooms/9061145
9062257,NA,NA,2,NA,1,NA,4.67,12,https://www.airbnb.com/rooms/9062257
9063139,NA,Neighborhood highlights,2,NA,NA,NA,5,3,https://www.airbnb.com/rooms/9063139
9063266,NA,Neighborhood highlights,2,NA,1,NA,4.86,7,https://www.airbnb.com/rooms/9063266
9064238,NA,NA,3,NA,1,NA,NA,0,https://www.airbnb.com/rooms/9064238
9064688,NA,Neighborhood highlights,4,NA,2,NA,5,1,https://www.airbnb.com/rooms/9064688
9066389,NA,NA,4,NA,2,NA,5,2,https://www.airbnb.com/rooms/9066389
9078222,$150.00,NA,8,1,3,4,4.79,150,https://www.airbnb.com/rooms/9078222
9078632,NA,Neighborhood highlights,2,NA,NA,NA,4.69,52,https://www.airbnb.com/rooms/9078632
9079871,$154.00,Neighborhood highlights,9,2,3,5,4.66,292,https://www.airbnb.com/rooms/9079871
9080286,NA,NA,2,NA,NA,NA,4.95,40,https://www.airbnb.com/rooms/9080286
9087285,NA,Neighborhood highlights,2,NA,NA,NA,5,3,https://www.airbnb.com/rooms/9087285
9089306,NA,Neighborhood highlights,4,NA,1,NA,4.7,10,https://www.airbnb.com/rooms/9089306
9091373,NA,Neighborhood highlights,1,NA,NA,NA,NA,0,https://www.airbnb.com/rooms/9091373
9092331,NA,NA,1,NA,1,NA,NA,0,https://www.airbnb.com/rooms/9092331
9093219,$93.00,Neighborhood highlights,2,1,1,1,4.93,128,https://www.airbnb.com/rooms/9093219
9093261,NA,NA,2,NA,1,NA,NA,0,https://www.airbnb.com/rooms/9093261
9093358,NA,Neighborhood highlights,4,NA,2,NA,5,3,https://www.airbnb.com/rooms/9093358
9093389,NA,NA,2,NA,NA,NA,4,1,https://www.airbnb.com/rooms/9093389
9096478,NA,NA,1,NA,1,NA,3.67,3,https://www.airbnb.com/rooms/9096478
9097241,$128.00,Neighborhood highlights,2,2,1,2,4.9,40,https://www.airbnb.com/rooms/9097241
9104108,NA,Neighborhood highlights,4,NA,1,NA,5,1,https://www.airbnb.com/rooms/9104108
9105853,NA,NA,2,NA,1,NA,NA,0,https://www.airbnb.com/rooms/9105853
9106711,$150.00,NA,3,1,1,2,4.2,10,https://www.airbnb.com/rooms/9106711
9106735,NA,Neighborhood highlights,4,NA,1,NA,4.6,5,https://www.airbnb.com/rooms/9106735
9107450,NA,NA,4,NA,2,NA,NA,0,https://www.airbnb.com/rooms/9107450
9107772,NA,NA,3,NA,1,NA,4.88,16,https://www.airbnb.com/rooms/9107772
9110077,NA,NA,2,NA,NA,NA,4.83,6,https://www.airbnb.com/rooms/9110077
9111254,$77.00,Neighborhood highlights,4,1,1,1,5,8,https://www.airbnb.com/rooms/9111254
9111561,NA,Neighborhood highlights,1,NA,NA,NA,NA,0,https://www.airbnb.com/rooms/9111561
9112776,NA,NA,2,NA,NA,NA,NA,0,https://www.airbnb.com/rooms/9112776
9115832,NA,Neighborhood highlights,2,NA,1,NA,NA,0,https://www.airbnb.com/rooms/9115832
9116018,$65.00,Neighborhood highlights,1,1,1,1,4.95,22,https://www.airbnb.com/rooms/9116018
9116734,$120.00,Neighborhood highlights,2,1,1,1,4.67,114,https://www.airbnb.com/rooms/9116734
9116752,$122.00,Neighborhood highlights,3,1,0,1,4.92,49,https://www.airbnb.com/rooms/9116752
9116831,NA,Neighborhood highlights,2,NA,1,NA,NA,0,https://www.airbnb.com/rooms/9116831
9117852,$150.00,Neighborhood highlights,3,1,1,2,5,1,https://www.airbnb.com/rooms/9117852
9117976,NA,Neighborhood highlights,1,NA,NA,NA,4,1,https://www.airbnb.com/rooms/9117976
9118958,$70.00,Neighborhood highlights,1,1,1,1,4.83,24,https://www.airbnb.com/rooms/9118958
9125862,NA,NA,2,NA,1,NA,NA,0,https://www.airbnb.com/rooms/9125862
9127011,NA,Neighborhood highlights,4,NA,1,NA,4.57,7,https://www.airbnb.com/rooms/9127011
9127163,$98.00,Neighborhood highlights,2,1.5,1,2,4.25,4,https://www.airbnb.com/rooms/9127163
9133959,NA,NA,1,NA,1,NA,NA,0,https://www.airbnb.com/rooms/9133959
9136581,NA,NA,6,NA,2,NA,5,5,https://www.airbnb.com/rooms/9136581
9137194,NA,NA,3,NA,NA,NA,5,1,https://www.airbnb.com/rooms/9137194
9137941,NA,NA,3,NA,1,NA,NA,0,https://www.airbnb.com/rooms/9137941
9145070,NA,Neighborhood highlights,4,NA,1,NA,4.65,40,https://www.airbnb.com/rooms/9145070
9145150,NA,Neighborhood highlights,2,NA,NA,NA,5,2,https://www.airbnb.com/rooms/9145150
9146595,$155.00,Neighborhood highlights,2,1,1,1,4.91,204,https://www.airbnb.com/rooms/9146595
9147025,$124.00,Neighborhood highlights,2,1,0,1,4.86,186,https://www.airbnb.com/rooms/9147025
9148875,NA,Neighborhood highlights,5,NA,1,NA,4.75,110,https://www.airbnb.com/rooms/9148875
9149182,NA,NA,2,NA,NA,NA,5,1,https://www.airbnb.com/rooms/9149182
9151677,NA,NA,3,NA,1,NA,5,1,https://www.airbnb.com/rooms/9151677
9155212,NA,Neighborhood highlights,1,NA,NA,NA,4.96,24,https://www.airbnb.com/rooms/9155212
9155475,NA,Neighborhood highlights,4,NA,1,NA,5,4,https://www.airbnb.com/rooms/9155475
9156676,$101.00,Neighborhood highlights,6,1,2,2,4.12,97,https://www.airbnb.com/rooms/9156676
9166769,NA,NA,2,NA,NA,NA,4.5,24,https://www.airbnb.com/rooms/9166769
9167889,$90.00,Neighborhood highlights,3,1,1,3,4.76,266,https://www.airbnb.com/rooms/9167889
9172067,NA,NA,7,NA,2,NA,5,1,https://www.airbnb.com/rooms/9172067
9175459,NA,Neighborhood highlights,2,NA,NA,NA,4.41,17,https://www.airbnb.com/rooms/9175459
9178165,$74.00,Neighborhood highlights,4,1,1,2,4.53,451,https://www.airbnb.com/rooms/9178165
9181483,NA,Neighborhood highlights,2,NA,NA,NA,4.96,113,https://www.airbnb.com/rooms/9181483
9181806,$150.00,Neighborhood highlights,2,1,1,1,4.89,188,https://www.airbnb.com/rooms/9181806
9182008,$159.00,Neighborhood highlights,6,1,2,2,4.74,50,https://www.airbnb.com/rooms/9182008
9182754,NA,NA,5,NA,2,NA,4,1,https://www.airbnb.com/rooms/9182754
9183131,NA,Neighborhood highlights,2,NA,1,NA,5,3,https://www.airbnb.com/rooms/9183131
9184982,NA,Neighborhood highlights,2,NA,NA,NA,5,2,https://www.airbnb.com/rooms/9184982
9185696,$75.00,Neighborhood highlights,3,1,2,2,4.41,88,https://www.airbnb.com/rooms/9185696
9193390,NA,Neighborhood highlights,2,NA,1,NA,NA,0,https://www.airbnb.com/rooms/9193390
9195330,NA,Neighborhood highlights,2,NA,1,NA,5,2,https://www.airbnb.com/rooms/9195330
9196297,NA,Neighborhood highlights,2,NA,NA,NA,4.96,24,https://www.airbnb.com/rooms/9196297
9197311,NA,NA,6,NA,3,NA,NA,0,https://www.airbnb.com/rooms/9197311
9197829,NA,NA,3,NA,1,NA,5,1,https://www.airbnb.com/rooms/9197829
9199352,NA,NA,2,NA,NA,NA,NA,0,https://www.airbnb.com/rooms/9199352
9201458,NA,Neighborhood highlights,2,NA,NA,NA,NA,0,https://www.airbnb.com/rooms/9201458
9201479,NA,NA,1,NA,1,NA,NA,0,https://www.airbnb.com/rooms/9201479
9207023,NA,Neighborhood highlights,2,NA,1,NA,1,1,https://www.airbnb.com/rooms/9207023
9208886,NA,Neighborhood highlights,1,NA,NA,NA,NA,0,https://www.airbnb.com/rooms/9208886
9211087,NA,NA,8,NA,2,NA,NA,0,https://www.airbnb.com/rooms/9211087
9211534,NA,Neighborhood highlights,1,NA,NA,NA,NA,0,https://www.airbnb.com/rooms/9211534
9211969,NA,Neighborhood highlights,2,NA,1,NA,NA,0,https://www.airbnb.com/rooms/9211969
9212510,NA,Neighborhood highlights,4,NA,2,NA,5,9,https://www.airbnb.com/rooms/9212510
9217592,NA,Neighborhood highlights,2,NA,1,NA,5,9,https://www.airbnb.com/rooms/9217592
9217745,NA,NA,2,NA,1,NA,3,2,https://www.airbnb.com/rooms/9217745
9219588,NA,Neighborhood highlights,4,NA,1,NA,4,1,https://www.airbnb.com/rooms/9219588
9230523,$90.00,Neighborhood highlights,2,1,1,1,4.71,35,https://www.airbnb.com/rooms/9230523
9231257,NA,NA,2,NA,NA,NA,NA,0,https://www.airbnb.com/rooms/9231257
9231791,NA,NA,2,NA,NA,NA,4.67,3,https://www.airbnb.com/rooms/9231791
9232861,$153.00,Neighborhood highlights,4,1,0,2,5,12,https://www.airbnb.com/rooms/9232861
9236348,NA,Neighborhood highlights,4,NA,2,NA,NA,0,https://www.airbnb.com/rooms/9236348
9237142,NA,Neighborhood highlights,3,NA,1,NA,5,3,https://www.airbnb.com/rooms/9237142
9237600,NA,NA,2,NA,NA,NA,NA,0,https://www.airbnb.com/rooms/9237600
9237857,NA,NA,4,NA,1,NA,5,7,https://www.airbnb.com/rooms/9237857
9238214,NA,Neighborhood highlights,1,NA,NA,NA,4.7,10,https://www.airbnb.com/rooms/9238214
9238861,NA,Neighborhood highlights,2,NA,1,NA,5,2,https://www.airbnb.com/rooms/9238861
9241147,NA,Neighborhood highlights,4,NA,2,NA,4.88,48,https://www.airbnb.com/rooms/9241147
9247687,NA,Neighborhood highlights,1,NA,1,NA,4,1,https://www.airbnb.com/rooms/9247687
9247923,NA,Neighborhood highlights,2,NA,1,NA,4.63,8,https://www.airbnb.com/rooms/9247923
9249597,NA,Neighborhood highlights,3,NA,1,NA,5,1,https://www.airbnb.com/rooms/9249597
9249776,NA,NA,4,NA,1,NA,NA,0,https://www.airbnb.com/rooms/9249776
9253112,NA,NA,2,NA,1,NA,4.6,15,https://www.airbnb.com/rooms/9253112
9253505,NA,NA,2,NA,1,NA,NA,0,https://www.airbnb.com/rooms/9253505
9253827,$150.00,Neighborhood highlights,2,1,1,1,4.89,191,https://www.airbnb.com/rooms/9253827
9260951,NA,Neighborhood highlights,2,NA,1,NA,NA,0,https://www.airbnb.com/rooms/9260951
9261959,$168.00,Neighborhood highlights,2,1,1,1,4.97,74,https://www.airbnb.com/rooms/9261959
9263457,NA,Neighborhood highlights,3,NA,NA,NA,NA,0,https://www.airbnb.com/rooms/9263457
9270122,NA,NA,1,NA,NA,NA,5,1,https://www.airbnb.com/rooms/9270122
9271742,$120.00,Neighborhood highlights,2,1,1,1,4.95,254,https://www.airbnb.com/rooms/9271742
9273161,NA,Neighborhood highlights,2,NA,1,NA,4.5,2,https://www.airbnb.com/rooms/9273161
9274309,NA,NA,3,NA,1,NA,4.88,33,https://www.airbnb.com/rooms/9274309
9275199,NA,NA,2,NA,NA,NA,NA,0,https://www.airbnb.com/rooms/9275199
9276634,NA,Neighborhood highlights,4,NA,2,NA,5,1,https://www.airbnb.com/rooms/9276634
9277581,NA,Neighborhood highlights,2,NA,1,NA,4.54,13,https://www.airbnb.com/rooms/9277581
9278192,$130.00,Neighborhood highlights,2,1,1,1,4.96,185,https://www.airbnb.com/rooms/9278192
9278786,NA,NA,4,NA,2,NA,4.5,2,https://www.airbnb.com/rooms/9278786
9282032,NA,Neighborhood highlights,4,NA,1,NA,NA,0,https://www.airbnb.com/rooms/9282032
9282443,NA,Neighborhood highlights,4,NA,2,NA,4.92,12,https://www.airbnb.com/rooms/9282443
9282987,NA,Neighborhood highlights,5,NA,2,NA,4.75,4,https://www.airbnb.com/rooms/9282987
9283104,NA,NA,2,NA,1,NA,4.44,52,https://www.airbnb.com/rooms/9283104
9289159,NA,Neighborhood highlights,4,NA,4,NA,4.81,108,https://www.airbnb.com/rooms/9289159
9291870,NA,NA,4,NA,1,NA,4,3,https://www.airbnb.com/rooms/9291870
9292072,NA,NA,2,NA,1,NA,NA,0,https://www.airbnb.com/rooms/9292072
9295402,$42.00,Neighborhood highlights,1,1,1,1,4.8,10,https://www.airbnb.com/rooms/9295402
9296089,NA,NA,4,NA,1,NA,5,3,https://www.airbnb.com/rooms/9296089
9296598,NA,NA,1,NA,NA,NA,4,1,https://www.airbnb.com/rooms/9296598
9296742,NA,NA,1,NA,NA,NA,NA,0,https://www.airbnb.com/rooms/9296742
9297852,NA,Neighborhood highlights,2,NA,NA,NA,4.71,7,https://www.airbnb.com/rooms/9297852
9297960,NA,Neighborhood highlights,2,NA,1,NA,NA,0,https://www.airbnb.com/rooms/9297960
9298825,NA,Neighborhood highlights,3,NA,1,NA,4.67,3,https://www.airbnb.com/rooms/9298825
9299164,$38.00,NA,1,1,1,1,3,1,https://www.airbnb.com/rooms/9299164
9299515,NA,NA,2,NA,NA,NA,NA,0,https://www.airbnb.com/rooms/9299515
9300634,NA,NA,4,NA,2,NA,5,2,https://www.airbnb.com/rooms/9300634
9301562,NA,Neighborhood highlights,2,NA,1,NA,NA,0,https://www.airbnb.com/rooms/9301562
9301755,NA,Neighborhood highlights,2,NA,1,NA,5,1,https://www.airbnb.com/rooms/9301755
9308016,NA,Neighborhood highlights,6,NA,3,NA,5,1,https://www.airbnb.com/rooms/9308016
9309192,NA,Neighborhood highlights,3,NA,1,NA,4.8,5,https://www.airbnb.com/rooms/9309192
9312190,NA,NA,7,NA,2,NA,NA,0,https://www.airbnb.com/rooms/9312190
9313758,NA,Neighborhood highlights,4,NA,NA,NA,4.4,10,https://www.airbnb.com/rooms/9313758
9313942,$88.00,Neighborhood highlights,3,1,1,2,4.88,8,https://www.airbnb.com/rooms/9313942
9315567,NA,Neighborhood highlights,2,NA,NA,NA,4.73,11,https://www.airbnb.com/rooms/9315567
9316653,NA,NA,1,NA,1,NA,NA,0,https://www.airbnb.com/rooms/9316653
9317779,NA,Neighborhood highlights,2,NA,NA,NA,NA,0,https://www.airbnb.com/rooms/9317779
9324841,$300.00,Neighborhood highlights,2,1,1,1,5,10,https://www.airbnb.com/rooms/9324841
9325979,$246.00,Neighborhood highlights,5,1,1,1,4.9,225,https://www.airbnb.com/rooms/9325979
9328578,NA,Neighborhood highlights,2,NA,2,NA,4.82,66,https://www.airbnb.com/rooms/9328578
9329015,NA,Neighborhood highlights,5,NA,2,NA,4.81,47,https://www.airbnb.com/rooms/9329015
9330884,NA,Neighborhood highlights,4,NA,2,NA,NA,0,https://www.airbnb.com/rooms/9330884
9331683,NA,NA,4,NA,1,NA,4,1,https://www.airbnb.com/rooms/9331683
9333533,NA,NA,2,NA,1,NA,4,4,https://www.airbnb.com/rooms/9333533
9334086,NA,Neighborhood highlights,4,NA,1,NA,4.67,3,https://www.airbnb.com/rooms/9334086
9334365,NA,Neighborhood highlights,4,NA,1,NA,5,1,https://www.airbnb.com/rooms/9334365
9334840,NA,NA,2,NA,1,NA,NA,0,https://www.airbnb.com/rooms/9334840
9336526,NA,NA,1,NA,1,NA,NA,0,https://www.airbnb.com/rooms/9336526
9341144,$109.00,Neighborhood highlights,2,1,1,2,5,10,https://www.airbnb.com/rooms/9341144
9343313,NA,Neighborhood highlights,2,NA,NA,NA,4.69,13,https://www.airbnb.com/rooms/9343313
9343350,NA,Neighborhood highlights,4,NA,2,NA,5,3,https://www.airbnb.com/rooms/9343350
9343634,$218.00,Neighborhood highlights,2,1,1,1,4.9,10,https://www.airbnb.com/rooms/9343634
9345523,NA,Neighborhood highlights,2,NA,1,NA,1,1,https://www.airbnb.com/rooms/9345523
9348923,NA,Neighborhood highlights,4,NA,1,NA,4.88,24,https://www.airbnb.com/rooms/9348923
9348941,NA,NA,2,NA,1,NA,NA,0,https://www.airbnb.com/rooms/9348941
9349010,NA,NA,2,NA,NA,NA,4.47,17,https://www.airbnb.com/rooms/9349010
9349116,NA,NA,4,NA,2,NA,5,1,https://www.airbnb.com/rooms/9349116
9349221,NA,Neighborhood highlights,2,NA,NA,NA,4.8,5,https://www.airbnb.com/rooms/9349221
9349950,NA,Neighborhood highlights,2,NA,1,NA,4.82,11,https://www.airbnb.com/rooms/9349950
9350295,NA,Neighborhood highlights,4,NA,2,NA,4.33,3,https://www.airbnb.com/rooms/9350295
9351006,$69.00,Neighborhood highlights,3,1,1,1,4.78,171,https://www.airbnb.com/rooms/9351006
9355498,$140.00,Neighborhood highlights,4,1,2,2,4.97,102,https://www.airbnb.com/rooms/9355498
9358066,NA,NA,2,NA,NA,NA,NA,0,https://www.airbnb.com/rooms/9358066
9359564,$300.00,NA,4,1,2,2,4.75,40,https://www.airbnb.com/rooms/9359564
9359933,NA,Neighborhood highlights,1,NA,NA,NA,4.67,3,https://www.airbnb.com/rooms/9359933
9360968,NA,Neighborhood highlights,2,NA,2,NA,4.9,20,https://www.airbnb.com/rooms/9360968
9361349,NA,Neighborhood highlights,2,NA,1,NA,4.67,6,https://www.airbnb.com/rooms/9361349
9362344,$54.00,Neighborhood highlights,2,1.5,1,2,4.61,210,https://www.airbnb.com/rooms/9362344
9362527,NA,NA,1,NA,NA,NA,5,1,https://www.airbnb.com/rooms/9362527
9362788,NA,NA,7,NA,2,NA,NA,0,https://www.airbnb.com/rooms/9362788
9364626,NA,NA,2,NA,NA,NA,NA,0,https://www.airbnb.com/rooms/9364626
9364750,NA,NA,2,NA,NA,NA,NA,0,https://www.airbnb.com/rooms/9364750
9365025,NA,NA,2,NA,1,NA,NA,0,https://www.airbnb.com/rooms/9365025
9365502,NA,Neighborhood highlights,2,NA,1,NA,5,1,https://www.airbnb.com/rooms/9365502
9366256,NA,Neighborhood highlights,1,NA,NA,NA,4.89,19,https://www.airbnb.com/rooms/9366256
9368754,NA,Neighborhood highlights,2,NA,1,NA,5,2,https://www.airbnb.com/rooms/9368754
9369426,NA,Neighborhood highlights,2,NA,1,NA,5,1,https://www.airbnb.com/rooms/9369426
9370370,$90.00,Neighborhood highlights,2,0,1,2,4.72,32,https://www.airbnb.com/rooms/9370370
9370538,NA,Neighborhood highlights,4,NA,1,NA,5,1,https://www.airbnb.com/rooms/9370538
9371045,NA,NA,2,NA,1,NA,NA,0,https://www.airbnb.com/rooms/9371045
9372859,$294.00,NA,2,1,1,1,5,24,https://www.airbnb.com/rooms/9372859
9377185,NA,Neighborhood highlights,2,NA,NA,NA,5,1,https://www.airbnb.com/rooms/9377185
9379983,NA,NA,3,NA,1,NA,5,1,https://www.airbnb.com/rooms/9379983
9381315,NA,NA,4,NA,NA,NA,4,1,https://www.airbnb.com/rooms/9381315
9381449,NA,NA,5,NA,2,NA,NA,0,https://www.airbnb.com/rooms/9381449
9381657,$54.00,NA,1,1,1,1,4.69,86,https://www.airbnb.com/rooms/9381657
9382195,NA,Neighborhood highlights,2,NA,NA,NA,4.86,7,https://www.airbnb.com/rooms/9382195
9383071,NA,NA,1,NA,NA,NA,5,4,https://www.airbnb.com/rooms/9383071
9384367,NA,NA,2,NA,NA,NA,NA,0,https://www.airbnb.com/rooms/9384367
9387120,NA,NA,2,NA,1,NA,4,1,https://www.airbnb.com/rooms/9387120
9387914,NA,Neighborhood highlights,6,NA,3,NA,4,1,https://www.airbnb.com/rooms/9387914
9391430,NA,Neighborhood highlights,2,NA,1,NA,5,4,https://www.airbnb.com/rooms/9391430
9392048,$88.00,Neighborhood highlights,1,1,1,1,4.91,11,https://www.airbnb.com/rooms/9392048
9392164,$77.00,Neighborhood highlights,1,1,1,1,5,9,https://www.airbnb.com/rooms/9392164
9393332,NA,NA,2,NA,NA,NA,NA,0,https://www.airbnb.com/rooms/9393332
9393610,NA,Neighborhood highlights,3,NA,NA,NA,NA,0,https://www.airbnb.com/rooms/9393610
9393885,NA,Neighborhood highlights,6,NA,3,NA,NA,0,https://www.airbnb.com/rooms/9393885
9396442,NA,Neighborhood highlights,2,NA,NA,NA,4.91,11,https://www.airbnb.com/rooms/9396442
9401453,NA,NA,3,NA,1,NA,NA,0,https://www.airbnb.com/rooms/9401453
9404709,NA,Neighborhood highlights,2,NA,2,NA,5,6,https://www.airbnb.com/rooms/9404709
9405124,NA,Neighborhood highlights,1,NA,1,NA,3,1,https://www.airbnb.com/rooms/9405124
9405466,NA,Neighborhood highlights,2,NA,1,NA,5,1,https://www.airbnb.com/rooms/9405466
9411467,$250.00,Neighborhood highlights,2,1,1,2,4.75,28,https://www.airbnb.com/rooms/9411467
9411914,NA,NA,2,NA,1,NA,4.5,2,https://www.airbnb.com/rooms/9411914
9412276,NA,NA,2,NA,1,NA,NA,0,https://www.airbnb.com/rooms/9412276
9413287,NA,Neighborhood highlights,2,NA,NA,NA,5,1,https://www.airbnb.com/rooms/9413287
9414019,NA,Neighborhood highlights,6,NA,2,NA,4.84,19,https://www.airbnb.com/rooms/9414019
9414237,NA,Neighborhood highlights,2,NA,1,NA,NA,0,https://www.airbnb.com/rooms/9414237
9414521,NA,NA,2,NA,1,NA,4.33,3,https://www.airbnb.com/rooms/9414521
9415026,NA,NA,2,NA,1,NA,NA,0,https://www.airbnb.com/rooms/9415026
9415109,NA,NA,5,NA,2,NA,4.44,18,https://www.airbnb.com/rooms/9415109
9415828,NA,NA,2,NA,1,NA,4.5,2,https://www.airbnb.com/rooms/9415828
9416007,$70.00,Neighborhood highlights,2,1.5,1,1,4.84,56,https://www.airbnb.com/rooms/9416007
9420768,NA,NA,1,NA,2,NA,4.88,17,https://www.airbnb.com/rooms/9420768
9422573,$80.00,Neighborhood highlights,2,1,1,2,4.81,124,https://www.airbnb.com/rooms/9422573
9424217,NA,Neighborhood highlights,1,NA,NA,NA,NA,0,https://www.airbnb.com/rooms/9424217
9426406,NA,Neighborhood highlights,4,NA,2,NA,NA,0,https://www.airbnb.com/rooms/9426406
9426526,$125.00,NA,2,1,1,1,4.4,5,https://www.airbnb.com/rooms/9426526
9429015,NA,Neighborhood highlights,4,NA,1,NA,4.75,4,https://www.airbnb.com/rooms/9429015
9430502,NA,NA,1,NA,1,NA,NA,0,https://www.airbnb.com/rooms/9430502
9434432,NA,Neighborhood highlights,2,NA,NA,NA,NA,0,https://www.airbnb.com/rooms/9434432
9434801,NA,Neighborhood highlights,2,NA,1,NA,4.33,12,https://www.airbnb.com/rooms/9434801
9435315,NA,NA,2,NA,NA,NA,NA,0,https://www.airbnb.com/rooms/9435315
9435428,NA,NA,3,NA,NA,NA,4,1,https://www.airbnb.com/rooms/9435428
9435503,$97.00,Neighborhood highlights,2,1,1,1,4.92,109,https://www.airbnb.com/rooms/9435503
9436038,$120.00,NA,2,1,1,1,4.57,7,https://www.airbnb.com/rooms/9436038
9437085,NA,Neighborhood highlights,1,NA,NA,NA,NA,0,https://www.airbnb.com/rooms/9437085
9444819,NA,NA,4,NA,2,NA,NA,0,https://www.airbnb.com/rooms/9444819
9445342,$120.00,NA,2,1,1,1,4.25,12,https://www.airbnb.com/rooms/9445342
9445501,$113.00,NA,2,1,1,2,4.5,8,https://www.airbnb.com/rooms/9445501
9445593,$380.00,Neighborhood highlights,2,1,1,1,4.98,180,https://www.airbnb.com/rooms/9445593
9445789,$120.00,NA,2,1,1,1,4.25,4,https://www.airbnb.com/rooms/9445789
9447274,NA,Neighborhood highlights,5,NA,2,NA,4.5,2,https://www.airbnb.com/rooms/9447274
9450180,$60.00,Neighborhood highlights,1,1,1,1,4.79,47,https://www.airbnb.com/rooms/9450180
9451784,NA,Neighborhood highlights,2,NA,1,NA,4.67,3,https://www.airbnb.com/rooms/9451784
9452887,NA,Neighborhood highlights,2,NA,NA,NA,4.71,86,https://www.airbnb.com/rooms/9452887
9458704,$225.00,Neighborhood highlights,2,1,1,2,4.77,149,https://www.airbnb.com/rooms/9458704
9461187,NA,NA,4,NA,1,NA,NA,0,https://www.airbnb.com/rooms/9461187
9461669,$75.00,Neighborhood highlights,2,1,1,1,4.79,19,https://www.airbnb.com/rooms/9461669
9463039,NA,NA,2,NA,1,NA,4.85,13,https://www.airbnb.com/rooms/9463039
9464137,NA,Neighborhood highlights,4,NA,NA,NA,4.87,15,https://www.airbnb.com/rooms/9464137
9464605,$96.00,Neighborhood highlights,1,1,1,1,4.98,140,https://www.airbnb.com/rooms/9464605
9466003,NA,NA,4,NA,1,NA,NA,0,https://www.airbnb.com/rooms/9466003
9469827,NA,Neighborhood highlights,2,NA,NA,NA,NA,0,https://www.airbnb.com/rooms/9469827
9471893,NA,NA,4,NA,2,NA,5,1,https://www.airbnb.com/rooms/9471893
9471997,NA,Neighborhood highlights,3,NA,1,NA,2,1,https://www.airbnb.com/rooms/9471997
9472905,$49.00,NA,2,1,1,1,4.67,3,https://www.airbnb.com/rooms/9472905
9473837,NA,Neighborhood highlights,2,NA,NA,NA,5,1,https://www.airbnb.com/rooms/9473837
9473889,$125.00,Neighborhood highlights,3,1,1,2,4.87,47,https://www.airbnb.com/rooms/9473889
9474607,NA,Neighborhood highlights,2,NA,NA,NA,NA,0,https://www.airbnb.com/rooms/9474607
9475136,NA,NA,2,NA,NA,NA,NA,0,https://www.airbnb.com/rooms/9475136
9475494,NA,Neighborhood highlights,4,NA,1,NA,5,1,https://www.airbnb.com/rooms/9475494
9476212,NA,NA,3,NA,1,NA,NA,0,https://www.airbnb.com/rooms/9476212
9476449,NA,Neighborhood highlights,6,NA,3,NA,4,1,https://www.airbnb.com/rooms/9476449
9476774,$450.00,Neighborhood highlights,5,2,2,3,5,12,https://www.airbnb.com/rooms/9476774
9477096,NA,Neighborhood highlights,2,NA,NA,NA,5,1,https://www.airbnb.com/rooms/9477096
9477359,NA,Neighborhood highlights,2,NA,1,NA,5,1,https://www.airbnb.com/rooms/9477359
9478196,NA,Neighborhood highlights,5,NA,1,NA,4.33,3,https://www.airbnb.com/rooms/9478196
9479084,NA,Neighborhood highlights,2,NA,NA,NA,5,2,https://www.airbnb.com/rooms/9479084
9479324,NA,NA,1,NA,1,NA,NA,0,https://www.airbnb.com/rooms/9479324
9484892,NA,Neighborhood highlights,2,NA,NA,NA,5,2,https://www.airbnb.com/rooms/9484892
9486111,$300.00,Neighborhood highlights,5,1,2,2,4.64,129,https://www.airbnb.com/rooms/9486111
9486332,NA,NA,3,NA,1,NA,NA,0,https://www.airbnb.com/rooms/9486332
9488756,NA,Neighborhood highlights,2,NA,NA,NA,5,2,https://www.airbnb.com/rooms/9488756
9489073,NA,Neighborhood highlights,2,NA,1,NA,4.76,25,https://www.airbnb.com/rooms/9489073
9492969,NA,Neighborhood highlights,3,NA,NA,NA,NA,0,https://www.airbnb.com/rooms/9492969
9493142,NA,NA,2,NA,NA,NA,NA,0,https://www.airbnb.com/rooms/9493142
9494304,NA,Neighborhood highlights,4,NA,1,NA,5,8,https://www.airbnb.com/rooms/9494304
9496213,NA,NA,2,NA,1,NA,3.5,2,https://www.airbnb.com/rooms/9496213
9496559,NA,Neighborhood highlights,2,NA,1,NA,NA,0,https://www.airbnb.com/rooms/9496559
9504043,NA,NA,1,NA,NA,NA,NA,0,https://www.airbnb.com/rooms/9504043
9505990,NA,Neighborhood highlights,3,NA,1,NA,5,1,https://www.airbnb.com/rooms/9505990
9507521,NA,Neighborhood highlights,5,NA,2,NA,5,2,https://www.airbnb.com/rooms/9507521
9508202,NA,NA,2,NA,NA,NA,NA,0,https://www.airbnb.com/rooms/9508202
9509218,$150.00,Neighborhood highlights,2,1,1,1,4.76,58,https://www.airbnb.com/rooms/9509218
9510385,$85.00,Neighborhood highlights,1,1,1,1,4.76,59,https://www.airbnb.com/rooms/9510385
9511685,NA,NA,2,NA,1,NA,1,1,https://www.airbnb.com/rooms/9511685
9512372,$90.00,Neighborhood highlights,1,2,1,1,4.67,18,https://www.airbnb.com/rooms/9512372
9512696,NA,Neighborhood highlights,2,NA,NA,NA,5,19,https://www.airbnb.com/rooms/9512696
9513152,NA,NA,2,NA,NA,NA,5,1,https://www.airbnb.com/rooms/9513152
9513278,NA,Neighborhood highlights,2,NA,1,NA,5,2,https://www.airbnb.com/rooms/9513278
9513379,NA,NA,1,NA,1,NA,NA,0,https://www.airbnb.com/rooms/9513379
9513511,$50.00,Neighborhood highlights,1,1,1,1,4.77,13,https://www.airbnb.com/rooms/9513511
9514860,NA,NA,4,NA,2,NA,NA,0,https://www.airbnb.com/rooms/9514860
9517131,NA,NA,2,NA,1,NA,NA,0,https://www.airbnb.com/rooms/9517131
9517488,NA,Neighborhood highlights,2,NA,NA,NA,5,1,https://www.airbnb.com/rooms/9517488
9520489,NA,NA,4,NA,2,NA,NA,0,https://www.airbnb.com/rooms/9520489
9521009,NA,NA,2,NA,NA,NA,NA,0,https://www.airbnb.com/rooms/9521009
9521704,NA,Neighborhood highlights,4,NA,2,NA,4.67,3,https://www.airbnb.com/rooms/9521704
9523761,NA,NA,2,NA,NA,NA,NA,0,https://www.airbnb.com/rooms/9523761
9525335,NA,Neighborhood highlights,1,NA,NA,NA,4.5,2,https://www.airbnb.com/rooms/9525335
9525490,NA,NA,7,NA,3,NA,4,2,https://www.airbnb.com/rooms/9525490
9526314,$150.00,Neighborhood highlights,4,1,1,1,4.91,11,https://www.airbnb.com/rooms/9526314
9527971,NA,Neighborhood highlights,2,NA,2,NA,5,1,https://www.airbnb.com/rooms/9527971
9528920,NA,Neighborhood highlights,2,NA,NA,NA,4.33,6,https://www.airbnb.com/rooms/9528920
9530079,NA,NA,4,NA,2,NA,NA,0,https://www.airbnb.com/rooms/9530079
9532048,NA,Neighborhood highlights,2,NA,NA,NA,NA,0,https://www.airbnb.com/rooms/9532048
9532665,NA,NA,3,NA,NA,NA,NA,0,https://www.airbnb.com/rooms/9532665
9536965,$65.00,Neighborhood highlights,2,1,1,1,4.67,49,https://www.airbnb.com/rooms/9536965
9540974,NA,Neighborhood highlights,2,NA,NA,NA,NA,0,https://www.airbnb.com/rooms/9540974
9541753,NA,Neighborhood highlights,6,NA,2,NA,5,1,https://www.airbnb.com/rooms/9541753
9542827,NA,NA,2,NA,NA,NA,5,2,https://www.airbnb.com/rooms/9542827
9543557,NA,Neighborhood highlights,2,NA,NA,NA,NA,0,https://www.airbnb.com/rooms/9543557
9543637,NA,Neighborhood highlights,2,NA,NA,NA,4.78,32,https://www.airbnb.com/rooms/9543637
9543678,NA,NA,2,NA,1,NA,4,2,https://www.airbnb.com/rooms/9543678
9544242,NA,Neighborhood highlights,2,NA,NA,NA,4.88,115,https://www.airbnb.com/rooms/9544242
9544410,$385.00,Neighborhood highlights,2,1,1,2,4.81,204,https://www.airbnb.com/rooms/9544410
9545059,NA,Neighborhood highlights,2,NA,1,NA,5,1,https://www.airbnb.com/rooms/9545059
9545498,NA,NA,2,NA,1,NA,4,1,https://www.airbnb.com/rooms/9545498
9546695,NA,NA,2,NA,1,NA,NA,0,https://www.airbnb.com/rooms/9546695
9547920,NA,NA,2,NA,NA,NA,5,1,https://www.airbnb.com/rooms/9547920
9548422,$45.00,NA,2,1,1,1,5,2,https://www.airbnb.com/rooms/9548422
9548756,NA,NA,4,NA,1,NA,NA,0,https://www.airbnb.com/rooms/9548756
9550807,NA,Neighborhood highlights,2,NA,1,NA,4,1,https://www.airbnb.com/rooms/9550807
9556983,NA,Neighborhood highlights,2,NA,NA,NA,4.83,18,https://www.airbnb.com/rooms/9556983
9560398,$155.00,Neighborhood highlights,2,1,0,2,4.5,20,https://www.airbnb.com/rooms/9560398
9562515,NA,NA,3,NA,2,NA,4.57,7,https://www.airbnb.com/rooms/9562515
9562872,$144.00,Neighborhood highlights,2,1,1,4,4.44,158,https://www.airbnb.com/rooms/9562872
9563436,NA,Neighborhood highlights,3,NA,1,NA,5,4,https://www.airbnb.com/rooms/9563436
9563868,$200.00,Neighborhood highlights,6,1,2,3,4.81,210,https://www.airbnb.com/rooms/9563868
9563873,$45.00,Neighborhood highlights,1,1,1,1,4.85,53,https://www.airbnb.com/rooms/9563873
9572448,NA,Neighborhood highlights,1,NA,NA,NA,NA,0,https://www.airbnb.com/rooms/9572448
9575567,NA,Neighborhood highlights,1,NA,NA,NA,5,5,https://www.airbnb.com/rooms/9575567
9575809,NA,NA,2,NA,1,NA,NA,0,https://www.airbnb.com/rooms/9575809
9575961,NA,Neighborhood highlights,2,NA,1,NA,5,2,https://www.airbnb.com/rooms/9575961
9576230,NA,NA,2,NA,NA,NA,4,1,https://www.airbnb.com/rooms/9576230
9576278,$95.00,Neighborhood highlights,4,1,1,2,4.58,166,https://www.airbnb.com/rooms/9576278
9576812,$251.00,NA,4,2,2,3,4.77,84,https://www.airbnb.com/rooms/9576812
9577748,NA,NA,2,NA,NA,NA,4,1,https://www.airbnb.com/rooms/9577748
9578848,NA,NA,5,NA,3,NA,NA,0,https://www.airbnb.com/rooms/9578848
9580218,NA,Neighborhood highlights,1,NA,NA,NA,NA,0,https://www.airbnb.com/rooms/9580218
9585027,NA,NA,2,NA,NA,NA,5,2,https://www.airbnb.com/rooms/9585027
9588699,NA,Neighborhood highlights,2,NA,NA,NA,NA,0,https://www.airbnb.com/rooms/9588699
9588828,NA,NA,4,NA,2,NA,5,1,https://www.airbnb.com/rooms/9588828
9589086,NA,Neighborhood highlights,2,NA,NA,NA,4.25,4,https://www.airbnb.com/rooms/9589086
9589133,NA,Neighborhood highlights,2,NA,2,NA,5,2,https://www.airbnb.com/rooms/9589133
9589179,NA,Neighborhood highlights,3,NA,1,NA,5,1,https://www.airbnb.com/rooms/9589179
9590866,NA,Neighborhood highlights,3,NA,NA,NA,NA,0,https://www.airbnb.com/rooms/9590866
9592655,NA,NA,3,NA,NA,NA,NA,0,https://www.airbnb.com/rooms/9592655
9593093,NA,NA,2,NA,NA,NA,NA,0,https://www.airbnb.com/rooms/9593093
9594892,NA,Neighborhood highlights,4,NA,2,NA,5,2,https://www.airbnb.com/rooms/9594892
9596868,$120.00,Neighborhood highlights,2,1,1,1,4.66,83,https://www.airbnb.com/rooms/9596868
9597629,NA,NA,10,NA,4,NA,NA,0,https://www.airbnb.com/rooms/9597629
9603803,$36.00,Neighborhood highlights,1,2.5,1,2,4.4,10,https://www.airbnb.com/rooms/9603803
9607482,NA,NA,2,NA,NA,NA,4.5,6,https://www.airbnb.com/rooms/9607482
9607485,NA,Neighborhood highlights,2,NA,1,NA,5,3,https://www.airbnb.com/rooms/9607485
9607855,NA,Neighborhood highlights,2,NA,1,NA,4.7,57,https://www.airbnb.com/rooms/9607855
9607995,NA,NA,2,NA,NA,NA,4.75,4,https://www.airbnb.com/rooms/9607995
9609246,NA,Neighborhood highlights,1,NA,NA,NA,5,1,https://www.airbnb.com/rooms/9609246
9609825,NA,NA,2,NA,1,NA,4.67,15,https://www.airbnb.com/rooms/9609825
9610704,NA,Neighborhood highlights,1,NA,NA,NA,5,1,https://www.airbnb.com/rooms/9610704
9610982,NA,NA,1,NA,1,NA,4.67,3,https://www.airbnb.com/rooms/9610982
9612035,$70.00,Neighborhood highlights,1,1,1,1,NA,0,https://www.airbnb.com/rooms/9612035
9612938,$80.00,Neighborhood highlights,3,1,1,2,4.84,37,https://www.airbnb.com/rooms/9612938
9613369,NA,NA,2,NA,NA,NA,NA,0,https://www.airbnb.com/rooms/9613369
9613541,NA,Neighborhood highlights,2,NA,1,NA,NA,0,https://www.airbnb.com/rooms/9613541
9613626,NA,Neighborhood highlights,2,NA,NA,NA,5,2,https://www.airbnb.com/rooms/9613626
9614672,NA,NA,3,NA,1,NA,NA,0,https://www.airbnb.com/rooms/9614672
9614785,NA,Neighborhood highlights,2,NA,2,NA,4.97,223,https://www.airbnb.com/rooms/9614785
9614933,NA,Neighborhood highlights,1,NA,NA,NA,NA,0,https://www.airbnb.com/rooms/9614933
9615815,NA,Neighborhood highlights,3,NA,1,NA,4.96,24,https://www.airbnb.com/rooms/9615815
9616453,NA,NA,2,NA,NA,NA,4,1,https://www.airbnb.com/rooms/9616453
9616729,NA,Neighborhood highlights,1,NA,1,NA,3,1,https://www.airbnb.com/rooms/9616729
9617219,$79.00,Neighborhood highlights,4,1,1,2,4.81,162,https://www.airbnb.com/rooms/9617219
9623722,$449.00,NA,6,2,3,3,4.71,183,https://www.airbnb.com/rooms/9623722
9624177,NA,Neighborhood highlights,2,NA,1,NA,NA,0,https://www.airbnb.com/rooms/9624177
9626230,$472.00,NA,6,2,3,4,4.46,140,https://www.airbnb.com/rooms/9626230
9627513,NA,NA,2,NA,NA,NA,4.25,8,https://www.airbnb.com/rooms/9627513
9628471,NA,Neighborhood highlights,1,NA,NA,NA,NA,0,https://www.airbnb.com/rooms/9628471
9630344,$65.00,Neighborhood highlights,1,1,1,1,4.8,5,https://www.airbnb.com/rooms/9630344
9633740,NA,Neighborhood highlights,2,NA,NA,NA,4.5,2,https://www.airbnb.com/rooms/9633740
9634829,NA,Neighborhood highlights,1,NA,NA,NA,4.33,3,https://www.airbnb.com/rooms/9634829
9635223,NA,Neighborhood highlights,2,NA,NA,NA,4,1,https://www.airbnb.com/rooms/9635223
9635607,$135.00,Neighborhood highlights,2,1,1,1,4.9,252,https://www.airbnb.com/rooms/9635607
9645338,NA,Neighborhood highlights,2,NA,2,NA,4.6,5,https://www.airbnb.com/rooms/9645338
9647235,NA,NA,4,NA,NA,NA,NA,0,https://www.airbnb.com/rooms/9647235
9652413,NA,NA,2,NA,1,NA,NA,0,https://www.airbnb.com/rooms/9652413
9653005,NA,NA,4,NA,2,NA,NA,0,https://www.airbnb.com/rooms/9653005
9660751,NA,Neighborhood highlights,5,NA,1,NA,4.75,8,https://www.airbnb.com/rooms/9660751
9662070,NA,NA,2,NA,1,NA,5,2,https://www.airbnb.com/rooms/9662070
9663062,$38.00,NA,1,1,1,1,5,10,https://www.airbnb.com/rooms/9663062
9664497,NA,Neighborhood highlights,2,NA,NA,NA,4.5,6,https://www.airbnb.com/rooms/9664497
9665709,NA,Neighborhood highlights,3,NA,1,NA,NA,0,https://www.airbnb.com/rooms/9665709
9669305,NA,Neighborhood highlights,4,NA,1,NA,5,3,https://www.airbnb.com/rooms/9669305
9674880,NA,NA,1,NA,1,NA,NA,0,https://www.airbnb.com/rooms/9674880
9675061,NA,Neighborhood highlights,2,NA,1,NA,NA,0,https://www.airbnb.com/rooms/9675061
9675064,$81.00,Neighborhood highlights,1,1.5,1,1,4.81,256,https://www.airbnb.com/rooms/9675064
9675609,NA,Neighborhood highlights,2,NA,NA,NA,4.89,9,https://www.airbnb.com/rooms/9675609
9676890,NA,Neighborhood highlights,1,NA,NA,NA,5,1,https://www.airbnb.com/rooms/9676890
9677744,NA,Neighborhood highlights,2,NA,NA,NA,4.81,63,https://www.airbnb.com/rooms/9677744
9677912,NA,NA,6,NA,3,NA,4.87,31,https://www.airbnb.com/rooms/9677912
9678870,NA,Neighborhood highlights,2,NA,1,NA,NA,0,https://www.airbnb.com/rooms/9678870
9679289,NA,NA,1,NA,1,NA,5,1,https://www.airbnb.com/rooms/9679289
9679310,NA,Neighborhood highlights,4,NA,NA,NA,5,1,https://www.airbnb.com/rooms/9679310
9682617,NA,Neighborhood highlights,2,NA,1,NA,4.92,13,https://www.airbnb.com/rooms/9682617
9682898,NA,NA,2,NA,NA,NA,5,1,https://www.airbnb.com/rooms/9682898
9685158,NA,Neighborhood highlights,5,NA,2,NA,NA,0,https://www.airbnb.com/rooms/9685158
9685213,NA,NA,1,NA,1,NA,NA,0,https://www.airbnb.com/rooms/9685213
9685865,$70.00,Neighborhood highlights,2,1,1,1,4.75,81,https://www.airbnb.com/rooms/9685865
9686167,$85.00,NA,2,1,1,1,5,7,https://www.airbnb.com/rooms/9686167
9691204,NA,NA,5,NA,3,NA,5,1,https://www.airbnb.com/rooms/9691204
9692074,NA,Neighborhood highlights,3,NA,1,NA,5,1,https://www.airbnb.com/rooms/9692074
9692090,NA,NA,1,NA,1,NA,NA,0,https://www.airbnb.com/rooms/9692090
9692205,NA,Neighborhood highlights,2,NA,1,NA,5,1,https://www.airbnb.com/rooms/9692205
9692740,NA,NA,1,NA,NA,NA,NA,0,https://www.airbnb.com/rooms/9692740
9693080,NA,Neighborhood highlights,3,NA,1,NA,5,6,https://www.airbnb.com/rooms/9693080
9694487,NA,Neighborhood highlights,4,NA,1,NA,NA,0,https://www.airbnb.com/rooms/9694487
9695552,NA,Neighborhood highlights,4,NA,1,NA,4.75,4,https://www.airbnb.com/rooms/9695552
9697749,NA,Neighborhood highlights,2,NA,NA,NA,5,1,https://www.airbnb.com/rooms/9697749
9697969,NA,NA,3,NA,1,NA,NA,0,https://www.airbnb.com/rooms/9697969
9698613,NA,Neighborhood highlights,1,NA,NA,NA,5,2,https://www.airbnb.com/rooms/9698613
9698691,NA,Neighborhood highlights,4,NA,1,NA,5,1,https://www.airbnb.com/rooms/9698691
9698905,NA,Neighborhood highlights,2,NA,NA,NA,5,2,https://www.airbnb.com/rooms/9698905
9699559,NA,Neighborhood highlights,4,NA,1,NA,4.5,2,https://www.airbnb.com/rooms/9699559
9705958,NA,Neighborhood highlights,3,NA,1,NA,4.75,4,https://www.airbnb.com/rooms/9705958
9706724,NA,NA,1,NA,NA,NA,5,3,https://www.airbnb.com/rooms/9706724
9707498,$104.00,Neighborhood highlights,2,1,2,3,4.81,177,https://www.airbnb.com/rooms/9707498
9707531,NA,Neighborhood highlights,2,NA,1,NA,5,2,https://www.airbnb.com/rooms/9707531
9708577,$330.00,NA,6,2,3,6,4.87,192,https://www.airbnb.com/rooms/9708577
9709428,NA,Neighborhood highlights,3,NA,1,NA,4.5,2,https://www.airbnb.com/rooms/9709428
9709801,NA,NA,2,NA,1,NA,NA,0,https://www.airbnb.com/rooms/9709801
9710538,NA,NA,2,NA,1,NA,NA,0,https://www.airbnb.com/rooms/9710538
9710620,NA,Neighborhood highlights,2,NA,1,NA,5,6,https://www.airbnb.com/rooms/9710620
9712829,NA,Neighborhood highlights,5,NA,1,NA,4.5,4,https://www.airbnb.com/rooms/9712829
9713626,NA,NA,4,NA,1,NA,5,6,https://www.airbnb.com/rooms/9713626
9714004,NA,NA,2,NA,2,NA,4.29,14,https://www.airbnb.com/rooms/9714004
9714870,NA,Neighborhood highlights,2,NA,1,NA,4.5,4,https://www.airbnb.com/rooms/9714870
9714880,NA,Neighborhood highlights,2,NA,1,NA,NA,0,https://www.airbnb.com/rooms/9714880
9715973,NA,Neighborhood highlights,4,NA,NA,NA,5,1,https://www.airbnb.com/rooms/9715973
9717662,NA,Neighborhood highlights,2,NA,1,NA,NA,0,https://www.airbnb.com/rooms/9717662
9717766,NA,NA,1,NA,NA,NA,NA,0,https://www.airbnb.com/rooms/9717766
9720768,$75.00,NA,1,1,1,2,4.73,172,https://www.airbnb.com/rooms/9720768
9720809,$65.00,Neighborhood highlights,1,1,1,1,4.75,12,https://www.airbnb.com/rooms/9720809
9724452,NA,Neighborhood highlights,1,NA,NA,NA,NA,0,https://www.airbnb.com/rooms/9724452
9725232,$175.00,Neighborhood highlights,2,1,1,1,4.89,271,https://www.airbnb.com/rooms/9725232
9725508,$179.00,Neighborhood highlights,2,1,0,2,4.76,25,https://www.airbnb.com/rooms/9725508
9726043,$98.00,Neighborhood highlights,6,1,2,5,4.33,6,https://www.airbnb.com/rooms/9726043
9726143,NA,Neighborhood highlights,3,NA,1,NA,5,1,https://www.airbnb.com/rooms/9726143
9728203,NA,Neighborhood highlights,2,NA,NA,NA,4,1,https://www.airbnb.com/rooms/9728203
9729286,$147.00,Neighborhood highlights,1,1,1,1,NA,0,https://www.airbnb.com/rooms/9729286
9729517,NA,Neighborhood highlights,3,NA,NA,NA,4.5,12,https://www.airbnb.com/rooms/9729517
9730117,NA,Neighborhood highlights,2,NA,1,NA,5,12,https://www.airbnb.com/rooms/9730117
9730784,NA,NA,2,NA,NA,NA,4.6,5,https://www.airbnb.com/rooms/9730784
9731039,NA,NA,1,NA,NA,NA,NA,0,https://www.airbnb.com/rooms/9731039
9731178,NA,NA,1,NA,NA,NA,4.5,2,https://www.airbnb.com/rooms/9731178
9731739,NA,Neighborhood highlights,5,NA,2,NA,4.48,25,https://www.airbnb.com/rooms/9731739
9733227,NA,NA,2,NA,1,NA,5,3,https://www.airbnb.com/rooms/9733227
9735503,NA,NA,4,NA,1,NA,5,2,https://www.airbnb.com/rooms/9735503
9735931,NA,NA,1,NA,NA,NA,4.89,9,https://www.airbnb.com/rooms/9735931
9735957,$395.00,Neighborhood highlights,2,1,1,2,4.97,95,https://www.airbnb.com/rooms/9735957
9736071,NA,NA,2,NA,NA,NA,NA,0,https://www.airbnb.com/rooms/9736071
9737362,NA,Neighborhood highlights,4,NA,2,NA,4.5,2,https://www.airbnb.com/rooms/9737362
9739888,NA,NA,1,NA,1,NA,NA,0,https://www.airbnb.com/rooms/9739888
9740010,$165.00,NA,1,1,0,1,4.76,214,https://www.airbnb.com/rooms/9740010
9740386,NA,Neighborhood highlights,1,NA,1,NA,NA,0,https://www.airbnb.com/rooms/9740386
9746225,NA,NA,2,NA,1,NA,NA,0,https://www.airbnb.com/rooms/9746225
9747059,NA,NA,1,NA,NA,NA,NA,0,https://www.airbnb.com/rooms/9747059
9750139,$115.00,NA,2,1,1,1,4.74,129,https://www.airbnb.com/rooms/9750139
9750308,NA,Neighborhood highlights,2,NA,NA,NA,4.32,19,https://www.airbnb.com/rooms/9750308
9751043,$224.00,Neighborhood highlights,4,1,2,2,4.78,309,https://www.airbnb.com/rooms/9751043
9752005,$80.00,Neighborhood highlights,1,1,1,1,4.92,437,https://www.airbnb.com/rooms/9752005
9752053,NA,NA,2,NA,1,NA,NA,0,https://www.airbnb.com/rooms/9752053
9753018,NA,Neighborhood highlights,4,NA,1,NA,5,8,https://www.airbnb.com/rooms/9753018
9755074,NA,Neighborhood highlights,2,NA,1,NA,5,5,https://www.airbnb.com/rooms/9755074
9755479,NA,NA,2,NA,1,NA,NA,0,https://www.airbnb.com/rooms/9755479
9756258,NA,Neighborhood highlights,1,NA,NA,NA,5,2,https://www.airbnb.com/rooms/9756258
9757018,NA,Neighborhood highlights,2,NA,1,NA,5,2,https://www.airbnb.com/rooms/9757018
9757351,NA,NA,4,NA,2,NA,4,1,https://www.airbnb.com/rooms/9757351
9757762,NA,NA,2,NA,1,NA,NA,0,https://www.airbnb.com/rooms/9757762
9759525,NA,Neighborhood highlights,2,NA,NA,NA,5,3,https://www.airbnb.com/rooms/9759525
9759704,NA,Neighborhood highlights,1,NA,NA,NA,5,2,https://www.airbnb.com/rooms/9759704
9765276,$41.00,Neighborhood highlights,1,1,1,1,4.94,16,https://www.airbnb.com/rooms/9765276
9765762,NA,Neighborhood highlights,2,NA,NA,NA,5,1,https://www.airbnb.com/rooms/9765762
9765944,NA,NA,1,NA,NA,NA,NA,0,https://www.airbnb.com/rooms/9765944
9766922,NA,Neighborhood highlights,2,NA,NA,NA,NA,0,https://www.airbnb.com/rooms/9766922
9767424,$177.00,NA,2,1,1,2,4.94,230,https://www.airbnb.com/rooms/9767424
9768199,$120.00,Neighborhood highlights,2,1,1,1,4.98,64,https://www.airbnb.com/rooms/9768199
9768360,NA,Neighborhood highlights,4,NA,1,NA,4.8,5,https://www.airbnb.com/rooms/9768360
9768765,NA,Neighborhood highlights,1,NA,NA,NA,5,1,https://www.airbnb.com/rooms/9768765
9769423,$107.00,Neighborhood highlights,2,1,1,1,4.6,148,https://www.airbnb.com/rooms/9769423
9769817,NA,Neighborhood highlights,2,NA,1,NA,4.69,13,https://www.airbnb.com/rooms/9769817
9770041,NA,Neighborhood highlights,4,NA,2,NA,5,2,https://www.airbnb.com/rooms/9770041
9770459,$73.00,Neighborhood highlights,2,1.5,1,2,4.85,41,https://www.airbnb.com/rooms/9770459
9772177,NA,NA,2,NA,2,NA,NA,0,https://www.airbnb.com/rooms/9772177
9773384,NA,NA,2,NA,1,NA,NA,0,https://www.airbnb.com/rooms/9773384
9775146,$145.00,Neighborhood highlights,2,1,2,2,4.91,23,https://www.airbnb.com/rooms/9775146
9775237,NA,Neighborhood highlights,4,NA,1,NA,4.71,7,https://www.airbnb.com/rooms/9775237
9777669,NA,Neighborhood highlights,3,NA,2,NA,NA,0,https://www.airbnb.com/rooms/9777669
9777883,NA,NA,1,NA,1,NA,NA,0,https://www.airbnb.com/rooms/9777883
9778579,NA,NA,1,NA,1,NA,3,2,https://www.airbnb.com/rooms/9778579
9778583,NA,Neighborhood highlights,2,NA,1,NA,5,1,https://www.airbnb.com/rooms/9778583
9778978,NA,NA,2,NA,NA,NA,5,1,https://www.airbnb.com/rooms/9778978
9779136,NA,Neighborhood highlights,2,NA,1,NA,5,1,https://www.airbnb.com/rooms/9779136
9785516,NA,Neighborhood highlights,6,NA,3,NA,4.76,25,https://www.airbnb.com/rooms/9785516
9785847,NA,NA,1,NA,NA,NA,5,1,https://www.airbnb.com/rooms/9785847
9786021,NA,Neighborhood highlights,2,NA,NA,NA,5,1,https://www.airbnb.com/rooms/9786021
9786543,$63.00,Neighborhood highlights,1,1.5,1,1,4.9,42,https://www.airbnb.com/rooms/9786543
9786769,NA,NA,2,NA,1,NA,NA,0,https://www.airbnb.com/rooms/9786769
9788114,$98.00,Neighborhood highlights,2,1,1,1,4.77,506,https://www.airbnb.com/rooms/9788114
9788141,NA,NA,2,NA,NA,NA,NA,0,https://www.airbnb.com/rooms/9788141
9789350,NA,NA,2,NA,1,NA,4.85,26,https://www.airbnb.com/rooms/9789350
9790098,NA,NA,4,NA,NA,NA,NA,0,https://www.airbnb.com/rooms/9790098
9790355,NA,NA,2,NA,NA,NA,NA,0,https://www.airbnb.com/rooms/9790355
9791355,NA,NA,1,NA,NA,NA,NA,0,https://www.airbnb.com/rooms/9791355
9792315,NA,Neighborhood highlights,4,NA,2,NA,NA,0,https://www.airbnb.com/rooms/9792315
9792720,NA,Neighborhood highlights,2,NA,NA,NA,5,1,https://www.airbnb.com/rooms/9792720
9793665,NA,NA,8,NA,3,NA,NA,0,https://www.airbnb.com/rooms/9793665
9793676,NA,Neighborhood highlights,3,NA,3,NA,NA,0,https://www.airbnb.com/rooms/9793676
9794077,NA,Neighborhood highlights,2,NA,1,NA,NA,0,https://www.airbnb.com/rooms/9794077
9794364,NA,Neighborhood highlights,2,NA,2,NA,4.63,40,https://www.airbnb.com/rooms/9794364
9794402,NA,Neighborhood highlights,4,NA,1,NA,5,1,https://www.airbnb.com/rooms/9794402
9794825,NA,NA,2,NA,NA,NA,NA,0,https://www.airbnb.com/rooms/9794825
9796155,NA,NA,1,NA,1,NA,NA,0,https://www.airbnb.com/rooms/9796155
9796737,NA,NA,1,NA,NA,NA,4.5,2,https://www.airbnb.com/rooms/9796737
9797293,NA,NA,3,NA,1,NA,NA,0,https://www.airbnb.com/rooms/9797293
9800247,NA,Neighborhood highlights,2,NA,1,NA,NA,0,https://www.airbnb.com/rooms/9800247
9802654,NA,NA,2,NA,1,NA,NA,0,https://www.airbnb.com/rooms/9802654
9804243,NA,NA,2,NA,NA,NA,4.25,4,https://www.airbnb.com/rooms/9804243
9804299,NA,Neighborhood highlights,2,NA,NA,NA,4,1,https://www.airbnb.com/rooms/9804299
9804516,NA,Neighborhood highlights,4,NA,1,NA,5,2,https://www.airbnb.com/rooms/9804516
9804814,NA,NA,4,NA,2,NA,NA,0,https://www.airbnb.com/rooms/9804814
9804849,NA,NA,2,NA,NA,NA,NA,0,https://www.airbnb.com/rooms/9804849
9805128,NA,NA,2,NA,NA,NA,4.5,2,https://www.airbnb.com/rooms/9805128
9805274,NA,Neighborhood highlights,1,NA,NA,NA,4.67,3,https://www.airbnb.com/rooms/9805274
9806373,$140.00,Neighborhood highlights,4,1,2,3,4.67,168,https://www.airbnb.com/rooms/9806373
9806634,$83.00,Neighborhood highlights,1,1,1,1,4.85,120,https://www.airbnb.com/rooms/9806634
9807059,NA,NA,1,NA,1,NA,NA,0,https://www.airbnb.com/rooms/9807059
9809458,NA,Neighborhood highlights,2,NA,1,NA,5,6,https://www.airbnb.com/rooms/9809458
9809911,$185.00,NA,3,1.5,2,2,4.62,34,https://www.airbnb.com/rooms/9809911
9819018,NA,Neighborhood highlights,1,NA,NA,NA,5,1,https://www.airbnb.com/rooms/9819018
9819545,NA,Neighborhood highlights,2,NA,NA,NA,4.33,3,https://www.airbnb.com/rooms/9819545
9819589,NA,NA,2,NA,NA,NA,4.75,4,https://www.airbnb.com/rooms/9819589
9820053,NA,Neighborhood highlights,2,NA,NA,NA,5,1,https://www.airbnb.com/rooms/9820053
9821183,NA,NA,2,NA,1,NA,NA,0,https://www.airbnb.com/rooms/9821183
9821359,NA,NA,1,NA,1,NA,NA,0,https://www.airbnb.com/rooms/9821359
9821370,$85.00,Neighborhood highlights,2,1,1,1,4.32,31,https://www.airbnb.com/rooms/9821370
9821408,NA,Neighborhood highlights,2,NA,1,NA,4,4,https://www.airbnb.com/rooms/9821408
9822110,NA,NA,1,NA,1,NA,NA,0,https://www.airbnb.com/rooms/9822110
9822738,NA,NA,4,NA,1,NA,5,1,https://www.airbnb.com/rooms/9822738
9822983,NA,NA,1,NA,1,NA,NA,0,https://www.airbnb.com/rooms/9822983
9823085,NA,Neighborhood highlights,2,NA,NA,NA,4.86,14,https://www.airbnb.com/rooms/9823085
9823636,NA,NA,1,NA,NA,NA,NA,0,https://www.airbnb.com/rooms/9823636
9824042,NA,NA,2,NA,1,NA,4.78,107,https://www.airbnb.com/rooms/9824042
9825939,NA,Neighborhood highlights,2,NA,1,NA,NA,0,https://www.airbnb.com/rooms/9825939
9826628,$43.00,Neighborhood highlights,2,1,1,1,4.72,205,https://www.airbnb.com/rooms/9826628
9831392,NA,NA,1,NA,NA,NA,NA,0,https://www.airbnb.com/rooms/9831392
9835402,NA,NA,4,NA,2,NA,NA,0,https://www.airbnb.com/rooms/9835402
9836020,NA,NA,4,NA,2,NA,NA,0,https://www.airbnb.com/rooms/9836020
9836960,NA,Neighborhood highlights,1,NA,NA,NA,4.67,3,https://www.airbnb.com/rooms/9836960
9838145,NA,Neighborhood highlights,5,NA,3,NA,NA,0,https://www.airbnb.com/rooms/9838145
9839017,NA,Neighborhood highlights,2,NA,NA,NA,4.92,60,https://www.airbnb.com/rooms/9839017
9839263,$38.00,NA,1,1,1,1,NA,0,https://www.airbnb.com/rooms/9839263
9839906,NA,NA,1,NA,NA,NA,4.67,9,https://www.airbnb.com/rooms/9839906
9841695,NA,NA,2,NA,1,NA,4.69,39,https://www.airbnb.com/rooms/9841695
9842492,NA,Neighborhood highlights,4,NA,1,NA,4.89,66,https://www.airbnb.com/rooms/9842492
9843277,NA,NA,3,NA,1,NA,NA,0,https://www.airbnb.com/rooms/9843277
9843884,$150.00,Neighborhood highlights,2,1,2,3,4.5,18,https://www.airbnb.com/rooms/9843884
9843956,NA,Neighborhood highlights,4,NA,NA,NA,4.75,4,https://www.airbnb.com/rooms/9843956
9844482,NA,NA,4,NA,NA,NA,5,10,https://www.airbnb.com/rooms/9844482
9844892,NA,Neighborhood highlights,4,NA,1,NA,NA,0,https://www.airbnb.com/rooms/9844892
9845314,NA,NA,4,NA,1,NA,4.8,5,https://www.airbnb.com/rooms/9845314
9846114,NA,NA,2,NA,NA,NA,4.41,34,https://www.airbnb.com/rooms/9846114
9846616,NA,Neighborhood highlights,2,NA,NA,NA,5,1,https://www.airbnb.com/rooms/9846616
9847917,NA,Neighborhood highlights,2,NA,NA,NA,4,1,https://www.airbnb.com/rooms/9847917
9853884,NA,Neighborhood highlights,1,NA,1,NA,NA,0,https://www.airbnb.com/rooms/9853884
9854420,NA,NA,2,NA,1,NA,4.47,19,https://www.airbnb.com/rooms/9854420
9855043,NA,NA,2,NA,NA,NA,NA,0,https://www.airbnb.com/rooms/9855043
9855876,NA,Neighborhood highlights,2,NA,NA,NA,5,3,https://www.airbnb.com/rooms/9855876
9856938,NA,Neighborhood highlights,1,NA,NA,NA,NA,0,https://www.airbnb.com/rooms/9856938
9857249,NA,Neighborhood highlights,2,NA,1,NA,5,4,https://www.airbnb.com/rooms/9857249
9857854,$230.00,NA,2,1,1,1,NA,0,https://www.airbnb.com/rooms/9857854
9857920,NA,Neighborhood highlights,6,NA,3,NA,NA,0,https://www.airbnb.com/rooms/9857920
9858645,NA,NA,2,NA,NA,NA,NA,0,https://www.airbnb.com/rooms/9858645
9858717,$47.00,Neighborhood highlights,2,1,1,0,4.86,44,https://www.airbnb.com/rooms/9858717
9859888,NA,NA,2,NA,NA,NA,5,2,https://www.airbnb.com/rooms/9859888
9861797,NA,NA,4,NA,1,NA,5,2,https://www.airbnb.com/rooms/9861797
9862199,NA,Neighborhood highlights,4,NA,NA,NA,5,1,https://www.airbnb.com/rooms/9862199
9862831,NA,Neighborhood highlights,1,NA,NA,NA,NA,0,https://www.airbnb.com/rooms/9862831
9862913,NA,Neighborhood highlights,1,NA,NA,NA,5,1,https://www.airbnb.com/rooms/9862913
9863045,$194.00,Neighborhood highlights,4,1,1,1,4.61,88,https://www.airbnb.com/rooms/9863045
9863097,NA,NA,1,NA,1,NA,NA,0,https://www.airbnb.com/rooms/9863097
9864749,NA,NA,2,NA,1,NA,NA,0,https://www.airbnb.com/rooms/9864749
9865262,NA,NA,6,NA,3,NA,NA,0,https://www.airbnb.com/rooms/9865262
9865344,NA,NA,1,NA,1,NA,5,2,https://www.airbnb.com/rooms/9865344
9866039,NA,Neighborhood highlights,3,NA,1,NA,5,9,https://www.airbnb.com/rooms/9866039
9872904,NA,NA,1,NA,1,NA,NA,0,https://www.airbnb.com/rooms/9872904
9874418,NA,Neighborhood highlights,1,NA,1,NA,5,1,https://www.airbnb.com/rooms/9874418
9875822,NA,NA,2,NA,1,NA,NA,0,https://www.airbnb.com/rooms/9875822
9876040,$88.00,Neighborhood highlights,2,1,1,1,4.4,5,https://www.airbnb.com/rooms/9876040
9876335,$62.00,Neighborhood highlights,1,1,1,1,4.72,148,https://www.airbnb.com/rooms/9876335
9879796,NA,Neighborhood highlights,5,NA,2,NA,5,1,https://www.airbnb.com/rooms/9879796
9880140,NA,Neighborhood highlights,3,NA,1,NA,4.77,13,https://www.airbnb.com/rooms/9880140
9881516,NA,Neighborhood highlights,1,NA,1,NA,NA,0,https://www.airbnb.com/rooms/9881516
9882147,NA,NA,1,NA,NA,NA,NA,0,https://www.airbnb.com/rooms/9882147
9884725,NA,Neighborhood highlights,2,NA,NA,NA,NA,0,https://www.airbnb.com/rooms/9884725
9885501,NA,Neighborhood highlights,2,NA,NA,NA,4.61,23,https://www.airbnb.com/rooms/9885501
9886606,NA,Neighborhood highlights,3,NA,NA,NA,4.67,3,https://www.airbnb.com/rooms/9886606
9887326,NA,Neighborhood highlights,2,NA,NA,NA,4.5,2,https://www.airbnb.com/rooms/9887326
9887763,$110.00,NA,2,1,1,1,4.68,87,https://www.airbnb.com/rooms/9887763
9894602,NA,Neighborhood highlights,2,NA,NA,NA,5,2,https://www.airbnb.com/rooms/9894602
9894820,NA,NA,3,NA,2,NA,NA,0,https://www.airbnb.com/rooms/9894820
9895587,$82.00,NA,1,1,1,1,4.56,144,https://www.airbnb.com/rooms/9895587
9896731,NA,NA,2,NA,NA,NA,NA,0,https://www.airbnb.com/rooms/9896731
9897418,NA,NA,2,NA,1,NA,NA,0,https://www.airbnb.com/rooms/9897418
9898022,$100.00,Neighborhood highlights,3,1,1,2,4.88,8,https://www.airbnb.com/rooms/9898022
9898409,NA,NA,2,NA,NA,NA,NA,0,https://www.airbnb.com/rooms/9898409
9898894,NA,Neighborhood highlights,3,NA,NA,NA,NA,0,https://www.airbnb.com/rooms/9898894
9899132,$225.00,Neighborhood highlights,2,1,1,2,4.94,207,https://www.airbnb.com/rooms/9899132
9899499,NA,NA,2,NA,NA,NA,NA,0,https://www.airbnb.com/rooms/9899499
9900100,$37.00,NA,1,1,1,1,4.69,13,https://www.airbnb.com/rooms/9900100
9900224,NA,Neighborhood highlights,2,NA,NA,NA,4.87,15,https://www.airbnb.com/rooms/9900224
9901423,$34.00,NA,1,1,3,1,4.52,21,https://www.airbnb.com/rooms/9901423
9901614,NA,NA,3,NA,NA,NA,4,1,https://www.airbnb.com/rooms/9901614
9901706,NA,NA,3,NA,1,NA,NA,0,https://www.airbnb.com/rooms/9901706
9902123,NA,Neighborhood highlights,4,NA,1,NA,4.6,5,https://www.airbnb.com/rooms/9902123
9902314,NA,Neighborhood highlights,1,NA,NA,NA,5,2,https://www.airbnb.com/rooms/9902314
9902915,NA,NA,2,NA,NA,NA,NA,0,https://www.airbnb.com/rooms/9902915
9902932,NA,Neighborhood highlights,4,NA,2,NA,4.66,152,https://www.airbnb.com/rooms/9902932
9903132,NA,NA,2,NA,1,NA,4.85,20,https://www.airbnb.com/rooms/9903132
9904386,NA,Neighborhood highlights,2,NA,NA,NA,4.75,4,https://www.airbnb.com/rooms/9904386
9904570,NA,Neighborhood highlights,4,NA,1,NA,4.33,3,https://www.airbnb.com/rooms/9904570
9906415,NA,NA,3,NA,1,NA,5,1,https://www.airbnb.com/rooms/9906415
9907257,NA,NA,4,NA,1,NA,5,1,https://www.airbnb.com/rooms/9907257
9907307,NA,NA,5,NA,2,NA,4.67,106,https://www.airbnb.com/rooms/9907307
9908067,NA,NA,1,NA,1,NA,NA,0,https://www.airbnb.com/rooms/9908067
9908400,NA,NA,2,NA,1,NA,NA,0,https://www.airbnb.com/rooms/9908400
9915643,$120.00,Neighborhood highlights,2,1,1,1,4.9,274,https://www.airbnb.com/rooms/9915643
9917384,NA,Neighborhood highlights,2,NA,2,NA,5,12,https://www.airbnb.com/rooms/9917384
9918524,NA,NA,2,NA,1,NA,NA,0,https://www.airbnb.com/rooms/9918524
9919042,NA,NA,5,NA,2,NA,NA,0,https://www.airbnb.com/rooms/9919042
9919518,NA,NA,1,NA,1,NA,NA,0,https://www.airbnb.com/rooms/9919518
9919728,$328.00,Neighborhood highlights,12,1,3,7,4.33,6,https://www.airbnb.com/rooms/9919728
9920191,NA,NA,5,NA,2,NA,NA,0,https://www.airbnb.com/rooms/9920191
9920363,$485.00,Neighborhood highlights,16,2.5,5,10,4.25,4,https://www.airbnb.com/rooms/9920363
9920626,NA,Neighborhood highlights,3,NA,2,NA,NA,0,https://www.airbnb.com/rooms/9920626
9921366,NA,Neighborhood highlights,2,NA,1,NA,NA,0,https://www.airbnb.com/rooms/9921366
9922513,NA,Neighborhood highlights,1,NA,1,NA,NA,0,https://www.airbnb.com/rooms/9922513
9923319,NA,NA,2,NA,1,NA,NA,0,https://www.airbnb.com/rooms/9923319
9925100,NA,NA,2,NA,NA,NA,4,1,https://www.airbnb.com/rooms/9925100
9925373,NA,Neighborhood highlights,2,NA,NA,NA,NA,0,https://www.airbnb.com/rooms/9925373
9925507,$246.00,Neighborhood highlights,2,1,1,1,4.83,346,https://www.airbnb.com/rooms/9925507
9925760,NA,Neighborhood highlights,4,NA,1,NA,NA,0,https://www.airbnb.com/rooms/9925760
9926058,NA,NA,2,NA,NA,NA,5,1,https://www.airbnb.com/rooms/9926058
9926274,NA,Neighborhood highlights,1,NA,NA,NA,4.71,7,https://www.airbnb.com/rooms/9926274
9927400,NA,NA,1,NA,1,NA,5,1,https://www.airbnb.com/rooms/9927400
9933667,NA,Neighborhood highlights,5,NA,2,NA,4.57,14,https://www.airbnb.com/rooms/9933667
9934510,NA,NA,1,NA,NA,NA,NA,0,https://www.airbnb.com/rooms/9934510
9935095,NA,Neighborhood highlights,2,NA,2,NA,NA,0,https://www.airbnb.com/rooms/9935095
9935509,NA,Neighborhood highlights,2,NA,NA,NA,5,5,https://www.airbnb.com/rooms/9935509
9935737,NA,NA,2,NA,1,NA,NA,0,https://www.airbnb.com/rooms/9935737
9935949,NA,Neighborhood highlights,1,NA,NA,NA,4.5,2,https://www.airbnb.com/rooms/9935949
9937307,NA,Neighborhood highlights,2,NA,NA,NA,4.63,8,https://www.airbnb.com/rooms/9937307
9937333,NA,Neighborhood highlights,2,NA,NA,NA,5,6,https://www.airbnb.com/rooms/9937333
9938594,NA,NA,1,NA,1,NA,NA,0,https://www.airbnb.com/rooms/9938594
9939843,$67.00,Neighborhood highlights,1,1.5,1,1,4.63,8,https://www.airbnb.com/rooms/9939843
9940337,NA,Neighborhood highlights,6,NA,3,NA,4.81,27,https://www.airbnb.com/rooms/9940337
9940443,NA,NA,3,NA,1,NA,4.5,2,https://www.airbnb.com/rooms/9940443
9943111,NA,Neighborhood highlights,3,NA,NA,NA,NA,0,https://www.airbnb.com/rooms/9943111
9943258,NA,Neighborhood highlights,2,NA,NA,NA,NA,0,https://www.airbnb.com/rooms/9943258
9943427,NA,NA,2,NA,1,NA,NA,0,https://www.airbnb.com/rooms/9943427
9944320,NA,NA,1,NA,NA,NA,NA,0,https://www.airbnb.com/rooms/9944320
9944426,NA,NA,5,NA,2,NA,NA,0,https://www.airbnb.com/rooms/9944426
9944788,$120.00,Neighborhood highlights,1,1,1,1,4.91,46,https://www.airbnb.com/rooms/9944788
9944808,$43.00,Neighborhood highlights,1,1.5,1,2,4.5,6,https://www.airbnb.com/rooms/9944808
9944860,$139.00,Neighborhood highlights,1,1,1,1,4.87,172,https://www.airbnb.com/rooms/9944860
9945127,NA,Neighborhood highlights,3,NA,2,NA,5,2,https://www.airbnb.com/rooms/9945127
9945515,NA,Neighborhood highlights,2,NA,NA,NA,4.81,27,https://www.airbnb.com/rooms/9945515
9953924,NA,Neighborhood highlights,2,NA,NA,NA,5,1,https://www.airbnb.com/rooms/9953924
9956834,$90.00,Neighborhood highlights,3,1,1,2,4.77,202,https://www.airbnb.com/rooms/9956834
9956933,NA,NA,2,NA,NA,NA,NA,0,https://www.airbnb.com/rooms/9956933
9957205,NA,Neighborhood highlights,1,NA,NA,NA,4.6,5,https://www.airbnb.com/rooms/9957205
9958322,NA,NA,1,NA,NA,NA,4.67,147,https://www.airbnb.com/rooms/9958322
9967218,NA,Neighborhood highlights,4,NA,2,NA,5,3,https://www.airbnb.com/rooms/9967218
9967360,NA,Neighborhood highlights,2,NA,1,NA,5,2,https://www.airbnb.com/rooms/9967360
9968402,NA,NA,2,NA,NA,NA,NA,0,https://www.airbnb.com/rooms/9968402
9969565,NA,Neighborhood highlights,4,NA,1,NA,NA,0,https://www.airbnb.com/rooms/9969565
9970462,NA,NA,3,NA,2,NA,NA,0,https://www.airbnb.com/rooms/9970462
9973134,NA,NA,2,NA,1,NA,NA,0,https://www.airbnb.com/rooms/9973134
9973211,NA,Neighborhood highlights,5,NA,2,NA,NA,0,https://www.airbnb.com/rooms/9973211
9973680,NA,NA,1,NA,1,NA,5,1,https://www.airbnb.com/rooms/9973680
9976190,NA,NA,5,NA,2,NA,NA,0,https://www.airbnb.com/rooms/9976190
9976264,$224.00,Neighborhood highlights,2,1,1,1,4.9,175,https://www.airbnb.com/rooms/9976264
9976536,NA,NA,4,NA,1,NA,NA,0,https://www.airbnb.com/rooms/9976536
9976820,NA,Neighborhood highlights,1,NA,NA,NA,4,4,https://www.airbnb.com/rooms/9976820
9977113,NA,NA,3,NA,NA,NA,5,2,https://www.airbnb.com/rooms/9977113
9977322,NA,NA,2,NA,1,NA,NA,0,https://www.airbnb.com/rooms/9977322
9978426,NA,Neighborhood highlights,2,NA,NA,NA,5,1,https://www.airbnb.com/rooms/9978426
9978606,NA,Neighborhood highlights,1,NA,NA,NA,4.5,2,https://www.airbnb.com/rooms/9978606
9978664,NA,NA,1,NA,1,NA,NA,0,https://www.airbnb.com/rooms/9978664
9978722,NA,Neighborhood highlights,2,NA,NA,NA,NA,0,https://www.airbnb.com/rooms/9978722
9984143,NA,Neighborhood highlights,2,NA,1,NA,NA,0,https://www.airbnb.com/rooms/9984143
9987456,NA,NA,1,NA,1,NA,4,2,https://www.airbnb.com/rooms/9987456
9987543,NA,NA,2,NA,NA,NA,4.5,2,https://www.airbnb.com/rooms/9987543
9987988,$97.00,NA,2,1,1,2,4.93,14,https://www.airbnb.com/rooms/9987988
9991265,NA,NA,4,NA,1,NA,NA,0,https://www.airbnb.com/rooms/9991265
9991319,NA,Neighborhood highlights,4,NA,1,NA,NA,0,https://www.airbnb.com/rooms/9991319
9992479,NA,Neighborhood highlights,2,NA,2,NA,5,1,https://www.airbnb.com/rooms/9992479
9994304,$170.00,NA,2,1,1,1,4.8,110,https://www.airbnb.com/rooms/9994304
9995077,NA,NA,2,NA,NA,NA,NA,0,https://www.airbnb.com/rooms/9995077
9995513,NA,NA,1,NA,1,NA,5,1,https://www.airbnb.com/rooms/9995513
9995719,NA,Neighborhood highlights,2,NA,1,NA,4.92,12,https://www.airbnb.com/rooms/9995719
9996144,NA,Neighborhood highlights,4,NA,1,NA,4.92,12,https://www.airbnb.com/rooms/9996144
9996642,$237.00,Neighborhood highlights,2,1,1,1,4.85,371,https://www.airbnb.com/rooms/9996642
9996830,NA,NA,2,NA,1,NA,5,1,https://www.airbnb.com/rooms/9996830
9997433,NA,Neighborhood highlights,2,NA,1,NA,NA,0,https://www.airbnb.com/rooms/9997433
9997449,NA,Neighborhood highlights,4,NA,2,NA,4.88,8,https://www.airbnb.com/rooms/9997449
9997702,NA,NA,2,NA,1,NA,4,4,https://www.airbnb.com/rooms/9997702
9997980,NA,NA,1,NA,2,NA,5,6,https://www.airbnb.com/rooms/9997980
9998154,NA,Neighborhood highlights,2,NA,NA,NA,NA,0,https://www.airbnb.com/rooms/9998154
9998930,NA,NA,1,NA,1,NA,4.8,5,https://www.airbnb.com/rooms/9998930
9999220,NA,Neighborhood highlights,2,NA,2,NA,NA,0,https://www.airbnb.com/rooms/9999220
9999252,NA,Neighborhood highlights,3,NA,1,NA,5,1,https://www.airbnb.com/rooms/9999252
10000070,$85.00,Neighborhood highlights,2,1,1,1,4.65,20,https://www.airbnb.com/rooms/10000070
10001022,NA,NA,4,NA,1,NA,NA,0,https://www.airbnb.com/rooms/10001022
10010012,NA,Neighborhood highlights,1,NA,1,NA,5,1,https://www.airbnb.com/rooms/10010012
10011086,NA,Neighborhood highlights,2,NA,1,NA,5,1,https://www.airbnb.com/rooms/10011086
10013750,$98.00,Neighborhood highlights,1,1.5,2,1,4.8,44,https://www.airbnb.com/rooms/10013750
10015137,NA,Neighborhood highlights,3,NA,1,NA,4,1,https://www.airbnb.com/rooms/10015137
10015340,NA,NA,1,NA,NA,NA,NA,0,https://www.airbnb.com/rooms/10015340
10017099,NA,NA,1,NA,1,NA,NA,0,https://www.airbnb.com/rooms/10017099
10018550,NA,NA,1,NA,4,NA,NA,0,https://www.airbnb.com/rooms/10018550
10019312,$200.00,Neighborhood highlights,2,1,1,1,4.76,194,https://www.airbnb.com/rooms/10019312
10020060,NA,NA,2,NA,NA,NA,NA,0,https://www.airbnb.com/rooms/10020060
10020815,NA,NA,4,NA,2,NA,NA,0,https://www.airbnb.com/rooms/10020815
10021499,NA,NA,1,NA,NA,NA,4,1,https://www.airbnb.com/rooms/10021499
10021643,NA,Neighborhood highlights,1,NA,NA,NA,4,1,https://www.airbnb.com/rooms/10021643
10022997,NA,Neighborhood highlights,2,NA,NA,NA,NA,0,https://www.airbnb.com/rooms/10022997
10023629,$104.00,Neighborhood highlights,1,1,1,1,4.48,65,https://www.airbnb.com/rooms/10023629
10031436,NA,Neighborhood highlights,1,NA,NA,NA,NA,0,https://www.airbnb.com/rooms/10031436
10031678,NA,Neighborhood highlights,2,NA,NA,NA,4.93,15,https://www.airbnb.com/rooms/10031678
10031902,$150.00,NA,3,1,0,1,5,12,https://www.airbnb.com/rooms/10031902
10032285,NA,NA,1,NA,NA,NA,NA,0,https://www.airbnb.com/rooms/10032285
10032487,$120.00,NA,1,1,1,1,4.86,21,https://www.airbnb.com/rooms/10032487
10032495,NA,Neighborhood highlights,1,NA,NA,NA,5,1,https://www.airbnb.com/rooms/10032495
10034090,NA,Neighborhood highlights,1,NA,NA,NA,5,1,https://www.airbnb.com/rooms/10034090
10034187,$262.00,Neighborhood highlights,2,1,0,1,4.86,51,https://www.airbnb.com/rooms/10034187
10034364,NA,Neighborhood highlights,1,NA,1,NA,NA,0,https://www.airbnb.com/rooms/10034364
10034817,$215.00,NA,4,1,2,1,5,5,https://www.airbnb.com/rooms/10034817
10035023,NA,NA,4,NA,1,NA,NA,0,https://www.airbnb.com/rooms/10035023
10035098,NA,NA,3,NA,NA,NA,4,1,https://www.airbnb.com/rooms/10035098
10035324,NA,NA,2,NA,1,NA,NA,0,https://www.airbnb.com/rooms/10035324
10035471,$282.00,Neighborhood highlights,2,1,0,2,4.81,70,https://www.airbnb.com/rooms/10035471
10035706,NA,NA,1,NA,1,NA,NA,0,https://www.airbnb.com/rooms/10035706
10035950,NA,Neighborhood highlights,2,NA,NA,NA,4,1,https://www.airbnb.com/rooms/10035950
10037605,NA,Neighborhood highlights,3,NA,1,NA,5,1,https://www.airbnb.com/rooms/10037605
10037631,NA,Neighborhood highlights,4,NA,1,NA,5,1,https://www.airbnb.com/rooms/10037631
10038170,$282.00,Neighborhood highlights,2,1,0,2,4.71,7,https://www.airbnb.com/rooms/10038170
10038410,$272.00,Neighborhood highlights,2,1,0,2,4.91,55,https://www.airbnb.com/rooms/10038410
10038633,NA,Neighborhood highlights,2,NA,1,NA,5,1,https://www.airbnb.com/rooms/10038633
10038693,$262.00,Neighborhood highlights,2,1,1,1,4.95,40,https://www.airbnb.com/rooms/10038693
10038695,NA,Neighborhood highlights,2,NA,NA,NA,NA,0,https://www.airbnb.com/rooms/10038695
10038776,$60.00,Neighborhood highlights,1,1,1,1,4.59,145,https://www.airbnb.com/rooms/10038776
10039238,NA,Neighborhood highlights,2,NA,NA,NA,NA,0,https://www.airbnb.com/rooms/10039238
10040649,NA,Neighborhood highlights,2,NA,NA,NA,5,1,https://www.airbnb.com/rooms/10040649
10041002,NA,Neighborhood highlights,4,NA,1,NA,4.33,6,https://www.airbnb.com/rooms/10041002
10049766,NA,NA,2,NA,1,NA,NA,0,https://www.airbnb.com/rooms/10049766
10050536,$262.00,Neighborhood highlights,2,1,0,1,4.87,45,https://www.airbnb.com/rooms/10050536
10052587,$272.00,Neighborhood highlights,2,1,0,2,4.76,52,https://www.airbnb.com/rooms/10052587
10053993,NA,NA,3,NA,1,NA,5,6,https://www.airbnb.com/rooms/10053993
10054894,NA,Neighborhood highlights,2,NA,NA,NA,NA,0,https://www.airbnb.com/rooms/10054894
10055548,NA,NA,3,NA,1,NA,NA,0,https://www.airbnb.com/rooms/10055548
10055925,NA,Neighborhood highlights,2,NA,NA,NA,4.83,23,https://www.airbnb.com/rooms/10055925
10057826,$282.00,Neighborhood highlights,2,1,0,2,4.67,12,https://www.airbnb.com/rooms/10057826
10057854,NA,Neighborhood highlights,1,NA,NA,NA,5,1,https://www.airbnb.com/rooms/10057854
10058944,NA,Neighborhood highlights,2,NA,1,NA,NA,0,https://www.airbnb.com/rooms/10058944
10058971,NA,Neighborhood highlights,1,NA,2,NA,5,1,https://www.airbnb.com/rooms/10058971
10059344,NA,NA,6,NA,2,NA,NA,0,https://www.airbnb.com/rooms/10059344
10065056,NA,NA,3,NA,NA,NA,NA,0,https://www.airbnb.com/rooms/10065056
10065831,NA,NA,1,NA,1,NA,4,1,https://www.airbnb.com/rooms/10065831
10067199,NA,NA,1,NA,NA,NA,NA,0,https://www.airbnb.com/rooms/10067199
10067924,NA,NA,4,NA,NA,NA,NA,0,https://www.airbnb.com/rooms/10067924
10067936,NA,NA,2,NA,1,NA,NA,0,https://www.airbnb.com/rooms/10067936
10068269,NA,NA,3,NA,NA,NA,5,1,https://www.airbnb.com/rooms/10068269
10068653,$275.00,NA,2,1,1,1,5,3,https://www.airbnb.com/rooms/10068653
10068693,NA,Neighborhood highlights,5,NA,1,NA,5,1,https://www.airbnb.com/rooms/10068693
10069376,NA,NA,2,NA,1,NA,4.67,6,https://www.airbnb.com/rooms/10069376
10069601,NA,Neighborhood highlights,1,NA,1,NA,NA,0,https://www.airbnb.com/rooms/10069601
10069964,NA,Neighborhood highlights,2,NA,1,NA,5,3,https://www.airbnb.com/rooms/10069964
10070235,NA,NA,1,NA,NA,NA,NA,0,https://www.airbnb.com/rooms/10070235
10070350,NA,NA,2,NA,NA,NA,NA,0,https://www.airbnb.com/rooms/10070350
10071156,$149.00,Neighborhood highlights,1,1,1,1,5,64,https://www.airbnb.com/rooms/10071156
10071225,NA,Neighborhood highlights,1,NA,NA,NA,4,1,https://www.airbnb.com/rooms/10071225
10071232,NA,NA,3,NA,1,NA,NA,0,https://www.airbnb.com/rooms/10071232
10071464,NA,NA,1,NA,NA,NA,4.5,2,https://www.airbnb.com/rooms/10071464
10072750,NA,NA,6,NA,3,NA,NA,0,https://www.airbnb.com/rooms/10072750
10073940,$200.00,Neighborhood highlights,6,1,2,3,4.77,184,https://www.airbnb.com/rooms/10073940
10074308,NA,NA,3,NA,1,NA,NA,0,https://www.airbnb.com/rooms/10074308
10082057,$55.00,Neighborhood highlights,2,1.5,1,1,5,7,https://www.airbnb.com/rooms/10082057
10085478,$282.00,Neighborhood highlights,2,1,0,2,4.88,49,https://www.airbnb.com/rooms/10085478
10086307,$201.00,Neighborhood highlights,2,1,1,1,4.85,187,https://www.airbnb.com/rooms/10086307
10087874,NA,Neighborhood highlights,2,NA,2,NA,5,4,https://www.airbnb.com/rooms/10087874
10088464,NA,Neighborhood highlights,2,NA,NA,NA,4.5,4,https://www.airbnb.com/rooms/10088464
10089727,$785.00,Neighborhood highlights,2,1,1,1,5,21,https://www.airbnb.com/rooms/10089727
10096515,$130.00,NA,3,1,1,1,4.33,9,https://www.airbnb.com/rooms/10096515
10096773,NA,Neighborhood highlights,2,NA,1,NA,5,1,https://www.airbnb.com/rooms/10096773
10097957,$73.00,Neighborhood highlights,3,1,1,1,5,10,https://www.airbnb.com/rooms/10097957
10099517,NA,NA,2,NA,NA,NA,5,1,https://www.airbnb.com/rooms/10099517
10099859,NA,NA,2,NA,1,NA,NA,0,https://www.airbnb.com/rooms/10099859
10100241,NA,NA,8,NA,4,NA,4.97,66,https://www.airbnb.com/rooms/10100241
10100512,NA,NA,1,NA,1,NA,NA,0,https://www.airbnb.com/rooms/10100512
10101097,$625.00,Neighborhood highlights,8,2,3,4,4.95,145,https://www.airbnb.com/rooms/10101097
10101791,NA,NA,2,NA,NA,NA,5,1,https://www.airbnb.com/rooms/10101791
10102206,NA,NA,1,NA,NA,NA,NA,0,https://www.airbnb.com/rooms/10102206
10104123,NA,NA,2,NA,NA,NA,4.51,76,https://www.airbnb.com/rooms/10104123
10106530,NA,NA,2,NA,1,NA,4.83,6,https://www.airbnb.com/rooms/10106530
10115137,$164.00,NA,9,2,3,4,4.67,275,https://www.airbnb.com/rooms/10115137
10115193,NA,NA,2,NA,1,NA,NA,0,https://www.airbnb.com/rooms/10115193
10115542,NA,Neighborhood highlights,3,NA,NA,NA,5,3,https://www.airbnb.com/rooms/10115542
10116081,NA,NA,2,NA,NA,NA,NA,0,https://www.airbnb.com/rooms/10116081
10117624,NA,NA,3,NA,NA,NA,NA,0,https://www.airbnb.com/rooms/10117624
10120414,NA,Neighborhood highlights,3,NA,1,NA,NA,0,https://www.airbnb.com/rooms/10120414
10125213,NA,NA,2,NA,NA,NA,NA,0,https://www.airbnb.com/rooms/10125213
10125955,$500.00,Neighborhood highlights,4,2,2,2,4.88,34,https://www.airbnb.com/rooms/10125955
10127534,NA,Neighborhood highlights,2,NA,1,NA,4.75,4,https://www.airbnb.com/rooms/10127534
10133534,NA,NA,2,NA,NA,NA,5,4,https://www.airbnb.com/rooms/10133534
10134285,NA,NA,2,NA,1,NA,4.54,41,https://www.airbnb.com/rooms/10134285
10134557,NA,NA,2,NA,NA,NA,NA,0,https://www.airbnb.com/rooms/10134557
10136994,NA,NA,2,NA,1,NA,4.5,6,https://www.airbnb.com/rooms/10136994
10137048,NA,NA,3,NA,NA,NA,NA,0,https://www.airbnb.com/rooms/10137048
10138996,NA,Neighborhood highlights,2,NA,NA,NA,4,1,https://www.airbnb.com/rooms/10138996
10142056,$123.00,Neighborhood highlights,3,1,0,1,4.63,16,https://www.airbnb.com/rooms/10142056
10142499,$75.00,Neighborhood highlights,2,1,1,2,4.87,138,https://www.airbnb.com/rooms/10142499
10143705,NA,Neighborhood highlights,3,NA,NA,NA,5,2,https://www.airbnb.com/rooms/10143705
10148581,NA,NA,1,NA,1,NA,5,2,https://www.airbnb.com/rooms/10148581
10148955,NA,Neighborhood highlights,4,NA,2,NA,5,3,https://www.airbnb.com/rooms/10148955
10153654,NA,NA,2,NA,1,NA,4.67,3,https://www.airbnb.com/rooms/10153654
10154702,NA,NA,2,NA,2,NA,5,4,https://www.airbnb.com/rooms/10154702
10155003,$262.00,Neighborhood highlights,2,1,0,1,4.92,66,https://www.airbnb.com/rooms/10155003
10156290,NA,NA,6,NA,2,NA,4.78,9,https://www.airbnb.com/rooms/10156290
10156314,NA,NA,2,NA,1,NA,5,1,https://www.airbnb.com/rooms/10156314
10157345,$97.00,NA,2,1.5,1,1,4.87,53,https://www.airbnb.com/rooms/10157345
10160215,$292.00,Neighborhood highlights,1,1,1,1,4.82,34,https://www.airbnb.com/rooms/10160215
10161361,NA,Neighborhood highlights,1,NA,NA,NA,NA,0,https://www.airbnb.com/rooms/10161361
10162752,NA,NA,2,NA,1,NA,4.67,3,https://www.airbnb.com/rooms/10162752
10163240,NA,NA,2,NA,1,NA,NA,0,https://www.airbnb.com/rooms/10163240
10165064,$302.00,Neighborhood highlights,2,1,1,1,4.96,372,https://www.airbnb.com/rooms/10165064
10165181,$272.00,Neighborhood highlights,2,1,0,4,4.9,48,https://www.airbnb.com/rooms/10165181
10165313,$282.00,Neighborhood highlights,2,1,0,2,4.73,15,https://www.airbnb.com/rooms/10165313
10165410,NA,Neighborhood highlights,2,NA,NA,NA,4.67,3,https://www.airbnb.com/rooms/10165410
10165663,$62.00,Neighborhood highlights,2,1,1,2,4.9,301,https://www.airbnb.com/rooms/10165663
10166953,NA,NA,2,NA,1,NA,NA,0,https://www.airbnb.com/rooms/10166953
10166986,NA,NA,4,NA,2,NA,5,1,https://www.airbnb.com/rooms/10166986
10167401,$70.00,Neighborhood highlights,2,2,1,0,4.5,6,https://www.airbnb.com/rooms/10167401
10167436,NA,Neighborhood highlights,2,NA,NA,NA,4.79,28,https://www.airbnb.com/rooms/10167436
10167860,NA,Neighborhood highlights,2,NA,NA,NA,4.82,134,https://www.airbnb.com/rooms/10167860
10173750,NA,NA,2,NA,1,NA,NA,0,https://www.airbnb.com/rooms/10173750
10174662,NA,Neighborhood highlights,4,1,0,3,4.83,343,https://www.airbnb.com/rooms/10174662
10184162,NA,Neighborhood highlights,2,NA,NA,NA,NA,0,https://www.airbnb.com/rooms/10184162
10186787,NA,Neighborhood highlights,2,NA,NA,NA,5,1,https://www.airbnb.com/rooms/10186787
10186876,NA,Neighborhood highlights,1,NA,NA,NA,NA,0,https://www.airbnb.com/rooms/10186876
10190411,NA,NA,2,NA,2,NA,NA,0,https://www.airbnb.com/rooms/10190411
10193392,NA,NA,2,NA,NA,NA,4.86,7,https://www.airbnb.com/rooms/10193392
10199699,$65.00,Neighborhood highlights,1,1.5,1,2,4.73,11,https://www.airbnb.com/rooms/10199699
10205130,$180.00,Neighborhood highlights,2,1,1,1,4.86,90,https://www.airbnb.com/rooms/10205130
10208954,NA,Neighborhood highlights,2,NA,NA,NA,4.87,15,https://www.airbnb.com/rooms/10208954
10209973,$221.00,Neighborhood highlights,1,1,1,1,4.56,9,https://www.airbnb.com/rooms/10209973
10211452,NA,Neighborhood highlights,2,NA,NA,NA,NA,0,https://www.airbnb.com/rooms/10211452
10212862,NA,NA,2,NA,1,NA,4.5,2,https://www.airbnb.com/rooms/10212862
10222008,NA,NA,2,NA,NA,NA,4,1,https://www.airbnb.com/rooms/10222008
10224321,$229.00,Neighborhood highlights,4,1,2,2,NA,0,https://www.airbnb.com/rooms/10224321
10226511,NA,Neighborhood highlights,2,NA,NA,NA,NA,0,https://www.airbnb.com/rooms/10226511
10228901,NA,Neighborhood highlights,1,NA,1,NA,NA,0,https://www.airbnb.com/rooms/10228901
10229075,NA,NA,6,NA,2,NA,5,2,https://www.airbnb.com/rooms/10229075
10229444,$75.00,Neighborhood highlights,2,1,1,1,4.54,13,https://www.airbnb.com/rooms/10229444
10230429,$175.00,NA,2,1,1,1,4.84,315,https://www.airbnb.com/rooms/10230429
10232344,NA,NA,2,NA,NA,NA,NA,0,https://www.airbnb.com/rooms/10232344
10232553,$175.00,NA,2,1,1,1,4.7,77,https://www.airbnb.com/rooms/10232553
10233048,NA,NA,2,NA,NA,NA,NA,0,https://www.airbnb.com/rooms/10233048
10233563,NA,NA,3,NA,2,NA,NA,0,https://www.airbnb.com/rooms/10233563
10233905,NA,Neighborhood highlights,3,NA,1,NA,4.69,62,https://www.airbnb.com/rooms/10233905
10243039,$130.00,NA,3,1,0,1,4.1,10,https://www.airbnb.com/rooms/10243039
10243895,$250.00,Neighborhood highlights,5,1,2,3,4.78,94,https://www.airbnb.com/rooms/10243895
10244876,NA,NA,2,NA,1,NA,NA,0,https://www.airbnb.com/rooms/10244876
10246816,NA,Neighborhood highlights,3,NA,NA,NA,5,1,https://www.airbnb.com/rooms/10246816
10247766,NA,Neighborhood highlights,2,NA,NA,NA,NA,0,https://www.airbnb.com/rooms/10247766
10247799,NA,Neighborhood highlights,3,NA,NA,NA,5,2,https://www.airbnb.com/rooms/10247799
10250433,NA,NA,2,NA,1,NA,NA,0,https://www.airbnb.com/rooms/10250433
10251082,$300.00,Neighborhood highlights,6,1,2,4,4.96,382,https://www.airbnb.com/rooms/10251082
10251768,NA,NA,2,NA,1,NA,4.75,4,https://www.airbnb.com/rooms/10251768
10253159,$249.00,NA,8,2,4,4,4.95,61,https://www.airbnb.com/rooms/10253159
10253377,NA,Neighborhood highlights,2,NA,1,NA,NA,0,https://www.airbnb.com/rooms/10253377
10253769,$69.00,Neighborhood highlights,2,1,1,2,4.84,261,https://www.airbnb.com/rooms/10253769
10265988,NA,Neighborhood highlights,2,NA,NA,NA,4.67,3,https://www.airbnb.com/rooms/10265988
10267242,$249.00,Neighborhood highlights,2,1,1,2,4.63,43,https://www.airbnb.com/rooms/10267242
10268073,$133.00,Neighborhood highlights,2,1,0,1,4.15,13,https://www.airbnb.com/rooms/10268073
10268712,NA,Neighborhood highlights,2,NA,NA,NA,4.54,35,https://www.airbnb.com/rooms/10268712
10268868,NA,Neighborhood highlights,2,NA,NA,NA,4.67,3,https://www.airbnb.com/rooms/10268868
10270377,NA,NA,2,NA,1,NA,3.5,2,https://www.airbnb.com/rooms/10270377
10272718,NA,NA,2,NA,NA,NA,4,1,https://www.airbnb.com/rooms/10272718
10277010,NA,Neighborhood highlights,8,NA,4,NA,4.8,5,https://www.airbnb.com/rooms/10277010
10279086,$120.00,Neighborhood highlights,2,1.5,1,2,4.94,148,https://www.airbnb.com/rooms/10279086
10280162,NA,Neighborhood highlights,2,NA,NA,NA,NA,0,https://www.airbnb.com/rooms/10280162
10280345,$95.00,Neighborhood highlights,1,1,1,1,4.96,261,https://www.airbnb.com/rooms/10280345
10280439,NA,Neighborhood highlights,2,NA,NA,NA,NA,0,https://www.airbnb.com/rooms/10280439
10280549,$94.00,Neighborhood highlights,1,1,1,1,4.93,333,https://www.airbnb.com/rooms/10280549
10282307,$200.00,Neighborhood highlights,3,1,1,1,4.85,143,https://www.airbnb.com/rooms/10282307
10289124,$120.00,Neighborhood highlights,4,1,2,3,4.71,231,https://www.airbnb.com/rooms/10289124
10297582,NA,Neighborhood highlights,2,NA,1,NA,NA,0,https://www.airbnb.com/rooms/10297582
10298783,$180.00,Neighborhood highlights,6,1,3,4,4.6,193,https://www.airbnb.com/rooms/10298783
10301359,NA,Neighborhood highlights,2,NA,1,NA,4.65,34,https://www.airbnb.com/rooms/10301359
10310874,NA,Neighborhood highlights,4,NA,1,NA,4.61,38,https://www.airbnb.com/rooms/10310874
10319730,$100.00,NA,2,1,1,1,4.55,20,https://www.airbnb.com/rooms/10319730
10321100,$59.00,NA,2,1,1,1,4.7,77,https://www.airbnb.com/rooms/10321100
10329264,NA,Neighborhood highlights,2,NA,1,NA,4.74,119,https://www.airbnb.com/rooms/10329264
10334395,NA,NA,2,NA,NA,NA,NA,0,https://www.airbnb.com/rooms/10334395
10338839,$500.00,NA,2,1,1,1,5,29,https://www.airbnb.com/rooms/10338839
10339291,NA,Neighborhood highlights,2,NA,1,NA,NA,0,https://www.airbnb.com/rooms/10339291
10340695,NA,Neighborhood highlights,2,NA,NA,NA,NA,0,https://www.airbnb.com/rooms/10340695
10340705,$80.00,Neighborhood highlights,2,1,1,1,4.97,39,https://www.airbnb.com/rooms/10340705
10341262,$172.00,Neighborhood highlights,4,1,2,3,4.63,16,https://www.airbnb.com/rooms/10341262
10345066,NA,NA,8,NA,5,NA,NA,0,https://www.airbnb.com/rooms/10345066
10355146,$145.00,Neighborhood highlights,4,1,1,4,4.77,95,https://www.airbnb.com/rooms/10355146
10356093,NA,NA,3,NA,1,NA,NA,0,https://www.airbnb.com/rooms/10356093
10357730,$110.00,Neighborhood highlights,3,1,2,0,4.93,85,https://www.airbnb.com/rooms/10357730
10359702,NA,NA,2,NA,1,NA,NA,0,https://www.airbnb.com/rooms/10359702
10363521,NA,NA,1,NA,1,NA,NA,0,https://www.airbnb.com/rooms/10363521
10365373,NA,Neighborhood highlights,2,NA,3,NA,4.77,131,https://www.airbnb.com/rooms/10365373
10368055,NA,Neighborhood highlights,10,NA,5,NA,5,2,https://www.airbnb.com/rooms/10368055
10369038,$68.00,Neighborhood highlights,2,1.5,1,1,4.48,200,https://www.airbnb.com/rooms/10369038
10369047,NA,NA,2,NA,NA,NA,4.55,176,https://www.airbnb.com/rooms/10369047
10371643,NA,NA,1,NA,NA,NA,NA,0,https://www.airbnb.com/rooms/10371643
10377405,NA,NA,2,NA,1,NA,5,4,https://www.airbnb.com/rooms/10377405
10377445,NA,Neighborhood highlights,2,NA,1,NA,NA,0,https://www.airbnb.com/rooms/10377445
10381948,NA,Neighborhood highlights,2,NA,NA,NA,4.77,13,https://www.airbnb.com/rooms/10381948
10382430,NA,NA,2,NA,1,NA,NA,0,https://www.airbnb.com/rooms/10382430
10383291,NA,NA,1,NA,1,NA,NA,0,https://www.airbnb.com/rooms/10383291
10385262,$150.00,Neighborhood highlights,3,1,1,1,4.73,22,https://www.airbnb.com/rooms/10385262
10386341,$148.00,Neighborhood highlights,2,1,1,2,4.86,468,https://www.airbnb.com/rooms/10386341
10386831,NA,NA,2,NA,NA,NA,4,1,https://www.airbnb.com/rooms/10386831
10386936,NA,NA,2,NA,NA,NA,4,10,https://www.airbnb.com/rooms/10386936
10387839,NA,NA,3,NA,2,NA,4.8,5,https://www.airbnb.com/rooms/10387839
10387852,NA,Neighborhood highlights,1,NA,NA,NA,NA,0,https://www.airbnb.com/rooms/10387852
10390481,NA,NA,2,NA,NA,NA,5,1,https://www.airbnb.com/rooms/10390481
10401534,NA,Neighborhood highlights,2,NA,NA,NA,NA,0,https://www.airbnb.com/rooms/10401534
10403199,NA,Neighborhood highlights,5,NA,1,NA,NA,0,https://www.airbnb.com/rooms/10403199
10403231,NA,NA,2,NA,NA,NA,NA,0,https://www.airbnb.com/rooms/10403231
10407271,NA,NA,2,NA,1,NA,4.89,18,https://www.airbnb.com/rooms/10407271
10407723,NA,Neighborhood highlights,2,NA,1,NA,4.65,130,https://www.airbnb.com/rooms/10407723
10411679,NA,NA,2,NA,NA,NA,4.65,26,https://www.airbnb.com/rooms/10411679
10412006,NA,NA,2,NA,1,NA,NA,0,https://www.airbnb.com/rooms/10412006
10413492,$120.00,NA,3,1,0,1,4.75,16,https://www.airbnb.com/rooms/10413492
10413576,$55.00,Neighborhood highlights,2,1,1,1,4.78,332,https://www.airbnb.com/rooms/10413576
10414065,NA,Neighborhood highlights,1,NA,NA,NA,NA,0,https://www.airbnb.com/rooms/10414065
10425572,NA,Neighborhood highlights,2,NA,2,NA,4.73,15,https://www.airbnb.com/rooms/10425572
10433284,NA,NA,1,NA,NA,NA,NA,0,https://www.airbnb.com/rooms/10433284
10438662,NA,Neighborhood highlights,2,NA,NA,NA,4.28,32,https://www.airbnb.com/rooms/10438662
10446429,NA,NA,1,NA,1,NA,NA,0,https://www.airbnb.com/rooms/10446429
10446926,NA,NA,2,NA,1,NA,4.4,15,https://www.airbnb.com/rooms/10446926
10449807,NA,NA,3,NA,1,NA,NA,0,https://www.airbnb.com/rooms/10449807
10450820,NA,Neighborhood highlights,4,NA,2,NA,5,4,https://www.airbnb.com/rooms/10450820
10452541,$111.00,Neighborhood highlights,2,1,1,2,4.72,154,https://www.airbnb.com/rooms/10452541
10452737,NA,NA,1,NA,NA,NA,NA,0,https://www.airbnb.com/rooms/10452737
10460113,$149.00,Neighborhood highlights,2,1,1,1,4.73,89,https://www.airbnb.com/rooms/10460113
10469388,NA,Neighborhood highlights,2,NA,NA,NA,NA,0,https://www.airbnb.com/rooms/10469388
10470258,$90.00,Neighborhood highlights,4,1,0,2,4.92,161,https://www.airbnb.com/rooms/10470258
10473730,NA,NA,1,NA,NA,NA,5,3,https://www.airbnb.com/rooms/10473730
10475047,NA,Neighborhood highlights,1,NA,NA,NA,5,1,https://www.airbnb.com/rooms/10475047
10478482,$160.00,Neighborhood highlights,4,1,2,2,4.67,3,https://www.airbnb.com/rooms/10478482
10478526,$134.00,Neighborhood highlights,1,1,1,1,4.96,49,https://www.airbnb.com/rooms/10478526
10487548,$270.00,Neighborhood highlights,1,1,1,1,4.92,107,https://www.airbnb.com/rooms/10487548
10488505,NA,Neighborhood highlights,4,NA,2,NA,4.82,11,https://www.airbnb.com/rooms/10488505
10489240,$135.00,Neighborhood highlights,2,1.5,2,2,4.94,196,https://www.airbnb.com/rooms/10489240
10491207,NA,Neighborhood highlights,1,NA,NA,NA,NA,0,https://www.airbnb.com/rooms/10491207
10498577,NA,NA,1,NA,NA,NA,4.54,13,https://www.airbnb.com/rooms/10498577
10500222,NA,NA,2,NA,1,NA,5,2,https://www.airbnb.com/rooms/10500222
10504508,NA,NA,6,NA,2,NA,NA,0,https://www.airbnb.com/rooms/10504508
10513228,NA,Neighborhood highlights,2,NA,NA,NA,4.93,30,https://www.airbnb.com/rooms/10513228
10513499,NA,NA,2,NA,1,NA,5,1,https://www.airbnb.com/rooms/10513499
10514166,NA,Neighborhood highlights,2,NA,1,NA,4,1,https://www.airbnb.com/rooms/10514166
10514879,NA,NA,4,NA,2,NA,5,1,https://www.airbnb.com/rooms/10514879
10520825,NA,Neighborhood highlights,2,NA,NA,NA,5,4,https://www.airbnb.com/rooms/10520825
10522830,$89.00,Neighborhood highlights,2,1,0,1,4.79,178,https://www.airbnb.com/rooms/10522830
10524082,NA,NA,2,NA,1,NA,NA,0,https://www.airbnb.com/rooms/10524082
10526335,NA,Neighborhood highlights,2,NA,1,NA,4.73,11,https://www.airbnb.com/rooms/10526335
10526745,NA,NA,1,NA,1,NA,NA,0,https://www.airbnb.com/rooms/10526745
10526930,NA,NA,4,NA,NA,NA,NA,0,https://www.airbnb.com/rooms/10526930
10527274,$140.00,Neighborhood highlights,2,1,1,1,4.87,248,https://www.airbnb.com/rooms/10527274
10538764,NA,Neighborhood highlights,2,NA,NA,NA,NA,0,https://www.airbnb.com/rooms/10538764
10539779,$180.00,Neighborhood highlights,2,1,0,2,4.7,98,https://www.airbnb.com/rooms/10539779
10540337,NA,Neighborhood highlights,2,NA,NA,NA,4.75,24,https://www.airbnb.com/rooms/10540337
10540876,$123.00,Neighborhood highlights,2,1,1,1,4.48,89,https://www.airbnb.com/rooms/10540876
10542658,NA,NA,2,NA,1,NA,NA,0,https://www.airbnb.com/rooms/10542658
10542679,NA,Neighborhood highlights,1,NA,NA,NA,4.84,45,https://www.airbnb.com/rooms/10542679
10544239,NA,Neighborhood highlights,2,NA,NA,NA,5,11,https://www.airbnb.com/rooms/10544239
10544439,NA,NA,1,NA,1,NA,5,1,https://www.airbnb.com/rooms/10544439
10545027,$265.00,NA,2,1,1,1,4.95,37,https://www.airbnb.com/rooms/10545027
10545815,NA,Neighborhood highlights,2,NA,1,NA,4.82,171,https://www.airbnb.com/rooms/10545815
10546254,$155.00,NA,2,1,0,1,4.85,40,https://www.airbnb.com/rooms/10546254
10546729,NA,Neighborhood highlights,2,NA,1,NA,NA,0,https://www.airbnb.com/rooms/10546729
10548910,NA,NA,6,NA,2,NA,NA,0,https://www.airbnb.com/rooms/10548910
10551015,NA,Neighborhood highlights,2,NA,NA,NA,5,1,https://www.airbnb.com/rooms/10551015
10553095,$50.00,Neighborhood highlights,1,1.5,1,1,4.47,45,https://www.airbnb.com/rooms/10553095
10560986,NA,NA,1,NA,1,NA,NA,0,https://www.airbnb.com/rooms/10560986
10562085,NA,Neighborhood highlights,2,NA,1,NA,NA,0,https://www.airbnb.com/rooms/10562085
10562990,NA,NA,2,NA,1,NA,5,2,https://www.airbnb.com/rooms/10562990
10564483,NA,NA,1,NA,1,NA,5,1,https://www.airbnb.com/rooms/10564483
10566341,NA,Neighborhood highlights,2,NA,NA,NA,4.72,18,https://www.airbnb.com/rooms/10566341
10568646,NA,Neighborhood highlights,4,NA,1,NA,NA,0,https://www.airbnb.com/rooms/10568646
10569037,$127.00,NA,2,1,0,1,4.57,14,https://www.airbnb.com/rooms/10569037
10575777,NA,Neighborhood highlights,2,NA,NA,NA,4,1,https://www.airbnb.com/rooms/10575777
10575811,NA,Neighborhood highlights,2,NA,NA,NA,4.5,4,https://www.airbnb.com/rooms/10575811
10576404,NA,Neighborhood highlights,2,NA,NA,NA,4.77,30,https://www.airbnb.com/rooms/10576404
10587891,NA,NA,3,NA,2,NA,NA,0,https://www.airbnb.com/rooms/10587891
10589384,NA,Neighborhood highlights,2,NA,NA,NA,NA,0,https://www.airbnb.com/rooms/10589384
10592839,NA,NA,4,NA,1,NA,NA,0,https://www.airbnb.com/rooms/10592839
10595374,$475.00,Neighborhood highlights,4,2.5,4,4,4.95,143,https://www.airbnb.com/rooms/10595374
10596856,NA,NA,1,NA,NA,NA,NA,0,https://www.airbnb.com/rooms/10596856
10605897,$350.00,Neighborhood highlights,4,2,2,3,4.89,57,https://www.airbnb.com/rooms/10605897
10609963,NA,Neighborhood highlights,2,NA,1,NA,NA,0,https://www.airbnb.com/rooms/10609963
10611168,$130.00,NA,3,1,0,1,4.71,14,https://www.airbnb.com/rooms/10611168
10612564,$150.00,Neighborhood highlights,2,1,1,1,4.9,134,https://www.airbnb.com/rooms/10612564
10615883,NA,Neighborhood highlights,2,NA,1,NA,4.96,90,https://www.airbnb.com/rooms/10615883
10625484,NA,Neighborhood highlights,3,NA,3,NA,4.45,42,https://www.airbnb.com/rooms/10625484
10628495,NA,Neighborhood highlights,3,NA,1,NA,NA,0,https://www.airbnb.com/rooms/10628495
10631201,NA,NA,4,NA,NA,NA,NA,0,https://www.airbnb.com/rooms/10631201
10636997,$104.00,Neighborhood highlights,4,1,1,3,4.93,275,https://www.airbnb.com/rooms/10636997
10637554,$153.00,Neighborhood highlights,2,1,0,1,4.86,207,https://www.airbnb.com/rooms/10637554
10646179,$295.00,Neighborhood highlights,2,1,1,3,5,6,https://www.airbnb.com/rooms/10646179
10647977,NA,NA,3,NA,NA,NA,4.91,33,https://www.airbnb.com/rooms/10647977
10648971,NA,NA,2,NA,1,NA,NA,0,https://www.airbnb.com/rooms/10648971
10649625,$232.00,Neighborhood highlights,2,1,0,1,4.73,15,https://www.airbnb.com/rooms/10649625
10654566,$360.00,Neighborhood highlights,4,1,2,0,NA,0,https://www.airbnb.com/rooms/10654566
10656360,NA,NA,1,NA,NA,NA,NA,0,https://www.airbnb.com/rooms/10656360
10657080,NA,Neighborhood highlights,4,NA,1,NA,4.78,41,https://www.airbnb.com/rooms/10657080
10658564,NA,NA,3,NA,1,NA,NA,0,https://www.airbnb.com/rooms/10658564
10659825,NA,NA,2,NA,1,NA,NA,0,https://www.airbnb.com/rooms/10659825
10660249,NA,NA,3,NA,1,NA,4.35,239,https://www.airbnb.com/rooms/10660249
10674836,NA,NA,1,NA,1,NA,5,4,https://www.airbnb.com/rooms/10674836
10675218,NA,Neighborhood highlights,2,NA,1,NA,NA,0,https://www.airbnb.com/rooms/10675218
10676786,NA,NA,2,NA,1,NA,NA,0,https://www.airbnb.com/rooms/10676786
10676959,NA,Neighborhood highlights,2,NA,1,NA,4.86,7,https://www.airbnb.com/rooms/10676959
10679740,NA,NA,2,NA,NA,NA,NA,0,https://www.airbnb.com/rooms/10679740
10680745,NA,NA,2,NA,NA,NA,NA,0,https://www.airbnb.com/rooms/10680745
10681986,NA,Neighborhood highlights,1,NA,NA,NA,NA,0,https://www.airbnb.com/rooms/10681986
10684164,NA,Neighborhood highlights,4,NA,1,NA,4,1,https://www.airbnb.com/rooms/10684164
10684843,NA,NA,1,NA,1,NA,NA,0,https://www.airbnb.com/rooms/10684843
10686287,NA,NA,2,NA,NA,NA,NA,0,https://www.airbnb.com/rooms/10686287
10686809,NA,NA,3,NA,1,NA,NA,0,https://www.airbnb.com/rooms/10686809
10686958,$118.00,Neighborhood highlights,2,1,1,1,5,15,https://www.airbnb.com/rooms/10686958
10701027,$150.00,Neighborhood highlights,2,1,1,1,4.96,27,https://www.airbnb.com/rooms/10701027
10702506,$165.00,Neighborhood highlights,2,1,0,1,4.88,8,https://www.airbnb.com/rooms/10702506
10704981,NA,Neighborhood highlights,2,NA,NA,NA,5,1,https://www.airbnb.com/rooms/10704981
10709249,$280.00,Neighborhood highlights,3,1,1,4,4.92,324,https://www.airbnb.com/rooms/10709249
10710179,$126.00,Neighborhood highlights,2,1,1,1,4.83,181,https://www.airbnb.com/rooms/10710179
10721891,$125.00,NA,3,1,0,1,4.71,24,https://www.airbnb.com/rooms/10721891
10729454,NA,Neighborhood highlights,1,NA,NA,NA,4.5,2,https://www.airbnb.com/rooms/10729454
10730086,NA,Neighborhood highlights,2,NA,NA,NA,4.8,10,https://www.airbnb.com/rooms/10730086
10732341,NA,Neighborhood highlights,2,NA,NA,NA,4.68,25,https://www.airbnb.com/rooms/10732341
10733505,NA,Neighborhood highlights,2,NA,1,NA,4.75,4,https://www.airbnb.com/rooms/10733505
10748040,$80.00,Neighborhood highlights,1,1,1,1,4.84,245,https://www.airbnb.com/rooms/10748040
10755419,NA,NA,2,NA,1,NA,NA,0,https://www.airbnb.com/rooms/10755419
10765309,NA,NA,2,NA,2,NA,5,1,https://www.airbnb.com/rooms/10765309
10766339,NA,Neighborhood highlights,5,NA,2,NA,4.67,3,https://www.airbnb.com/rooms/10766339
10769752,$75.00,NA,2,1,1,1,4.73,86,https://www.airbnb.com/rooms/10769752
10770836,NA,NA,1,NA,NA,NA,NA,0,https://www.airbnb.com/rooms/10770836
10773150,NA,NA,1,NA,1,NA,5,2,https://www.airbnb.com/rooms/10773150
10786240,NA,NA,1,NA,1,NA,NA,0,https://www.airbnb.com/rooms/10786240
10786987,NA,Neighborhood highlights,1,NA,NA,NA,4.72,146,https://www.airbnb.com/rooms/10786987
10787042,NA,Neighborhood highlights,3,NA,NA,NA,5,3,https://www.airbnb.com/rooms/10787042
10788568,NA,NA,3,NA,1,NA,NA,0,https://www.airbnb.com/rooms/10788568
10789121,NA,Neighborhood highlights,2,NA,NA,NA,NA,0,https://www.airbnb.com/rooms/10789121
10792883,NA,Neighborhood highlights,2,NA,NA,NA,NA,0,https://www.airbnb.com/rooms/10792883
10798553,NA,NA,2,NA,1,NA,NA,0,https://www.airbnb.com/rooms/10798553
10801094,$165.00,NA,4,1,1,2,4.93,40,https://www.airbnb.com/rooms/10801094
10803759,NA,Neighborhood highlights,2,NA,1,NA,5,5,https://www.airbnb.com/rooms/10803759
10807749,NA,Neighborhood highlights,4,NA,1,NA,4.6,5,https://www.airbnb.com/rooms/10807749
10807838,$40.00,Neighborhood highlights,1,1,1,1,4.87,253,https://www.airbnb.com/rooms/10807838
10811465,NA,Neighborhood highlights,3,NA,1,NA,4.92,12,https://www.airbnb.com/rooms/10811465
10811875,NA,NA,5,NA,2,NA,NA,0,https://www.airbnb.com/rooms/10811875
10812136,NA,NA,2,NA,NA,NA,NA,0,https://www.airbnb.com/rooms/10812136
10812263,$130.00,Neighborhood highlights,2,1,1,1,4.9,31,https://www.airbnb.com/rooms/10812263
10812960,NA,NA,1,NA,1,NA,NA,0,https://www.airbnb.com/rooms/10812960
10813133,NA,NA,2,NA,1,NA,NA,0,https://www.airbnb.com/rooms/10813133
10822131,NA,NA,4,NA,1,NA,NA,0,https://www.airbnb.com/rooms/10822131
10824421,NA,NA,2,NA,1,NA,NA,0,https://www.airbnb.com/rooms/10824421
10824871,$120.00,NA,2,1,1,1,3.86,7,https://www.airbnb.com/rooms/10824871
10826734,NA,NA,4,NA,NA,NA,4,1,https://www.airbnb.com/rooms/10826734
10828230,NA,NA,1,NA,NA,NA,4,1,https://www.airbnb.com/rooms/10828230
10833173,NA,NA,4,NA,2,NA,NA,0,https://www.airbnb.com/rooms/10833173
10835801,NA,NA,2,NA,1,NA,4.95,20,https://www.airbnb.com/rooms/10835801
10837039,NA,Neighborhood highlights,2,NA,NA,NA,5,2,https://www.airbnb.com/rooms/10837039
10837800,NA,Neighborhood highlights,2,NA,NA,NA,4.67,3,https://www.airbnb.com/rooms/10837800
10847901,NA,Neighborhood highlights,2,NA,NA,NA,4.95,37,https://www.airbnb.com/rooms/10847901
10848827,NA,NA,2,NA,1,NA,5,1,https://www.airbnb.com/rooms/10848827
10849166,NA,Neighborhood highlights,2,NA,NA,NA,4.5,8,https://www.airbnb.com/rooms/10849166
10849426,NA,Neighborhood highlights,2,NA,NA,NA,NA,0,https://www.airbnb.com/rooms/10849426
10850008,NA,Neighborhood highlights,2,NA,NA,NA,4.92,49,https://www.airbnb.com/rooms/10850008
10850026,NA,NA,1,NA,1,NA,4.88,17,https://www.airbnb.com/rooms/10850026
10850091,NA,NA,2,NA,1,NA,NA,0,https://www.airbnb.com/rooms/10850091
10851925,NA,Neighborhood highlights,2,NA,NA,NA,NA,0,https://www.airbnb.com/rooms/10851925
10859700,$179.00,Neighborhood highlights,6,1,2,2,4.77,127,https://www.airbnb.com/rooms/10859700
10863225,NA,NA,4,NA,1,NA,NA,0,https://www.airbnb.com/rooms/10863225
10865214,NA,Neighborhood highlights,2,NA,1,NA,NA,0,https://www.airbnb.com/rooms/10865214
10869804,NA,NA,1,NA,NA,NA,NA,0,https://www.airbnb.com/rooms/10869804
10874577,NA,NA,4,NA,1,NA,NA,0,https://www.airbnb.com/rooms/10874577
10875244,NA,Neighborhood highlights,3,NA,2,NA,NA,0,https://www.airbnb.com/rooms/10875244
10877492,$90.00,Neighborhood highlights,1,1,1,1,4.67,76,https://www.airbnb.com/rooms/10877492
10881164,$199.00,Neighborhood highlights,5,1,2,3,5,10,https://www.airbnb.com/rooms/10881164
10883878,$98.00,NA,1,1,1,1,5,13,https://www.airbnb.com/rooms/10883878
10885211,NA,Neighborhood highlights,2,NA,NA,NA,5,4,https://www.airbnb.com/rooms/10885211
10886628,NA,Neighborhood highlights,1,NA,1,NA,NA,0,https://www.airbnb.com/rooms/10886628
10886971,$90.00,Neighborhood highlights,1,1,1,1,4.79,124,https://www.airbnb.com/rooms/10886971
10887262,NA,NA,5,NA,3,NA,5,2,https://www.airbnb.com/rooms/10887262
10887847,$52.00,Neighborhood highlights,1,1,1,1,4.59,235,https://www.airbnb.com/rooms/10887847
10901062,NA,Neighborhood highlights,3,NA,2,NA,5,1,https://www.airbnb.com/rooms/10901062
10909032,NA,NA,1,NA,NA,NA,NA,0,https://www.airbnb.com/rooms/10909032
10919160,NA,Neighborhood highlights,2,NA,1,NA,4.67,9,https://www.airbnb.com/rooms/10919160
10919968,NA,NA,3,NA,1,NA,4.33,15,https://www.airbnb.com/rooms/10919968
10921091,NA,NA,2,NA,NA,NA,NA,0,https://www.airbnb.com/rooms/10921091
10922736,NA,Neighborhood highlights,1,NA,NA,NA,NA,0,https://www.airbnb.com/rooms/10922736
10924304,NA,Neighborhood highlights,2,NA,1,NA,4.78,23,https://www.airbnb.com/rooms/10924304
10925844,NA,Neighborhood highlights,1,NA,1,NA,NA,0,https://www.airbnb.com/rooms/10925844
10928250,NA,NA,7,NA,3,NA,4.82,11,https://www.airbnb.com/rooms/10928250
10930279,NA,NA,1,NA,NA,NA,NA,0,https://www.airbnb.com/rooms/10930279
10938202,NA,Neighborhood highlights,4,NA,1,NA,5,6,https://www.airbnb.com/rooms/10938202
10939710,$79.00,Neighborhood highlights,1,1,1,1,4.9,129,https://www.airbnb.com/rooms/10939710
10941762,$395.00,Neighborhood highlights,3,1,2,2,4.88,86,https://www.airbnb.com/rooms/10941762
10943915,$212.00,Neighborhood highlights,4,1,2,5,4.84,67,https://www.airbnb.com/rooms/10943915
10947986,NA,Neighborhood highlights,2,NA,1,NA,NA,0,https://www.airbnb.com/rooms/10947986
10958668,NA,Neighborhood highlights,2,NA,1,NA,5,2,https://www.airbnb.com/rooms/10958668
10980678,$279.00,Neighborhood highlights,2,1,1,1,4.93,14,https://www.airbnb.com/rooms/10980678
10985169,NA,Neighborhood highlights,4,NA,1,NA,4.5,2,https://www.airbnb.com/rooms/10985169
10988682,NA,Neighborhood highlights,2,NA,1,NA,5,20,https://www.airbnb.com/rooms/10988682
10995738,NA,NA,1,NA,1,NA,NA,0,https://www.airbnb.com/rooms/10995738
10995810,NA,NA,1,NA,NA,NA,NA,0,https://www.airbnb.com/rooms/10995810
10996466,NA,Neighborhood highlights,2,NA,NA,NA,4.33,3,https://www.airbnb.com/rooms/10996466
11003247,NA,NA,4,NA,2,NA,5,1,https://www.airbnb.com/rooms/11003247
11008081,NA,Neighborhood highlights,2,NA,NA,NA,4.32,25,https://www.airbnb.com/rooms/11008081
11011567,NA,Neighborhood highlights,4,NA,2,NA,4.61,36,https://www.airbnb.com/rooms/11011567
11014346,$50.00,Neighborhood highlights,1,1,1,2,4.87,92,https://www.airbnb.com/rooms/11014346
11020169,$100.00,Neighborhood highlights,2,1,1,1,4.77,332,https://www.airbnb.com/rooms/11020169
11032588,NA,Neighborhood highlights,2,NA,1,NA,NA,0,https://www.airbnb.com/rooms/11032588
11032957,NA,Neighborhood highlights,2,NA,1,NA,4.95,58,https://www.airbnb.com/rooms/11032957
11033476,NA,Neighborhood highlights,2,NA,NA,NA,NA,0,https://www.airbnb.com/rooms/11033476
11033590,"$1,000.00",NA,3,2.5,2,2,4.63,46,https://www.airbnb.com/rooms/11033590
11037105,NA,Neighborhood highlights,7,NA,3,NA,NA,0,https://www.airbnb.com/rooms/11037105
11042240,NA,Neighborhood highlights,6,NA,2,NA,4.96,249,https://www.airbnb.com/rooms/11042240
11046927,$416.00,Neighborhood highlights,4,1,0,2,4.74,19,https://www.airbnb.com/rooms/11046927
11059197,NA,NA,1,NA,1,NA,NA,0,https://www.airbnb.com/rooms/11059197
11065633,NA,NA,1,NA,NA,NA,5,2,https://www.airbnb.com/rooms/11065633
11065884,NA,Neighborhood highlights,1,NA,NA,NA,4.35,26,https://www.airbnb.com/rooms/11065884
11067934,NA,Neighborhood highlights,2,NA,1,NA,4.23,30,https://www.airbnb.com/rooms/11067934
11068187,NA,Neighborhood highlights,3,NA,NA,NA,NA,0,https://www.airbnb.com/rooms/11068187
11069190,$85.00,Neighborhood highlights,1,1.5,2,2,5,3,https://www.airbnb.com/rooms/11069190
11069291,NA,Neighborhood highlights,2,NA,NA,NA,4.55,89,https://www.airbnb.com/rooms/11069291
11085352,NA,Neighborhood highlights,1,NA,NA,NA,NA,0,https://www.airbnb.com/rooms/11085352
11091309,$109.00,Neighborhood highlights,4,1,2,2,4.77,251,https://www.airbnb.com/rooms/11091309
11096888,$45.00,NA,2,1,1,2,NA,0,https://www.airbnb.com/rooms/11096888
11098018,NA,Neighborhood highlights,2,NA,1,NA,NA,0,https://www.airbnb.com/rooms/11098018
11100490,NA,Neighborhood highlights,8,NA,3,NA,4.76,66,https://www.airbnb.com/rooms/11100490
11100541,$130.00,Neighborhood highlights,3,1,1,2,4.67,90,https://www.airbnb.com/rooms/11100541
11102591,NA,NA,1,NA,1,NA,NA,0,https://www.airbnb.com/rooms/11102591
11114607,$117.00,NA,5,2,3,4,4.54,13,https://www.airbnb.com/rooms/11114607
11117439,NA,Neighborhood highlights,2,NA,NA,NA,4.64,33,https://www.airbnb.com/rooms/11117439
11120231,NA,Neighborhood highlights,2,NA,1,NA,5,1,https://www.airbnb.com/rooms/11120231
11130697,NA,NA,1,NA,1,NA,NA,0,https://www.airbnb.com/rooms/11130697
11136854,NA,NA,2,NA,1,NA,4.65,77,https://www.airbnb.com/rooms/11136854
11138618,NA,NA,1,NA,NA,NA,4.33,3,https://www.airbnb.com/rooms/11138618
11138823,$103.00,Neighborhood highlights,3,1,1,2,4.78,259,https://www.airbnb.com/rooms/11138823
11138910,NA,NA,3,NA,2,NA,5,3,https://www.airbnb.com/rooms/11138910
11139469,$108.00,Neighborhood highlights,4,1,1,2,4.69,213,https://www.airbnb.com/rooms/11139469
11144496,NA,NA,2,NA,NA,NA,NA,0,https://www.airbnb.com/rooms/11144496
11144544,NA,NA,2,NA,1,NA,5,1,https://www.airbnb.com/rooms/11144544
11147376,$170.00,Neighborhood highlights,2,1,1,1,4.89,28,https://www.airbnb.com/rooms/11147376
11157167,NA,Neighborhood highlights,2,NA,2,NA,4.83,24,https://www.airbnb.com/rooms/11157167
11162285,NA,Neighborhood highlights,1,NA,NA,NA,5,23,https://www.airbnb.com/rooms/11162285
11162475,NA,Neighborhood highlights,2,NA,NA,NA,5,3,https://www.airbnb.com/rooms/11162475
11162564,$145.00,Neighborhood highlights,3,1,0,1,4.2,10,https://www.airbnb.com/rooms/11162564
11164047,NA,Neighborhood highlights,2,NA,NA,NA,4.4,5,https://www.airbnb.com/rooms/11164047
11186765,$61.00,Neighborhood highlights,2,1.5,1,1,4.65,127,https://www.airbnb.com/rooms/11186765
11190831,$155.00,Neighborhood highlights,8,1,3,5,4.7,145,https://www.airbnb.com/rooms/11190831
11191242,NA,NA,4,NA,2,NA,4.42,19,https://www.airbnb.com/rooms/11191242
11194693,NA,Neighborhood highlights,6,NA,2,NA,4.74,232,https://www.airbnb.com/rooms/11194693
11206278,NA,Neighborhood highlights,2,NA,NA,NA,4.57,7,https://www.airbnb.com/rooms/11206278
11210604,$60.00,Neighborhood highlights,1,1,1,1,4.05,19,https://www.airbnb.com/rooms/11210604
11210829,$85.00,NA,4,1,1,2,NA,0,https://www.airbnb.com/rooms/11210829
11211612,NA,NA,2,NA,NA,NA,NA,0,https://www.airbnb.com/rooms/11211612
11212414,NA,NA,3,NA,2,NA,5,1,https://www.airbnb.com/rooms/11212414
11216918,NA,NA,4,NA,1,NA,4.5,10,https://www.airbnb.com/rooms/11216918
11221362,NA,Neighborhood highlights,2,NA,1,NA,4.33,3,https://www.airbnb.com/rooms/11221362
11222221,NA,NA,1,NA,1,NA,NA,0,https://www.airbnb.com/rooms/11222221
11229663,$77.00,Neighborhood highlights,2,1,1,1,4.47,62,https://www.airbnb.com/rooms/11229663
11234747,$115.00,NA,2,1,3,3,4.91,35,https://www.airbnb.com/rooms/11234747
11239207,NA,NA,1,NA,1,NA,NA,0,https://www.airbnb.com/rooms/11239207
11242469,NA,NA,3,NA,1,NA,NA,0,https://www.airbnb.com/rooms/11242469
11243953,$165.00,NA,4,1,1,1,5,1,https://www.airbnb.com/rooms/11243953
11244568,$150.00,NA,3,1,1,1,4.5,4,https://www.airbnb.com/rooms/11244568
11254989,NA,Neighborhood highlights,2,NA,1,NA,4.83,6,https://www.airbnb.com/rooms/11254989
11270828,NA,Neighborhood highlights,2,NA,NA,NA,NA,0,https://www.airbnb.com/rooms/11270828
11271036,NA,NA,1,NA,1,NA,5,1,https://www.airbnb.com/rooms/11271036
11279820,NA,Neighborhood highlights,4,NA,2,NA,NA,0,https://www.airbnb.com/rooms/11279820
11282208,NA,Neighborhood highlights,6,NA,3,NA,5,14,https://www.airbnb.com/rooms/11282208
11282348,NA,Neighborhood highlights,3,NA,1,NA,5,6,https://www.airbnb.com/rooms/11282348
11282788,NA,Neighborhood highlights,1,NA,1,NA,4.71,7,https://www.airbnb.com/rooms/11282788
11294566,NA,NA,1,NA,1,NA,4.8,5,https://www.airbnb.com/rooms/11294566
11295918,NA,NA,2,NA,NA,NA,NA,0,https://www.airbnb.com/rooms/11295918
11298300,NA,NA,4,NA,2,NA,5,1,https://www.airbnb.com/rooms/11298300
11302521,$66.00,Neighborhood highlights,2,1,1,1,5,2,https://www.airbnb.com/rooms/11302521
11304325,NA,Neighborhood highlights,5,NA,2,NA,NA,0,https://www.airbnb.com/rooms/11304325
11304836,NA,Neighborhood highlights,4,NA,1,NA,4.67,3,https://www.airbnb.com/rooms/11304836
11305815,NA,Neighborhood highlights,4,NA,1,NA,4.83,6,https://www.airbnb.com/rooms/11305815
11315999,NA,Neighborhood highlights,2,NA,NA,NA,4.89,72,https://www.airbnb.com/rooms/11315999
11316570,NA,Neighborhood highlights,1,NA,NA,NA,4.5,2,https://www.airbnb.com/rooms/11316570
11320482,NA,NA,2,NA,NA,NA,NA,0,https://www.airbnb.com/rooms/11320482
11324531,NA,NA,1,NA,1,NA,NA,0,https://www.airbnb.com/rooms/11324531
11326009,NA,NA,2,NA,NA,NA,4.5,2,https://www.airbnb.com/rooms/11326009
11334476,NA,NA,2,NA,NA,NA,4.88,8,https://www.airbnb.com/rooms/11334476
11335874,NA,NA,3,NA,NA,NA,5,2,https://www.airbnb.com/rooms/11335874
11340694,$160.00,NA,3,1,0,1,4.4,15,https://www.airbnb.com/rooms/11340694
11341728,$165.00,NA,3,1,0,1,4.25,4,https://www.airbnb.com/rooms/11341728
11343196,NA,Neighborhood highlights,2,NA,1,NA,4.72,74,https://www.airbnb.com/rooms/11343196
11352664,$95.00,Neighborhood highlights,2,1,1,1,4.71,86,https://www.airbnb.com/rooms/11352664
11355757,NA,Neighborhood highlights,2,NA,NA,NA,4,5,https://www.airbnb.com/rooms/11355757
11357182,NA,Neighborhood highlights,2,NA,NA,NA,4.5,4,https://www.airbnb.com/rooms/11357182
11359913,NA,Neighborhood highlights,8,NA,4,NA,5,1,https://www.airbnb.com/rooms/11359913
11360523,NA,NA,4,NA,1,NA,NA,0,https://www.airbnb.com/rooms/11360523
11360854,NA,Neighborhood highlights,1,NA,NA,NA,5,1,https://www.airbnb.com/rooms/11360854
11370207,NA,Neighborhood highlights,2,NA,NA,NA,4.33,6,https://www.airbnb.com/rooms/11370207
11371535,$44.00,Neighborhood highlights,2,1,1,2,4.78,111,https://www.airbnb.com/rooms/11371535
11371773,$146.00,Neighborhood highlights,2,1,1,1,4.89,113,https://www.airbnb.com/rooms/11371773
11371974,NA,NA,2,NA,1,NA,NA,0,https://www.airbnb.com/rooms/11371974
11372267,$125.00,NA,3,1,0,1,4.9,10,https://www.airbnb.com/rooms/11372267
11372330,$124.00,Neighborhood highlights,4,1,1,3,4.84,135,https://www.airbnb.com/rooms/11372330
11373565,NA,NA,1,NA,NA,NA,NA,0,https://www.airbnb.com/rooms/11373565
11373754,NA,Neighborhood highlights,2,NA,NA,NA,4.89,27,https://www.airbnb.com/rooms/11373754
11374387,NA,Neighborhood highlights,3,NA,1,NA,5,2,https://www.airbnb.com/rooms/11374387
11374453,NA,Neighborhood highlights,6,NA,3,NA,4.8,5,https://www.airbnb.com/rooms/11374453
11375631,NA,Neighborhood highlights,2,NA,1,NA,5,10,https://www.airbnb.com/rooms/11375631
11377233,NA,NA,2,NA,NA,NA,4.3,10,https://www.airbnb.com/rooms/11377233
11377777,NA,Neighborhood highlights,4,NA,1,NA,5,3,https://www.airbnb.com/rooms/11377777
11381288,NA,NA,3,NA,1,NA,4.71,7,https://www.airbnb.com/rooms/11381288
11381526,$180.00,NA,4,1,2,2,4.75,12,https://www.airbnb.com/rooms/11381526
11389773,NA,NA,2,NA,NA,NA,NA,0,https://www.airbnb.com/rooms/11389773
11391811,NA,Neighborhood highlights,2,NA,NA,NA,5,1,https://www.airbnb.com/rooms/11391811
11396922,NA,Neighborhood highlights,2,NA,1,NA,5,1,https://www.airbnb.com/rooms/11396922
11398939,NA,Neighborhood highlights,1,NA,1,NA,5,1,https://www.airbnb.com/rooms/11398939
11407817,NA,NA,2,NA,1,NA,4.5,2,https://www.airbnb.com/rooms/11407817
11411361,NA,Neighborhood highlights,2,NA,NA,NA,NA,0,https://www.airbnb.com/rooms/11411361
11411839,NA,NA,1,NA,NA,NA,5,3,https://www.airbnb.com/rooms/11411839
11412980,NA,Neighborhood highlights,2,NA,1,NA,4.98,388,https://www.airbnb.com/rooms/11412980
11414971,NA,Neighborhood highlights,2,NA,1,NA,5,6,https://www.airbnb.com/rooms/11414971
11415455,NA,NA,1,NA,NA,NA,5,2,https://www.airbnb.com/rooms/11415455
11419133,NA,Neighborhood highlights,1,NA,NA,NA,5,2,https://www.airbnb.com/rooms/11419133
11420840,$250.00,NA,4,1,1,2,4.86,51,https://www.airbnb.com/rooms/11420840
11421969,NA,Neighborhood highlights,1,NA,NA,NA,4.4,5,https://www.airbnb.com/rooms/11421969
11422056,$145.00,Neighborhood highlights,6,1,2,3,4.64,108,https://www.airbnb.com/rooms/11422056
11431871,NA,Neighborhood highlights,1,NA,NA,NA,4.57,21,https://www.airbnb.com/rooms/11431871
11434339,NA,NA,1,NA,1,NA,NA,0,https://www.airbnb.com/rooms/11434339
11435529,NA,Neighborhood highlights,2,NA,NA,NA,4,1,https://www.airbnb.com/rooms/11435529
11437634,$100.00,Neighborhood highlights,4,1,1,1,4.93,214,https://www.airbnb.com/rooms/11437634
11437792,NA,NA,2,NA,1,NA,5,1,https://www.airbnb.com/rooms/11437792
11438189,$139.00,Neighborhood highlights,4,1,3,3,4.64,215,https://www.airbnb.com/rooms/11438189
11439224,NA,NA,6,NA,NA,NA,4.92,12,https://www.airbnb.com/rooms/11439224
11441692,NA,Neighborhood highlights,2,NA,NA,NA,5,10,https://www.airbnb.com/rooms/11441692
11451070,NA,NA,4,NA,NA,NA,NA,0,https://www.airbnb.com/rooms/11451070
11452204,$125.00,NA,3,1,0,1,4.76,17,https://www.airbnb.com/rooms/11452204
11452547,$300.00,Neighborhood highlights,4,1,2,3,5,12,https://www.airbnb.com/rooms/11452547
11452989,$60.00,Neighborhood highlights,1,1,1,1,4.89,82,https://www.airbnb.com/rooms/11452989
11456047,NA,NA,1,NA,NA,NA,NA,0,https://www.airbnb.com/rooms/11456047
11458973,NA,Neighborhood highlights,5,NA,2,NA,5,1,https://www.airbnb.com/rooms/11458973
11462440,NA,NA,1,NA,NA,NA,NA,0,https://www.airbnb.com/rooms/11462440
11474011,$170.00,NA,5,1,2,2,4.25,4,https://www.airbnb.com/rooms/11474011
11474808,NA,NA,6,NA,3,NA,4.5,4,https://www.airbnb.com/rooms/11474808
11480835,NA,NA,1,NA,NA,NA,NA,0,https://www.airbnb.com/rooms/11480835
11486601,$108.00,Neighborhood highlights,2,1,2,2,4.92,139,https://www.airbnb.com/rooms/11486601
11491051,NA,NA,3,NA,NA,NA,5,1,https://www.airbnb.com/rooms/11491051
11491696,NA,NA,2,NA,NA,NA,NA,0,https://www.airbnb.com/rooms/11491696
11496607,$143.00,Neighborhood highlights,2,1,1,1,4.75,183,https://www.airbnb.com/rooms/11496607
11496968,NA,NA,3,NA,1,NA,4.5,12,https://www.airbnb.com/rooms/11496968
11497938,$100.00,NA,5,1,2,3,4.33,6,https://www.airbnb.com/rooms/11497938
11503509,NA,NA,6,NA,3,NA,5,5,https://www.airbnb.com/rooms/11503509
11505981,NA,Neighborhood highlights,2,NA,NA,NA,4.81,31,https://www.airbnb.com/rooms/11505981
11511431,$135.00,Neighborhood highlights,4,1,2,4,4.79,252,https://www.airbnb.com/rooms/11511431
11513480,NA,Neighborhood highlights,2,NA,NA,NA,4.5,2,https://www.airbnb.com/rooms/11513480
11514023,NA,Neighborhood highlights,2,NA,1,NA,5,2,https://www.airbnb.com/rooms/11514023
11514862,NA,NA,1,NA,1,NA,NA,0,https://www.airbnb.com/rooms/11514862
11522815,NA,Neighborhood highlights,2,NA,1,NA,4.83,41,https://www.airbnb.com/rooms/11522815
11526590,NA,Neighborhood highlights,2,NA,1,NA,5,5,https://www.airbnb.com/rooms/11526590
11526684,NA,NA,4,NA,1,NA,5,1,https://www.airbnb.com/rooms/11526684
11526771,NA,NA,2,NA,1,NA,NA,0,https://www.airbnb.com/rooms/11526771
11528951,NA,Neighborhood highlights,4,NA,2,NA,5,2,https://www.airbnb.com/rooms/11528951
11531130,NA,Neighborhood highlights,3,NA,1,NA,5,1,https://www.airbnb.com/rooms/11531130
11531154,NA,Neighborhood highlights,1,NA,1,NA,NA,0,https://www.airbnb.com/rooms/11531154
11531322,NA,Neighborhood highlights,8,NA,3,NA,4,1,https://www.airbnb.com/rooms/11531322
11532518,NA,NA,2,NA,1,NA,NA,0,https://www.airbnb.com/rooms/11532518
11542467,$209.00,Neighborhood highlights,2,1,2,3,4.87,204,https://www.airbnb.com/rooms/11542467
11544438,NA,Neighborhood highlights,1,NA,NA,NA,4.71,14,https://www.airbnb.com/rooms/11544438
11545797,NA,Neighborhood highlights,2,NA,NA,NA,4.67,9,https://www.airbnb.com/rooms/11545797
11546336,NA,Neighborhood highlights,2,NA,2,NA,4.67,12,https://www.airbnb.com/rooms/11546336
11546462,NA,NA,2,NA,1,NA,NA,0,https://www.airbnb.com/rooms/11546462
11546806,NA,NA,2,NA,1,NA,5,1,https://www.airbnb.com/rooms/11546806
11547077,NA,Neighborhood highlights,5,NA,2,NA,4.5,4,https://www.airbnb.com/rooms/11547077
11549676,NA,Neighborhood highlights,1,NA,NA,NA,5,2,https://www.airbnb.com/rooms/11549676
11552749,$170.00,NA,5,1,2,2,4.44,9,https://www.airbnb.com/rooms/11552749
11553357,$125.00,Neighborhood highlights,4,1,1,1,4.64,55,https://www.airbnb.com/rooms/11553357
11553360,$800.00,Neighborhood highlights,16,2,7,10,4.64,171,https://www.airbnb.com/rooms/11553360
11553426,NA,Neighborhood highlights,4,NA,1,NA,4.75,4,https://www.airbnb.com/rooms/11553426
11554255,NA,Neighborhood highlights,1,NA,1,NA,4.8,10,https://www.airbnb.com/rooms/11554255
11564960,NA,NA,1,NA,1,NA,NA,0,https://www.airbnb.com/rooms/11564960
11565841,$90.00,Neighborhood highlights,4,1,1,1,4.86,169,https://www.airbnb.com/rooms/11565841
11567796,NA,NA,1,NA,1,NA,NA,0,https://www.airbnb.com/rooms/11567796
11568026,NA,Neighborhood highlights,5,NA,4,NA,NA,0,https://www.airbnb.com/rooms/11568026
11568577,$130.00,NA,2,1,0,1,4.67,12,https://www.airbnb.com/rooms/11568577
11573269,NA,NA,2,NA,NA,NA,4,1,https://www.airbnb.com/rooms/11573269
11573292,NA,NA,2,NA,NA,NA,NA,0,https://www.airbnb.com/rooms/11573292
11573695,NA,Neighborhood highlights,2,NA,1,NA,NA,0,https://www.airbnb.com/rooms/11573695
11574674,$112.00,Neighborhood highlights,4,1,2,2,4.74,131,https://www.airbnb.com/rooms/11574674
11575101,$71.00,Neighborhood highlights,2,1,0,3,4.77,181,https://www.airbnb.com/rooms/11575101
11580884,NA,Neighborhood highlights,1,NA,2,NA,4.83,12,https://www.airbnb.com/rooms/11580884
11584340,NA,NA,2,NA,NA,NA,NA,0,https://www.airbnb.com/rooms/11584340
11588003,NA,Neighborhood highlights,3,NA,1,NA,NA,0,https://www.airbnb.com/rooms/11588003
11589713,NA,Neighborhood highlights,1,NA,NA,NA,NA,0,https://www.airbnb.com/rooms/11589713
11591798,NA,Neighborhood highlights,3,NA,2,NA,4.84,166,https://www.airbnb.com/rooms/11591798
11602485,NA,NA,2,NA,1,NA,NA,0,https://www.airbnb.com/rooms/11602485
11603201,NA,NA,1,NA,NA,NA,NA,0,https://www.airbnb.com/rooms/11603201
11604307,$140.00,Neighborhood highlights,2,1,1,1,4.97,90,https://www.airbnb.com/rooms/11604307
11609108,$165.00,NA,2,1,2,2,4.87,23,https://www.airbnb.com/rooms/11609108
11609114,NA,NA,3,NA,NA,NA,NA,0,https://www.airbnb.com/rooms/11609114
11618338,NA,NA,1,NA,NA,NA,NA,0,https://www.airbnb.com/rooms/11618338
11619832,$254.00,Neighborhood highlights,5,1,1,2,4.5,132,https://www.airbnb.com/rooms/11619832
11620821,$140.00,Neighborhood highlights,2,1,1,1,4.69,101,https://www.airbnb.com/rooms/11620821
11624421,NA,Neighborhood highlights,2,NA,NA,NA,5,12,https://www.airbnb.com/rooms/11624421
11635236,$54.00,Neighborhood highlights,1,1,1,1,5,1,https://www.airbnb.com/rooms/11635236
11639940,NA,NA,2,NA,NA,NA,NA,0,https://www.airbnb.com/rooms/11639940
11641258,NA,Neighborhood highlights,6,NA,2,NA,4.75,4,https://www.airbnb.com/rooms/11641258
11649232,$250.00,Neighborhood highlights,2,1,1,1,4.98,122,https://www.airbnb.com/rooms/11649232
11650863,NA,NA,3,NA,1,NA,4.69,293,https://www.airbnb.com/rooms/11650863
11651929,NA,Neighborhood highlights,4,NA,1,NA,5,1,https://www.airbnb.com/rooms/11651929
11652590,$108.00,Neighborhood highlights,2,2,1,1,5,2,https://www.airbnb.com/rooms/11652590
11652872,$116.00,NA,2,1,1,1,4.89,27,https://www.airbnb.com/rooms/11652872
11653077,$274.00,NA,4,1,1,4,4.73,75,https://www.airbnb.com/rooms/11653077
11656367,$171.00,Neighborhood highlights,6,1,2,3,NA,0,https://www.airbnb.com/rooms/11656367
11658950,NA,Neighborhood highlights,2,NA,NA,NA,4.8,5,https://www.airbnb.com/rooms/11658950
11659296,NA,NA,2,NA,1,NA,4.44,9,https://www.airbnb.com/rooms/11659296
11667455,NA,NA,5,NA,2,NA,NA,0,https://www.airbnb.com/rooms/11667455
11672539,NA,NA,1,NA,1,NA,NA,0,https://www.airbnb.com/rooms/11672539
11673018,NA,Neighborhood highlights,1,NA,NA,NA,NA,0,https://www.airbnb.com/rooms/11673018
11674309,$113.00,NA,2,1,1,1,4.47,19,https://www.airbnb.com/rooms/11674309
11675279,$295.00,Neighborhood highlights,2,2.5,2,3,4.74,82,https://www.airbnb.com/rooms/11675279
11677489,NA,NA,4,NA,1,NA,4.82,22,https://www.airbnb.com/rooms/11677489
11678327,NA,Neighborhood highlights,1,NA,1,NA,NA,0,https://www.airbnb.com/rooms/11678327
11685868,NA,Neighborhood highlights,4,NA,1,NA,4.67,6,https://www.airbnb.com/rooms/11685868
11690477,NA,NA,2,NA,NA,NA,NA,0,https://www.airbnb.com/rooms/11690477
11691699,NA,Neighborhood highlights,4,NA,2,NA,4.75,4,https://www.airbnb.com/rooms/11691699
11693193,$344.00,Neighborhood highlights,5,1,2,3,4.89,221,https://www.airbnb.com/rooms/11693193
11700121,NA,NA,2,NA,1,NA,4,1,https://www.airbnb.com/rooms/11700121
11714137,NA,Neighborhood highlights,3,NA,3,NA,4.94,18,https://www.airbnb.com/rooms/11714137
11715651,$216.00,NA,3,1,2,2,4.61,18,https://www.airbnb.com/rooms/11715651
11716127,$225.00,Neighborhood highlights,5,1,2,3,3.75,4,https://www.airbnb.com/rooms/11716127
11716947,NA,NA,1,NA,NA,NA,5,1,https://www.airbnb.com/rooms/11716947
11720001,$250.00,NA,2,2,1,3,5,91,https://www.airbnb.com/rooms/11720001
11721727,NA,NA,1,NA,NA,NA,NA,0,https://www.airbnb.com/rooms/11721727
11724873,NA,Neighborhood highlights,2,NA,NA,NA,4.97,125,https://www.airbnb.com/rooms/11724873
11728836,NA,Neighborhood highlights,4,NA,1,NA,5,1,https://www.airbnb.com/rooms/11728836
11732848,$750.00,Neighborhood highlights,10,3.5,3,4,4.95,21,https://www.airbnb.com/rooms/11732848
11732961,NA,Neighborhood highlights,2,NA,1,NA,4.93,86,https://www.airbnb.com/rooms/11732961
11737916,NA,NA,2,NA,NA,NA,NA,0,https://www.airbnb.com/rooms/11737916
11738951,NA,Neighborhood highlights,1,NA,NA,NA,NA,0,https://www.airbnb.com/rooms/11738951
11741555,$850.00,Neighborhood highlights,6,2.5,4,3,5,23,https://www.airbnb.com/rooms/11741555
11753010,$130.00,Neighborhood highlights,4,1,0,1,4.3,109,https://www.airbnb.com/rooms/11753010
11753760,$112.00,Neighborhood highlights,2,1,1,1,4.91,319,https://www.airbnb.com/rooms/11753760
11753792,$250.00,NA,6,2.5,4,5,5,4,https://www.airbnb.com/rooms/11753792
11758313,$125.00,NA,2,1,0,1,4.77,13,https://www.airbnb.com/rooms/11758313
11771598,NA,NA,2,NA,1,NA,NA,0,https://www.airbnb.com/rooms/11771598
11772032,$167.00,Neighborhood highlights,5,1,2,5,4.31,39,https://www.airbnb.com/rooms/11772032
11775127,NA,Neighborhood highlights,3,NA,1,NA,NA,0,https://www.airbnb.com/rooms/11775127
11786930,NA,Neighborhood highlights,6,NA,3,NA,5,1,https://www.airbnb.com/rooms/11786930
11790047,$98.00,Neighborhood highlights,3,1,0,1,4.77,39,https://www.airbnb.com/rooms/11790047
11790749,NA,NA,2,NA,1,NA,NA,0,https://www.airbnb.com/rooms/11790749
11791673,$114.00,Neighborhood highlights,4,1,2,4,4.38,58,https://www.airbnb.com/rooms/11791673
11793542,NA,NA,2,NA,NA,NA,NA,0,https://www.airbnb.com/rooms/11793542
11798782,NA,Neighborhood highlights,2,NA,NA,NA,5,1,https://www.airbnb.com/rooms/11798782
11803487,$61.00,NA,2,2.5,1,1,NA,0,https://www.airbnb.com/rooms/11803487
11804245,$61.00,NA,2,1,1,1,NA,0,https://www.airbnb.com/rooms/11804245
11812986,NA,NA,2,NA,1,NA,5,1,https://www.airbnb.com/rooms/11812986
11814079,NA,Neighborhood highlights,3,NA,1,NA,4.89,9,https://www.airbnb.com/rooms/11814079
11814184,NA,Neighborhood highlights,2,NA,NA,NA,NA,0,https://www.airbnb.com/rooms/11814184
11817955,NA,NA,4,NA,NA,NA,NA,0,https://www.airbnb.com/rooms/11817955
11826892,NA,Neighborhood highlights,2,NA,NA,NA,5,2,https://www.airbnb.com/rooms/11826892
11827037,NA,Neighborhood highlights,2,NA,NA,NA,NA,0,https://www.airbnb.com/rooms/11827037
11827175,NA,NA,2,NA,1,NA,5,7,https://www.airbnb.com/rooms/11827175
11827451,$102.00,Neighborhood highlights,2,1,1,1,4.84,100,https://www.airbnb.com/rooms/11827451
11833497,NA,NA,2,NA,2,NA,5,1,https://www.airbnb.com/rooms/11833497
11837681,NA,NA,2,NA,NA,NA,NA,0,https://www.airbnb.com/rooms/11837681
11840057,NA,Neighborhood highlights,2,NA,1,NA,NA,0,https://www.airbnb.com/rooms/11840057
11840404,$113.00,NA,2,1,1,1,4.76,17,https://www.airbnb.com/rooms/11840404
11841988,NA,Neighborhood highlights,3,NA,1,NA,NA,0,https://www.airbnb.com/rooms/11841988
11842300,NA,NA,2,NA,1,NA,4,1,https://www.airbnb.com/rooms/11842300
11842735,NA,Neighborhood highlights,2,NA,NA,NA,NA,0,https://www.airbnb.com/rooms/11842735
11844776,$105.00,Neighborhood highlights,4,1,1,2,4.43,7,https://www.airbnb.com/rooms/11844776
11845193,NA,NA,2,NA,NA,NA,NA,0,https://www.airbnb.com/rooms/11845193
11847204,$221.00,Neighborhood highlights,5,1,1,2,4.25,4,https://www.airbnb.com/rooms/11847204
11850380,NA,Neighborhood highlights,3,NA,NA,NA,4.2,5,https://www.airbnb.com/rooms/11850380
11850900,$299.00,Neighborhood highlights,3,1,2,3,5,6,https://www.airbnb.com/rooms/11850900
11851288,NA,Neighborhood highlights,3,NA,1,NA,4.83,6,https://www.airbnb.com/rooms/11851288
11858737,NA,NA,1,NA,NA,NA,5,1,https://www.airbnb.com/rooms/11858737
11863225,$125.00,NA,2,1,0,1,4.67,12,https://www.airbnb.com/rooms/11863225
11863602,NA,NA,4,NA,2,NA,5,1,https://www.airbnb.com/rooms/11863602
11864530,NA,NA,1,NA,NA,NA,4.76,21,https://www.airbnb.com/rooms/11864530
11867485,$280.00,Neighborhood highlights,4,1,1,2,NA,0,https://www.airbnb.com/rooms/11867485
11867573,NA,Neighborhood highlights,2,NA,NA,NA,NA,0,https://www.airbnb.com/rooms/11867573
11868110,NA,NA,3,NA,2,NA,5,1,https://www.airbnb.com/rooms/11868110
11871903,$75.00,NA,2,1,1,1,5,1,https://www.airbnb.com/rooms/11871903
11871932,NA,Neighborhood highlights,1,NA,1,NA,5,3,https://www.airbnb.com/rooms/11871932
11872337,$169.00,Neighborhood highlights,2,1,2,2,4.93,76,https://www.airbnb.com/rooms/11872337
11873498,NA,Neighborhood highlights,1,NA,NA,NA,4.68,28,https://www.airbnb.com/rooms/11873498
11885997,NA,Neighborhood highlights,4,NA,2,NA,4,2,https://www.airbnb.com/rooms/11885997
11890279,NA,Neighborhood highlights,8,NA,3,NA,4.5,46,https://www.airbnb.com/rooms/11890279
11890882,NA,NA,2,NA,1,NA,NA,0,https://www.airbnb.com/rooms/11890882
11903201,NA,NA,1,NA,NA,NA,4.83,18,https://www.airbnb.com/rooms/11903201
11905096,$70.00,Neighborhood highlights,2,1,1,1,4.95,242,https://www.airbnb.com/rooms/11905096
11909308,$200.00,NA,2,1,0,1,4.96,80,https://www.airbnb.com/rooms/11909308
11909622,NA,NA,1,NA,1,NA,NA,0,https://www.airbnb.com/rooms/11909622
11910257,NA,NA,2,NA,1,NA,NA,0,https://www.airbnb.com/rooms/11910257
11910742,$195.00,Neighborhood highlights,2,1,1,2,3,2,https://www.airbnb.com/rooms/11910742
11911783,NA,Neighborhood highlights,2,NA,1,NA,5,1,https://www.airbnb.com/rooms/11911783
11922306,NA,Neighborhood highlights,2,NA,NA,NA,4.6,5,https://www.airbnb.com/rooms/11922306
11923007,NA,Neighborhood highlights,2,NA,NA,NA,NA,0,https://www.airbnb.com/rooms/11923007
11926941,NA,Neighborhood highlights,3,NA,NA,NA,4.33,3,https://www.airbnb.com/rooms/11926941
11927032,$164.00,Neighborhood highlights,2,1,1,1,4.79,85,https://www.airbnb.com/rooms/11927032
11927624,NA,Neighborhood highlights,4,NA,2,NA,5,2,https://www.airbnb.com/rooms/11927624
11928097,NA,NA,2,NA,1,NA,NA,0,https://www.airbnb.com/rooms/11928097
11929230,NA,NA,1,NA,1,NA,NA,0,https://www.airbnb.com/rooms/11929230
11935301,NA,NA,2,NA,NA,NA,5,1,https://www.airbnb.com/rooms/11935301
11939910,NA,Neighborhood highlights,1,NA,1,NA,4.5,6,https://www.airbnb.com/rooms/11939910
11943700,NA,NA,2,NA,NA,NA,NA,0,https://www.airbnb.com/rooms/11943700
11944668,NA,Neighborhood highlights,3,NA,NA,NA,5,9,https://www.airbnb.com/rooms/11944668
11944718,NA,Neighborhood highlights,1,NA,NA,NA,4.43,7,https://www.airbnb.com/rooms/11944718
11947067,NA,Neighborhood highlights,1,NA,NA,NA,4.88,16,https://www.airbnb.com/rooms/11947067
11950107,NA,Neighborhood highlights,2,NA,NA,NA,5,4,https://www.airbnb.com/rooms/11950107
11959165,NA,Neighborhood highlights,3,NA,1,NA,4.7,10,https://www.airbnb.com/rooms/11959165
11967410,$125.00,NA,3,1,0,1,4.42,12,https://www.airbnb.com/rooms/11967410
11967737,NA,Neighborhood highlights,2,NA,NA,NA,4.57,7,https://www.airbnb.com/rooms/11967737
11968958,NA,Neighborhood highlights,2,NA,NA,NA,5,4,https://www.airbnb.com/rooms/11968958
11971174,NA,Neighborhood highlights,2,NA,1,NA,4,1,https://www.airbnb.com/rooms/11971174
11971580,NA,Neighborhood highlights,2,NA,1,NA,NA,0,https://www.airbnb.com/rooms/11971580
11973701,$157.00,Neighborhood highlights,5,1,2,4,4.43,14,https://www.airbnb.com/rooms/11973701
11980791,NA,Neighborhood highlights,3,NA,1,NA,4.95,20,https://www.airbnb.com/rooms/11980791
11982174,NA,NA,2,NA,1,NA,4,3,https://www.airbnb.com/rooms/11982174
11984115,NA,Neighborhood highlights,4,NA,1,NA,4.6,5,https://www.airbnb.com/rooms/11984115
11984148,NA,Neighborhood highlights,2,NA,1,NA,4.88,26,https://www.airbnb.com/rooms/11984148
11988251,NA,NA,1,NA,NA,NA,4.81,26,https://www.airbnb.com/rooms/11988251
11990841,NA,NA,2,NA,NA,NA,NA,0,https://www.airbnb.com/rooms/11990841
12000617,NA,Neighborhood highlights,1,NA,NA,NA,4.8,5,https://www.airbnb.com/rooms/12000617
12003146,NA,Neighborhood highlights,2,NA,1,NA,NA,0,https://www.airbnb.com/rooms/12003146
12004174,NA,Neighborhood highlights,1,NA,NA,NA,NA,0,https://www.airbnb.com/rooms/12004174
12004175,NA,Neighborhood highlights,1,NA,NA,NA,NA,0,https://www.airbnb.com/rooms/12004175
12004547,$200.00,Neighborhood highlights,3,1,0,2,4.94,170,https://www.airbnb.com/rooms/12004547
12004744,NA,NA,2,NA,1,NA,5,3,https://www.airbnb.com/rooms/12004744
12005318,NA,Neighborhood highlights,2,NA,NA,NA,4.5,2,https://www.airbnb.com/rooms/12005318
12006770,$100.00,Neighborhood highlights,1,1,1,1,4.99,73,https://www.airbnb.com/rooms/12006770
12007175,$115.00,NA,3,1,0,1,4.5,10,https://www.airbnb.com/rooms/12007175
12007258,NA,Neighborhood highlights,5,NA,1,NA,4.83,6,https://www.airbnb.com/rooms/12007258
12007456,NA,NA,1,NA,NA,NA,4.84,68,https://www.airbnb.com/rooms/12007456
12009651,$110.00,Neighborhood highlights,3,1,1,1,5,15,https://www.airbnb.com/rooms/12009651
12015378,NA,NA,2,NA,1,NA,4.72,117,https://www.airbnb.com/rooms/12015378
12019589,$250.00,NA,2,1,2,2,4.75,4,https://www.airbnb.com/rooms/12019589
12019843,NA,Neighborhood highlights,2,NA,NA,NA,4.33,3,https://www.airbnb.com/rooms/12019843
12022833,NA,NA,3,NA,2,NA,5,2,https://www.airbnb.com/rooms/12022833
12024963,$125.00,NA,2,1,0,1,4.89,9,https://www.airbnb.com/rooms/12024963
12025968,NA,NA,1,NA,NA,NA,4.88,89,https://www.airbnb.com/rooms/12025968
12027791,$136.00,Neighborhood highlights,4,1,1,3,4.67,3,https://www.airbnb.com/rooms/12027791
12028495,NA,NA,2,NA,1,NA,NA,0,https://www.airbnb.com/rooms/12028495
12028733,NA,NA,2,NA,1,NA,5,2,https://www.airbnb.com/rooms/12028733
12034085,NA,Neighborhood highlights,1,NA,1,NA,4.83,6,https://www.airbnb.com/rooms/12034085
12034640,NA,Neighborhood highlights,3,NA,NA,NA,4.65,26,https://www.airbnb.com/rooms/12034640
12037401,$110.00,NA,2,1,0,1,4.5,12,https://www.airbnb.com/rooms/12037401
12039579,$79.00,Neighborhood highlights,2,2,1,1,4.93,14,https://www.airbnb.com/rooms/12039579
12039894,$169.00,Neighborhood highlights,10,2,3,4,4.8,5,https://www.airbnb.com/rooms/12039894
12041170,$140.00,Neighborhood highlights,2,1,1,2,4.78,18,https://www.airbnb.com/rooms/12041170
12043691,NA,NA,4,NA,2,NA,5,7,https://www.airbnb.com/rooms/12043691
12050280,NA,NA,2,NA,NA,NA,NA,0,https://www.airbnb.com/rooms/12050280
12050932,NA,NA,2,NA,1,NA,5,1,https://www.airbnb.com/rooms/12050932
12051116,$199.00,Neighborhood highlights,2,1,1,1,4.89,37,https://www.airbnb.com/rooms/12051116
12052143,$324.00,Neighborhood highlights,5,1.5,2,3,4.39,72,https://www.airbnb.com/rooms/12052143
12053427,$89.00,Neighborhood highlights,2,1,0,1,4.83,80,https://www.airbnb.com/rooms/12053427
12054286,NA,Neighborhood highlights,1,NA,1,NA,NA,0,https://www.airbnb.com/rooms/12054286
12054516,$130.00,Neighborhood highlights,2,1,1,1,4.94,95,https://www.airbnb.com/rooms/12054516
12055540,NA,NA,1,NA,1,NA,NA,0,https://www.airbnb.com/rooms/12055540
12067652,NA,Neighborhood highlights,2,NA,1,NA,4.83,6,https://www.airbnb.com/rooms/12067652
12068200,$210.00,Neighborhood highlights,2,1,1,1,4.8,10,https://www.airbnb.com/rooms/12068200
12070985,NA,NA,4,NA,NA,NA,NA,0,https://www.airbnb.com/rooms/12070985
12079993,NA,NA,4,NA,3,NA,5,6,https://www.airbnb.com/rooms/12079993
12082737,NA,NA,1,NA,NA,NA,NA,0,https://www.airbnb.com/rooms/12082737
12083016,NA,NA,4,NA,2,NA,4.33,3,https://www.airbnb.com/rooms/12083016
12084009,NA,Neighborhood highlights,4,NA,1,NA,4.67,3,https://www.airbnb.com/rooms/12084009
12084205,NA,NA,2,NA,1,NA,4.5,2,https://www.airbnb.com/rooms/12084205
12087785,$275.00,NA,2,1,1,1,4.94,31,https://www.airbnb.com/rooms/12087785
12088765,NA,NA,1,NA,NA,NA,5,2,https://www.airbnb.com/rooms/12088765
12089661,NA,NA,2,NA,NA,NA,5,1,https://www.airbnb.com/rooms/12089661
12090887,NA,NA,1,NA,NA,NA,4.2,5,https://www.airbnb.com/rooms/12090887
12092786,NA,Neighborhood highlights,2,NA,1,NA,4.5,24,https://www.airbnb.com/rooms/12092786
12095161,NA,Neighborhood highlights,1,NA,1,NA,NA,0,https://www.airbnb.com/rooms/12095161
12099852,NA,Neighborhood highlights,4,NA,1,NA,NA,0,https://www.airbnb.com/rooms/12099852
12106946,NA,Neighborhood highlights,2,NA,NA,NA,4.63,16,https://www.airbnb.com/rooms/12106946
12107055,NA,NA,2,NA,NA,NA,NA,0,https://www.airbnb.com/rooms/12107055
12110663,$94.00,NA,2,1,1,1,4.82,159,https://www.airbnb.com/rooms/12110663
12112190,$100.00,NA,3,1,0,1,4.73,15,https://www.airbnb.com/rooms/12112190
12113045,NA,NA,2,NA,1,NA,NA,0,https://www.airbnb.com/rooms/12113045
12113494,NA,NA,3,NA,1,NA,NA,0,https://www.airbnb.com/rooms/12113494
12114040,$102.00,NA,2,1,1,1,4.7,20,https://www.airbnb.com/rooms/12114040
12114228,NA,NA,1,NA,NA,NA,5,13,https://www.airbnb.com/rooms/12114228
12114628,NA,Neighborhood highlights,4,NA,2,NA,5,6,https://www.airbnb.com/rooms/12114628
12122102,$250.00,Neighborhood highlights,5,1,1,2,4.82,183,https://www.airbnb.com/rooms/12122102
12129245,NA,Neighborhood highlights,2,NA,NA,NA,NA,0,https://www.airbnb.com/rooms/12129245
12132427,NA,Neighborhood highlights,4,NA,1,NA,4.67,12,https://www.airbnb.com/rooms/12132427
12133132,NA,Neighborhood highlights,1,NA,1,NA,4.38,8,https://www.airbnb.com/rooms/12133132
12135851,$175.00,Neighborhood highlights,2,1,1,1,4.81,58,https://www.airbnb.com/rooms/12135851
12145189,NA,Neighborhood highlights,2,NA,NA,NA,4,6,https://www.airbnb.com/rooms/12145189
12145578,NA,Neighborhood highlights,2,NA,NA,NA,4.8,5,https://www.airbnb.com/rooms/12145578
12145887,NA,NA,2,NA,NA,NA,4,1,https://www.airbnb.com/rooms/12145887
12146619,NA,NA,2,NA,1,NA,5,1,https://www.airbnb.com/rooms/12146619
12148215,NA,Neighborhood highlights,1,NA,NA,NA,NA,0,https://www.airbnb.com/rooms/12148215
12153709,NA,NA,2,NA,1,NA,NA,0,https://www.airbnb.com/rooms/12153709
12155351,NA,NA,2,NA,NA,NA,4,1,https://www.airbnb.com/rooms/12155351
12169389,NA,Neighborhood highlights,2,NA,2,NA,4.86,73,https://www.airbnb.com/rooms/12169389
12170307,NA,Neighborhood highlights,2,NA,1,NA,5,1,https://www.airbnb.com/rooms/12170307
12170991,NA,Neighborhood highlights,2,NA,NA,NA,4,2,https://www.airbnb.com/rooms/12170991
12174966,NA,Neighborhood highlights,2,NA,NA,NA,5,10,https://www.airbnb.com/rooms/12174966
12175508,NA,Neighborhood highlights,2,NA,1,NA,NA,0,https://www.airbnb.com/rooms/12175508
12181485,NA,Neighborhood highlights,2,NA,1,NA,4.85,13,https://www.airbnb.com/rooms/12181485
12184165,NA,NA,2,NA,NA,NA,4.73,26,https://www.airbnb.com/rooms/12184165
12184956,NA,Neighborhood highlights,2,NA,NA,NA,NA,0,https://www.airbnb.com/rooms/12184956
12190880,$75.00,Neighborhood highlights,2,1,1,1,4.87,91,https://www.airbnb.com/rooms/12190880
12196647,NA,Neighborhood highlights,1,NA,NA,NA,NA,0,https://www.airbnb.com/rooms/12196647
12202225,NA,Neighborhood highlights,2,NA,1,NA,NA,0,https://www.airbnb.com/rooms/12202225
12202511,NA,NA,2,NA,1,NA,4.5,2,https://www.airbnb.com/rooms/12202511
12205604,$175.00,Neighborhood highlights,3,1,1,2,4.78,45,https://www.airbnb.com/rooms/12205604
12206029,NA,NA,1,NA,NA,NA,5,1,https://www.airbnb.com/rooms/12206029
12206323,NA,Neighborhood highlights,3,NA,1,NA,5,1,https://www.airbnb.com/rooms/12206323
12221970,$900.00,Neighborhood highlights,8,0,4,11,4.6,20,https://www.airbnb.com/rooms/12221970
12222304,NA,NA,3,NA,1,NA,NA,0,https://www.airbnb.com/rooms/12222304
12223866,$96.00,Neighborhood highlights,3,1,1,1,4.91,92,https://www.airbnb.com/rooms/12223866
12224443,NA,Neighborhood highlights,2,NA,1,NA,4.81,43,https://www.airbnb.com/rooms/12224443
12224852,NA,Neighborhood highlights,2,NA,NA,NA,4.5,2,https://www.airbnb.com/rooms/12224852
12228023,NA,NA,2,NA,NA,NA,NA,0,https://www.airbnb.com/rooms/12228023
12228640,NA,Neighborhood highlights,4,NA,NA,NA,NA,0,https://www.airbnb.com/rooms/12228640
12230921,NA,Neighborhood highlights,3,NA,2,NA,5,2,https://www.airbnb.com/rooms/12230921
12231304,NA,NA,1,NA,NA,NA,NA,0,https://www.airbnb.com/rooms/12231304
12245694,$69.00,Neighborhood highlights,1,1,1,1,4.68,25,https://www.airbnb.com/rooms/12245694
12246395,$350.00,NA,3,1.5,3,4,5,1,https://www.airbnb.com/rooms/12246395
12249461,NA,NA,1,NA,1,NA,NA,0,https://www.airbnb.com/rooms/12249461
12252513,NA,NA,2,NA,NA,NA,5,1,https://www.airbnb.com/rooms/12252513
12252583,NA,Neighborhood highlights,1,NA,NA,NA,4,3,https://www.airbnb.com/rooms/12252583
12252993,$115.00,Neighborhood highlights,2,1,1,2,4.78,103,https://www.airbnb.com/rooms/12252993
12253809,NA,Neighborhood highlights,2,NA,NA,NA,NA,0,https://www.airbnb.com/rooms/12253809
12267599,$128.00,Neighborhood highlights,3,1,1,1,4.96,198,https://www.airbnb.com/rooms/12267599
12268056,NA,Neighborhood highlights,1,NA,NA,NA,5,1,https://www.airbnb.com/rooms/12268056
12272376,$243.00,NA,2,1,1,1,4.68,120,https://www.airbnb.com/rooms/12272376
12272850,$228.00,NA,3,1,2,2,4.55,20,https://www.airbnb.com/rooms/12272850
12273048,$180.00,Neighborhood highlights,2,1,1,2,4.45,11,https://www.airbnb.com/rooms/12273048
12281070,NA,NA,4,NA,1,NA,NA,0,https://www.airbnb.com/rooms/12281070
12282916,NA,Neighborhood highlights,2,NA,1,NA,4.67,3,https://www.airbnb.com/rooms/12282916
12286373,NA,NA,2,NA,NA,NA,NA,0,https://www.airbnb.com/rooms/12286373
12286939,NA,Neighborhood highlights,2,NA,NA,NA,4.67,3,https://www.airbnb.com/rooms/12286939
12287938,NA,NA,2,NA,NA,NA,4,3,https://www.airbnb.com/rooms/12287938
12290567,NA,NA,2,NA,NA,NA,3,2,https://www.airbnb.com/rooms/12290567
12291318,NA,Neighborhood highlights,1,NA,NA,NA,5,1,https://www.airbnb.com/rooms/12291318
12300734,NA,NA,1,NA,NA,NA,4.65,49,https://www.airbnb.com/rooms/12300734
12303877,NA,NA,2,NA,NA,NA,NA,0,https://www.airbnb.com/rooms/12303877
12307809,$120.00,Neighborhood highlights,4,1,2,2,4.8,130,https://www.airbnb.com/rooms/12307809
12308695,NA,NA,1,NA,2,NA,4.33,3,https://www.airbnb.com/rooms/12308695
12321626,NA,NA,3,NA,2,NA,4.75,4,https://www.airbnb.com/rooms/12321626
12324428,NA,Neighborhood highlights,1,NA,NA,NA,NA,0,https://www.airbnb.com/rooms/12324428
12324757,NA,Neighborhood highlights,4,NA,2,NA,5,11,https://www.airbnb.com/rooms/12324757
12325036,$150.00,NA,2,1,1,1,4.76,76,https://www.airbnb.com/rooms/12325036
12325045,$145.00,Neighborhood highlights,2,1,1,1,4.67,162,https://www.airbnb.com/rooms/12325045
12328112,$450.00,NA,4,1.5,2,2,4.76,17,https://www.airbnb.com/rooms/12328112
12333456,NA,Neighborhood highlights,3,NA,1,NA,4.88,33,https://www.airbnb.com/rooms/12333456
12336668,NA,Neighborhood highlights,2,NA,NA,NA,4.69,54,https://www.airbnb.com/rooms/12336668
12339863,NA,NA,6,NA,3,NA,NA,0,https://www.airbnb.com/rooms/12339863
12342269,NA,Neighborhood highlights,2,NA,NA,NA,NA,0,https://www.airbnb.com/rooms/12342269
12342876,NA,Neighborhood highlights,5,NA,2,NA,5,1,https://www.airbnb.com/rooms/12342876
12343098,NA,Neighborhood highlights,5,NA,3,NA,4.37,59,https://www.airbnb.com/rooms/12343098
12343793,NA,Neighborhood highlights,2,NA,NA,NA,5,3,https://www.airbnb.com/rooms/12343793
12344255,NA,NA,2,NA,1,NA,NA,0,https://www.airbnb.com/rooms/12344255
12344456,$141.00,Neighborhood highlights,2,1,1,2,4.92,303,https://www.airbnb.com/rooms/12344456
12345786,NA,Neighborhood highlights,2,NA,NA,NA,4.78,37,https://www.airbnb.com/rooms/12345786
12355067,NA,Neighborhood highlights,1,NA,1,NA,5,1,https://www.airbnb.com/rooms/12355067
12358117,NA,Neighborhood highlights,14,NA,6,NA,4.78,40,https://www.airbnb.com/rooms/12358117
12358120,NA,NA,2,NA,1,NA,4.56,9,https://www.airbnb.com/rooms/12358120
12359146,$120.00,NA,6,1,4,5,4.51,41,https://www.airbnb.com/rooms/12359146
12360207,$140.00,NA,2,1,1,2,4.49,69,https://www.airbnb.com/rooms/12360207
12360254,NA,NA,2,NA,1,NA,NA,0,https://www.airbnb.com/rooms/12360254
12360660,$110.00,Neighborhood highlights,1,1,1,1,4.5,4,https://www.airbnb.com/rooms/12360660
12360843,$253.00,Neighborhood highlights,2,1,2,3,5,2,https://www.airbnb.com/rooms/12360843
12365206,NA,Neighborhood highlights,4,NA,NA,NA,NA,0,https://www.airbnb.com/rooms/12365206
12366132,NA,Neighborhood highlights,2,NA,1,NA,3,1,https://www.airbnb.com/rooms/12366132
12366226,NA,Neighborhood highlights,2,NA,2,NA,4.28,18,https://www.airbnb.com/rooms/12366226
12367449,NA,Neighborhood highlights,2,NA,1,NA,5,1,https://www.airbnb.com/rooms/12367449
12375976,NA,Neighborhood highlights,2,NA,NA,NA,5,2,https://www.airbnb.com/rooms/12375976
12376365,$70.00,Neighborhood highlights,1,1,1,1,4.4,58,https://www.airbnb.com/rooms/12376365
12380717,NA,Neighborhood highlights,2,NA,1,NA,5,6,https://www.airbnb.com/rooms/12380717
12381336,NA,Neighborhood highlights,4,NA,2,NA,4.94,18,https://www.airbnb.com/rooms/12381336
12386579,$50.00,Neighborhood highlights,1,1,1,1,4.79,81,https://www.airbnb.com/rooms/12386579
12387018,NA,Neighborhood highlights,3,NA,1,NA,NA,0,https://www.airbnb.com/rooms/12387018
12387215,NA,NA,1,NA,NA,NA,NA,0,https://www.airbnb.com/rooms/12387215
12388494,NA,NA,5,NA,NA,NA,NA,0,https://www.airbnb.com/rooms/12388494
12389931,NA,NA,3,NA,1,NA,5,2,https://www.airbnb.com/rooms/12389931
12396603,NA,NA,2,NA,NA,NA,5,1,https://www.airbnb.com/rooms/12396603
12401233,$98.00,Neighborhood highlights,2,1,1,1,4.84,49,https://www.airbnb.com/rooms/12401233
12403252,$165.00,Neighborhood highlights,3,1,1,2,4.72,255,https://www.airbnb.com/rooms/12403252
12403816,NA,NA,2,NA,NA,NA,4.95,152,https://www.airbnb.com/rooms/12403816
12404734,NA,Neighborhood highlights,1,NA,NA,NA,5,1,https://www.airbnb.com/rooms/12404734
12404820,NA,NA,1,NA,1,NA,NA,0,https://www.airbnb.com/rooms/12404820
12404998,NA,Neighborhood highlights,2,NA,1,NA,4,1,https://www.airbnb.com/rooms/12404998
12405814,NA,Neighborhood highlights,4,NA,2,NA,4.75,4,https://www.airbnb.com/rooms/12405814
12406683,NA,Neighborhood highlights,2,NA,NA,NA,5,3,https://www.airbnb.com/rooms/12406683
12408554,NA,NA,1,NA,NA,NA,NA,0,https://www.airbnb.com/rooms/12408554
12409217,$125.00,NA,3,1,0,1,4.75,8,https://www.airbnb.com/rooms/12409217
12409508,NA,NA,2,NA,NA,NA,NA,0,https://www.airbnb.com/rooms/12409508
12411737,NA,NA,4,NA,1,NA,NA,0,https://www.airbnb.com/rooms/12411737
12420694,NA,NA,2,NA,NA,NA,NA,0,https://www.airbnb.com/rooms/12420694
12423497,NA,NA,2,NA,NA,NA,5,1,https://www.airbnb.com/rooms/12423497
12425296,NA,NA,2,NA,1,NA,NA,0,https://www.airbnb.com/rooms/12425296
12426775,NA,NA,2,NA,NA,NA,4,2,https://www.airbnb.com/rooms/12426775
12426778,NA,NA,1,NA,1,NA,NA,0,https://www.airbnb.com/rooms/12426778
12426957,NA,NA,2,NA,1,NA,4.5,2,https://www.airbnb.com/rooms/12426957
12431649,$150.00,NA,4,1,1,1,4.88,8,https://www.airbnb.com/rooms/12431649
12433302,$230.00,Neighborhood highlights,4,1,1,2,4.9,146,https://www.airbnb.com/rooms/12433302
12446494,NA,NA,3,NA,2,NA,NA,0,https://www.airbnb.com/rooms/12446494
12451425,NA,NA,2,NA,NA,NA,5,3,https://www.airbnb.com/rooms/12451425
12462634,NA,Neighborhood highlights,2,NA,1,NA,5,5,https://www.airbnb.com/rooms/12462634
12464635,NA,Neighborhood highlights,3,NA,2,NA,5,17,https://www.airbnb.com/rooms/12464635
12465732,NA,NA,2,NA,NA,NA,4,1,https://www.airbnb.com/rooms/12465732
12470877,NA,Neighborhood highlights,2,NA,NA,NA,5,4,https://www.airbnb.com/rooms/12470877
12471447,NA,Neighborhood highlights,3,NA,1,NA,4.8,5,https://www.airbnb.com/rooms/12471447
12472883,NA,NA,1,NA,1,NA,NA,0,https://www.airbnb.com/rooms/12472883
12487909,NA,Neighborhood highlights,3,NA,2,NA,4.85,132,https://www.airbnb.com/rooms/12487909
12492242,NA,NA,2,NA,NA,NA,NA,0,https://www.airbnb.com/rooms/12492242
12492941,NA,Neighborhood highlights,2,NA,NA,NA,4.69,32,https://www.airbnb.com/rooms/12492941
12494415,NA,NA,4,NA,2,NA,NA,0,https://www.airbnb.com/rooms/12494415
12494870,NA,NA,1,NA,NA,NA,5,2,https://www.airbnb.com/rooms/12494870
12495831,$135.00,Neighborhood highlights,2,1,0,1,4.87,83,https://www.airbnb.com/rooms/12495831
12497438,NA,NA,2,NA,1,NA,5,7,https://www.airbnb.com/rooms/12497438
12497757,NA,NA,1,NA,NA,NA,NA,0,https://www.airbnb.com/rooms/12497757
12497783,NA,NA,1,NA,NA,NA,5,1,https://www.airbnb.com/rooms/12497783
12509350,NA,NA,2,NA,1,NA,4,2,https://www.airbnb.com/rooms/12509350
12518189,$125.00,Neighborhood highlights,4,1,1,2,4.5,48,https://www.airbnb.com/rooms/12518189
12519645,NA,NA,1,NA,NA,NA,5,3,https://www.airbnb.com/rooms/12519645
12520066,NA,NA,6,NA,4,NA,NA,0,https://www.airbnb.com/rooms/12520066
12521735,NA,Neighborhood highlights,1,NA,NA,NA,NA,0,https://www.airbnb.com/rooms/12521735
12522024,NA,Neighborhood highlights,2,NA,NA,NA,4.33,3,https://www.airbnb.com/rooms/12522024
12542485,$210.00,NA,4,1,2,6,4.86,14,https://www.airbnb.com/rooms/12542485
12542544,$140.00,Neighborhood highlights,4,1,1,2,4.87,235,https://www.airbnb.com/rooms/12542544
12543988,NA,NA,1,NA,NA,NA,NA,0,https://www.airbnb.com/rooms/12543988
12547481,NA,Neighborhood highlights,4,NA,1,NA,5,1,https://www.airbnb.com/rooms/12547481
12549290,NA,Neighborhood highlights,1,NA,NA,NA,4.67,3,https://www.airbnb.com/rooms/12549290
12554945,NA,NA,2,NA,NA,NA,5,8,https://www.airbnb.com/rooms/12554945
12558102,NA,Neighborhood highlights,2,NA,NA,NA,NA,0,https://www.airbnb.com/rooms/12558102
12560110,NA,Neighborhood highlights,2,NA,1,NA,5,4,https://www.airbnb.com/rooms/12560110
12560137,NA,NA,3,NA,1,NA,NA,0,https://www.airbnb.com/rooms/12560137
12561615,NA,NA,2,NA,NA,NA,4.79,123,https://www.airbnb.com/rooms/12561615
12563738,$700.00,Neighborhood highlights,8,3.5,4,4,4.85,67,https://www.airbnb.com/rooms/12563738
12566262,NA,NA,1,NA,2,NA,NA,0,https://www.airbnb.com/rooms/12566262
12567868,$64.00,Neighborhood highlights,1,1,1,2,4.83,139,https://www.airbnb.com/rooms/12567868
12567993,NA,Neighborhood highlights,1,NA,NA,NA,NA,0,https://www.airbnb.com/rooms/12567993
12568401,NA,Neighborhood highlights,2,NA,1,NA,5,1,https://www.airbnb.com/rooms/12568401
12582348,NA,Neighborhood highlights,2,NA,1,NA,4.73,11,https://www.airbnb.com/rooms/12582348
12584072,$200.00,Neighborhood highlights,8,2,4,5,4.34,245,https://www.airbnb.com/rooms/12584072
12585126,NA,NA,2,NA,1,NA,NA,0,https://www.airbnb.com/rooms/12585126
12587017,NA,Neighborhood highlights,3,NA,1,NA,4.94,176,https://www.airbnb.com/rooms/12587017
12590077,$500.00,Neighborhood highlights,9,2,4,5,4.78,36,https://www.airbnb.com/rooms/12590077
12591059,NA,Neighborhood highlights,4,NA,2,NA,4,4,https://www.airbnb.com/rooms/12591059
12592427,$99.00,Neighborhood highlights,2,1,1,2,4.91,307,https://www.airbnb.com/rooms/12592427
12598128,NA,Neighborhood highlights,6,NA,3,NA,4.4,5,https://www.airbnb.com/rooms/12598128
12598446,NA,NA,4,NA,4,NA,4.4,5,https://www.airbnb.com/rooms/12598446
12601900,NA,Neighborhood highlights,4,NA,1,NA,4,2,https://www.airbnb.com/rooms/12601900
12606349,$159.00,Neighborhood highlights,4,1,2,4,4.77,26,https://www.airbnb.com/rooms/12606349
12610244,$125.00,Neighborhood highlights,2,1.5,1,1,4.82,22,https://www.airbnb.com/rooms/12610244
12611122,NA,Neighborhood highlights,3,NA,NA,NA,5,7,https://www.airbnb.com/rooms/12611122
12619450,$90.00,NA,1,1,1,1,4.4,10,https://www.airbnb.com/rooms/12619450
12621050,NA,NA,1,NA,1,NA,NA,0,https://www.airbnb.com/rooms/12621050
12624890,$64.00,Neighborhood highlights,1,1,1,1,4.8,103,https://www.airbnb.com/rooms/12624890
12642845,$175.00,Neighborhood highlights,3,1,1,2,4.94,80,https://www.airbnb.com/rooms/12642845
12643171,NA,NA,1,NA,NA,NA,NA,0,https://www.airbnb.com/rooms/12643171
12645495,$175.00,Neighborhood highlights,6,1,3,4,4.99,92,https://www.airbnb.com/rooms/12645495
12649685,NA,Neighborhood highlights,4,NA,1,NA,4.84,32,https://www.airbnb.com/rooms/12649685
12650830,NA,NA,1,NA,NA,NA,NA,0,https://www.airbnb.com/rooms/12650830
12650991,NA,Neighborhood highlights,1,NA,NA,NA,5,2,https://www.airbnb.com/rooms/12650991
12652833,NA,NA,1,NA,1,NA,NA,0,https://www.airbnb.com/rooms/12652833
12652939,NA,NA,2,NA,1,NA,4.5,2,https://www.airbnb.com/rooms/12652939
12653674,NA,NA,5,NA,2,NA,4.73,30,https://www.airbnb.com/rooms/12653674
12656785,NA,Neighborhood highlights,2,NA,NA,NA,5,6,https://www.airbnb.com/rooms/12656785
12657039,NA,Neighborhood highlights,2,NA,NA,NA,5,1,https://www.airbnb.com/rooms/12657039
12657888,NA,Neighborhood highlights,1,NA,1,NA,3,1,https://www.airbnb.com/rooms/12657888
12658099,$120.00,Neighborhood highlights,1,1,1,1,4.81,170,https://www.airbnb.com/rooms/12658099
12664893,$92.00,Neighborhood highlights,2,1,1,1,4.68,134,https://www.airbnb.com/rooms/12664893
12666669,NA,NA,2,NA,NA,NA,5,1,https://www.airbnb.com/rooms/12666669
12676400,NA,NA,2,NA,1,NA,NA,0,https://www.airbnb.com/rooms/12676400
12679172,NA,Neighborhood highlights,7,NA,2,NA,4.48,27,https://www.airbnb.com/rooms/12679172
12681206,$123.00,Neighborhood highlights,2,1,1,1,4.9,63,https://www.airbnb.com/rooms/12681206
12681730,NA,NA,2,NA,NA,NA,NA,0,https://www.airbnb.com/rooms/12681730
12684235,NA,Neighborhood highlights,1,NA,1,NA,NA,0,https://www.airbnb.com/rooms/12684235
12686241,$150.00,NA,2,1,1,1,4.72,65,https://www.airbnb.com/rooms/12686241
12687169,NA,Neighborhood highlights,2,NA,1,NA,5,2,https://www.airbnb.com/rooms/12687169
12693458,NA,Neighborhood highlights,2,NA,NA,NA,4.5,6,https://www.airbnb.com/rooms/12693458
12701430,$206.00,Neighborhood highlights,2,1,1,1,4.72,87,https://www.airbnb.com/rooms/12701430
12702291,$160.00,NA,3,1,1,1,5,4,https://www.airbnb.com/rooms/12702291
12703851,$600.00,Neighborhood highlights,3,1,2,2,4.91,11,https://www.airbnb.com/rooms/12703851
12705155,NA,Neighborhood highlights,1,NA,1,NA,4.67,3,https://www.airbnb.com/rooms/12705155
12705303,NA,Neighborhood highlights,2,NA,1,NA,4.5,2,https://www.airbnb.com/rooms/12705303
12705519,NA,Neighborhood highlights,5,NA,2,NA,4.8,5,https://www.airbnb.com/rooms/12705519
12711232,NA,Neighborhood highlights,2,NA,NA,NA,5,3,https://www.airbnb.com/rooms/12711232
12713863,$35.00,NA,2,2,1,1,4.39,96,https://www.airbnb.com/rooms/12713863
12713950,NA,Neighborhood highlights,1,NA,NA,NA,4,1,https://www.airbnb.com/rooms/12713950
12723066,$200.00,Neighborhood highlights,4,1,2,3,4.11,18,https://www.airbnb.com/rooms/12723066
12725523,NA,Neighborhood highlights,4,NA,1,NA,4.75,12,https://www.airbnb.com/rooms/12725523
12727438,NA,NA,3,NA,1,NA,NA,0,https://www.airbnb.com/rooms/12727438
12727779,NA,NA,2,NA,NA,NA,NA,0,https://www.airbnb.com/rooms/12727779
12728514,NA,NA,2,NA,1,NA,5,1,https://www.airbnb.com/rooms/12728514
12733742,NA,NA,1,NA,1,NA,5,1,https://www.airbnb.com/rooms/12733742
12734487,NA,NA,1,NA,1,NA,NA,0,https://www.airbnb.com/rooms/12734487
12734936,NA,NA,2,NA,NA,NA,NA,0,https://www.airbnb.com/rooms/12734936
12735969,NA,Neighborhood highlights,1,NA,1,NA,5,1,https://www.airbnb.com/rooms/12735969
12737192,$60.00,Neighborhood highlights,2,1,1,2,4.9,10,https://www.airbnb.com/rooms/12737192
12737335,NA,NA,2,NA,1,NA,NA,0,https://www.airbnb.com/rooms/12737335
12737915,NA,Neighborhood highlights,2,NA,NA,NA,5,1,https://www.airbnb.com/rooms/12737915
12738047,NA,NA,2,NA,NA,NA,NA,0,https://www.airbnb.com/rooms/12738047
12740226,NA,NA,2,NA,NA,NA,4.22,9,https://www.airbnb.com/rooms/12740226
12740726,NA,Neighborhood highlights,2,NA,1,NA,4.96,23,https://www.airbnb.com/rooms/12740726
12747434,$45.00,Neighborhood highlights,2,1,1,1,4.39,92,https://www.airbnb.com/rooms/12747434
12751471,NA,NA,2,NA,NA,NA,4,1,https://www.airbnb.com/rooms/12751471
12757980,NA,NA,3,NA,2,NA,NA,0,https://www.airbnb.com/rooms/12757980
12760088,NA,NA,2,NA,NA,NA,4,1,https://www.airbnb.com/rooms/12760088
12761563,NA,Neighborhood highlights,2,NA,NA,NA,5,1,https://www.airbnb.com/rooms/12761563
12763385,NA,Neighborhood highlights,2,NA,NA,NA,NA,0,https://www.airbnb.com/rooms/12763385
12763721,NA,Neighborhood highlights,2,NA,NA,NA,4.86,176,https://www.airbnb.com/rooms/12763721
12764378,NA,NA,2,NA,1,NA,5,1,https://www.airbnb.com/rooms/12764378
12765391,NA,Neighborhood highlights,2,NA,NA,NA,NA,0,https://www.airbnb.com/rooms/12765391
12765858,NA,NA,1,NA,NA,NA,NA,0,https://www.airbnb.com/rooms/12765858
12772993,NA,Neighborhood highlights,2,NA,NA,NA,5,2,https://www.airbnb.com/rooms/12772993
12774975,NA,Neighborhood highlights,1,NA,NA,NA,NA,0,https://www.airbnb.com/rooms/12774975
12775106,NA,NA,4,NA,2,NA,5,1,https://www.airbnb.com/rooms/12775106
12778678,$154.00,Neighborhood highlights,4,1,0,2,4.93,14,https://www.airbnb.com/rooms/12778678
12780993,NA,NA,2,NA,NA,NA,NA,0,https://www.airbnb.com/rooms/12780993
12791778,NA,Neighborhood highlights,2,NA,NA,NA,4.8,5,https://www.airbnb.com/rooms/12791778
12794520,NA,NA,1,NA,1,NA,3,2,https://www.airbnb.com/rooms/12794520
12794791,$98.00,Neighborhood highlights,2,1,1,1,4.77,132,https://www.airbnb.com/rooms/12794791
12804309,$250.00,Neighborhood highlights,3,1,2,2,4.93,245,https://www.airbnb.com/rooms/12804309
12806016,$175.00,Neighborhood highlights,4,1,2,3,4.98,128,https://www.airbnb.com/rooms/12806016
12806356,$127.00,Neighborhood highlights,3,1,1,2,4.89,27,https://www.airbnb.com/rooms/12806356
12806940,NA,Neighborhood highlights,4,NA,2,NA,4.88,83,https://www.airbnb.com/rooms/12806940
12810131,NA,Neighborhood highlights,1,NA,1,NA,NA,0,https://www.airbnb.com/rooms/12810131
12811459,$650.00,Neighborhood highlights,8,2,4,4,4.71,42,https://www.airbnb.com/rooms/12811459
12812577,$650.00,Neighborhood highlights,8,2,4,4,4.77,43,https://www.airbnb.com/rooms/12812577
12812618,NA,Neighborhood highlights,1,NA,NA,NA,4.5,6,https://www.airbnb.com/rooms/12812618
12814195,NA,Neighborhood highlights,2,NA,NA,NA,NA,0,https://www.airbnb.com/rooms/12814195
12815139,NA,NA,3,NA,1,NA,4.5,6,https://www.airbnb.com/rooms/12815139
12823429,NA,Neighborhood highlights,1,NA,NA,NA,NA,0,https://www.airbnb.com/rooms/12823429
12825700,NA,NA,2,NA,1,NA,5,1,https://www.airbnb.com/rooms/12825700
12827123,NA,Neighborhood highlights,2,NA,4,NA,NA,0,https://www.airbnb.com/rooms/12827123
12827964,$110.00,Neighborhood highlights,1,1,0,1,4.89,27,https://www.airbnb.com/rooms/12827964
12829031,$125.00,Neighborhood highlights,1,1,2,5,5,1,https://www.airbnb.com/rooms/12829031
12829063,$195.00,Neighborhood highlights,2,1,1,3,4.94,108,https://www.airbnb.com/rooms/12829063
12830905,NA,NA,2,NA,NA,NA,4.67,18,https://www.airbnb.com/rooms/12830905
12831418,NA,Neighborhood highlights,1,NA,NA,NA,4.88,8,https://www.airbnb.com/rooms/12831418
12832062,NA,Neighborhood highlights,4,NA,1,NA,4.91,55,https://www.airbnb.com/rooms/12832062
12832371,$195.00,Neighborhood highlights,3,1,1,1,4.5,2,https://www.airbnb.com/rooms/12832371
12833187,$250.00,Neighborhood highlights,3,1,1,1,5,1,https://www.airbnb.com/rooms/12833187
12836808,$148.00,Neighborhood highlights,2,1,1,1,4.47,51,https://www.airbnb.com/rooms/12836808
12836932,NA,Neighborhood highlights,4,NA,1,NA,4,1,https://www.airbnb.com/rooms/12836932
12844709,NA,Neighborhood highlights,1,NA,NA,NA,NA,0,https://www.airbnb.com/rooms/12844709
12846033,NA,Neighborhood highlights,2,NA,1,NA,NA,0,https://www.airbnb.com/rooms/12846033
12846584,NA,Neighborhood highlights,2,NA,1,NA,4.78,9,https://www.airbnb.com/rooms/12846584
12850186,NA,NA,2,NA,1,NA,NA,0,https://www.airbnb.com/rooms/12850186
12851100,NA,NA,2,NA,1,NA,4.78,18,https://www.airbnb.com/rooms/12851100
12851607,NA,Neighborhood highlights,2,NA,NA,NA,4.67,3,https://www.airbnb.com/rooms/12851607
12851869,$160.00,NA,3,1,1,1,3.71,7,https://www.airbnb.com/rooms/12851869
12852083,$185.00,Neighborhood highlights,4,1,2,2,5,24,https://www.airbnb.com/rooms/12852083
12852935,NA,NA,2,NA,NA,NA,NA,0,https://www.airbnb.com/rooms/12852935
12856720,$57.00,Neighborhood highlights,1,1,1,0,4.56,70,https://www.airbnb.com/rooms/12856720
12856987,$45.00,NA,1,4,1,NA,NA,0,https://www.airbnb.com/rooms/12856987
12856992,NA,Neighborhood highlights,1,NA,NA,NA,3.13,8,https://www.airbnb.com/rooms/12856992
12863594,NA,Neighborhood highlights,3,NA,2,NA,NA,0,https://www.airbnb.com/rooms/12863594
12864193,NA,NA,6,NA,2,NA,5,2,https://www.airbnb.com/rooms/12864193
12864971,NA,NA,2,NA,NA,NA,NA,0,https://www.airbnb.com/rooms/12864971
12866207,$100.00,Neighborhood highlights,2,1.5,1,1,4.79,58,https://www.airbnb.com/rooms/12866207
12867918,$161.00,Neighborhood highlights,2,1,0,2,4.65,31,https://www.airbnb.com/rooms/12867918
12869174,NA,NA,1,NA,NA,NA,NA,0,https://www.airbnb.com/rooms/12869174
12869679,NA,Neighborhood highlights,3,NA,1,NA,5,3,https://www.airbnb.com/rooms/12869679
12869930,$200.00,NA,5,1,2,2,4.38,8,https://www.airbnb.com/rooms/12869930
12873930,NA,NA,3,NA,1,NA,4.5,2,https://www.airbnb.com/rooms/12873930
12876883,NA,NA,1,NA,1,NA,4,1,https://www.airbnb.com/rooms/12876883
12881611,NA,Neighborhood highlights,1,NA,NA,NA,4.73,22,https://www.airbnb.com/rooms/12881611
12885472,$150.00,Neighborhood highlights,2,1,1,1,4.9,139,https://www.airbnb.com/rooms/12885472
12885921,NA,Neighborhood highlights,3,NA,1,NA,4.5,4,https://www.airbnb.com/rooms/12885921
12888052,$329.00,Neighborhood highlights,3,1,1,1,5,3,https://www.airbnb.com/rooms/12888052
12888849,NA,NA,3,NA,NA,NA,NA,0,https://www.airbnb.com/rooms/12888849
12897616,NA,NA,2,NA,NA,NA,5,1,https://www.airbnb.com/rooms/12897616
12897713,NA,NA,2,NA,1,NA,4,2,https://www.airbnb.com/rooms/12897713
12898987,NA,Neighborhood highlights,8,NA,3,NA,5,2,https://www.airbnb.com/rooms/12898987
12899112,NA,NA,1,NA,1,NA,3.67,3,https://www.airbnb.com/rooms/12899112
12900284,NA,NA,1,NA,1,NA,NA,0,https://www.airbnb.com/rooms/12900284
12902686,NA,Neighborhood highlights,2,NA,NA,NA,4,1,https://www.airbnb.com/rooms/12902686
12903772,NA,Neighborhood highlights,2,NA,NA,NA,4.83,6,https://www.airbnb.com/rooms/12903772
12904840,NA,Neighborhood highlights,1,NA,NA,NA,4.6,5,https://www.airbnb.com/rooms/12904840
12905314,NA,NA,1,NA,NA,NA,5,6,https://www.airbnb.com/rooms/12905314
12912510,NA,Neighborhood highlights,4,NA,1,NA,4.62,26,https://www.airbnb.com/rooms/12912510
12914669,NA,Neighborhood highlights,2,NA,NA,NA,4.5,2,https://www.airbnb.com/rooms/12914669
12914726,NA,Neighborhood highlights,2,NA,NA,NA,4.8,5,https://www.airbnb.com/rooms/12914726
12916138,NA,NA,6,NA,2,NA,5,1,https://www.airbnb.com/rooms/12916138
12916189,NA,Neighborhood highlights,6,NA,2,NA,5,4,https://www.airbnb.com/rooms/12916189
12916646,NA,Neighborhood highlights,2,NA,NA,NA,4.59,22,https://www.airbnb.com/rooms/12916646
12917057,NA,Neighborhood highlights,2,NA,1,NA,4.8,5,https://www.airbnb.com/rooms/12917057
12917422,NA,NA,1,NA,NA,NA,5,1,https://www.airbnb.com/rooms/12917422
12917834,NA,Neighborhood highlights,2,NA,1,NA,5,6,https://www.airbnb.com/rooms/12917834
12924969,$165.00,NA,2,1.5,1,1,5,2,https://www.airbnb.com/rooms/12924969
12926849,NA,Neighborhood highlights,2,NA,NA,NA,4.86,7,https://www.airbnb.com/rooms/12926849
12929852,$299.00,Neighborhood highlights,9,2.5,4,7,4.94,64,https://www.airbnb.com/rooms/12929852
12932186,$200.00,Neighborhood highlights,1,1,1,1,4.91,70,https://www.airbnb.com/rooms/12932186
12941306,NA,NA,2,NA,NA,NA,NA,0,https://www.airbnb.com/rooms/12941306
12941586,NA,NA,3,NA,NA,NA,4.86,7,https://www.airbnb.com/rooms/12941586
12947660,NA,NA,1,NA,NA,NA,4.17,6,https://www.airbnb.com/rooms/12947660
12950979,NA,NA,3,NA,1,NA,NA,0,https://www.airbnb.com/rooms/12950979
12950991,$499.00,Neighborhood highlights,3,1,1,2,4.94,109,https://www.airbnb.com/rooms/12950991
12951215,NA,Neighborhood highlights,3,NA,1,NA,4.25,4,https://www.airbnb.com/rooms/12951215
12953234,NA,Neighborhood highlights,1,NA,NA,NA,NA,0,https://www.airbnb.com/rooms/12953234
12953867,NA,Neighborhood highlights,2,NA,NA,NA,4.7,176,https://www.airbnb.com/rooms/12953867
12954148,NA,NA,2,NA,1,NA,2,1,https://www.airbnb.com/rooms/12954148
12955940,NA,NA,1,NA,NA,NA,4.5,2,https://www.airbnb.com/rooms/12955940
12956122,NA,Neighborhood highlights,2,NA,NA,NA,NA,0,https://www.airbnb.com/rooms/12956122
12962798,NA,NA,4,NA,NA,NA,4.93,28,https://www.airbnb.com/rooms/12962798
12964763,$150.00,NA,3,1,0,2,4.4,10,https://www.airbnb.com/rooms/12964763
12965215,$100.00,Neighborhood highlights,2,1.5,1,2,4.62,58,https://www.airbnb.com/rooms/12965215
12965288,NA,Neighborhood highlights,2,NA,2,NA,4.96,47,https://www.airbnb.com/rooms/12965288
12965831,$160.00,NA,2,1,1,1,5,15,https://www.airbnb.com/rooms/12965831
12967227,NA,NA,2,NA,NA,NA,NA,0,https://www.airbnb.com/rooms/12967227
12972292,NA,Neighborhood highlights,2,NA,NA,NA,4.52,73,https://www.airbnb.com/rooms/12972292
12972783,NA,Neighborhood highlights,2,NA,NA,NA,4.59,44,https://www.airbnb.com/rooms/12972783
12973288,NA,NA,1,NA,NA,NA,4.38,29,https://www.airbnb.com/rooms/12973288
12973363,NA,Neighborhood highlights,2,NA,NA,NA,4.78,46,https://www.airbnb.com/rooms/12973363
12973819,NA,Neighborhood highlights,2,NA,2,NA,4.8,10,https://www.airbnb.com/rooms/12973819
12985547,$140.00,Neighborhood highlights,2,1,1,1,4.88,8,https://www.airbnb.com/rooms/12985547
12986700,NA,NA,4,NA,2,NA,5,2,https://www.airbnb.com/rooms/12986700
12986728,NA,Neighborhood highlights,1,NA,NA,NA,5,1,https://www.airbnb.com/rooms/12986728
12987298,NA,Neighborhood highlights,2,NA,1,NA,4.88,8,https://www.airbnb.com/rooms/12987298
12990232,NA,NA,1,NA,NA,NA,NA,0,https://www.airbnb.com/rooms/12990232
12990502,NA,NA,1,NA,NA,NA,4.95,42,https://www.airbnb.com/rooms/12990502
12990926,NA,NA,2,NA,NA,NA,5,2,https://www.airbnb.com/rooms/12990926
13000020,NA,NA,2,NA,2,NA,4.88,17,https://www.airbnb.com/rooms/13000020
13000527,NA,Neighborhood highlights,1,NA,1,NA,NA,0,https://www.airbnb.com/rooms/13000527
13004741,NA,Neighborhood highlights,2,NA,NA,NA,4.81,26,https://www.airbnb.com/rooms/13004741
13004961,$212.00,NA,2,1,1,3,4.72,60,https://www.airbnb.com/rooms/13004961
13004967,$285.00,Neighborhood highlights,2,1,1,2,4.59,49,https://www.airbnb.com/rooms/13004967
13004996,$143.00,NA,2,1,0,0,4.94,204,https://www.airbnb.com/rooms/13004996
13006008,$155.00,NA,2,1,0,1,5,15,https://www.airbnb.com/rooms/13006008
13007839,NA,NA,1,NA,1,NA,NA,0,https://www.airbnb.com/rooms/13007839
13009244,$195.00,NA,3,1,1,1,4.85,103,https://www.airbnb.com/rooms/13009244
13013882,NA,Neighborhood highlights,2,NA,NA,NA,5,1,https://www.airbnb.com/rooms/13013882
13016417,NA,Neighborhood highlights,2,NA,NA,NA,4.83,6,https://www.airbnb.com/rooms/13016417
13017016,NA,Neighborhood highlights,3,NA,1,NA,4.7,53,https://www.airbnb.com/rooms/13017016
13017140,NA,Neighborhood highlights,3,NA,1,NA,5,2,https://www.airbnb.com/rooms/13017140
13018052,NA,Neighborhood highlights,6,NA,4,NA,NA,0,https://www.airbnb.com/rooms/13018052
13019436,$260.00,NA,6,2.5,3,3,5,2,https://www.airbnb.com/rooms/13019436
13023771,NA,Neighborhood highlights,1,NA,NA,NA,4.7,23,https://www.airbnb.com/rooms/13023771
13024560,$150.00,NA,2,1.5,1,1,5,1,https://www.airbnb.com/rooms/13024560
13025960,NA,Neighborhood highlights,1,NA,NA,NA,NA,0,https://www.airbnb.com/rooms/13025960
13030999,NA,NA,3,NA,1,NA,4.5,2,https://www.airbnb.com/rooms/13030999
13031383,NA,NA,2,NA,NA,NA,NA,0,https://www.airbnb.com/rooms/13031383
13031826,NA,Neighborhood highlights,4,NA,1,NA,4.6,5,https://www.airbnb.com/rooms/13031826
13031854,$135.00,Neighborhood highlights,3,1,1,1,4.67,88,https://www.airbnb.com/rooms/13031854
13040221,NA,NA,6,NA,3,NA,4.92,12,https://www.airbnb.com/rooms/13040221
13040683,NA,NA,3,NA,NA,NA,5,1,https://www.airbnb.com/rooms/13040683
13042051,NA,Neighborhood highlights,4,NA,2,NA,4.95,22,https://www.airbnb.com/rooms/13042051
13042637,$160.00,Neighborhood highlights,5,1,2,2,4.92,283,https://www.airbnb.com/rooms/13042637
13044668,NA,Neighborhood highlights,1,NA,NA,NA,4.5,4,https://www.airbnb.com/rooms/13044668
13044689,$399.00,NA,4,2,1,1,4.86,35,https://www.airbnb.com/rooms/13044689
13044815,NA,NA,1,NA,NA,NA,NA,0,https://www.airbnb.com/rooms/13044815
13044996,NA,Neighborhood highlights,2,NA,1,NA,4.57,21,https://www.airbnb.com/rooms/13044996
13046279,$200.00,Neighborhood highlights,4,1,2,2,4.95,39,https://www.airbnb.com/rooms/13046279
13047541,$40.00,Neighborhood highlights,1,1,1,1,5,14,https://www.airbnb.com/rooms/13047541
13055856,NA,Neighborhood highlights,4,NA,1,NA,4.91,128,https://www.airbnb.com/rooms/13055856
13057103,NA,Neighborhood highlights,1,NA,2,NA,5,1,https://www.airbnb.com/rooms/13057103
13058423,$150.00,Neighborhood highlights,2,1,1,1,4.83,121,https://www.airbnb.com/rooms/13058423
13060365,NA,Neighborhood highlights,1,NA,5,NA,NA,0,https://www.airbnb.com/rooms/13060365
13060456,NA,NA,2,NA,1,NA,5,1,https://www.airbnb.com/rooms/13060456
13061064,NA,NA,2,NA,NA,NA,5,1,https://www.airbnb.com/rooms/13061064
13064336,NA,NA,1,NA,NA,NA,4.83,6,https://www.airbnb.com/rooms/13064336
13064386,NA,Neighborhood highlights,2,NA,NA,NA,4.8,50,https://www.airbnb.com/rooms/13064386
13064913,NA,Neighborhood highlights,2,NA,NA,NA,4.92,13,https://www.airbnb.com/rooms/13064913
13065356,NA,NA,2,NA,NA,NA,4.68,98,https://www.airbnb.com/rooms/13065356
13065655,NA,NA,2,NA,1,NA,NA,0,https://www.airbnb.com/rooms/13065655
13075158,$185.00,Neighborhood highlights,2,1,1,1,4.92,36,https://www.airbnb.com/rooms/13075158
13076852,NA,NA,2,NA,NA,NA,4.86,7,https://www.airbnb.com/rooms/13076852
13077849,$263.00,Neighborhood highlights,2,1,1,1,5,4,https://www.airbnb.com/rooms/13077849
13080002,NA,NA,1,NA,NA,NA,NA,0,https://www.airbnb.com/rooms/13080002
13080685,NA,Neighborhood highlights,2,NA,NA,NA,4.78,23,https://www.airbnb.com/rooms/13080685
13081306,$125.00,NA,3,1,0,1,4.6,10,https://www.airbnb.com/rooms/13081306
13083030,NA,NA,5,NA,2,NA,NA,0,https://www.airbnb.com/rooms/13083030
13083221,NA,NA,1,NA,NA,NA,NA,0,https://www.airbnb.com/rooms/13083221
13083638,NA,Neighborhood highlights,3,NA,1,NA,4.75,8,https://www.airbnb.com/rooms/13083638
13083988,NA,NA,2,NA,1,NA,5,2,https://www.airbnb.com/rooms/13083988
13091684,$205.00,Neighborhood highlights,4,1,2,4,4.31,13,https://www.airbnb.com/rooms/13091684
13092482,NA,Neighborhood highlights,3,NA,1,NA,5,2,https://www.airbnb.com/rooms/13092482
13094250,NA,Neighborhood highlights,2,NA,NA,NA,4.8,5,https://www.airbnb.com/rooms/13094250
13094690,NA,NA,1,NA,NA,NA,5,1,https://www.airbnb.com/rooms/13094690
13096146,NA,Neighborhood highlights,4,NA,2,NA,4.29,7,https://www.airbnb.com/rooms/13096146
13098452,NA,Neighborhood highlights,5,NA,3,NA,4.59,17,https://www.airbnb.com/rooms/13098452
13098705,NA,Neighborhood highlights,2,NA,1,NA,4.71,41,https://www.airbnb.com/rooms/13098705
13099377,NA,Neighborhood highlights,2,NA,NA,NA,5,3,https://www.airbnb.com/rooms/13099377
13100152,NA,NA,1,NA,1,NA,5,1,https://www.airbnb.com/rooms/13100152
13100726,$245.00,NA,2,1,1,2,4.57,47,https://www.airbnb.com/rooms/13100726
13101260,NA,Neighborhood highlights,3,NA,1,NA,4.33,3,https://www.airbnb.com/rooms/13101260
13101855,$100.00,Neighborhood highlights,2,1,0,2,4.95,214,https://www.airbnb.com/rooms/13101855
13102116,NA,NA,2,NA,1,NA,5,1,https://www.airbnb.com/rooms/13102116
13107627,$119.00,NA,2,1,1,1,4.93,27,https://www.airbnb.com/rooms/13107627
13108191,$334.00,Neighborhood highlights,3,1,1,1,4.5,2,https://www.airbnb.com/rooms/13108191
13109817,NA,NA,1,NA,NA,NA,NA,0,https://www.airbnb.com/rooms/13109817
13109949,NA,NA,2,NA,1,NA,4.5,2,https://www.airbnb.com/rooms/13109949
13111578,NA,NA,2,NA,NA,NA,NA,0,https://www.airbnb.com/rooms/13111578
13113038,NA,Neighborhood highlights,6,NA,1,NA,NA,0,https://www.airbnb.com/rooms/13113038
13113422,NA,Neighborhood highlights,2,NA,1,NA,NA,0,https://www.airbnb.com/rooms/13113422
13113626,NA,NA,4,NA,2,NA,4.5,2,https://www.airbnb.com/rooms/13113626
13113906,$109.00,Neighborhood highlights,2,1,1,1,4.86,182,https://www.airbnb.com/rooms/13113906
13114437,NA,NA,2,NA,NA,NA,5,2,https://www.airbnb.com/rooms/13114437
13114443,NA,NA,6,NA,3,NA,NA,0,https://www.airbnb.com/rooms/13114443
13116397,NA,NA,2,NA,NA,NA,4,7,https://www.airbnb.com/rooms/13116397
13117094,$185.00,Neighborhood highlights,3,1,1,2,4.93,122,https://www.airbnb.com/rooms/13117094
13117160,NA,NA,1,NA,NA,NA,4.83,6,https://www.airbnb.com/rooms/13117160
13125552,$231.00,Neighborhood highlights,2,1,1,1,4.95,280,https://www.airbnb.com/rooms/13125552
13126483,NA,NA,4,NA,2,NA,NA,0,https://www.airbnb.com/rooms/13126483
13126582,NA,NA,3,NA,1,NA,4.92,52,https://www.airbnb.com/rooms/13126582
13127582,NA,NA,2,NA,NA,NA,5,1,https://www.airbnb.com/rooms/13127582
13130313,$125.00,NA,3,1,0,1,4.79,14,https://www.airbnb.com/rooms/13130313
13130332,NA,Neighborhood highlights,2,NA,NA,NA,4.21,42,https://www.airbnb.com/rooms/13130332
13130744,NA,Neighborhood highlights,2,NA,1,NA,4.54,259,https://www.airbnb.com/rooms/13130744
13135589,$80.00,Neighborhood highlights,1,1,1,1,4.56,9,https://www.airbnb.com/rooms/13135589
13135822,$180.00,Neighborhood highlights,2,1,1,1,4.72,180,https://www.airbnb.com/rooms/13135822
13136376,$125.00,Neighborhood highlights,2,1,1,1,4.58,65,https://www.airbnb.com/rooms/13136376
13136912,NA,NA,2,NA,NA,NA,5,1,https://www.airbnb.com/rooms/13136912
13139462,NA,NA,1,NA,2,NA,4.57,31,https://www.airbnb.com/rooms/13139462
13139892,$245.00,Neighborhood highlights,2,1,2,2,5,3,https://www.airbnb.com/rooms/13139892
13145377,NA,Neighborhood highlights,1,NA,NA,NA,5,1,https://www.airbnb.com/rooms/13145377
13148370,NA,Neighborhood highlights,4,NA,2,NA,4.56,9,https://www.airbnb.com/rooms/13148370
13150529,NA,Neighborhood highlights,2,NA,NA,NA,NA,0,https://www.airbnb.com/rooms/13150529
13153265,$200.00,Neighborhood highlights,4,1,1,2,4.99,175,https://www.airbnb.com/rooms/13153265
13154343,$250.00,Neighborhood highlights,2,1,1,2,4.92,52,https://www.airbnb.com/rooms/13154343
13155478,NA,NA,1,NA,1,NA,3.5,2,https://www.airbnb.com/rooms/13155478
13156126,NA,Neighborhood highlights,6,NA,2,NA,4.27,15,https://www.airbnb.com/rooms/13156126
13156982,NA,Neighborhood highlights,4,NA,1,NA,4.88,17,https://www.airbnb.com/rooms/13156982
13163474,NA,Neighborhood highlights,1,NA,1,NA,4.33,3,https://www.airbnb.com/rooms/13163474
13164373,NA,NA,4,NA,2,NA,NA,0,https://www.airbnb.com/rooms/13164373
13165250,NA,NA,2,NA,1,NA,4,2,https://www.airbnb.com/rooms/13165250
13165500,NA,NA,5,NA,2,NA,5,1,https://www.airbnb.com/rooms/13165500
13167611,NA,Neighborhood highlights,4,NA,1,NA,5,1,https://www.airbnb.com/rooms/13167611
13169559,$121.00,Neighborhood highlights,1,1,0,2,4.62,291,https://www.airbnb.com/rooms/13169559
13170106,NA,NA,3,NA,2,NA,NA,0,https://www.airbnb.com/rooms/13170106
13170159,$140.00,NA,4,1,0,1,4.25,55,https://www.airbnb.com/rooms/13170159
13174320,NA,NA,2,NA,NA,NA,4.5,4,https://www.airbnb.com/rooms/13174320
13182297,NA,NA,4,NA,NA,NA,NA,0,https://www.airbnb.com/rooms/13182297
13182531,NA,Neighborhood highlights,2,NA,1,NA,5,13,https://www.airbnb.com/rooms/13182531
13183047,NA,Neighborhood highlights,5,NA,2,NA,4.6,10,https://www.airbnb.com/rooms/13183047
13183826,$59.00,Neighborhood highlights,1,1,1,1,4.63,32,https://www.airbnb.com/rooms/13183826
13184939,NA,Neighborhood highlights,2,NA,NA,NA,NA,0,https://www.airbnb.com/rooms/13184939
13186447,NA,Neighborhood highlights,4,NA,1,NA,4,3,https://www.airbnb.com/rooms/13186447
13186741,$39.00,Neighborhood highlights,1,1,1,1,4.69,32,https://www.airbnb.com/rooms/13186741
13187006,$132.00,Neighborhood highlights,4,1,1,2,4.58,24,https://www.airbnb.com/rooms/13187006
13188552,NA,NA,3,NA,1,NA,5,1,https://www.airbnb.com/rooms/13188552
13192217,NA,Neighborhood highlights,3,NA,1,NA,4.72,29,https://www.airbnb.com/rooms/13192217
13192379,NA,Neighborhood highlights,2,NA,NA,NA,4.53,15,https://www.airbnb.com/rooms/13192379
13193503,$70.00,NA,2,1,1,1,4.83,6,https://www.airbnb.com/rooms/13193503
13193534,NA,Neighborhood highlights,1,NA,NA,NA,4.94,96,https://www.airbnb.com/rooms/13193534
13199140,NA,NA,2,NA,1,NA,5,1,https://www.airbnb.com/rooms/13199140
13205376,NA,NA,1,NA,NA,NA,NA,0,https://www.airbnb.com/rooms/13205376
13208233,NA,Neighborhood highlights,4,NA,NA,NA,NA,0,https://www.airbnb.com/rooms/13208233
13208373,NA,NA,2,NA,1,NA,NA,0,https://www.airbnb.com/rooms/13208373
13209482,NA,Neighborhood highlights,3,NA,1,NA,4.17,18,https://www.airbnb.com/rooms/13209482
13209514,NA,NA,2,NA,1,NA,5,3,https://www.airbnb.com/rooms/13209514
13213869,NA,NA,2,NA,NA,NA,4.9,10,https://www.airbnb.com/rooms/13213869
13215481,NA,Neighborhood highlights,1,NA,NA,NA,4.87,15,https://www.airbnb.com/rooms/13215481
13217170,$63.00,NA,2,2,1,1,4.77,30,https://www.airbnb.com/rooms/13217170
13218139,$740.00,Neighborhood highlights,10,2,3,4,4.75,151,https://www.airbnb.com/rooms/13218139
13220720,NA,Neighborhood highlights,1,NA,NA,NA,4.79,14,https://www.airbnb.com/rooms/13220720
13221331,NA,Neighborhood highlights,2,NA,NA,NA,5,5,https://www.airbnb.com/rooms/13221331
13222140,$72.00,Neighborhood highlights,2,1,1,1,4.84,25,https://www.airbnb.com/rooms/13222140
13222669,$100.00,Neighborhood highlights,2,1,1,1,4.92,60,https://www.airbnb.com/rooms/13222669
13230807,$110.00,Neighborhood highlights,4,1,1,4,4.82,11,https://www.airbnb.com/rooms/13230807
13231566,NA,Neighborhood highlights,1,NA,NA,NA,4.72,46,https://www.airbnb.com/rooms/13231566
13234352,NA,Neighborhood highlights,4,NA,NA,NA,4.63,73,https://www.airbnb.com/rooms/13234352
13234457,$60.00,NA,2,1,1,1,4,2,https://www.airbnb.com/rooms/13234457
13235951,NA,Neighborhood highlights,2,NA,2,NA,4.89,36,https://www.airbnb.com/rooms/13235951
13236366,$210.00,Neighborhood highlights,4,2,2,2,5,11,https://www.airbnb.com/rooms/13236366
13237190,NA,Neighborhood highlights,2,NA,NA,NA,4.91,11,https://www.airbnb.com/rooms/13237190
13238778,NA,NA,2,NA,NA,NA,NA,0,https://www.airbnb.com/rooms/13238778
13239181,NA,NA,2,NA,NA,NA,NA,0,https://www.airbnb.com/rooms/13239181
13239693,NA,NA,4,NA,1,NA,5,12,https://www.airbnb.com/rooms/13239693
13240737,NA,NA,1,NA,NA,NA,4.91,162,https://www.airbnb.com/rooms/13240737
13243615,NA,NA,2,NA,NA,NA,NA,0,https://www.airbnb.com/rooms/13243615
13244254,$181.00,Neighborhood highlights,2,1,0,1,4.81,84,https://www.airbnb.com/rooms/13244254
13245721,NA,Neighborhood highlights,2,NA,1,NA,NA,0,https://www.airbnb.com/rooms/13245721
13246042,$50.00,NA,1,1,2,1,4.73,188,https://www.airbnb.com/rooms/13246042
13248583,NA,Neighborhood highlights,2,NA,NA,NA,4.85,53,https://www.airbnb.com/rooms/13248583
13248968,NA,Neighborhood highlights,3,NA,1,NA,4.64,55,https://www.airbnb.com/rooms/13248968
13250303,NA,NA,1,NA,NA,NA,4.5,2,https://www.airbnb.com/rooms/13250303
13254504,NA,Neighborhood highlights,4,NA,1,NA,5,1,https://www.airbnb.com/rooms/13254504
13256651,NA,Neighborhood highlights,1,NA,NA,NA,4.26,23,https://www.airbnb.com/rooms/13256651
13258556,NA,Neighborhood highlights,2,NA,NA,NA,4.8,20,https://www.airbnb.com/rooms/13258556
13259442,NA,Neighborhood highlights,4,NA,NA,NA,4.83,149,https://www.airbnb.com/rooms/13259442
13260699,$130.00,NA,2,1,1,1,4.52,25,https://www.airbnb.com/rooms/13260699
13264690,$65.00,Neighborhood highlights,2,1,1,1,4.78,77,https://www.airbnb.com/rooms/13264690
13265459,NA,NA,5,NA,1,NA,4.6,5,https://www.airbnb.com/rooms/13265459
13266202,NA,NA,2,NA,NA,NA,4,2,https://www.airbnb.com/rooms/13266202
13272022,NA,NA,1,NA,NA,NA,NA,0,https://www.airbnb.com/rooms/13272022
13274366,NA,Neighborhood highlights,1,NA,NA,NA,5,1,https://www.airbnb.com/rooms/13274366
13275896,NA,Neighborhood highlights,1,NA,NA,NA,4,4,https://www.airbnb.com/rooms/13275896
13276227,NA,Neighborhood highlights,1,NA,NA,NA,4.89,9,https://www.airbnb.com/rooms/13276227
13276288,NA,NA,2,NA,1,NA,NA,0,https://www.airbnb.com/rooms/13276288
13276320,NA,NA,2,NA,NA,NA,4.25,4,https://www.airbnb.com/rooms/13276320
13276525,NA,Neighborhood highlights,1,NA,NA,NA,4.53,19,https://www.airbnb.com/rooms/13276525
13276930,NA,NA,2,NA,NA,NA,2,1,https://www.airbnb.com/rooms/13276930
13278654,NA,Neighborhood highlights,2,NA,1,NA,5,1,https://www.airbnb.com/rooms/13278654
13280459,NA,Neighborhood highlights,2,NA,NA,NA,4.75,4,https://www.airbnb.com/rooms/13280459
13282284,NA,NA,1,NA,NA,NA,4.88,16,https://www.airbnb.com/rooms/13282284
13291508,$95.00,Neighborhood highlights,1,1,1,0,4.85,65,https://www.airbnb.com/rooms/13291508
13294325,$85.00,Neighborhood highlights,1,1,1,1,4.69,83,https://www.airbnb.com/rooms/13294325
13294471,$139.00,Neighborhood highlights,2,1,1,1,4.98,147,https://www.airbnb.com/rooms/13294471
13295693,$52.00,Neighborhood highlights,2,1,1,1,4.91,180,https://www.airbnb.com/rooms/13295693
13299818,NA,Neighborhood highlights,5,NA,1,NA,4.48,21,https://www.airbnb.com/rooms/13299818
13300639,$130.00,Neighborhood highlights,2,1,1,1,4.95,216,https://www.airbnb.com/rooms/13300639
13303942,NA,NA,1,NA,1,NA,NA,0,https://www.airbnb.com/rooms/13303942
13305621,NA,Neighborhood highlights,4,NA,1,NA,NA,0,https://www.airbnb.com/rooms/13305621
13307480,NA,NA,2,NA,1,NA,4.72,174,https://www.airbnb.com/rooms/13307480
13308276,NA,Neighborhood highlights,3,NA,1,NA,4.5,10,https://www.airbnb.com/rooms/13308276
13309259,NA,NA,2,NA,NA,NA,5,1,https://www.airbnb.com/rooms/13309259
13312968,NA,Neighborhood highlights,2,NA,NA,NA,NA,0,https://www.airbnb.com/rooms/13312968
13314206,NA,Neighborhood highlights,3,NA,1,NA,5,5,https://www.airbnb.com/rooms/13314206
13316028,NA,NA,2,NA,NA,NA,5,5,https://www.airbnb.com/rooms/13316028
13317650,$269.00,Neighborhood highlights,8,2,3,3,4.56,41,https://www.airbnb.com/rooms/13317650
13318239,NA,NA,2,NA,2,NA,4.33,12,https://www.airbnb.com/rooms/13318239
13324758,NA,NA,2,NA,NA,NA,NA,0,https://www.airbnb.com/rooms/13324758
13325767,NA,NA,2,NA,NA,NA,4.33,9,https://www.airbnb.com/rooms/13325767
13328254,NA,Neighborhood highlights,2,NA,NA,NA,5,6,https://www.airbnb.com/rooms/13328254
13332859,NA,Neighborhood highlights,5,NA,3,NA,4.67,3,https://www.airbnb.com/rooms/13332859
13333542,$175.00,Neighborhood highlights,4,2,2,2,4.87,194,https://www.airbnb.com/rooms/13333542
13341955,$128.00,Neighborhood highlights,4,1,0,3,4.87,119,https://www.airbnb.com/rooms/13341955
13343144,NA,NA,1,NA,NA,NA,5,3,https://www.airbnb.com/rooms/13343144
13355002,$299.00,Neighborhood highlights,4,1,1,2,4.78,427,https://www.airbnb.com/rooms/13355002
13355711,NA,NA,1,NA,NA,NA,5,1,https://www.airbnb.com/rooms/13355711
13356452,NA,NA,4,NA,1,NA,5,1,https://www.airbnb.com/rooms/13356452
13356748,NA,NA,2,NA,NA,NA,5,1,https://www.airbnb.com/rooms/13356748
13358067,NA,Neighborhood highlights,3,NA,1,NA,4.67,3,https://www.airbnb.com/rooms/13358067
13359416,NA,NA,1,NA,NA,NA,NA,0,https://www.airbnb.com/rooms/13359416
13359798,NA,NA,2,NA,1,NA,4.81,16,https://www.airbnb.com/rooms/13359798
13360068,NA,NA,4,NA,1,NA,4.67,6,https://www.airbnb.com/rooms/13360068
13360675,$70.00,NA,2,1,1,1,4.53,36,https://www.airbnb.com/rooms/13360675
13361613,$245.00,Neighborhood highlights,4,1,2,2,4.9,96,https://www.airbnb.com/rooms/13361613
13370053,NA,Neighborhood highlights,2,NA,1,NA,5,3,https://www.airbnb.com/rooms/13370053
13371699,$175.00,NA,4,1,1,1,4.86,159,https://www.airbnb.com/rooms/13371699
13373898,$241.00,Neighborhood highlights,4,1,3,3,4.87,84,https://www.airbnb.com/rooms/13373898
13376886,NA,NA,2,NA,NA,NA,5,1,https://www.airbnb.com/rooms/13376886
13378609,$134.00,Neighborhood highlights,5,1.5,2,4,4.84,90,https://www.airbnb.com/rooms/13378609
13380274,NA,Neighborhood highlights,6,NA,4,NA,NA,0,https://www.airbnb.com/rooms/13380274
13384425,NA,Neighborhood highlights,5,NA,3,NA,4.82,39,https://www.airbnb.com/rooms/13384425
13386091,NA,NA,6,NA,3,NA,4.64,22,https://www.airbnb.com/rooms/13386091
13388210,$94.00,NA,2,1,0,1,4.7,23,https://www.airbnb.com/rooms/13388210
13388649,$147.00,Neighborhood highlights,2,1,1,1,4.92,306,https://www.airbnb.com/rooms/13388649
13389082,NA,Neighborhood highlights,4,NA,1,NA,4.94,53,https://www.airbnb.com/rooms/13389082
13389280,$329.00,Neighborhood highlights,3,1,1,1,NA,0,https://www.airbnb.com/rooms/13389280
13389756,NA,Neighborhood highlights,3,NA,NA,NA,4.89,9,https://www.airbnb.com/rooms/13389756
13392858,$165.00,Neighborhood highlights,4,1,0,2,4.59,17,https://www.airbnb.com/rooms/13392858
13392941,NA,NA,2,NA,NA,NA,5,3,https://www.airbnb.com/rooms/13392941
13395084,NA,NA,4,NA,NA,NA,5,2,https://www.airbnb.com/rooms/13395084
13396969,NA,Neighborhood highlights,2,NA,1,NA,4.95,39,https://www.airbnb.com/rooms/13396969
13398340,$179.00,Neighborhood highlights,2,1,1,2,4.94,325,https://www.airbnb.com/rooms/13398340
13398837,NA,Neighborhood highlights,2,NA,NA,NA,4.42,26,https://www.airbnb.com/rooms/13398837
13400181,NA,NA,2,NA,1,NA,NA,0,https://www.airbnb.com/rooms/13400181
13404021,NA,Neighborhood highlights,2,NA,NA,NA,4,1,https://www.airbnb.com/rooms/13404021
13407328,NA,NA,2,NA,1,NA,4.6,5,https://www.airbnb.com/rooms/13407328
13408222,$139.00,Neighborhood highlights,4,1,1,1,4.75,106,https://www.airbnb.com/rooms/13408222
13410478,NA,NA,4,NA,NA,NA,5,1,https://www.airbnb.com/rooms/13410478
13411367,NA,NA,4,NA,2,NA,4.94,66,https://www.airbnb.com/rooms/13411367
13411560,NA,Neighborhood highlights,2,NA,1,NA,5,2,https://www.airbnb.com/rooms/13411560
13413386,NA,NA,2,NA,1,NA,NA,0,https://www.airbnb.com/rooms/13413386
13414523,NA,NA,2,NA,1,NA,NA,0,https://www.airbnb.com/rooms/13414523
13416582,NA,Neighborhood highlights,2,NA,NA,NA,5,12,https://www.airbnb.com/rooms/13416582
13416840,NA,NA,2,NA,1,NA,4.56,16,https://www.airbnb.com/rooms/13416840
13417071,$123.00,Neighborhood highlights,2,1,1,1,4.86,29,https://www.airbnb.com/rooms/13417071
13422992,NA,NA,2,NA,NA,NA,4.97,39,https://www.airbnb.com/rooms/13422992
13424027,$200.00,Neighborhood highlights,2,1,1,1,5,6,https://www.airbnb.com/rooms/13424027
13424996,NA,NA,4,NA,1,NA,4.75,4,https://www.airbnb.com/rooms/13424996
13426615,NA,Neighborhood highlights,2,NA,NA,NA,4.95,77,https://www.airbnb.com/rooms/13426615
13430012,NA,Neighborhood highlights,3,NA,1,NA,5,1,https://www.airbnb.com/rooms/13430012
13430483,NA,Neighborhood highlights,3,NA,1,NA,5,1,https://www.airbnb.com/rooms/13430483
13431793,NA,Neighborhood highlights,3,NA,1,NA,5,1,https://www.airbnb.com/rooms/13431793
13432549,NA,NA,2,NA,1,NA,NA,0,https://www.airbnb.com/rooms/13432549
13436258,$135.00,Neighborhood highlights,2,1,1,1,4.82,185,https://www.airbnb.com/rooms/13436258
13440481,NA,NA,1,NA,1,NA,NA,0,https://www.airbnb.com/rooms/13440481
13445057,NA,NA,3,NA,1,NA,3.33,3,https://www.airbnb.com/rooms/13445057
13446580,NA,NA,5,NA,2,NA,5,2,https://www.airbnb.com/rooms/13446580
13448568,$263.00,Neighborhood highlights,2,1,0,1,5,1,https://www.airbnb.com/rooms/13448568
13449844,NA,NA,2,NA,1,NA,4.75,4,https://www.airbnb.com/rooms/13449844
13451379,$80.00,Neighborhood highlights,1,1,1,1,4.8,15,https://www.airbnb.com/rooms/13451379
13451786,NA,NA,2,NA,1,NA,4.81,62,https://www.airbnb.com/rooms/13451786
13451811,$81.00,Neighborhood highlights,2,1,2,2,4.6,106,https://www.airbnb.com/rooms/13451811
13452384,NA,NA,1,NA,NA,NA,NA,0,https://www.airbnb.com/rooms/13452384
13452799,NA,Neighborhood highlights,1,NA,NA,NA,4.67,3,https://www.airbnb.com/rooms/13452799
13459473,NA,NA,2,NA,NA,NA,NA,0,https://www.airbnb.com/rooms/13459473
13463768,NA,Neighborhood highlights,2,NA,1,NA,4.6,10,https://www.airbnb.com/rooms/13463768
13466168,NA,Neighborhood highlights,6,NA,1,NA,4.75,4,https://www.airbnb.com/rooms/13466168
13467270,$125.00,NA,4,1,1,2,4.73,30,https://www.airbnb.com/rooms/13467270
13468421,NA,Neighborhood highlights,2,NA,1,NA,NA,0,https://www.airbnb.com/rooms/13468421
13473267,NA,NA,2,NA,1,NA,3,1,https://www.airbnb.com/rooms/13473267
13474455,$145.00,Neighborhood highlights,2,1,1,2,4.7,227,https://www.airbnb.com/rooms/13474455
13477342,NA,NA,2,NA,NA,NA,4.76,21,https://www.airbnb.com/rooms/13477342
13478244,$195.00,Neighborhood highlights,3,1,1,1,4.98,245,https://www.airbnb.com/rooms/13478244
13480134,NA,NA,1,NA,NA,NA,4.8,10,https://www.airbnb.com/rooms/13480134
13481935,NA,Neighborhood highlights,1,NA,NA,NA,4.67,3,https://www.airbnb.com/rooms/13481935
13489132,NA,NA,2,NA,1,NA,5,1,https://www.airbnb.com/rooms/13489132
13490372,NA,Neighborhood highlights,2,NA,1,NA,4.33,3,https://www.airbnb.com/rooms/13490372
13490410,NA,Neighborhood highlights,3,NA,1,NA,4.71,7,https://www.airbnb.com/rooms/13490410
13492036,NA,NA,3,NA,1,NA,5,1,https://www.airbnb.com/rooms/13492036
13492449,NA,NA,2,NA,1,NA,5,2,https://www.airbnb.com/rooms/13492449
13493430,NA,NA,4,NA,2,NA,5,1,https://www.airbnb.com/rooms/13493430
13494095,$135.00,Neighborhood highlights,3,1,0,1,5,26,https://www.airbnb.com/rooms/13494095
13494532,$70.00,Neighborhood highlights,2,1,1,1,4.86,126,https://www.airbnb.com/rooms/13494532
13494895,NA,NA,2,NA,NA,NA,NA,0,https://www.airbnb.com/rooms/13494895
13494898,NA,Neighborhood highlights,2,NA,1,NA,4.6,5,https://www.airbnb.com/rooms/13494898
13495558,$366.00,Neighborhood highlights,4,1,1,2,4.84,74,https://www.airbnb.com/rooms/13495558
13496448,NA,Neighborhood highlights,1,NA,NA,NA,5,3,https://www.airbnb.com/rooms/13496448
13497362,NA,Neighborhood highlights,2,NA,NA,NA,5,3,https://www.airbnb.com/rooms/13497362
13507341,$90.00,NA,2,1,1,1,4.71,17,https://www.airbnb.com/rooms/13507341
13507677,$400.00,Neighborhood highlights,11,2.5,6,6,5,7,https://www.airbnb.com/rooms/13507677
13508285,NA,NA,3,NA,1,NA,NA,0,https://www.airbnb.com/rooms/13508285
13508567,NA,NA,2,NA,1,NA,NA,0,https://www.airbnb.com/rooms/13508567
13508766,NA,NA,2,NA,NA,NA,NA,0,https://www.airbnb.com/rooms/13508766
13510347,$255.00,Neighborhood highlights,3,1,1,1,4.5,4,https://www.airbnb.com/rooms/13510347
13511798,NA,NA,2,NA,NA,NA,4.64,11,https://www.airbnb.com/rooms/13511798
13514115,NA,Neighborhood highlights,1,NA,1,NA,4.94,126,https://www.airbnb.com/rooms/13514115
13514940,NA,Neighborhood highlights,3,NA,1,NA,4.79,14,https://www.airbnb.com/rooms/13514940
13519630,NA,NA,3,NA,2,NA,4,1,https://www.airbnb.com/rooms/13519630
13520598,NA,NA,4,NA,2,NA,4.82,22,https://www.airbnb.com/rooms/13520598
13522948,$161.00,Neighborhood highlights,2,1,0,1,5,1,https://www.airbnb.com/rooms/13522948
13525308,NA,NA,2,NA,1,NA,4.64,11,https://www.airbnb.com/rooms/13525308
13525592,NA,NA,2,NA,1,NA,NA,0,https://www.airbnb.com/rooms/13525592
13526398,$164.00,Neighborhood highlights,4,1,1,2,4.89,19,https://www.airbnb.com/rooms/13526398
13529498,NA,NA,1,NA,NA,NA,NA,0,https://www.airbnb.com/rooms/13529498
13529753,NA,NA,2,NA,1,NA,NA,0,https://www.airbnb.com/rooms/13529753
13531199,NA,Neighborhood highlights,2,NA,1,NA,5,5,https://www.airbnb.com/rooms/13531199
13532128,NA,NA,2,NA,1,NA,4,5,https://www.airbnb.com/rooms/13532128
13532633,NA,NA,1,NA,NA,NA,NA,0,https://www.airbnb.com/rooms/13532633
13532718,NA,NA,1,NA,NA,NA,4.5,2,https://www.airbnb.com/rooms/13532718
13532767,NA,NA,1,NA,1,NA,4.57,14,https://www.airbnb.com/rooms/13532767
13536155,$82.00,Neighborhood highlights,1,1,1,1,4.92,402,https://www.airbnb.com/rooms/13536155
13540233,NA,NA,2,NA,1,NA,4.73,26,https://www.airbnb.com/rooms/13540233
13544987,NA,Neighborhood highlights,3,NA,1,NA,5,1,https://www.airbnb.com/rooms/13544987
13545453,$318.00,Neighborhood highlights,3,1,1,1,5,1,https://www.airbnb.com/rooms/13545453
13546134,NA,Neighborhood highlights,3,NA,2,NA,NA,0,https://www.airbnb.com/rooms/13546134
13548357,$80.00,Neighborhood highlights,2,1,1,1,4.6,93,https://www.airbnb.com/rooms/13548357
13554710,$70.00,Neighborhood highlights,1,1,1,1,4.9,299,https://www.airbnb.com/rooms/13554710
13556488,NA,Neighborhood highlights,2,NA,NA,NA,5,1,https://www.airbnb.com/rooms/13556488
13556607,$118.00,NA,2,1.5,1,1,5,2,https://www.airbnb.com/rooms/13556607
13558030,$60.00,Neighborhood highlights,1,1,1,1,4.6,116,https://www.airbnb.com/rooms/13558030
13559208,$135.00,Neighborhood highlights,5,1,1,4,4.62,225,https://www.airbnb.com/rooms/13559208
13562013,NA,NA,4,NA,1,NA,NA,0,https://www.airbnb.com/rooms/13562013
13563766,NA,NA,2,NA,1,NA,NA,0,https://www.airbnb.com/rooms/13563766
13563973,NA,NA,3,NA,1,NA,4.5,4,https://www.airbnb.com/rooms/13563973
13564134,$250.00,Neighborhood highlights,6,1,3,3,4.53,118,https://www.airbnb.com/rooms/13564134
13571350,NA,NA,2,NA,NA,NA,NA,0,https://www.airbnb.com/rooms/13571350
13572291,NA,NA,1,NA,2,NA,4.64,14,https://www.airbnb.com/rooms/13572291
13573310,NA,NA,2,NA,NA,NA,5,2,https://www.airbnb.com/rooms/13573310
13573790,NA,Neighborhood highlights,2,NA,1,NA,4.71,7,https://www.airbnb.com/rooms/13573790
13573828,$300.00,Neighborhood highlights,6,2.5,3,5,4.89,9,https://www.airbnb.com/rooms/13573828
13577416,NA,Neighborhood highlights,3,NA,NA,NA,4.67,3,https://www.airbnb.com/rooms/13577416
13580382,$139.00,Neighborhood highlights,1,1,1,1,4.63,58,https://www.airbnb.com/rooms/13580382
13587436,$220.00,Neighborhood highlights,4,1,2,2,4.93,30,https://www.airbnb.com/rooms/13587436
13589415,NA,NA,3,NA,NA,NA,5,6,https://www.airbnb.com/rooms/13589415
13591017,NA,Neighborhood highlights,3,NA,NA,NA,4.77,155,https://www.airbnb.com/rooms/13591017
13595786,NA,Neighborhood highlights,4,NA,2,NA,NA,0,https://www.airbnb.com/rooms/13595786
13599973,$195.00,Neighborhood highlights,2,1,1,1,4.86,22,https://www.airbnb.com/rooms/13599973
13603093,$91.00,Neighborhood highlights,2,1,1,1,4.8,76,https://www.airbnb.com/rooms/13603093
13603364,$47.00,Neighborhood highlights,2,1,1,1,4.8,114,https://www.airbnb.com/rooms/13603364
13603951,NA,NA,4,NA,1,NA,NA,0,https://www.airbnb.com/rooms/13603951
13604485,NA,Neighborhood highlights,3,NA,1,NA,4.62,120,https://www.airbnb.com/rooms/13604485
13604994,NA,Neighborhood highlights,2,NA,1,NA,5,8,https://www.airbnb.com/rooms/13604994
13605171,NA,NA,2,NA,NA,NA,5,6,https://www.airbnb.com/rooms/13605171
13605192,$300.00,Neighborhood highlights,2,1,4,4,4.81,67,https://www.airbnb.com/rooms/13605192
13606307,$155.00,NA,2,1,1,2,4.88,132,https://www.airbnb.com/rooms/13606307
13613111,NA,NA,5,NA,2,NA,4.44,9,https://www.airbnb.com/rooms/13613111
13614714,$96.00,Neighborhood highlights,4,1,2,2,5,9,https://www.airbnb.com/rooms/13614714
13614923,NA,NA,3,NA,1,NA,5,2,https://www.airbnb.com/rooms/13614923
13618148,NA,NA,2,NA,1,NA,NA,0,https://www.airbnb.com/rooms/13618148
13620503,NA,NA,2,NA,1,NA,4.5,2,https://www.airbnb.com/rooms/13620503
13621211,$216.00,NA,3,1,2,2,4.74,19,https://www.airbnb.com/rooms/13621211
13622777,NA,NA,2,NA,NA,NA,5,1,https://www.airbnb.com/rooms/13622777
13623182,NA,NA,2,NA,NA,NA,5,1,https://www.airbnb.com/rooms/13623182
13623275,NA,Neighborhood highlights,2,NA,1,NA,5,4,https://www.airbnb.com/rooms/13623275
13623361,NA,NA,4,NA,1,NA,NA,0,https://www.airbnb.com/rooms/13623361
13623747,NA,NA,3,NA,NA,NA,4.6,5,https://www.airbnb.com/rooms/13623747
13623987,NA,Neighborhood highlights,3,NA,1,NA,4.33,6,https://www.airbnb.com/rooms/13623987
13624873,$78.00,Neighborhood highlights,1,1,1,1,4.92,92,https://www.airbnb.com/rooms/13624873
13630755,NA,NA,1,NA,NA,NA,NA,0,https://www.airbnb.com/rooms/13630755
13631232,NA,NA,2,NA,1,NA,NA,0,https://www.airbnb.com/rooms/13631232
13632649,NA,Neighborhood highlights,2,NA,1,NA,5,1,https://www.airbnb.com/rooms/13632649
13632841,NA,NA,2,NA,1,NA,5,3,https://www.airbnb.com/rooms/13632841
13634685,NA,NA,5,NA,1,NA,4.93,29,https://www.airbnb.com/rooms/13634685
13635848,NA,NA,2,NA,NA,NA,NA,0,https://www.airbnb.com/rooms/13635848
13637050,NA,NA,1,NA,NA,NA,NA,0,https://www.airbnb.com/rooms/13637050
13640690,NA,NA,2,NA,NA,NA,4.71,24,https://www.airbnb.com/rooms/13640690
13640966,$150.00,NA,2,1,1,1,4.95,81,https://www.airbnb.com/rooms/13640966
13642073,NA,Neighborhood highlights,2,NA,1,NA,4.89,9,https://www.airbnb.com/rooms/13642073
13642568,NA,Neighborhood highlights,2,NA,NA,NA,4.8,25,https://www.airbnb.com/rooms/13642568
13643488,NA,NA,2,NA,1,NA,NA,0,https://www.airbnb.com/rooms/13643488
13644095,NA,Neighborhood highlights,2,NA,NA,NA,4.6,42,https://www.airbnb.com/rooms/13644095
13650177,$104.00,Neighborhood highlights,6,1,1,3,4.93,189,https://www.airbnb.com/rooms/13650177
13651250,NA,Neighborhood highlights,2,NA,NA,NA,4.71,7,https://www.airbnb.com/rooms/13651250
13653228,NA,NA,1,NA,1,NA,NA,0,https://www.airbnb.com/rooms/13653228
13653708,NA,NA,2,NA,NA,NA,4.73,26,https://www.airbnb.com/rooms/13653708
13654347,NA,Neighborhood highlights,4,NA,2,NA,4.92,12,https://www.airbnb.com/rooms/13654347
13657030,NA,NA,1,NA,1,NA,4,2,https://www.airbnb.com/rooms/13657030
13657292,$179.00,Neighborhood highlights,2,1,2,2,4.76,54,https://www.airbnb.com/rooms/13657292
13657515,NA,Neighborhood highlights,2,NA,NA,NA,5,1,https://www.airbnb.com/rooms/13657515
13658407,NA,NA,3,NA,1,NA,5,2,https://www.airbnb.com/rooms/13658407
13658967,NA,Neighborhood highlights,2,NA,NA,NA,NA,0,https://www.airbnb.com/rooms/13658967
13659914,NA,Neighborhood highlights,4,NA,2,NA,5,3,https://www.airbnb.com/rooms/13659914
13659997,NA,NA,2,NA,NA,NA,4.83,6,https://www.airbnb.com/rooms/13659997
13660249,NA,Neighborhood highlights,3,NA,2,NA,4.6,5,https://www.airbnb.com/rooms/13660249
13661280,NA,NA,1,NA,1,NA,NA,0,https://www.airbnb.com/rooms/13661280
13666116,NA,Neighborhood highlights,2,NA,NA,NA,4.75,8,https://www.airbnb.com/rooms/13666116
13666641,NA,Neighborhood highlights,5,NA,2,NA,5,2,https://www.airbnb.com/rooms/13666641
13667440,NA,NA,1,NA,1,NA,NA,0,https://www.airbnb.com/rooms/13667440
13667739,NA,NA,2,NA,2,NA,5,1,https://www.airbnb.com/rooms/13667739
13668573,NA,NA,2,NA,1,NA,5,1,https://www.airbnb.com/rooms/13668573
13669064,$190.00,Neighborhood highlights,2,1,0,1,4.27,15,https://www.airbnb.com/rooms/13669064
13669613,NA,NA,4,NA,2,NA,5,1,https://www.airbnb.com/rooms/13669613
13670109,NA,Neighborhood highlights,2,NA,1,NA,4.5,4,https://www.airbnb.com/rooms/13670109
13672890,NA,NA,1,NA,1,NA,NA,0,https://www.airbnb.com/rooms/13672890
13673873,NA,NA,3,NA,2,NA,NA,0,https://www.airbnb.com/rooms/13673873
13673951,NA,NA,2,NA,NA,NA,5,2,https://www.airbnb.com/rooms/13673951
13674349,$139.00,Neighborhood highlights,2,1,1,2,4.95,97,https://www.airbnb.com/rooms/13674349
13674799,$118.00,NA,2,1,1,1,4.96,502,https://www.airbnb.com/rooms/13674799
13680628,$150.00,NA,2,1,1,2,NA,0,https://www.airbnb.com/rooms/13680628
13681859,NA,NA,2,NA,NA,NA,NA,0,https://www.airbnb.com/rooms/13681859
13684217,$162.00,Neighborhood highlights,3,1,2,1,5,18,https://www.airbnb.com/rooms/13684217
13685550,NA,NA,1,NA,NA,NA,NA,0,https://www.airbnb.com/rooms/13685550
13685807,$273.00,Neighborhood highlights,3,1,1,1,4.66,174,https://www.airbnb.com/rooms/13685807
13685871,NA,Neighborhood highlights,3,NA,2,NA,4.96,23,https://www.airbnb.com/rooms/13685871
13686914,NA,NA,1,NA,1,NA,NA,0,https://www.airbnb.com/rooms/13686914
13687060,NA,Neighborhood highlights,2,NA,1,NA,5,7,https://www.airbnb.com/rooms/13687060
13687180,NA,Neighborhood highlights,2,NA,1,NA,5,2,https://www.airbnb.com/rooms/13687180
13688739,NA,Neighborhood highlights,3,NA,1,NA,4.43,7,https://www.airbnb.com/rooms/13688739
13689706,NA,NA,3,NA,NA,NA,4.74,34,https://www.airbnb.com/rooms/13689706
13697001,NA,NA,1,NA,NA,NA,NA,0,https://www.airbnb.com/rooms/13697001
13697770,NA,Neighborhood highlights,6,NA,2,NA,NA,0,https://www.airbnb.com/rooms/13697770
13702697,NA,NA,4,NA,2,NA,NA,0,https://www.airbnb.com/rooms/13702697
13710241,$85.00,Neighborhood highlights,1,1,2,1,4.9,30,https://www.airbnb.com/rooms/13710241
13711439,NA,Neighborhood highlights,4,NA,2,NA,4.67,3,https://www.airbnb.com/rooms/13711439
13712179,NA,NA,2,NA,1,NA,5,1,https://www.airbnb.com/rooms/13712179
13712336,NA,Neighborhood highlights,2,NA,NA,NA,4.88,52,https://www.airbnb.com/rooms/13712336
13714073,NA,NA,2,NA,1,NA,4.29,7,https://www.airbnb.com/rooms/13714073
13715798,NA,Neighborhood highlights,3,NA,1,NA,3,2,https://www.airbnb.com/rooms/13715798
13724284,$149.00,Neighborhood highlights,2,1,1,6,4.88,578,https://www.airbnb.com/rooms/13724284
13727297,NA,NA,6,NA,2,NA,5,1,https://www.airbnb.com/rooms/13727297
13727552,$180.00,Neighborhood highlights,1,1,1,1,NA,0,https://www.airbnb.com/rooms/13727552
13728712,NA,Neighborhood highlights,2,NA,1,NA,4.94,18,https://www.airbnb.com/rooms/13728712
13729876,NA,Neighborhood highlights,2,NA,NA,NA,4.98,54,https://www.airbnb.com/rooms/13729876
13730254,NA,NA,2,NA,2,NA,5,7,https://www.airbnb.com/rooms/13730254
13730290,$171.00,Neighborhood highlights,2,1,1,2,4.77,118,https://www.airbnb.com/rooms/13730290
13731797,NA,NA,4,NA,2,NA,NA,0,https://www.airbnb.com/rooms/13731797
13732215,$95.00,NA,4,1,1,2,4.89,163,https://www.airbnb.com/rooms/13732215
13732394,NA,Neighborhood highlights,1,NA,1,NA,NA,0,https://www.airbnb.com/rooms/13732394
13733036,NA,NA,3,NA,2,NA,NA,0,https://www.airbnb.com/rooms/13733036
13739108,NA,NA,2,NA,1,NA,4.75,4,https://www.airbnb.com/rooms/13739108
13740419,NA,NA,2,NA,NA,NA,NA,0,https://www.airbnb.com/rooms/13740419
13740704,NA,Neighborhood highlights,2,NA,NA,NA,4.5,14,https://www.airbnb.com/rooms/13740704
13740793,NA,NA,2,NA,1,NA,NA,0,https://www.airbnb.com/rooms/13740793
13745149,NA,NA,2,NA,2,NA,5,1,https://www.airbnb.com/rooms/13745149
13745644,$550.00,Neighborhood highlights,2,1,1,2,4.72,18,https://www.airbnb.com/rooms/13745644
13745898,NA,NA,3,NA,NA,NA,5,1,https://www.airbnb.com/rooms/13745898
13746962,NA,Neighborhood highlights,2,NA,NA,NA,NA,0,https://www.airbnb.com/rooms/13746962
13748851,NA,NA,2,NA,NA,NA,5,3,https://www.airbnb.com/rooms/13748851
13752815,$113.00,Neighborhood highlights,3,1,1,2,4.74,120,https://www.airbnb.com/rooms/13752815
13752982,NA,NA,3,NA,2,NA,4.67,3,https://www.airbnb.com/rooms/13752982
13760233,NA,NA,2,NA,1,NA,4.5,2,https://www.airbnb.com/rooms/13760233
13764238,NA,NA,1,NA,NA,NA,5,1,https://www.airbnb.com/rooms/13764238
13766130,$135.00,Neighborhood highlights,2,1,1,1,4.82,163,https://www.airbnb.com/rooms/13766130
13769222,NA,NA,1,NA,NA,NA,5,2,https://www.airbnb.com/rooms/13769222
13769545,$65.00,Neighborhood highlights,2,1,2,1,4.92,156,https://www.airbnb.com/rooms/13769545
13770179,NA,NA,2,NA,NA,NA,4,3,https://www.airbnb.com/rooms/13770179
13770780,NA,NA,2,NA,1,NA,4.8,10,https://www.airbnb.com/rooms/13770780
13771529,$74.00,Neighborhood highlights,2,1,1,1,4.52,31,https://www.airbnb.com/rooms/13771529
13778127,NA,NA,3,NA,NA,NA,4.48,21,https://www.airbnb.com/rooms/13778127
13779358,$126.00,Neighborhood highlights,4,1,1,3,4.69,16,https://www.airbnb.com/rooms/13779358
13783769,NA,Neighborhood highlights,2,NA,1,NA,4.56,45,https://www.airbnb.com/rooms/13783769
13788013,NA,NA,2,NA,1,NA,NA,0,https://www.airbnb.com/rooms/13788013
13788132,$81.00,Neighborhood highlights,1,1,1,1,4.91,416,https://www.airbnb.com/rooms/13788132
13794689,NA,NA,2,NA,NA,NA,4.33,9,https://www.airbnb.com/rooms/13794689
13795744,$45.00,Neighborhood highlights,2,1,1,1,4.39,62,https://www.airbnb.com/rooms/13795744
13803517,NA,NA,1,NA,NA,NA,5,1,https://www.airbnb.com/rooms/13803517
13805038,NA,Neighborhood highlights,5,NA,2,NA,4.78,9,https://www.airbnb.com/rooms/13805038
13808262,$55.00,Neighborhood highlights,1,1.5,1,1,5,8,https://www.airbnb.com/rooms/13808262
13811008,NA,NA,2,NA,1,NA,NA,0,https://www.airbnb.com/rooms/13811008
13811866,NA,NA,1,NA,NA,NA,5,1,https://www.airbnb.com/rooms/13811866
13813731,$89.00,Neighborhood highlights,2,1,1,1,4.83,213,https://www.airbnb.com/rooms/13813731
13814227,NA,Neighborhood highlights,2,NA,1,NA,4.7,46,https://www.airbnb.com/rooms/13814227
13821190,$60.00,Neighborhood highlights,1,0,1,1,4.95,44,https://www.airbnb.com/rooms/13821190
13825154,$129.00,Neighborhood highlights,4,1,2,2,4.64,80,https://www.airbnb.com/rooms/13825154
13827959,$80.00,Neighborhood highlights,2,1,1,1,4.69,141,https://www.airbnb.com/rooms/13827959
13830463,NA,NA,2,NA,NA,NA,4.54,28,https://www.airbnb.com/rooms/13830463
13839238,NA,NA,2,NA,1,NA,5,1,https://www.airbnb.com/rooms/13839238
13841200,NA,NA,8,NA,4,NA,NA,0,https://www.airbnb.com/rooms/13841200
13841625,NA,NA,2,NA,1,NA,5,1,https://www.airbnb.com/rooms/13841625
13843681,NA,Neighborhood highlights,4,NA,1,NA,NA,0,https://www.airbnb.com/rooms/13843681
13848005,$260.00,Neighborhood highlights,2,1,1,1,4.92,113,https://www.airbnb.com/rooms/13848005
13854483,$119.00,Neighborhood highlights,2,1,1,2,4.91,32,https://www.airbnb.com/rooms/13854483
13856320,NA,NA,2,NA,1,NA,5,1,https://www.airbnb.com/rooms/13856320
13856810,NA,NA,3,NA,NA,NA,4,3,https://www.airbnb.com/rooms/13856810
13857291,$72.00,Neighborhood highlights,2,1,1,1,4.95,75,https://www.airbnb.com/rooms/13857291
13857521,NA,Neighborhood highlights,2,NA,1,NA,4.95,20,https://www.airbnb.com/rooms/13857521
13858187,NA,Neighborhood highlights,2,NA,NA,NA,5,1,https://www.airbnb.com/rooms/13858187
13859896,NA,NA,4,NA,NA,NA,NA,0,https://www.airbnb.com/rooms/13859896
13862377,NA,NA,2,NA,1,NA,5,2,https://www.airbnb.com/rooms/13862377
13863230,NA,NA,2,NA,1,NA,NA,0,https://www.airbnb.com/rooms/13863230
13864224,NA,Neighborhood highlights,4,NA,1,NA,5,5,https://www.airbnb.com/rooms/13864224
13864664,NA,NA,2,NA,1,NA,5,12,https://www.airbnb.com/rooms/13864664
13864705,NA,NA,2,NA,NA,NA,4.59,59,https://www.airbnb.com/rooms/13864705
13876681,$192.00,Neighborhood highlights,2,1,1,1,4.96,23,https://www.airbnb.com/rooms/13876681
13876809,NA,Neighborhood highlights,2,NA,2,NA,4.85,13,https://www.airbnb.com/rooms/13876809
13877683,$151.00,Neighborhood highlights,2,1,1,1,4.9,287,https://www.airbnb.com/rooms/13877683
13879611,$212.00,Neighborhood highlights,3,1,1,1,4,2,https://www.airbnb.com/rooms/13879611
13880280,NA,NA,1,NA,NA,NA,NA,0,https://www.airbnb.com/rooms/13880280
13881135,$90.00,Neighborhood highlights,2,1,1,1,4.9,70,https://www.airbnb.com/rooms/13881135
13881577,NA,NA,4,NA,1,NA,4.3,20,https://www.airbnb.com/rooms/13881577
13881622,NA,NA,4,NA,2,NA,4.96,26,https://www.airbnb.com/rooms/13881622
13881787,NA,Neighborhood highlights,1,NA,1,NA,4.96,26,https://www.airbnb.com/rooms/13881787
13881920,$199.00,Neighborhood highlights,3,1,1,2,4.28,18,https://www.airbnb.com/rooms/13881920
13882394,$990.00,Neighborhood highlights,7,3.5,3,3,4,1,https://www.airbnb.com/rooms/13882394
13882858,NA,Neighborhood highlights,4,NA,1,NA,4,2,https://www.airbnb.com/rooms/13882858
13883481,NA,NA,2,NA,NA,NA,NA,0,https://www.airbnb.com/rooms/13883481
13885982,NA,NA,2,NA,1,NA,3.5,2,https://www.airbnb.com/rooms/13885982
13886618,NA,Neighborhood highlights,4,NA,NA,NA,4.76,21,https://www.airbnb.com/rooms/13886618
13891302,NA,Neighborhood highlights,5,NA,2,NA,5,2,https://www.airbnb.com/rooms/13891302
13891670,NA,Neighborhood highlights,2,NA,NA,NA,5,1,https://www.airbnb.com/rooms/13891670
13893264,NA,NA,4,NA,3,NA,5,6,https://www.airbnb.com/rooms/13893264
13894813,$75.00,NA,1,1,1,1,4.81,27,https://www.airbnb.com/rooms/13894813
13895437,NA,NA,2,NA,NA,NA,5,2,https://www.airbnb.com/rooms/13895437
13899934,NA,NA,2,NA,NA,NA,5,1,https://www.airbnb.com/rooms/13899934
13901170,NA,NA,4,NA,1,NA,4.64,107,https://www.airbnb.com/rooms/13901170
13902088,NA,NA,2,NA,2,NA,5,2,https://www.airbnb.com/rooms/13902088
13902591,NA,Neighborhood highlights,1,NA,NA,NA,4,2,https://www.airbnb.com/rooms/13902591
13902725,$188.00,Neighborhood highlights,2,1,1,1,4.93,109,https://www.airbnb.com/rooms/13902725
13905833,NA,NA,2,NA,1,NA,NA,0,https://www.airbnb.com/rooms/13905833
13907872,NA,Neighborhood highlights,2,NA,1,NA,4.81,16,https://www.airbnb.com/rooms/13907872
13910111,NA,Neighborhood highlights,2,NA,NA,NA,4.76,41,https://www.airbnb.com/rooms/13910111
13911123,NA,NA,1,NA,1,NA,5,1,https://www.airbnb.com/rooms/13911123
13911729,NA,Neighborhood highlights,2,NA,2,NA,4.94,31,https://www.airbnb.com/rooms/13911729
13912267,NA,Neighborhood highlights,4,NA,1,NA,NA,0,https://www.airbnb.com/rooms/13912267
13912712,$146.00,Neighborhood highlights,2,1,0,1,4.76,29,https://www.airbnb.com/rooms/13912712
13912725,NA,Neighborhood highlights,2,NA,NA,NA,NA,0,https://www.airbnb.com/rooms/13912725
13913803,$81.00,Neighborhood highlights,2,1,1,1,4.83,115,https://www.airbnb.com/rooms/13913803
13914201,$300.00,Neighborhood highlights,3,1,1,2,4.96,141,https://www.airbnb.com/rooms/13914201
13915004,NA,NA,4,NA,2,NA,4.9,10,https://www.airbnb.com/rooms/13915004
13915699,NA,Neighborhood highlights,4,NA,1,NA,4.83,6,https://www.airbnb.com/rooms/13915699
13916105,NA,NA,2,NA,1,NA,NA,0,https://www.airbnb.com/rooms/13916105
13917029,NA,NA,1,NA,1,NA,5,1,https://www.airbnb.com/rooms/13917029
13920801,$140.00,Neighborhood highlights,3,1,2,3,4.73,170,https://www.airbnb.com/rooms/13920801
13924403,NA,NA,1,NA,NA,NA,NA,0,https://www.airbnb.com/rooms/13924403
13925864,NA,Neighborhood highlights,4,NA,2,NA,4.14,28,https://www.airbnb.com/rooms/13925864
13927922,NA,Neighborhood highlights,3,NA,1,NA,4.2,5,https://www.airbnb.com/rooms/13927922
13934894,NA,NA,1,NA,1,NA,NA,0,https://www.airbnb.com/rooms/13934894
13936824,NA,Neighborhood highlights,4,NA,1,NA,5,67,https://www.airbnb.com/rooms/13936824
13937701,NA,Neighborhood highlights,2,NA,1,NA,4.6,10,https://www.airbnb.com/rooms/13937701
13937820,NA,NA,2,NA,1,NA,5,2,https://www.airbnb.com/rooms/13937820
13938420,$135.00,Neighborhood highlights,2,1,1,2,4.89,228,https://www.airbnb.com/rooms/13938420
13941017,NA,Neighborhood highlights,4,NA,1,NA,4.89,9,https://www.airbnb.com/rooms/13941017
13941973,$90.00,Neighborhood highlights,2,1,1,1,4.65,544,https://www.airbnb.com/rooms/13941973
13942612,NA,NA,3,NA,NA,NA,NA,0,https://www.airbnb.com/rooms/13942612
13942921,NA,Neighborhood highlights,2,NA,1,NA,4.33,3,https://www.airbnb.com/rooms/13942921
13945103,NA,NA,1,NA,1,NA,5,1,https://www.airbnb.com/rooms/13945103
13951405,NA,NA,4,NA,2,NA,5,1,https://www.airbnb.com/rooms/13951405
13952269,NA,Neighborhood highlights,8,NA,3,NA,4.88,8,https://www.airbnb.com/rooms/13952269
13952428,NA,Neighborhood highlights,1,NA,NA,NA,4.77,13,https://www.airbnb.com/rooms/13952428
13953083,NA,Neighborhood highlights,3,NA,1,NA,4.67,3,https://www.airbnb.com/rooms/13953083
13954583,"$1,500.00",Neighborhood highlights,2,1,1,1,4.1,10,https://www.airbnb.com/rooms/13954583
13956372,$484.00,Neighborhood highlights,5,2,2,2,5,2,https://www.airbnb.com/rooms/13956372
13956613,$149.00,Neighborhood highlights,5,1,2,3,4.89,112,https://www.airbnb.com/rooms/13956613
13957261,NA,NA,2,NA,1,NA,NA,0,https://www.airbnb.com/rooms/13957261
13959346,NA,NA,1,NA,1,NA,NA,0,https://www.airbnb.com/rooms/13959346
13959556,$68.00,Neighborhood highlights,2,1,1,1,4.69,35,https://www.airbnb.com/rooms/13959556
13960277,NA,NA,3,NA,1,NA,4.5,2,https://www.airbnb.com/rooms/13960277
13962117,NA,NA,2,NA,1,NA,4.76,58,https://www.airbnb.com/rooms/13962117
13963005,NA,NA,6,NA,2,NA,NA,0,https://www.airbnb.com/rooms/13963005
13970217,$299.00,Neighborhood highlights,4,1.5,2,2,4.8,25,https://www.airbnb.com/rooms/13970217
13971842,NA,Neighborhood highlights,2,NA,NA,NA,NA,0,https://www.airbnb.com/rooms/13971842
13980502,NA,Neighborhood highlights,1,NA,NA,NA,5,3,https://www.airbnb.com/rooms/13980502
13980860,$175.00,NA,6,1,3,3,4.75,102,https://www.airbnb.com/rooms/13980860
13980911,$59.00,Neighborhood highlights,2,2,1,0,4.72,145,https://www.airbnb.com/rooms/13980911
13981865,$68.00,Neighborhood highlights,2,1.5,1,1,4.58,71,https://www.airbnb.com/rooms/13981865
13983092,NA,Neighborhood highlights,1,NA,NA,NA,NA,0,https://www.airbnb.com/rooms/13983092
13990841,NA,NA,4,NA,2,NA,4.56,124,https://www.airbnb.com/rooms/13990841
13991526,NA,NA,4,NA,2,NA,4,1,https://www.airbnb.com/rooms/13991526
13992742,NA,NA,2,NA,NA,NA,4,2,https://www.airbnb.com/rooms/13992742
13995561,$68.00,Neighborhood highlights,2,1.5,1,1,4.94,193,https://www.airbnb.com/rooms/13995561
13997385,NA,NA,1,NA,NA,NA,4,1,https://www.airbnb.com/rooms/13997385
13997539,NA,NA,4,NA,1,NA,5,2,https://www.airbnb.com/rooms/13997539
13997552,$272.00,Neighborhood highlights,2,1,2,3,4.99,285,https://www.airbnb.com/rooms/13997552
13997894,$80.00,Neighborhood highlights,2,1.5,1,2,4.9,79,https://www.airbnb.com/rooms/13997894
13998049,NA,NA,4,NA,NA,NA,4.5,2,https://www.airbnb.com/rooms/13998049
13998064,NA,Neighborhood highlights,4,NA,NA,NA,4.67,3,https://www.airbnb.com/rooms/13998064
13998223,$443.00,Neighborhood highlights,2,3,3,4,4.92,180,https://www.airbnb.com/rooms/13998223
13998679,NA,Neighborhood highlights,4,NA,1,NA,4.42,12,https://www.airbnb.com/rooms/13998679
13999070,NA,NA,2,NA,1,NA,NA,0,https://www.airbnb.com/rooms/13999070
14006823,NA,NA,3,NA,NA,NA,4.09,11,https://www.airbnb.com/rooms/14006823
14007809,NA,NA,4,NA,1,NA,NA,0,https://www.airbnb.com/rooms/14007809
14012274,$170.00,Neighborhood highlights,3,1,2,2,5,1,https://www.airbnb.com/rooms/14012274
14016202,NA,NA,2,NA,1,NA,NA,0,https://www.airbnb.com/rooms/14016202
14016206,NA,NA,1,NA,NA,NA,NA,0,https://www.airbnb.com/rooms/14016206
14023316,NA,Neighborhood highlights,2,NA,1,NA,NA,0,https://www.airbnb.com/rooms/14023316
14023652,NA,Neighborhood highlights,3,NA,1,NA,NA,0,https://www.airbnb.com/rooms/14023652
14024651,$145.00,Neighborhood highlights,6,1,1,1,4.64,53,https://www.airbnb.com/rooms/14024651
14025561,$130.00,Neighborhood highlights,3,1,2,2,4.75,12,https://www.airbnb.com/rooms/14025561
14027756,NA,Neighborhood highlights,4,NA,2,NA,5,1,https://www.airbnb.com/rooms/14027756
14028018,$120.00,NA,3,1,0,1,4.54,13,https://www.airbnb.com/rooms/14028018
14029633,$65.00,Neighborhood highlights,2,1,0,2,4.97,188,https://www.airbnb.com/rooms/14029633
14030375,$132.00,Neighborhood highlights,2,1,1,1,4.66,200,https://www.airbnb.com/rooms/14030375
14032445,NA,Neighborhood highlights,3,NA,1,NA,5,3,https://www.airbnb.com/rooms/14032445
14036591,NA,NA,1,NA,NA,NA,NA,0,https://www.airbnb.com/rooms/14036591
14036911,NA,Neighborhood highlights,1,NA,NA,NA,NA,0,https://www.airbnb.com/rooms/14036911
14037145,NA,Neighborhood highlights,3,NA,NA,NA,4.41,27,https://www.airbnb.com/rooms/14037145
14041141,$175.00,Neighborhood highlights,1,1,0,1,5,2,https://www.airbnb.com/rooms/14041141
14043464,$210.00,Neighborhood highlights,2,1,2,2,4.36,11,https://www.airbnb.com/rooms/14043464
14044731,NA,NA,1,NA,1,NA,4,1,https://www.airbnb.com/rooms/14044731
14049587,NA,NA,4,NA,1,NA,NA,0,https://www.airbnb.com/rooms/14049587
14055238,$289.00,Neighborhood highlights,5,1,2,4,4.84,365,https://www.airbnb.com/rooms/14055238
14058251,NA,NA,2,NA,NA,NA,4.56,16,https://www.airbnb.com/rooms/14058251
14058375,NA,NA,1,NA,NA,NA,5,2,https://www.airbnb.com/rooms/14058375
14066397,NA,NA,3,NA,1,NA,4.5,12,https://www.airbnb.com/rooms/14066397
14069371,NA,Neighborhood highlights,2,NA,NA,NA,4.96,25,https://www.airbnb.com/rooms/14069371
14071817,NA,NA,2,NA,NA,NA,NA,0,https://www.airbnb.com/rooms/14071817
14086770,NA,Neighborhood highlights,3,NA,1,NA,4.86,72,https://www.airbnb.com/rooms/14086770
14089282,NA,NA,2,NA,1,NA,NA,0,https://www.airbnb.com/rooms/14089282
14090133,NA,Neighborhood highlights,2,NA,NA,NA,5,2,https://www.airbnb.com/rooms/14090133
14092808,NA,Neighborhood highlights,2,NA,3,NA,NA,0,https://www.airbnb.com/rooms/14092808
14093225,NA,Neighborhood highlights,2,NA,NA,NA,NA,0,https://www.airbnb.com/rooms/14093225
14100582,NA,NA,4,NA,1,NA,NA,0,https://www.airbnb.com/rooms/14100582
14100743,NA,NA,2,NA,1,NA,NA,0,https://www.airbnb.com/rooms/14100743
14101329,NA,Neighborhood highlights,2,NA,NA,NA,4.77,53,https://www.airbnb.com/rooms/14101329
14103515,NA,Neighborhood highlights,2,NA,1,NA,4.52,21,https://www.airbnb.com/rooms/14103515
14104044,NA,NA,2,NA,NA,NA,4.57,7,https://www.airbnb.com/rooms/14104044
14109521,NA,NA,1,NA,NA,NA,NA,0,https://www.airbnb.com/rooms/14109521
14110144,NA,Neighborhood highlights,4,NA,1,NA,5,9,https://www.airbnb.com/rooms/14110144
14110407,$550.00,NA,4,2,4,5,4.95,19,https://www.airbnb.com/rooms/14110407
14120069,NA,Neighborhood highlights,1,NA,NA,NA,NA,0,https://www.airbnb.com/rooms/14120069
14125891,NA,Neighborhood highlights,1,NA,NA,NA,4.73,15,https://www.airbnb.com/rooms/14125891
14126303,NA,Neighborhood highlights,2,NA,1,NA,4.83,30,https://www.airbnb.com/rooms/14126303
14129429,NA,NA,8,NA,3,NA,NA,0,https://www.airbnb.com/rooms/14129429
14131597,NA,Neighborhood highlights,2,NA,NA,NA,5,6,https://www.airbnb.com/rooms/14131597
14135904,NA,Neighborhood highlights,2,NA,1,NA,4.8,5,https://www.airbnb.com/rooms/14135904
14138302,$65.00,Neighborhood highlights,1,1,1,1,4.4,5,https://www.airbnb.com/rooms/14138302
14139170,NA,Neighborhood highlights,2,NA,2,NA,4.78,9,https://www.airbnb.com/rooms/14139170
14139553,$154.00,Neighborhood highlights,2,1,0,1,4.75,32,https://www.airbnb.com/rooms/14139553
14140552,$350.00,Neighborhood highlights,4,1,2,0,4.43,23,https://www.airbnb.com/rooms/14140552
14140905,NA,NA,1,NA,1,NA,NA,0,https://www.airbnb.com/rooms/14140905
14142298,$90.00,Neighborhood highlights,4,1,1,2,4.67,92,https://www.airbnb.com/rooms/14142298
14143250,$118.00,Neighborhood highlights,1,1,1,1,4.94,33,https://www.airbnb.com/rooms/14143250
14149046,$42.00,Neighborhood highlights,1,1.5,1,1,4.07,15,https://www.airbnb.com/rooms/14149046
14151487,$145.00,Neighborhood highlights,4,1,2,2,4.85,13,https://www.airbnb.com/rooms/14151487
14151551,$96.00,NA,2,1,1,1,4.84,92,https://www.airbnb.com/rooms/14151551
14152775,$200.00,Neighborhood highlights,3,1,1,2,5,34,https://www.airbnb.com/rooms/14152775
14153255,$60.00,Neighborhood highlights,2,1.5,1,1,4.94,35,https://www.airbnb.com/rooms/14153255
14155064,NA,NA,2,NA,1,NA,5,1,https://www.airbnb.com/rooms/14155064
14155795,NA,Neighborhood highlights,1,NA,NA,NA,4.58,24,https://www.airbnb.com/rooms/14155795
14161351,NA,Neighborhood highlights,4,NA,2,NA,5,9,https://www.airbnb.com/rooms/14161351
14163352,$100.00,Neighborhood highlights,2,1,1,1,4.8,91,https://www.airbnb.com/rooms/14163352
14167763,NA,NA,2,NA,1,NA,NA,0,https://www.airbnb.com/rooms/14167763
14168034,NA,NA,2,NA,1,NA,NA,0,https://www.airbnb.com/rooms/14168034
14168413,NA,NA,2,NA,1,NA,4.64,11,https://www.airbnb.com/rooms/14168413
14177028,$155.00,Neighborhood highlights,1,1,1,1,4.92,156,https://www.airbnb.com/rooms/14177028
14178226,NA,Neighborhood highlights,4,NA,2,NA,4.77,66,https://www.airbnb.com/rooms/14178226
14179120,NA,NA,1,NA,1,NA,4,1,https://www.airbnb.com/rooms/14179120
14180414,NA,NA,2,NA,1,NA,4.67,9,https://www.airbnb.com/rooms/14180414
14181565,NA,NA,2,NA,NA,NA,4.75,16,https://www.airbnb.com/rooms/14181565
14182564,NA,NA,2,NA,NA,NA,4.86,7,https://www.airbnb.com/rooms/14182564
14195437,$39.00,NA,1,1,2,1,4,1,https://www.airbnb.com/rooms/14195437
14203693,$225.00,Neighborhood highlights,2,1,1,1,4.85,166,https://www.airbnb.com/rooms/14203693
14214315,NA,NA,3,NA,NA,NA,4.45,11,https://www.airbnb.com/rooms/14214315
14214403,$190.00,Neighborhood highlights,5,1,2,3,4.9,197,https://www.airbnb.com/rooms/14214403
14215652,$252.00,NA,5,1,1,1,4.75,89,https://www.airbnb.com/rooms/14215652
14216896,$249.00,NA,4,1,2,2,NA,0,https://www.airbnb.com/rooms/14216896
14217692,NA,Neighborhood highlights,2,NA,NA,NA,5,9,https://www.airbnb.com/rooms/14217692
14218173,NA,NA,2,NA,NA,NA,5,2,https://www.airbnb.com/rooms/14218173
14218795,NA,NA,4,NA,1,NA,NA,0,https://www.airbnb.com/rooms/14218795
14220422,NA,NA,4,NA,2,NA,4,1,https://www.airbnb.com/rooms/14220422
14222252,$76.00,NA,4,1,0,2,4.73,172,https://www.airbnb.com/rooms/14222252
14228589,$49.00,NA,1,1,1,1,4.8,69,https://www.airbnb.com/rooms/14228589
14233670,NA,NA,2,NA,1,NA,5,5,https://www.airbnb.com/rooms/14233670
14236734,NA,NA,2,NA,1,NA,NA,0,https://www.airbnb.com/rooms/14236734
14237735,$95.00,Neighborhood highlights,2,1,1,1,4.92,72,https://www.airbnb.com/rooms/14237735
14253050,NA,NA,2,NA,1,NA,4.93,40,https://www.airbnb.com/rooms/14253050
14262383,$123.00,Neighborhood highlights,2,1,1,1,4.83,76,https://www.airbnb.com/rooms/14262383
14265052,NA,Neighborhood highlights,2,NA,NA,NA,4.6,15,https://www.airbnb.com/rooms/14265052
14274403,NA,Neighborhood highlights,3,NA,1,NA,4.79,122,https://www.airbnb.com/rooms/14274403
14275887,$149.00,Neighborhood highlights,3,1,1,1,4.42,83,https://www.airbnb.com/rooms/14275887
14280778,$399.00,NA,5,1,2,2,4.83,6,https://www.airbnb.com/rooms/14280778
14281526,$150.00,Neighborhood highlights,2,1,2,2,4.96,254,https://www.airbnb.com/rooms/14281526
14281865,$105.00,Neighborhood highlights,2,1,2,2,4.84,180,https://www.airbnb.com/rooms/14281865
14292249,NA,Neighborhood highlights,2,NA,NA,NA,4.78,51,https://www.airbnb.com/rooms/14292249
14296598,NA,Neighborhood highlights,2,1,1,1,4.97,148,https://www.airbnb.com/rooms/14296598
14297224,NA,Neighborhood highlights,4,NA,NA,NA,5,22,https://www.airbnb.com/rooms/14297224
14312497,NA,NA,2,NA,NA,NA,4.67,15,https://www.airbnb.com/rooms/14312497
14316284,$183.00,NA,2,1,1,1,4.97,71,https://www.airbnb.com/rooms/14316284
14316579,NA,Neighborhood highlights,1,NA,1,NA,5,2,https://www.airbnb.com/rooms/14316579
14317785,NA,NA,4,NA,2,NA,4.33,3,https://www.airbnb.com/rooms/14317785
14317995,NA,NA,2,NA,1,NA,5,22,https://www.airbnb.com/rooms/14317995
14318774,$206.00,Neighborhood highlights,4,1,1,2,4.95,215,https://www.airbnb.com/rooms/14318774
14320099,NA,NA,2,NA,NA,NA,4.83,6,https://www.airbnb.com/rooms/14320099
14322182,NA,Neighborhood highlights,2,NA,NA,NA,4.65,54,https://www.airbnb.com/rooms/14322182
14322869,$122.00,Neighborhood highlights,2,1,1,3,4.89,263,https://www.airbnb.com/rooms/14322869
14323475,NA,NA,1,NA,NA,NA,NA,0,https://www.airbnb.com/rooms/14323475
14339073,$95.00,Neighborhood highlights,2,1,1,1,4.5,2,https://www.airbnb.com/rooms/14339073
14339989,$397.00,Neighborhood highlights,2,1,1,1,4.85,54,https://www.airbnb.com/rooms/14339989
14340142,$173.00,Neighborhood highlights,2,1,1,1,5,63,https://www.airbnb.com/rooms/14340142
14341006,NA,Neighborhood highlights,2,NA,NA,NA,5,3,https://www.airbnb.com/rooms/14341006
14341397,$115.00,Neighborhood highlights,2,1,1,2,4.6,348,https://www.airbnb.com/rooms/14341397
14348580,$80.00,Neighborhood highlights,2,1,1,1,4.83,69,https://www.airbnb.com/rooms/14348580
14351693,$62.00,Neighborhood highlights,1,1,1,1,4.7,44,https://www.airbnb.com/rooms/14351693
14351733,NA,Neighborhood highlights,3,NA,NA,NA,4.8,15,https://www.airbnb.com/rooms/14351733
14353077,NA,NA,1,NA,NA,NA,5,2,https://www.airbnb.com/rooms/14353077
14353103,NA,Neighborhood highlights,2,NA,NA,NA,4.83,6,https://www.airbnb.com/rooms/14353103
14357698,NA,Neighborhood highlights,4,NA,2,NA,4.96,27,https://www.airbnb.com/rooms/14357698
14359772,$60.00,Neighborhood highlights,2,1,1,2,4.7,244,https://www.airbnb.com/rooms/14359772
14361378,NA,NA,2,NA,1,NA,5,1,https://www.airbnb.com/rooms/14361378
14366054,NA,Neighborhood highlights,3,NA,NA,NA,4.63,8,https://www.airbnb.com/rooms/14366054
14369923,NA,NA,4,NA,2,NA,5,1,https://www.airbnb.com/rooms/14369923
14371877,NA,Neighborhood highlights,2,NA,NA,NA,4.92,74,https://www.airbnb.com/rooms/14371877
14384261,$675.00,Neighborhood highlights,2,2,1,1,5,2,https://www.airbnb.com/rooms/14384261
14386245,NA,Neighborhood highlights,2,NA,NA,NA,4.6,5,https://www.airbnb.com/rooms/14386245
14388889,$42.00,Neighborhood highlights,1,1,1,1,4.86,147,https://www.airbnb.com/rooms/14388889
14394217,$100.00,Neighborhood highlights,2,1,0,1,4.88,165,https://www.airbnb.com/rooms/14394217
14404240,NA,NA,2,NA,NA,NA,4.54,79,https://www.airbnb.com/rooms/14404240
14406256,NA,Neighborhood highlights,1,NA,NA,NA,4.79,19,https://www.airbnb.com/rooms/14406256
14406807,NA,Neighborhood highlights,4,NA,1,NA,4.9,31,https://www.airbnb.com/rooms/14406807
14406923,$125.00,Neighborhood highlights,2,1,1,1,4.8,50,https://www.airbnb.com/rooms/14406923
14408114,"$2,500.00",Neighborhood highlights,3,2,2,1,5,4,https://www.airbnb.com/rooms/14408114
14417576,NA,Neighborhood highlights,3,NA,1,NA,4.92,36,https://www.airbnb.com/rooms/14417576
14419516,NA,NA,2,NA,NA,NA,4.64,11,https://www.airbnb.com/rooms/14419516
14419927,NA,NA,6,NA,3,NA,4.7,10,https://www.airbnb.com/rooms/14419927
14420353,$125.00,Neighborhood highlights,1,1,1,1,5,6,https://www.airbnb.com/rooms/14420353
14421313,NA,NA,2,NA,1,NA,4.8,5,https://www.airbnb.com/rooms/14421313
14421383,$81.00,Neighborhood highlights,2,1.5,1,1,4.64,134,https://www.airbnb.com/rooms/14421383
14423010,NA,NA,1,NA,1,NA,NA,0,https://www.airbnb.com/rooms/14423010
14429957,NA,Neighborhood highlights,2,NA,NA,NA,4.72,160,https://www.airbnb.com/rooms/14429957
14429976,$134.00,Neighborhood highlights,2,1,1,1,4.82,215,https://www.airbnb.com/rooms/14429976
14441627,NA,Neighborhood highlights,4,NA,1,NA,4.85,20,https://www.airbnb.com/rooms/14441627
14442338,NA,Neighborhood highlights,3,NA,1,NA,4.5,2,https://www.airbnb.com/rooms/14442338
14444422,$282.00,NA,4,1,2,3,5,3,https://www.airbnb.com/rooms/14444422
14445183,$98.00,Neighborhood highlights,2,1,1,2,4.85,108,https://www.airbnb.com/rooms/14445183
14445481,NA,NA,2,NA,NA,NA,4.5,2,https://www.airbnb.com/rooms/14445481
14446717,$160.00,Neighborhood highlights,3,1,1,1,5,29,https://www.airbnb.com/rooms/14446717
14450268,$100.00,Neighborhood highlights,2,1.5,1,1,4.8,60,https://www.airbnb.com/rooms/14450268
14452731,$89.00,NA,2,1,1,1,4.73,169,https://www.airbnb.com/rooms/14452731
14453189,NA,NA,2,NA,1,NA,NA,0,https://www.airbnb.com/rooms/14453189
14462592,$125.00,Neighborhood highlights,2,1,1,1,4.73,37,https://www.airbnb.com/rooms/14462592
14463527,NA,Neighborhood highlights,1,NA,1,NA,5,2,https://www.airbnb.com/rooms/14463527
14465415,$175.00,NA,6,1,3,5,4.46,41,https://www.airbnb.com/rooms/14465415
14466193,$89.00,Neighborhood highlights,2,1,1,1,4.81,27,https://www.airbnb.com/rooms/14466193
14467010,NA,NA,2,NA,NA,NA,4.45,11,https://www.airbnb.com/rooms/14467010
14467602,$130.00,NA,1,2,1,1,4,1,https://www.airbnb.com/rooms/14467602
14469737,NA,NA,6,NA,3,NA,5,9,https://www.airbnb.com/rooms/14469737
14470437,$180.00,Neighborhood highlights,2,1,1,1,4.95,123,https://www.airbnb.com/rooms/14470437
14472272,$95.00,Neighborhood highlights,6,1,2,2,4.72,327,https://www.airbnb.com/rooms/14472272
14472317,NA,Neighborhood highlights,2,NA,NA,NA,4.61,28,https://www.airbnb.com/rooms/14472317
14472671,$85.00,Neighborhood highlights,2,1,1,2,4.91,76,https://www.airbnb.com/rooms/14472671
14473545,NA,NA,3,NA,1,NA,4.89,9,https://www.airbnb.com/rooms/14473545
14480430,NA,NA,2,NA,NA,NA,NA,0,https://www.airbnb.com/rooms/14480430
14483469,NA,Neighborhood highlights,8,NA,3,NA,NA,0,https://www.airbnb.com/rooms/14483469
14485082,NA,Neighborhood highlights,4,NA,1,NA,5,2,https://www.airbnb.com/rooms/14485082
14485372,$265.00,NA,5,1,2,3,4.54,111,https://www.airbnb.com/rooms/14485372
14485877,$50.00,NA,1,2,1,1,4.85,95,https://www.airbnb.com/rooms/14485877
14489615,$300.00,Neighborhood highlights,2,1,1,2,4.8,60,https://www.airbnb.com/rooms/14489615
14490720,NA,Neighborhood highlights,4,NA,1,NA,NA,0,https://www.airbnb.com/rooms/14490720
14499377,$80.00,Neighborhood highlights,2,1,1,1,4.82,116,https://www.airbnb.com/rooms/14499377
14506036,$245.00,NA,2,1,1,2,4.63,123,https://www.airbnb.com/rooms/14506036
14507274,$172.00,Neighborhood highlights,2,1,1,2,4.93,87,https://www.airbnb.com/rooms/14507274
14519882,$114.00,NA,2,1,0,2,4.88,32,https://www.airbnb.com/rooms/14519882
14520743,NA,Neighborhood highlights,2,NA,NA,NA,4.7,23,https://www.airbnb.com/rooms/14520743
14522175,NA,Neighborhood highlights,2,NA,1,NA,4.32,22,https://www.airbnb.com/rooms/14522175
14529806,$169.00,Neighborhood highlights,2,1,0,1,4.85,110,https://www.airbnb.com/rooms/14529806
14530298,NA,NA,4,NA,1,NA,NA,0,https://www.airbnb.com/rooms/14530298
14536056,NA,Neighborhood highlights,6,NA,3,NA,4.88,33,https://www.airbnb.com/rooms/14536056
14547982,NA,Neighborhood highlights,2,NA,NA,NA,5,3,https://www.airbnb.com/rooms/14547982
14548280,NA,NA,2,NA,NA,NA,4,1,https://www.airbnb.com/rooms/14548280
14554093,NA,Neighborhood highlights,2,NA,1,NA,5,4,https://www.airbnb.com/rooms/14554093
14555269,NA,Neighborhood highlights,2,NA,NA,NA,4.25,8,https://www.airbnb.com/rooms/14555269
14556634,NA,NA,2,NA,NA,NA,5,1,https://www.airbnb.com/rooms/14556634
14556661,NA,NA,2,NA,1,NA,4.5,2,https://www.airbnb.com/rooms/14556661
14557504,$200.00,Neighborhood highlights,3,1,1,2,4.64,42,https://www.airbnb.com/rooms/14557504
14568858,NA,Neighborhood highlights,3,NA,1,NA,4.5,4,https://www.airbnb.com/rooms/14568858
14575138,$55.00,Neighborhood highlights,1,1,1,1,4.67,9,https://www.airbnb.com/rooms/14575138
14576763,NA,Neighborhood highlights,2,NA,NA,NA,4,1,https://www.airbnb.com/rooms/14576763
14586448,NA,Neighborhood highlights,4,NA,NA,NA,4.6,5,https://www.airbnb.com/rooms/14586448
14588156,$140.00,Neighborhood highlights,4,1,1,1,4.87,111,https://www.airbnb.com/rooms/14588156
14595903,$150.00,Neighborhood highlights,4,1.5,1,2,4.81,27,https://www.airbnb.com/rooms/14595903
14599247,NA,Neighborhood highlights,2,NA,NA,NA,4.71,35,https://www.airbnb.com/rooms/14599247
14608127,NA,NA,2,NA,1,NA,4.93,15,https://www.airbnb.com/rooms/14608127
14609199,$60.00,Neighborhood highlights,1,1,1,1,4.5,2,https://www.airbnb.com/rooms/14609199
14609804,$200.00,Neighborhood highlights,2,1,0,1,4.84,108,https://www.airbnb.com/rooms/14609804
14616377,$209.00,NA,4,1,2,2,4.41,157,https://www.airbnb.com/rooms/14616377
14619860,$495.00,NA,2,1,1,2,5,14,https://www.airbnb.com/rooms/14619860
14624128,NA,Neighborhood highlights,2,NA,NA,NA,4.74,23,https://www.airbnb.com/rooms/14624128
14625676,$200.00,Neighborhood highlights,6,2,3,3,4.91,46,https://www.airbnb.com/rooms/14625676
14628080,$169.00,Neighborhood highlights,2,1,0,1,4.82,103,https://www.airbnb.com/rooms/14628080
14633324,NA,Neighborhood highlights,2,NA,1,NA,5,21,https://www.airbnb.com/rooms/14633324
14636181,$54.00,Neighborhood highlights,2,1,1,1,4.88,42,https://www.airbnb.com/rooms/14636181
14648838,NA,NA,4,NA,2,NA,4.91,11,https://www.airbnb.com/rooms/14648838
14651111,NA,Neighborhood highlights,5,NA,2,NA,NA,0,https://www.airbnb.com/rooms/14651111
14653831,NA,NA,2,NA,NA,NA,5,1,https://www.airbnb.com/rooms/14653831
14654573,NA,Neighborhood highlights,4,NA,1,NA,4.88,208,https://www.airbnb.com/rooms/14654573
14661553,$156.00,Neighborhood highlights,2,1,1,1,4.81,172,https://www.airbnb.com/rooms/14661553
14666364,NA,NA,2,NA,1,NA,4.85,27,https://www.airbnb.com/rooms/14666364
14672067,NA,Neighborhood highlights,2,NA,1,NA,4.78,18,https://www.airbnb.com/rooms/14672067
14672524,NA,Neighborhood highlights,3,NA,NA,NA,4.81,106,https://www.airbnb.com/rooms/14672524
14686840,$38.00,NA,1,1,1,1,NA,0,https://www.airbnb.com/rooms/14686840
14686954,$55.00,Neighborhood highlights,3,1,1,1,4.76,136,https://www.airbnb.com/rooms/14686954
14691805,NA,NA,2,NA,NA,NA,4.36,44,https://www.airbnb.com/rooms/14691805
14692459,$180.00,Neighborhood highlights,4,1,2,3,4.5,12,https://www.airbnb.com/rooms/14692459
14694447,NA,NA,1,NA,NA,NA,5,1,https://www.airbnb.com/rooms/14694447
14696542,$63.00,Neighborhood highlights,1,1,1,1,4.93,303,https://www.airbnb.com/rooms/14696542
14698446,$69.00,Neighborhood highlights,2,1,1,1,4.44,66,https://www.airbnb.com/rooms/14698446
14706784,NA,Neighborhood highlights,2,NA,NA,NA,4.76,45,https://www.airbnb.com/rooms/14706784
14707648,$200.00,NA,2,1,1,2,4.83,424,https://www.airbnb.com/rooms/14707648
14709693,NA,NA,1,NA,NA,NA,NA,0,https://www.airbnb.com/rooms/14709693
14710763,$116.00,Neighborhood highlights,2,1,1,2,4.8,298,https://www.airbnb.com/rooms/14710763
14712466,NA,NA,5,NA,NA,NA,5,1,https://www.airbnb.com/rooms/14712466
14716155,NA,Neighborhood highlights,2,NA,NA,NA,4.78,94,https://www.airbnb.com/rooms/14716155
14716403,NA,NA,2,NA,1,NA,4.86,14,https://www.airbnb.com/rooms/14716403
14716586,NA,Neighborhood highlights,2,NA,NA,NA,4.73,96,https://www.airbnb.com/rooms/14716586
14723039,$257.00,NA,2,1.5,1,2,4.88,41,https://www.airbnb.com/rooms/14723039
14723166,NA,NA,2,NA,NA,NA,4.8,5,https://www.airbnb.com/rooms/14723166
14730708,"$3,000.00",NA,9,2.5,2,3,4.75,8,https://www.airbnb.com/rooms/14730708
14731939,NA,NA,2,NA,NA,NA,4.5,2,https://www.airbnb.com/rooms/14731939
14733932,NA,Neighborhood highlights,2,NA,NA,NA,4.73,109,https://www.airbnb.com/rooms/14733932
14737992,$47.00,Neighborhood highlights,1,1,1,1,4.64,45,https://www.airbnb.com/rooms/14737992
14738709,NA,Neighborhood highlights,5,NA,2,NA,5,3,https://www.airbnb.com/rooms/14738709
14743469,NA,NA,4,NA,2,NA,5,1,https://www.airbnb.com/rooms/14743469
14744735,NA,NA,1,NA,1,NA,4.78,9,https://www.airbnb.com/rooms/14744735
14744912,NA,Neighborhood highlights,3,NA,2,NA,4.75,4,https://www.airbnb.com/rooms/14744912
14746280,$199.00,Neighborhood highlights,2,1,1,1,4.91,65,https://www.airbnb.com/rooms/14746280
14756273,NA,NA,2,NA,NA,NA,5,9,https://www.airbnb.com/rooms/14756273
14760402,NA,Neighborhood highlights,5,NA,2,NA,4.33,6,https://www.airbnb.com/rooms/14760402
14762512,$40.00,Neighborhood highlights,1,1.5,0,0,4.69,13,https://www.airbnb.com/rooms/14762512
14763045,NA,Neighborhood highlights,2,NA,NA,NA,4.25,4,https://www.airbnb.com/rooms/14763045
14769785,NA,NA,2,NA,NA,NA,4.56,16,https://www.airbnb.com/rooms/14769785
14770256,NA,NA,2,NA,NA,NA,NA,0,https://www.airbnb.com/rooms/14770256
14771249,NA,Neighborhood highlights,4,NA,2,NA,5,1,https://www.airbnb.com/rooms/14771249
14772701,$89.00,Neighborhood highlights,3,1,1,2,4.82,22,https://www.airbnb.com/rooms/14772701
14778622,NA,NA,2,NA,1,NA,NA,0,https://www.airbnb.com/rooms/14778622
14781268,NA,Neighborhood highlights,2,NA,NA,NA,4.33,3,https://www.airbnb.com/rooms/14781268
14783267,NA,Neighborhood highlights,2,NA,1,NA,4.82,17,https://www.airbnb.com/rooms/14783267
14784377,NA,Neighborhood highlights,1,NA,NA,NA,5,3,https://www.airbnb.com/rooms/14784377
14787179,NA,NA,2,NA,1,NA,4.99,144,https://www.airbnb.com/rooms/14787179
14788009,$130.00,Neighborhood highlights,2,1,0,1,4.82,191,https://www.airbnb.com/rooms/14788009
14801700,NA,Neighborhood highlights,1,NA,NA,NA,4.65,20,https://www.airbnb.com/rooms/14801700
14807716,NA,Neighborhood highlights,4,NA,2,NA,4.84,19,https://www.airbnb.com/rooms/14807716
14808499,$89.00,Neighborhood highlights,3,1,0,1,4.81,27,https://www.airbnb.com/rooms/14808499
14809302,NA,NA,2,NA,1,NA,4.63,19,https://www.airbnb.com/rooms/14809302
14819796,"$1,057.00",Neighborhood highlights,6,1,2,3,4.79,53,https://www.airbnb.com/rooms/14819796
14822309,$65.00,Neighborhood highlights,1,1.5,1,1,4.85,20,https://www.airbnb.com/rooms/14822309
14823077,NA,NA,2,NA,NA,NA,4,1,https://www.airbnb.com/rooms/14823077
14826817,$80.00,Neighborhood highlights,3,1,1,1,4.33,135,https://www.airbnb.com/rooms/14826817
14835670,NA,Neighborhood highlights,5,NA,2,NA,4.07,27,https://www.airbnb.com/rooms/14835670
14837884,NA,NA,1,NA,1,NA,NA,0,https://www.airbnb.com/rooms/14837884
14838161,$125.00,NA,2,1,0,1,4.75,12,https://www.airbnb.com/rooms/14838161
14839830,$139.00,Neighborhood highlights,2,1,1,2,4.66,422,https://www.airbnb.com/rooms/14839830
14839995,$300.00,NA,4,1,3,3,4.86,77,https://www.airbnb.com/rooms/14839995
14840286,$950.00,Neighborhood highlights,7,3.5,4,4,4.17,6,https://www.airbnb.com/rooms/14840286
14843464,$89.00,Neighborhood highlights,3,1,0,1,4.82,22,https://www.airbnb.com/rooms/14843464
14843553,$255.00,Neighborhood highlights,2,1,0,1,4.96,140,https://www.airbnb.com/rooms/14843553
14844313,$148.00,Neighborhood highlights,2,1,1,1,5,8,https://www.airbnb.com/rooms/14844313
14851530,NA,Neighborhood highlights,1,NA,1,NA,5,2,https://www.airbnb.com/rooms/14851530
14852147,NA,Neighborhood highlights,2,NA,1,NA,5,28,https://www.airbnb.com/rooms/14852147
14855605,$130.00,NA,4,1,1,1,4,2,https://www.airbnb.com/rooms/14855605
14855614,$679.00,Neighborhood highlights,4,2.5,1,2,5,7,https://www.airbnb.com/rooms/14855614
14856763,NA,NA,2,NA,1,NA,NA,0,https://www.airbnb.com/rooms/14856763
14856799,$68.00,Neighborhood highlights,2,1.5,1,1,4.48,139,https://www.airbnb.com/rooms/14856799
14858190,NA,NA,2,NA,1,NA,5,2,https://www.airbnb.com/rooms/14858190
14858777,$71.00,Neighborhood highlights,2,1,1,1,5,7,https://www.airbnb.com/rooms/14858777
14864014,$135.00,Neighborhood highlights,4,1,1,2,4.9,29,https://www.airbnb.com/rooms/14864014
14865705,NA,NA,2,NA,1,NA,5,6,https://www.airbnb.com/rooms/14865705
14868857,$85.00,Neighborhood highlights,2,1,0,1,4.82,22,https://www.airbnb.com/rooms/14868857
14869063,NA,Neighborhood highlights,4,NA,1,NA,4.88,8,https://www.airbnb.com/rooms/14869063
14869260,NA,Neighborhood highlights,2,NA,NA,NA,5,1,https://www.airbnb.com/rooms/14869260
14871074,NA,Neighborhood highlights,2,NA,NA,NA,4.5,4,https://www.airbnb.com/rooms/14871074
14872249,$150.00,Neighborhood highlights,1,1.5,1,1,4.97,32,https://www.airbnb.com/rooms/14872249
14881794,NA,NA,1,NA,NA,NA,4.44,18,https://www.airbnb.com/rooms/14881794
14882046,$130.00,Neighborhood highlights,2,1,1,2,4.89,35,https://www.airbnb.com/rooms/14882046
14882137,NA,Neighborhood highlights,2,NA,NA,NA,4.91,11,https://www.airbnb.com/rooms/14882137
14882309,$80.00,NA,3,1,1,1,4.67,192,https://www.airbnb.com/rooms/14882309
14883818,$77.00,NA,2,1,1,2,4.78,162,https://www.airbnb.com/rooms/14883818
14892623,$95.00,Neighborhood highlights,2,1,1,1,4.86,121,https://www.airbnb.com/rooms/14892623
14911767,$500.00,Neighborhood highlights,5,1,2,3,5,9,https://www.airbnb.com/rooms/14911767
14913167,NA,Neighborhood highlights,2,NA,NA,NA,4.67,6,https://www.airbnb.com/rooms/14913167
14913941,$52.00,Neighborhood highlights,1,1,1,1,4.69,64,https://www.airbnb.com/rooms/14913941
14915099,NA,Neighborhood highlights,2,NA,NA,NA,5,60,https://www.airbnb.com/rooms/14915099
14918238,$65.00,Neighborhood highlights,2,1,1,1,4.68,505,https://www.airbnb.com/rooms/14918238
14918404,$80.00,NA,2,1,1,1,4.63,126,https://www.airbnb.com/rooms/14918404
14925506,$152.00,NA,4,1,2,2,NA,0,https://www.airbnb.com/rooms/14925506
14926631,$159.00,Neighborhood highlights,1,1,1,1,4.59,204,https://www.airbnb.com/rooms/14926631
14928089,NA,Neighborhood highlights,1,NA,1,NA,4.92,25,https://www.airbnb.com/rooms/14928089
14928996,NA,NA,2,NA,NA,NA,4.63,8,https://www.airbnb.com/rooms/14928996
14931156,$70.00,Neighborhood highlights,2,1,0,2,4.93,74,https://www.airbnb.com/rooms/14931156
14932887,NA,Neighborhood highlights,3,NA,1,NA,4.83,6,https://www.airbnb.com/rooms/14932887
14933388,$55.00,Neighborhood highlights,2,1,1,1,4.88,24,https://www.airbnb.com/rooms/14933388
14933521,NA,Neighborhood highlights,2,NA,1,NA,4.56,102,https://www.airbnb.com/rooms/14933521
14933893,NA,Neighborhood highlights,1,NA,NA,NA,4.5,2,https://www.airbnb.com/rooms/14933893
14945274,NA,NA,4,NA,NA,NA,4.71,14,https://www.airbnb.com/rooms/14945274
14951904,NA,NA,1,NA,NA,NA,5,4,https://www.airbnb.com/rooms/14951904
14959195,NA,Neighborhood highlights,2,NA,1,NA,4.67,3,https://www.airbnb.com/rooms/14959195
14961122,$140.00,NA,2,1,1,1,4.85,173,https://www.airbnb.com/rooms/14961122
14961253,NA,NA,2,NA,1,NA,4.6,5,https://www.airbnb.com/rooms/14961253
14963583,NA,NA,2,NA,NA,NA,4.67,3,https://www.airbnb.com/rooms/14963583
14963736,$125.00,NA,3,1,0,1,4,6,https://www.airbnb.com/rooms/14963736
14964655,NA,Neighborhood highlights,1,NA,1,NA,NA,0,https://www.airbnb.com/rooms/14964655
14967790,NA,Neighborhood highlights,2,NA,NA,NA,4.2,10,https://www.airbnb.com/rooms/14967790
14968436,$100.00,Neighborhood highlights,2,1,1,1,4.49,124,https://www.airbnb.com/rooms/14968436
14982260,$170.00,Neighborhood highlights,3,1,1,2,4.95,152,https://www.airbnb.com/rooms/14982260
14987516,$160.00,NA,2,1,1,1,4.74,46,https://www.airbnb.com/rooms/14987516
14994076,$299.00,Neighborhood highlights,9,2,4,5,5,17,https://www.airbnb.com/rooms/14994076
14996256,NA,NA,2,NA,NA,NA,NA,0,https://www.airbnb.com/rooms/14996256
15003711,$68.00,Neighborhood highlights,2,1.5,1,1,4.89,150,https://www.airbnb.com/rooms/15003711
15018397,$175.00,Neighborhood highlights,1,1,1,1,4.92,114,https://www.airbnb.com/rooms/15018397
15021635,NA,Neighborhood highlights,2,NA,NA,NA,4,1,https://www.airbnb.com/rooms/15021635
15021783,NA,Neighborhood highlights,1,NA,NA,NA,4.5,2,https://www.airbnb.com/rooms/15021783
15036516,NA,NA,2,NA,1,NA,NA,0,https://www.airbnb.com/rooms/15036516
15037251,$99.00,NA,2,1,1,1,4.83,146,https://www.airbnb.com/rooms/15037251
15038469,$87.00,Neighborhood highlights,1,1,1,1,4.96,358,https://www.airbnb.com/rooms/15038469
15040421,$80.00,Neighborhood highlights,2,1.5,1,1,5,11,https://www.airbnb.com/rooms/15040421
15050192,NA,NA,4,NA,1,NA,4.5,6,https://www.airbnb.com/rooms/15050192
15054630,$38.00,Neighborhood highlights,2,1,1,1,4.4,70,https://www.airbnb.com/rooms/15054630
15066269,NA,Neighborhood highlights,2,NA,NA,NA,4.97,33,https://www.airbnb.com/rooms/15066269
15066466,NA,Neighborhood highlights,2,NA,1,NA,4.53,15,https://www.airbnb.com/rooms/15066466
15067291,NA,Neighborhood highlights,2,NA,NA,NA,4.91,218,https://www.airbnb.com/rooms/15067291
15069259,NA,NA,2,NA,NA,NA,NA,0,https://www.airbnb.com/rooms/15069259
15082723,NA,Neighborhood highlights,2,NA,NA,NA,4.88,42,https://www.airbnb.com/rooms/15082723
15083571,$210.00,Neighborhood highlights,6,1,2,5,4.4,10,https://www.airbnb.com/rooms/15083571
15083823,$110.00,Neighborhood highlights,2,1,1,1,4.82,220,https://www.airbnb.com/rooms/15083823
15085833,NA,Neighborhood highlights,2,NA,1,NA,5,1,https://www.airbnb.com/rooms/15085833
15095005,NA,NA,2,NA,1,NA,4.92,37,https://www.airbnb.com/rooms/15095005
15097126,NA,Neighborhood highlights,2,NA,1,NA,5,6,https://www.airbnb.com/rooms/15097126
15098153,NA,NA,2,NA,1,NA,4.71,7,https://www.airbnb.com/rooms/15098153
15098355,NA,Neighborhood highlights,2,NA,1,NA,5,1,https://www.airbnb.com/rooms/15098355
15102026,NA,Neighborhood highlights,2,NA,NA,NA,4.67,3,https://www.airbnb.com/rooms/15102026
15106603,NA,NA,2,NA,1,NA,5,1,https://www.airbnb.com/rooms/15106603
15108887,$68.00,NA,1,1,1,1,4.71,49,https://www.airbnb.com/rooms/15108887
15111567,NA,Neighborhood highlights,4,NA,2,NA,4.8,55,https://www.airbnb.com/rooms/15111567
15114550,$188.00,Neighborhood highlights,5,1,2,3,4.47,100,https://www.airbnb.com/rooms/15114550
15115382,$90.00,Neighborhood highlights,2,1,0,2,4.92,525,https://www.airbnb.com/rooms/15115382
15124396,$227.00,Neighborhood highlights,5,1,2,3,NA,0,https://www.airbnb.com/rooms/15124396
15132151,NA,NA,1,NA,1,NA,5,1,https://www.airbnb.com/rooms/15132151
15133721,NA,Neighborhood highlights,1,NA,NA,NA,4.89,9,https://www.airbnb.com/rooms/15133721
15141938,$259.00,Neighborhood highlights,2,1,1,1,4.99,433,https://www.airbnb.com/rooms/15141938
15145285,NA,NA,2,NA,2,NA,NA,0,https://www.airbnb.com/rooms/15145285
15149187,NA,NA,2,NA,NA,NA,4.72,50,https://www.airbnb.com/rooms/15149187
15149762,NA,NA,2,NA,NA,NA,NA,0,https://www.airbnb.com/rooms/15149762
15150240,$37.00,NA,1,1,1,1,5,8,https://www.airbnb.com/rooms/15150240
15159731,$93.00,NA,2,1,0,1,4.37,27,https://www.airbnb.com/rooms/15159731
15160268,NA,NA,2,NA,1,NA,4.5,2,https://www.airbnb.com/rooms/15160268
15162388,NA,NA,2,NA,NA,NA,NA,0,https://www.airbnb.com/rooms/15162388
15173557,NA,NA,2,NA,1,NA,NA,0,https://www.airbnb.com/rooms/15173557
15177242,NA,NA,2,NA,1,NA,5,1,https://www.airbnb.com/rooms/15177242
15188621,NA,Neighborhood highlights,2,NA,1,NA,4.91,23,https://www.airbnb.com/rooms/15188621
15189639,NA,NA,2,NA,1,NA,NA,0,https://www.airbnb.com/rooms/15189639
15190865,$249.00,NA,2,1,2,2,4.84,138,https://www.airbnb.com/rooms/15190865
15192362,$43.00,Neighborhood highlights,1,1.5,1,1,5,69,https://www.airbnb.com/rooms/15192362
15195093,NA,Neighborhood highlights,2,NA,1,NA,NA,0,https://www.airbnb.com/rooms/15195093
15206272,$50.00,Neighborhood highlights,1,1,1,1,4.8,25,https://www.airbnb.com/rooms/15206272
15216895,NA,NA,1,NA,2,NA,5,3,https://www.airbnb.com/rooms/15216895
15218342,$159.00,Neighborhood highlights,2,1,0,1,4.95,198,https://www.airbnb.com/rooms/15218342
15222673,NA,Neighborhood highlights,1,NA,2,NA,5,11,https://www.airbnb.com/rooms/15222673
15230339,NA,Neighborhood highlights,3,NA,1,NA,4.67,3,https://www.airbnb.com/rooms/15230339
15234773,$94.00,Neighborhood highlights,1,1,1,1,4.92,37,https://www.airbnb.com/rooms/15234773
15238740,NA,Neighborhood highlights,2,NA,NA,NA,4.69,71,https://www.airbnb.com/rooms/15238740
15241968,NA,NA,2,NA,NA,NA,4.92,12,https://www.airbnb.com/rooms/15241968
15247262,$264.00,Neighborhood highlights,2,1,1,1,4.82,252,https://www.airbnb.com/rooms/15247262
15247747,NA,Neighborhood highlights,12,NA,3,NA,4.49,78,https://www.airbnb.com/rooms/15247747
15248135,NA,Neighborhood highlights,2,NA,NA,NA,4.89,9,https://www.airbnb.com/rooms/15248135
15250033,$138.00,Neighborhood highlights,2,1,1,2,4.94,144,https://www.airbnb.com/rooms/15250033
15250168,$73.00,NA,1,1,1,2,4.95,120,https://www.airbnb.com/rooms/15250168
15252848,NA,Neighborhood highlights,2,NA,NA,NA,5,2,https://www.airbnb.com/rooms/15252848
15253883,NA,Neighborhood highlights,4,NA,1,NA,4.57,7,https://www.airbnb.com/rooms/15253883
15257524,$43.00,Neighborhood highlights,1,1,1,1,4.43,23,https://www.airbnb.com/rooms/15257524
15260962,"$1,131.00",Neighborhood highlights,6,2,2,3,4.84,62,https://www.airbnb.com/rooms/15260962
15261353,NA,Neighborhood highlights,3,NA,NA,NA,4.57,7,https://www.airbnb.com/rooms/15261353
15266254,$580.00,NA,4,1,0,2,5,1,https://www.airbnb.com/rooms/15266254
15268654,$195.00,Neighborhood highlights,5,1,2,2,4.82,140,https://www.airbnb.com/rooms/15268654
15268792,$350.00,Neighborhood highlights,4,1,0,2,4.92,12,https://www.airbnb.com/rooms/15268792
15282411,NA,Neighborhood highlights,2,NA,NA,NA,4.89,18,https://www.airbnb.com/rooms/15282411
15294943,NA,Neighborhood highlights,4,NA,NA,NA,4.5,4,https://www.airbnb.com/rooms/15294943
15301748,$45.00,Neighborhood highlights,2,1,1,1,4.75,84,https://www.airbnb.com/rooms/15301748
15302149,NA,Neighborhood highlights,2,NA,NA,NA,NA,0,https://www.airbnb.com/rooms/15302149
15307603,NA,Neighborhood highlights,2,NA,NA,NA,4.51,112,https://www.airbnb.com/rooms/15307603
15310580,NA,Neighborhood highlights,3,NA,1,NA,4.38,8,https://www.airbnb.com/rooms/15310580
15311154,$57.00,NA,2,1,1,1,4.8,46,https://www.airbnb.com/rooms/15311154
15312128,$160.00,Neighborhood highlights,3,1,2,2,4.67,205,https://www.airbnb.com/rooms/15312128
15314054,"$1,000.00",NA,3,1,2,1,4.76,17,https://www.airbnb.com/rooms/15314054
15323284,NA,Neighborhood highlights,2,NA,NA,NA,5,3,https://www.airbnb.com/rooms/15323284
15324045,"$1,143.00",Neighborhood highlights,16,4,6,8,4.82,233,https://www.airbnb.com/rooms/15324045
15326243,$495.00,Neighborhood highlights,4,1,1,3,4.95,22,https://www.airbnb.com/rooms/15326243
15336596,$50.00,Neighborhood highlights,2,1,1,1,4.8,54,https://www.airbnb.com/rooms/15336596
15338155,$93.00,Neighborhood highlights,2,1,1,1,4.86,83,https://www.airbnb.com/rooms/15338155
15340854,$900.00,Neighborhood highlights,10,3.5,4,7,4.97,38,https://www.airbnb.com/rooms/15340854
15342056,NA,NA,2,NA,NA,NA,NA,0,https://www.airbnb.com/rooms/15342056
15342164,NA,Neighborhood highlights,1,NA,NA,NA,4.5,4,https://www.airbnb.com/rooms/15342164
15343302,$250.00,Neighborhood highlights,3,1,2,2,5,5,https://www.airbnb.com/rooms/15343302
15345019,"$7,500.00",Neighborhood highlights,2,1,2,1,4.76,29,https://www.airbnb.com/rooms/15345019
15347268,NA,Neighborhood highlights,6,2,2,3,5,4,https://www.airbnb.com/rooms/15347268
15358881,NA,Neighborhood highlights,4,NA,1,NA,5,7,https://www.airbnb.com/rooms/15358881
15360687,$170.00,Neighborhood highlights,2,1,1,1,4.92,120,https://www.airbnb.com/rooms/15360687
15360787,$139.00,Neighborhood highlights,2,1,1,1,4.94,70,https://www.airbnb.com/rooms/15360787
15370219,NA,NA,1,NA,NA,NA,5,3,https://www.airbnb.com/rooms/15370219
15371951,$170.00,Neighborhood highlights,2,1,1,1,4.91,35,https://www.airbnb.com/rooms/15371951
15377806,NA,NA,2,NA,1,NA,4.67,3,https://www.airbnb.com/rooms/15377806
15378469,NA,Neighborhood highlights,1,NA,NA,NA,NA,0,https://www.airbnb.com/rooms/15378469
15379574,NA,Neighborhood highlights,5,NA,2,NA,4.7,146,https://www.airbnb.com/rooms/15379574
15381675,$364.00,Neighborhood highlights,2,1,1,1,4.95,111,https://www.airbnb.com/rooms/15381675
15393322,NA,Neighborhood highlights,6,NA,3,NA,5,8,https://www.airbnb.com/rooms/15393322
15396328,NA,Neighborhood highlights,1,NA,NA,NA,4.57,7,https://www.airbnb.com/rooms/15396328
15399031,NA,Neighborhood highlights,2,NA,1,NA,4.81,32,https://www.airbnb.com/rooms/15399031
15409309,NA,NA,2,NA,NA,NA,NA,0,https://www.airbnb.com/rooms/15409309
15411945,NA,Neighborhood highlights,2,NA,NA,NA,5,1,https://www.airbnb.com/rooms/15411945
15411988,$134.00,Neighborhood highlights,1,1,1,1,4.89,124,https://www.airbnb.com/rooms/15411988
15421244,$160.00,Neighborhood highlights,4,1,1,3,4.96,195,https://www.airbnb.com/rooms/15421244
15421279,NA,Neighborhood highlights,1,NA,2,NA,4.89,27,https://www.airbnb.com/rooms/15421279
15422083,NA,NA,1,NA,1,NA,4.78,18,https://www.airbnb.com/rooms/15422083
15423552,$76.00,NA,4,1,2,3,4.59,17,https://www.airbnb.com/rooms/15423552
15423962,NA,Neighborhood highlights,2,NA,NA,NA,4.65,20,https://www.airbnb.com/rooms/15423962
15436836,$279.00,Neighborhood highlights,2,1,2,2,4.96,361,https://www.airbnb.com/rooms/15436836
15436871,$315.00,Neighborhood highlights,6,1,2,3,4.45,95,https://www.airbnb.com/rooms/15436871
15438016,NA,NA,2,NA,NA,NA,5,1,https://www.airbnb.com/rooms/15438016
15444619,$323.00,Neighborhood highlights,4,1.5,1,2,4.78,246,https://www.airbnb.com/rooms/15444619
15450257,NA,Neighborhood highlights,2,NA,1,NA,5,1,https://www.airbnb.com/rooms/15450257
15450848,NA,Neighborhood highlights,4,NA,1,NA,4.7,54,https://www.airbnb.com/rooms/15450848
15453848,NA,NA,1,NA,NA,NA,5,4,https://www.airbnb.com/rooms/15453848
15454216,NA,NA,4,NA,NA,NA,5,1,https://www.airbnb.com/rooms/15454216
15461512,NA,NA,1,NA,NA,NA,5,3,https://www.airbnb.com/rooms/15461512
15462208,NA,Neighborhood highlights,5,NA,2,NA,4.72,101,https://www.airbnb.com/rooms/15462208
15465050,NA,Neighborhood highlights,2,NA,1,NA,4.32,194,https://www.airbnb.com/rooms/15465050
15467130,$100.00,Neighborhood highlights,4,1,1,3,5,5,https://www.airbnb.com/rooms/15467130
15468038,NA,Neighborhood highlights,3,NA,NA,NA,4.83,23,https://www.airbnb.com/rooms/15468038
15470122,NA,NA,5,NA,3,NA,NA,0,https://www.airbnb.com/rooms/15470122
15473752,$49.00,Neighborhood highlights,2,0.5,1,1,4.77,47,https://www.airbnb.com/rooms/15473752
15474504,NA,Neighborhood highlights,1,NA,NA,NA,4.52,63,https://www.airbnb.com/rooms/15474504
15476794,$125.00,NA,2,1,1,1,NA,0,https://www.airbnb.com/rooms/15476794
15478604,NA,Neighborhood highlights,3,NA,1,NA,4.47,96,https://www.airbnb.com/rooms/15478604
15481609,NA,Neighborhood highlights,2,NA,NA,NA,4.69,194,https://www.airbnb.com/rooms/15481609
15481730,NA,Neighborhood highlights,2,NA,2,NA,4.72,29,https://www.airbnb.com/rooms/15481730
15482081,NA,Neighborhood highlights,2,NA,NA,NA,4.6,186,https://www.airbnb.com/rooms/15482081
15482082,NA,Neighborhood highlights,2,NA,2,NA,4.6,5,https://www.airbnb.com/rooms/15482082
15482512,NA,Neighborhood highlights,2,NA,NA,NA,4.54,171,https://www.airbnb.com/rooms/15482512
15482966,$78.00,Neighborhood highlights,1,1,1,2,5,21,https://www.airbnb.com/rooms/15482966
15483201,$111.00,Neighborhood highlights,2,1,1,2,4.76,42,https://www.airbnb.com/rooms/15483201
15485880,$175.00,NA,2,1,1,2,4.85,213,https://www.airbnb.com/rooms/15485880
15486009,$39.00,Neighborhood highlights,2,2,1,1,4.82,11,https://www.airbnb.com/rooms/15486009
15486072,NA,NA,3,NA,NA,NA,5,12,https://www.airbnb.com/rooms/15486072
15493595,NA,Neighborhood highlights,2,NA,1,NA,NA,0,https://www.airbnb.com/rooms/15493595
15495132,$159.00,Neighborhood highlights,5,1,2,4,4.64,25,https://www.airbnb.com/rooms/15495132
15496496,NA,Neighborhood highlights,2,NA,NA,NA,4.67,3,https://www.airbnb.com/rooms/15496496
15496616,NA,Neighborhood highlights,3,NA,1,NA,5,3,https://www.airbnb.com/rooms/15496616
15500460,NA,Neighborhood highlights,2,NA,NA,NA,4.87,260,https://www.airbnb.com/rooms/15500460
15506009,$240.00,Neighborhood highlights,6,1,2,1,4.83,6,https://www.airbnb.com/rooms/15506009
15507375,$55.00,Neighborhood highlights,4,1,1,1,4.75,139,https://www.airbnb.com/rooms/15507375
15513127,NA,Neighborhood highlights,2,NA,NA,NA,NA,0,https://www.airbnb.com/rooms/15513127
15517104,NA,Neighborhood highlights,2,NA,3,NA,4.95,133,https://www.airbnb.com/rooms/15517104
15518025,NA,NA,2,NA,1,NA,NA,0,https://www.airbnb.com/rooms/15518025
15522627,$79.00,Neighborhood highlights,1,1,1,1,4.78,77,https://www.airbnb.com/rooms/15522627
15527416,$68.00,Neighborhood highlights,2,1,1,2,4.85,177,https://www.airbnb.com/rooms/15527416
15528972,NA,NA,5,NA,2,NA,4.86,84,https://www.airbnb.com/rooms/15528972
15529937,$39.00,Neighborhood highlights,2,2,1,1,4.75,91,https://www.airbnb.com/rooms/15529937
15537482,NA,NA,1,NA,1,NA,NA,0,https://www.airbnb.com/rooms/15537482
15543090,NA,Neighborhood highlights,2,NA,NA,NA,4.62,181,https://www.airbnb.com/rooms/15543090
15545469,NA,Neighborhood highlights,1,NA,2,NA,4.63,19,https://www.airbnb.com/rooms/15545469
15548301,NA,NA,1,NA,1,NA,NA,0,https://www.airbnb.com/rooms/15548301
15549056,$290.00,NA,2,1,1,2,4.9,170,https://www.airbnb.com/rooms/15549056
15552901,NA,NA,2,NA,NA,NA,5,4,https://www.airbnb.com/rooms/15552901
15561163,$130.00,Neighborhood highlights,2,1,1,2,4.64,149,https://www.airbnb.com/rooms/15561163
15561421,$165.00,NA,3,1,0,1,4.7,10,https://www.airbnb.com/rooms/15561421
15564955,NA,Neighborhood highlights,2,NA,NA,NA,5,2,https://www.airbnb.com/rooms/15564955
15568616,$100.00,NA,5,1,1,4,4.61,87,https://www.airbnb.com/rooms/15568616
15569019,$110.00,Neighborhood highlights,2,1,1,1,5,9,https://www.airbnb.com/rooms/15569019
15576821,$45.00,Neighborhood highlights,1,1,1,2,4.88,226,https://www.airbnb.com/rooms/15576821
15581667,NA,NA,3,NA,1,NA,4.76,29,https://www.airbnb.com/rooms/15581667
15581948,$125.00,NA,2,1,1,1,4.91,325,https://www.airbnb.com/rooms/15581948
15583957,$150.00,NA,3,1,0,1,4,8,https://www.airbnb.com/rooms/15583957
15596539,NA,NA,2,NA,NA,NA,5,1,https://www.airbnb.com/rooms/15596539
15597600,$191.00,Neighborhood highlights,2,1,2,2,4.89,119,https://www.airbnb.com/rooms/15597600
15598367,NA,Neighborhood highlights,2,NA,NA,NA,4.56,60,https://www.airbnb.com/rooms/15598367
15602953,$43.00,Neighborhood highlights,2,1,1,1,4.51,92,https://www.airbnb.com/rooms/15602953
15603347,$150.00,Neighborhood highlights,2,1,1,1,4.74,125,https://www.airbnb.com/rooms/15603347
15604993,NA,NA,4,NA,2,NA,5,10,https://www.airbnb.com/rooms/15604993
15606875,NA,Neighborhood highlights,5,NA,1,NA,4.88,32,https://www.airbnb.com/rooms/15606875
15621557,NA,Neighborhood highlights,1,NA,1,NA,NA,0,https://www.airbnb.com/rooms/15621557
15641341,$47.00,NA,1,1,2,1,NA,0,https://www.airbnb.com/rooms/15641341
15646586,NA,Neighborhood highlights,2,NA,1,NA,5,5,https://www.airbnb.com/rooms/15646586
15648008,NA,Neighborhood highlights,2,NA,1,NA,5,34,https://www.airbnb.com/rooms/15648008
15654668,$600.00,NA,3,2,2,2,5,3,https://www.airbnb.com/rooms/15654668
15661467,NA,Neighborhood highlights,2,NA,NA,NA,4.89,45,https://www.airbnb.com/rooms/15661467
15663543,NA,Neighborhood highlights,4,NA,2,NA,5,2,https://www.airbnb.com/rooms/15663543
15663586,NA,Neighborhood highlights,2,NA,1,NA,4.97,30,https://www.airbnb.com/rooms/15663586
15663646,NA,Neighborhood highlights,1,NA,4,NA,NA,0,https://www.airbnb.com/rooms/15663646
15664037,NA,Neighborhood highlights,4,NA,NA,NA,4.7,23,https://www.airbnb.com/rooms/15664037
15665120,NA,NA,1,NA,NA,NA,NA,0,https://www.airbnb.com/rooms/15665120
15665152,NA,Neighborhood highlights,4,NA,2,NA,4.84,135,https://www.airbnb.com/rooms/15665152
15672772,NA,Neighborhood highlights,2,NA,1,NA,5,1,https://www.airbnb.com/rooms/15672772
15675520,$397.00,Neighborhood highlights,4,1,1,1,4.58,12,https://www.airbnb.com/rooms/15675520
15678122,NA,NA,2,NA,NA,NA,5,1,https://www.airbnb.com/rooms/15678122
15678385,$144.00,Neighborhood highlights,2,1,1,1,4.72,72,https://www.airbnb.com/rooms/15678385
15678623,NA,Neighborhood highlights,4,NA,2,NA,4.86,7,https://www.airbnb.com/rooms/15678623
15703294,NA,Neighborhood highlights,2,NA,1,NA,4.77,13,https://www.airbnb.com/rooms/15703294
15706863,$195.00,Neighborhood highlights,6,1,2,5,4.9,202,https://www.airbnb.com/rooms/15706863
15713028,NA,NA,1,NA,NA,NA,5,2,https://www.airbnb.com/rooms/15713028
15715486,$200.00,Neighborhood highlights,2,1,1,2,4.63,8,https://www.airbnb.com/rooms/15715486
15717652,NA,NA,5,NA,1,NA,4,1,https://www.airbnb.com/rooms/15717652
15721376,NA,Neighborhood highlights,2,NA,1,NA,5,7,https://www.airbnb.com/rooms/15721376
15721847,NA,Neighborhood highlights,1,NA,1,NA,4.82,17,https://www.airbnb.com/rooms/15721847
15723889,NA,Neighborhood highlights,2,NA,1,NA,4.5,6,https://www.airbnb.com/rooms/15723889
15726990,NA,Neighborhood highlights,6,NA,2,NA,4,2,https://www.airbnb.com/rooms/15726990
15728780,$275.00,Neighborhood highlights,4,1,2,2,4.68,44,https://www.airbnb.com/rooms/15728780
15732405,$300.00,Neighborhood highlights,8,1,3,4,NA,0,https://www.airbnb.com/rooms/15732405
15732778,$80.00,Neighborhood highlights,1,1,1,1,4.96,23,https://www.airbnb.com/rooms/15732778
15732919,$129.00,NA,2,1,1,6,NA,0,https://www.airbnb.com/rooms/15732919
15733438,$120.00,Neighborhood highlights,2,2,1,1,4.76,139,https://www.airbnb.com/rooms/15733438
15733832,$69.00,Neighborhood highlights,2,2,1,1,4.73,260,https://www.airbnb.com/rooms/15733832
15734793,NA,Neighborhood highlights,2,NA,1,NA,4.75,246,https://www.airbnb.com/rooms/15734793
15739930,NA,Neighborhood highlights,1,NA,NA,NA,4.75,4,https://www.airbnb.com/rooms/15739930
15740080,$168.00,NA,4,1,2,2,4.5,2,https://www.airbnb.com/rooms/15740080
15741231,$312.00,NA,2,1,1,1,NA,0,https://www.airbnb.com/rooms/15741231
15742916,NA,NA,2,NA,1,NA,5,7,https://www.airbnb.com/rooms/15742916
15746736,NA,NA,3,NA,2,NA,4.89,19,https://www.airbnb.com/rooms/15746736
15756633,$62.00,Neighborhood highlights,2,1,1,1,5,14,https://www.airbnb.com/rooms/15756633
15757847,NA,NA,2,NA,1,NA,NA,0,https://www.airbnb.com/rooms/15757847
15758553,NA,Neighborhood highlights,4,NA,NA,NA,5,1,https://www.airbnb.com/rooms/15758553
15767882,$285.00,Neighborhood highlights,2,1,1,1,4,1,https://www.airbnb.com/rooms/15767882
15769077,$110.00,NA,2,1,1,1,5,17,https://www.airbnb.com/rooms/15769077
15769964,NA,Neighborhood highlights,3,NA,1,NA,4.33,3,https://www.airbnb.com/rooms/15769964
15772447,$162.00,Neighborhood highlights,2,1,1,1,4.95,408,https://www.airbnb.com/rooms/15772447
15774003,$225.00,Neighborhood highlights,4,1,2,3,4.91,222,https://www.airbnb.com/rooms/15774003
15774629,$230.00,Neighborhood highlights,3,1,2,4,4.9,225,https://www.airbnb.com/rooms/15774629
15781324,$120.00,Neighborhood highlights,2,1,1,1,4.89,9,https://www.airbnb.com/rooms/15781324
15781521,NA,Neighborhood highlights,2,NA,NA,NA,NA,0,https://www.airbnb.com/rooms/15781521
15783413,NA,Neighborhood highlights,7,NA,3,NA,4.84,148,https://www.airbnb.com/rooms/15783413
15785088,$249.00,Neighborhood highlights,2,1,1,2,4.73,447,https://www.airbnb.com/rooms/15785088
15787037,NA,Neighborhood highlights,2,NA,NA,NA,5,3,https://www.airbnb.com/rooms/15787037
15787497,NA,NA,2,NA,NA,NA,4.38,8,https://www.airbnb.com/rooms/15787497
15788312,NA,Neighborhood highlights,2,NA,1,NA,4.69,248,https://www.airbnb.com/rooms/15788312
15789384,NA,NA,2,NA,NA,NA,4.8,5,https://www.airbnb.com/rooms/15789384
15790071,NA,Neighborhood highlights,2,NA,NA,NA,4.85,13,https://www.airbnb.com/rooms/15790071
15790820,NA,NA,2,NA,NA,NA,NA,0,https://www.airbnb.com/rooms/15790820
15790974,$87.00,Neighborhood highlights,1,1,1,1,5,1,https://www.airbnb.com/rooms/15790974
15798809,NA,Neighborhood highlights,2,NA,NA,NA,4.96,67,https://www.airbnb.com/rooms/15798809
15799340,$300.00,Neighborhood highlights,4,1,0,2,4.76,89,https://www.airbnb.com/rooms/15799340
15800923,NA,Neighborhood highlights,2,NA,1,NA,4.94,18,https://www.airbnb.com/rooms/15800923
15801194,NA,NA,4,NA,1,NA,NA,0,https://www.airbnb.com/rooms/15801194
15802947,$250.00,Neighborhood highlights,2,1,0,1,4.87,301,https://www.airbnb.com/rooms/15802947
15815905,$110.00,Neighborhood highlights,2,1,1,1,4.4,91,https://www.airbnb.com/rooms/15815905
15816784,NA,NA,1,NA,1,NA,NA,0,https://www.airbnb.com/rooms/15816784
15818624,NA,Neighborhood highlights,2,NA,NA,NA,4.87,52,https://www.airbnb.com/rooms/15818624
15819665,$125.00,Neighborhood highlights,2,1,2,2,4.88,233,https://www.airbnb.com/rooms/15819665
15820512,NA,Neighborhood highlights,2,NA,1,NA,4.85,125,https://www.airbnb.com/rooms/15820512
15822044,$97.00,NA,1,0.5,1,1,NA,0,https://www.airbnb.com/rooms/15822044
15827516,NA,Neighborhood highlights,2,NA,1,NA,5,4,https://www.airbnb.com/rooms/15827516
15827829,$146.00,NA,2,1,0,2,4.33,12,https://www.airbnb.com/rooms/15827829
15830677,$133.00,NA,2,1,0,1,4.33,3,https://www.airbnb.com/rooms/15830677
15831005,NA,Neighborhood highlights,2,NA,1,NA,5,182,https://www.airbnb.com/rooms/15831005
15832098,$100.00,Neighborhood highlights,1,1.5,1,1,4.64,14,https://www.airbnb.com/rooms/15832098
15833015,NA,Neighborhood highlights,2,NA,1,NA,4.67,3,https://www.airbnb.com/rooms/15833015
15833574,NA,Neighborhood highlights,2,NA,NA,NA,4.94,70,https://www.airbnb.com/rooms/15833574
15834511,$179.00,Neighborhood highlights,1,1,1,1,4.66,116,https://www.airbnb.com/rooms/15834511
15841513,$210.00,Neighborhood highlights,2,1,1,1,4.9,84,https://www.airbnb.com/rooms/15841513
15844782,$110.00,Neighborhood highlights,2,1,1,1,4.69,169,https://www.airbnb.com/rooms/15844782
15845215,$99.00,Neighborhood highlights,4,1,1,3,4.59,204,https://www.airbnb.com/rooms/15845215
15845669,$105.00,Neighborhood highlights,2,1,0,2,4.91,77,https://www.airbnb.com/rooms/15845669
15851599,NA,NA,3,NA,1,NA,4.75,12,https://www.airbnb.com/rooms/15851599
15854548,$48.00,Neighborhood highlights,1,1,1,1,4.81,42,https://www.airbnb.com/rooms/15854548
15855646,NA,Neighborhood highlights,2,NA,NA,NA,4.97,103,https://www.airbnb.com/rooms/15855646
15857118,$320.00,Neighborhood highlights,5,1,3,4,4.73,93,https://www.airbnb.com/rooms/15857118
15857259,"$1,999.00",Neighborhood highlights,6,2,2,3,5,10,https://www.airbnb.com/rooms/15857259
15857334,"$1,199.00",Neighborhood highlights,4,1,1,2,5,35,https://www.airbnb.com/rooms/15857334
15858847,$192.00,Neighborhood highlights,4,1,0,2,4.6,294,https://www.airbnb.com/rooms/15858847
15866496,NA,NA,2,NA,1,NA,3,1,https://www.airbnb.com/rooms/15866496
15867800,NA,Neighborhood highlights,5,NA,NA,NA,4.97,37,https://www.airbnb.com/rooms/15867800
15870454,$148.00,NA,3,1,0,1,4.64,11,https://www.airbnb.com/rooms/15870454
15874245,NA,NA,2,NA,NA,NA,5,7,https://www.airbnb.com/rooms/15874245
15875061,NA,Neighborhood highlights,2,NA,1,NA,4.97,32,https://www.airbnb.com/rooms/15875061
15882274,NA,NA,2,NA,1,NA,4,1,https://www.airbnb.com/rooms/15882274
15889590,$300.00,Neighborhood highlights,4,1,1,2,4.56,9,https://www.airbnb.com/rooms/15889590
15898224,$250.00,NA,6,1,3,4,5,2,https://www.airbnb.com/rooms/15898224
15900336,NA,Neighborhood highlights,1,NA,NA,NA,5,1,https://www.airbnb.com/rooms/15900336
15911729,$200.00,Neighborhood highlights,2,1,1,2,NA,0,https://www.airbnb.com/rooms/15911729
15915176,NA,Neighborhood highlights,2,NA,NA,NA,4.54,13,https://www.airbnb.com/rooms/15915176
15926876,NA,NA,2,NA,NA,NA,NA,0,https://www.airbnb.com/rooms/15926876
15927071,NA,Neighborhood highlights,2,NA,1,NA,4.86,56,https://www.airbnb.com/rooms/15927071
15927523,NA,NA,3,NA,1,NA,4.86,83,https://www.airbnb.com/rooms/15927523
15928001,$93.00,NA,2,1,0,1,4.63,24,https://www.airbnb.com/rooms/15928001
15928635,$35.00,NA,1,1,2,1,4.69,134,https://www.airbnb.com/rooms/15928635
15928835,$96.00,Neighborhood highlights,2,1,0,1,4.64,96,https://www.airbnb.com/rooms/15928835
15928889,NA,NA,1,NA,2,NA,5,2,https://www.airbnb.com/rooms/15928889
15929281,$75.00,Neighborhood highlights,2,1,1,1,4.4,83,https://www.airbnb.com/rooms/15929281
15932054,NA,Neighborhood highlights,1,NA,NA,NA,4.68,130,https://www.airbnb.com/rooms/15932054
15936167,$125.00,Neighborhood highlights,2,1,1,1,4.95,273,https://www.airbnb.com/rooms/15936167
15937310,$54.00,Neighborhood highlights,1,2,1,1,4.83,12,https://www.airbnb.com/rooms/15937310
15938836,$84.00,Neighborhood highlights,3,1,1,1,4.87,46,https://www.airbnb.com/rooms/15938836
15939056,$84.00,Neighborhood highlights,3,1,1,1,4.77,65,https://www.airbnb.com/rooms/15939056
15940328,NA,Neighborhood highlights,2,NA,1,NA,4.95,104,https://www.airbnb.com/rooms/15940328
15943475,NA,Neighborhood highlights,2,NA,NA,NA,4.86,97,https://www.airbnb.com/rooms/15943475
15943497,$50.00,Neighborhood highlights,1,1,1,1,4.74,186,https://www.airbnb.com/rooms/15943497
15944313,NA,Neighborhood highlights,1,NA,NA,NA,NA,0,https://www.airbnb.com/rooms/15944313
15948069,NA,NA,5,NA,4,NA,5,4,https://www.airbnb.com/rooms/15948069
15949915,NA,Neighborhood highlights,2,NA,1,NA,5,2,https://www.airbnb.com/rooms/15949915
15952447,$210.00,Neighborhood highlights,2,1,1,1,4.97,231,https://www.airbnb.com/rooms/15952447
15955297,NA,Neighborhood highlights,2,NA,1,NA,NA,0,https://www.airbnb.com/rooms/15955297
15956155,NA,Neighborhood highlights,1,NA,NA,NA,4.98,42,https://www.airbnb.com/rooms/15956155
15963664,NA,NA,1,NA,NA,NA,NA,0,https://www.airbnb.com/rooms/15963664
15964171,NA,NA,2,NA,NA,NA,4.89,9,https://www.airbnb.com/rooms/15964171
15966974,NA,Neighborhood highlights,3,NA,1,NA,4.71,28,https://www.airbnb.com/rooms/15966974
15967392,NA,NA,4,NA,2,NA,4.61,44,https://www.airbnb.com/rooms/15967392
15969964,NA,Neighborhood highlights,2,NA,1,NA,4.67,3,https://www.airbnb.com/rooms/15969964
15971342,NA,Neighborhood highlights,2,NA,NA,NA,4.88,16,https://www.airbnb.com/rooms/15971342
15983444,NA,NA,2,NA,NA,NA,4.8,5,https://www.airbnb.com/rooms/15983444
15985264,NA,Neighborhood highlights,2,NA,1,NA,4.74,23,https://www.airbnb.com/rooms/15985264
15987217,NA,Neighborhood highlights,2,NA,NA,NA,5,1,https://www.airbnb.com/rooms/15987217
15989547,NA,NA,2,NA,NA,NA,4.25,8,https://www.airbnb.com/rooms/15989547
15989608,NA,NA,1,NA,NA,NA,5,4,https://www.airbnb.com/rooms/15989608
15992078,$88.00,Neighborhood highlights,2,1,1,1,4.82,34,https://www.airbnb.com/rooms/15992078
15997880,NA,NA,2,NA,NA,NA,4.88,8,https://www.airbnb.com/rooms/15997880
16000062,NA,Neighborhood highlights,4,NA,2,NA,NA,0,https://www.airbnb.com/rooms/16000062
16004740,NA,Neighborhood highlights,4,NA,2,NA,4.77,13,https://www.airbnb.com/rooms/16004740
16004776,NA,Neighborhood highlights,2,NA,NA,NA,4.92,259,https://www.airbnb.com/rooms/16004776
16005348,NA,Neighborhood highlights,4,NA,1,NA,5,2,https://www.airbnb.com/rooms/16005348
16005960,NA,NA,2,NA,1,NA,5,5,https://www.airbnb.com/rooms/16005960
16011595,NA,Neighborhood highlights,2,NA,1,NA,5,1,https://www.airbnb.com/rooms/16011595
16012941,NA,NA,2,NA,1,NA,5,2,https://www.airbnb.com/rooms/16012941
16015571,$22.00,Neighborhood highlights,1,1,1,1,4.41,34,https://www.airbnb.com/rooms/16015571
16019792,$65.00,Neighborhood highlights,1,1,1,0,4.89,87,https://www.airbnb.com/rooms/16019792
16029078,$105.00,NA,2,1,1,1,5,1,https://www.airbnb.com/rooms/16029078
16031639,$286.00,Neighborhood highlights,7,2.5,3,3,4.75,87,https://www.airbnb.com/rooms/16031639
16037130,NA,NA,2,NA,1,NA,5,3,https://www.airbnb.com/rooms/16037130
16037576,NA,NA,2,NA,NA,NA,4.68,19,https://www.airbnb.com/rooms/16037576
16040229,NA,NA,2,NA,NA,NA,5,2,https://www.airbnb.com/rooms/16040229
16054732,NA,NA,2,NA,1,NA,NA,0,https://www.airbnb.com/rooms/16054732
16055176,NA,Neighborhood highlights,2,NA,1,NA,4.91,35,https://www.airbnb.com/rooms/16055176
16062739,NA,NA,2,NA,NA,NA,5,3,https://www.airbnb.com/rooms/16062739
16063885,$170.00,Neighborhood highlights,3,1,1,2,4.73,166,https://www.airbnb.com/rooms/16063885
16066223,NA,Neighborhood highlights,3,NA,1,NA,4.78,18,https://www.airbnb.com/rooms/16066223
16070567,NA,NA,1,NA,NA,NA,4.5,4,https://www.airbnb.com/rooms/16070567
16071397,NA,NA,2,NA,1,NA,5,7,https://www.airbnb.com/rooms/16071397
16072472,$140.00,NA,3,1,2,1,NA,0,https://www.airbnb.com/rooms/16072472
16081021,NA,Neighborhood highlights,1,NA,NA,NA,NA,0,https://www.airbnb.com/rooms/16081021
16081134,NA,Neighborhood highlights,1,NA,NA,NA,4.73,15,https://www.airbnb.com/rooms/16081134
16083752,NA,Neighborhood highlights,2,NA,1,NA,5,9,https://www.airbnb.com/rooms/16083752
16085227,NA,Neighborhood highlights,3,NA,1,NA,4.85,13,https://www.airbnb.com/rooms/16085227
16095062,NA,NA,6,NA,NA,NA,NA,0,https://www.airbnb.com/rooms/16095062
16099992,$46.00,Neighborhood highlights,1,1,1,1,5,4,https://www.airbnb.com/rooms/16099992
16100652,NA,Neighborhood highlights,4,NA,2,NA,4.5,2,https://www.airbnb.com/rooms/16100652
16101054,NA,NA,2,NA,NA,NA,4.96,53,https://www.airbnb.com/rooms/16101054
16112503,NA,NA,6,NA,3,NA,NA,0,https://www.airbnb.com/rooms/16112503
16112663,NA,Neighborhood highlights,4,NA,2,NA,4.82,11,https://www.airbnb.com/rooms/16112663
16122024,$88.00,Neighborhood highlights,2,1,1,1,4.91,198,https://www.airbnb.com/rooms/16122024
16122082,$89.00,NA,2,1,0,1,4.13,8,https://www.airbnb.com/rooms/16122082
16122223,NA,Neighborhood highlights,2,NA,1,NA,5,1,https://www.airbnb.com/rooms/16122223
16123943,$350.00,Neighborhood highlights,2,1,1,1,4.92,12,https://www.airbnb.com/rooms/16123943
16132114,$33.00,Neighborhood highlights,1,1,1,1,4.48,27,https://www.airbnb.com/rooms/16132114
16134738,$83.00,Neighborhood highlights,2,1.5,1,0,4.83,18,https://www.airbnb.com/rooms/16134738
16140940,$160.00,Neighborhood highlights,4,1,1,1,5,14,https://www.airbnb.com/rooms/16140940
16145871,NA,Neighborhood highlights,6,NA,3,NA,4.95,55,https://www.airbnb.com/rooms/16145871
16147001,NA,Neighborhood highlights,3,NA,NA,NA,4.55,11,https://www.airbnb.com/rooms/16147001
16147405,NA,NA,2,NA,NA,NA,5,7,https://www.airbnb.com/rooms/16147405
16148036,$45.00,Neighborhood highlights,2,1,1,1,4.9,40,https://www.airbnb.com/rooms/16148036
16157731,$250.00,Neighborhood highlights,4,1,1,2,4.99,97,https://www.airbnb.com/rooms/16157731
16158343,NA,NA,6,NA,3,NA,4.5,8,https://www.airbnb.com/rooms/16158343
16162247,NA,Neighborhood highlights,2,NA,NA,NA,NA,0,https://www.airbnb.com/rooms/16162247
16162621,NA,Neighborhood highlights,5,NA,2,NA,NA,0,https://www.airbnb.com/rooms/16162621
16163725,NA,Neighborhood highlights,2,NA,1,NA,4.33,3,https://www.airbnb.com/rooms/16163725
16164399,NA,Neighborhood highlights,7,NA,3,NA,4.8,56,https://www.airbnb.com/rooms/16164399
16164497,NA,Neighborhood highlights,5,NA,2,NA,4.73,67,https://www.airbnb.com/rooms/16164497
16164856,NA,NA,2,NA,1,NA,4.86,7,https://www.airbnb.com/rooms/16164856
16166989,NA,Neighborhood highlights,2,NA,1,NA,4.81,97,https://www.airbnb.com/rooms/16166989
16171595,NA,NA,1,NA,1,NA,5,1,https://www.airbnb.com/rooms/16171595
16172073,NA,Neighborhood highlights,2,NA,1,NA,4.7,50,https://www.airbnb.com/rooms/16172073
16172162,NA,Neighborhood highlights,2,NA,1,NA,4.92,25,https://www.airbnb.com/rooms/16172162
16174233,$165.00,Neighborhood highlights,2,1,0,1,4.73,30,https://www.airbnb.com/rooms/16174233
16174929,NA,Neighborhood highlights,2,NA,NA,NA,5,2,https://www.airbnb.com/rooms/16174929
16175740,NA,NA,2,NA,NA,NA,4.61,67,https://www.airbnb.com/rooms/16175740
16180645,$63.00,Neighborhood highlights,1,1,1,1,4.56,121,https://www.airbnb.com/rooms/16180645
16181190,$55.00,Neighborhood highlights,1,1,1,1,4.49,90,https://www.airbnb.com/rooms/16181190
16186828,NA,NA,2,NA,NA,NA,NA,0,https://www.airbnb.com/rooms/16186828
16190110,NA,Neighborhood highlights,1,NA,NA,NA,4.5,8,https://www.airbnb.com/rooms/16190110
16191889,NA,NA,1,NA,NA,NA,NA,0,https://www.airbnb.com/rooms/16191889
16192835,NA,Neighborhood highlights,4,NA,NA,NA,4.98,49,https://www.airbnb.com/rooms/16192835
16194283,NA,Neighborhood highlights,1,NA,NA,NA,4.87,30,https://www.airbnb.com/rooms/16194283
16194651,$125.00,Neighborhood highlights,2,1,1,2,4.77,48,https://www.airbnb.com/rooms/16194651
16199608,$55.00,Neighborhood highlights,1,1,1,1,4.4,5,https://www.airbnb.com/rooms/16199608
16201959,$341.00,Neighborhood highlights,4,2.5,2,2,4.75,179,https://www.airbnb.com/rooms/16201959
16204899,NA,Neighborhood highlights,1,NA,NA,NA,4.63,146,https://www.airbnb.com/rooms/16204899
16205219,NA,Neighborhood highlights,2,NA,NA,NA,NA,0,https://www.airbnb.com/rooms/16205219
16205272,NA,Neighborhood highlights,6,NA,2,NA,4.75,16,https://www.airbnb.com/rooms/16205272
16205431,NA,Neighborhood highlights,3,NA,2,NA,NA,0,https://www.airbnb.com/rooms/16205431
16206887,NA,NA,2,NA,NA,NA,4.6,5,https://www.airbnb.com/rooms/16206887
16212767,$149.00,Neighborhood highlights,2,1,0,1,4.88,17,https://www.airbnb.com/rooms/16212767
16213608,NA,Neighborhood highlights,2,NA,NA,NA,4.5,6,https://www.airbnb.com/rooms/16213608
16216301,$36.00,Neighborhood highlights,1,1,1,1,4.43,7,https://www.airbnb.com/rooms/16216301
16219145,NA,NA,4,NA,1,NA,4.96,46,https://www.airbnb.com/rooms/16219145
16220003,$115.00,Neighborhood highlights,3,1,1,2,4.63,24,https://www.airbnb.com/rooms/16220003
16226031,NA,NA,4,NA,1,NA,5,1,https://www.airbnb.com/rooms/16226031
16226514,NA,NA,1,NA,1,NA,NA,0,https://www.airbnb.com/rooms/16226514
16227237,NA,Neighborhood highlights,2,NA,NA,NA,5,3,https://www.airbnb.com/rooms/16227237
16227708,NA,Neighborhood highlights,2,NA,NA,NA,NA,0,https://www.airbnb.com/rooms/16227708
16229170,$160.00,NA,4,1,1,2,4.89,146,https://www.airbnb.com/rooms/16229170
16230640,NA,NA,2,NA,NA,NA,5,3,https://www.airbnb.com/rooms/16230640
16230905,NA,Neighborhood highlights,2,NA,NA,NA,NA,0,https://www.airbnb.com/rooms/16230905
16232783,$68.00,Neighborhood highlights,2,1,1,1,4.83,58,https://www.airbnb.com/rooms/16232783
16236199,$55.00,Neighborhood highlights,2,1,1,0,4.86,56,https://www.airbnb.com/rooms/16236199
16237242,NA,Neighborhood highlights,4,NA,2,NA,4.5,6,https://www.airbnb.com/rooms/16237242
16237773,NA,NA,2,NA,1,NA,5,1,https://www.airbnb.com/rooms/16237773
16238449,NA,NA,4,NA,1,NA,4.5,2,https://www.airbnb.com/rooms/16238449
16238779,NA,NA,6,NA,NA,NA,5,2,https://www.airbnb.com/rooms/16238779
16241833,NA,NA,2,NA,NA,NA,5,3,https://www.airbnb.com/rooms/16241833
16242753,NA,Neighborhood highlights,3,NA,1,NA,NA,0,https://www.airbnb.com/rooms/16242753
16244096,NA,NA,2,NA,NA,NA,5,1,https://www.airbnb.com/rooms/16244096
16244878,NA,Neighborhood highlights,4,NA,1,NA,5,11,https://www.airbnb.com/rooms/16244878
16248277,$164.00,Neighborhood highlights,5,2,4,7,4.55,20,https://www.airbnb.com/rooms/16248277
16253413,$113.00,Neighborhood highlights,2,1,1,1,4.73,113,https://www.airbnb.com/rooms/16253413
16253465,NA,NA,2,NA,NA,NA,4.67,6,https://www.airbnb.com/rooms/16253465
16254609,$298.00,Neighborhood highlights,7,2,3,4,4.66,151,https://www.airbnb.com/rooms/16254609
16258784,NA,NA,2,NA,2,NA,4.5,2,https://www.airbnb.com/rooms/16258784
16259169,NA,NA,1,NA,NA,NA,NA,0,https://www.airbnb.com/rooms/16259169
16259787,NA,NA,2,NA,NA,NA,NA,0,https://www.airbnb.com/rooms/16259787
16260117,NA,Neighborhood highlights,6,NA,2,NA,4.5,2,https://www.airbnb.com/rooms/16260117
16268350,NA,NA,6,NA,3,NA,NA,0,https://www.airbnb.com/rooms/16268350
16268951,NA,NA,2,NA,NA,NA,NA,0,https://www.airbnb.com/rooms/16268951
16269344,$181.00,NA,4,2,2,2,5,7,https://www.airbnb.com/rooms/16269344
16271281,NA,NA,2,NA,NA,NA,NA,0,https://www.airbnb.com/rooms/16271281
16271447,$179.00,NA,2,1,0,1,4.68,22,https://www.airbnb.com/rooms/16271447
16273510,$200.00,NA,4,1,2,0,4.75,12,https://www.airbnb.com/rooms/16273510
16274061,NA,Neighborhood highlights,1,NA,1,NA,5,8,https://www.airbnb.com/rooms/16274061
16274717,NA,Neighborhood highlights,1,NA,NA,NA,5,1,https://www.airbnb.com/rooms/16274717
16275257,NA,NA,2,NA,NA,NA,5,2,https://www.airbnb.com/rooms/16275257
16276294,NA,Neighborhood highlights,1,NA,NA,NA,4.73,11,https://www.airbnb.com/rooms/16276294
16282085,$364.00,Neighborhood highlights,8,3,4,5,5,11,https://www.airbnb.com/rooms/16282085
16283830,NA,NA,2,NA,1,NA,4.88,8,https://www.airbnb.com/rooms/16283830
16288234,NA,NA,1,NA,NA,NA,NA,0,https://www.airbnb.com/rooms/16288234
16289292,NA,NA,3,NA,1,NA,NA,0,https://www.airbnb.com/rooms/16289292
16289576,NA,Neighborhood highlights,1,NA,NA,NA,4.86,49,https://www.airbnb.com/rooms/16289576
16296678,$112.00,Neighborhood highlights,3,1,0,2,4.93,75,https://www.airbnb.com/rooms/16296678
16298489,NA,NA,2,NA,1,NA,4.5,6,https://www.airbnb.com/rooms/16298489
16298529,NA,Neighborhood highlights,2,NA,NA,NA,3.67,3,https://www.airbnb.com/rooms/16298529
16299489,NA,Neighborhood highlights,2,NA,NA,NA,3.67,3,https://www.airbnb.com/rooms/16299489
16300644,NA,Neighborhood highlights,2,NA,NA,NA,4.67,70,https://www.airbnb.com/rooms/16300644
16301464,NA,NA,2,NA,NA,NA,3.25,4,https://www.airbnb.com/rooms/16301464
16301899,NA,Neighborhood highlights,1,NA,NA,NA,4.5,2,https://www.airbnb.com/rooms/16301899
16303058,NA,NA,3,NA,1,NA,4,1,https://www.airbnb.com/rooms/16303058
16308331,NA,NA,2,NA,NA,NA,5,9,https://www.airbnb.com/rooms/16308331
16308886,NA,Neighborhood highlights,3,NA,2,NA,5,2,https://www.airbnb.com/rooms/16308886
16309538,NA,NA,2,NA,1,NA,4.9,10,https://www.airbnb.com/rooms/16309538
16309856,NA,NA,2,NA,1,NA,5,1,https://www.airbnb.com/rooms/16309856
16310570,NA,Neighborhood highlights,1,NA,NA,NA,4.54,59,https://www.airbnb.com/rooms/16310570
16310817,NA,Neighborhood highlights,2,NA,NA,NA,4,2,https://www.airbnb.com/rooms/16310817
16312498,$165.00,NA,2,1,0,1,4.58,12,https://www.airbnb.com/rooms/16312498
16312536,NA,Neighborhood highlights,3,NA,1,NA,5,2,https://www.airbnb.com/rooms/16312536
16313547,$130.00,NA,3,1,0,1,4.67,6,https://www.airbnb.com/rooms/16313547
16314419,NA,Neighborhood highlights,1,NA,NA,NA,4.5,6,https://www.airbnb.com/rooms/16314419
16321223,NA,Neighborhood highlights,4,NA,2,NA,4.63,32,https://www.airbnb.com/rooms/16321223
16321597,NA,NA,1,NA,1,NA,NA,0,https://www.airbnb.com/rooms/16321597
16325588,NA,Neighborhood highlights,2,NA,NA,NA,5,1,https://www.airbnb.com/rooms/16325588
16328372,NA,NA,2,NA,NA,NA,NA,0,https://www.airbnb.com/rooms/16328372
16330110,NA,Neighborhood highlights,4,NA,2,NA,4.64,107,https://www.airbnb.com/rooms/16330110
16330737,NA,Neighborhood highlights,7,NA,3,NA,5,7,https://www.airbnb.com/rooms/16330737
16331234,$183.00,Neighborhood highlights,2,1,1,1,4.86,111,https://www.airbnb.com/rooms/16331234
16331645,NA,Neighborhood highlights,2,NA,1,NA,NA,0,https://www.airbnb.com/rooms/16331645
16331969,NA,NA,6,NA,2,NA,NA,0,https://www.airbnb.com/rooms/16331969
16332208,NA,Neighborhood highlights,1,NA,NA,NA,5,2,https://www.airbnb.com/rooms/16332208
16332492,$128.00,NA,3,1,0,1,5,9,https://www.airbnb.com/rooms/16332492
16333075,NA,NA,1,NA,3,NA,4.25,4,https://www.airbnb.com/rooms/16333075
16333607,NA,Neighborhood highlights,2,NA,1,NA,4.75,53,https://www.airbnb.com/rooms/16333607
16333699,NA,NA,1,NA,NA,NA,NA,0,https://www.airbnb.com/rooms/16333699
16336428,NA,Neighborhood highlights,2,NA,NA,NA,4.88,8,https://www.airbnb.com/rooms/16336428
16336686,$41.00,Neighborhood highlights,2,1,1,1,4.32,66,https://www.airbnb.com/rooms/16336686
16338086,NA,Neighborhood highlights,4,NA,2,NA,NA,0,https://www.airbnb.com/rooms/16338086
16338143,NA,Neighborhood highlights,2,NA,1,NA,5,2,https://www.airbnb.com/rooms/16338143
16339429,NA,NA,1,NA,NA,NA,4.5,2,https://www.airbnb.com/rooms/16339429
16346945,NA,NA,4,NA,NA,NA,4.5,2,https://www.airbnb.com/rooms/16346945
16347171,NA,Neighborhood highlights,2,NA,1,NA,4.89,75,https://www.airbnb.com/rooms/16347171
16349645,NA,NA,2,NA,NA,NA,5,1,https://www.airbnb.com/rooms/16349645
16350271,NA,NA,2,NA,NA,NA,NA,0,https://www.airbnb.com/rooms/16350271
16352907,NA,Neighborhood highlights,3,NA,1,NA,5,1,https://www.airbnb.com/rooms/16352907
16353229,NA,Neighborhood highlights,2,NA,1,NA,5,3,https://www.airbnb.com/rooms/16353229
16353257,NA,NA,2,NA,1,NA,5,3,https://www.airbnb.com/rooms/16353257
16353473,NA,Neighborhood highlights,1,NA,NA,NA,5,1,https://www.airbnb.com/rooms/16353473
16353485,NA,NA,1,NA,1,NA,5,4,https://www.airbnb.com/rooms/16353485
16354659,NA,Neighborhood highlights,2,NA,NA,NA,4,1,https://www.airbnb.com/rooms/16354659
16360727,NA,NA,4,NA,1,NA,NA,0,https://www.airbnb.com/rooms/16360727
16362226,NA,Neighborhood highlights,2,NA,NA,NA,4.47,51,https://www.airbnb.com/rooms/16362226
16364067,NA,NA,2,NA,1,NA,4.93,67,https://www.airbnb.com/rooms/16364067
16365784,NA,Neighborhood highlights,1,NA,NA,NA,5,8,https://www.airbnb.com/rooms/16365784
16365878,$101.00,Neighborhood highlights,2,1,1,3,4.86,348,https://www.airbnb.com/rooms/16365878
16366744,$50.00,Neighborhood highlights,2,2.5,1,1,4.77,114,https://www.airbnb.com/rooms/16366744
16367064,NA,NA,1,NA,1,NA,5,1,https://www.airbnb.com/rooms/16367064
16367772,NA,NA,2,NA,1,NA,NA,0,https://www.airbnb.com/rooms/16367772
16370096,NA,NA,1,NA,1,NA,5,3,https://www.airbnb.com/rooms/16370096
16376497,NA,NA,2,NA,NA,NA,NA,0,https://www.airbnb.com/rooms/16376497
16377144,NA,NA,2,NA,2,NA,5,11,https://www.airbnb.com/rooms/16377144
16378007,NA,NA,2,NA,1,NA,4.75,4,https://www.airbnb.com/rooms/16378007
16378313,NA,NA,4,NA,NA,NA,NA,0,https://www.airbnb.com/rooms/16378313
16378562,NA,Neighborhood highlights,2,NA,1,NA,4.67,6,https://www.airbnb.com/rooms/16378562
16380794,$192.00,Neighborhood highlights,5,1,1,2,4.92,198,https://www.airbnb.com/rooms/16380794
16385859,NA,Neighborhood highlights,3,NA,1,NA,4.67,3,https://www.airbnb.com/rooms/16385859
16389354,NA,Neighborhood highlights,6,NA,2,NA,5,1,https://www.airbnb.com/rooms/16389354
16389531,NA,Neighborhood highlights,4,NA,2,NA,NA,0,https://www.airbnb.com/rooms/16389531
16390105,NA,NA,2,NA,1,NA,NA,0,https://www.airbnb.com/rooms/16390105
16390662,NA,NA,2,NA,1,NA,NA,0,https://www.airbnb.com/rooms/16390662
16391952,NA,Neighborhood highlights,1,NA,4,NA,NA,0,https://www.airbnb.com/rooms/16391952
16392756,NA,NA,2,NA,1,NA,4.88,8,https://www.airbnb.com/rooms/16392756
16393500,NA,Neighborhood highlights,1,NA,NA,NA,5,2,https://www.airbnb.com/rooms/16393500
16394440,NA,NA,2,NA,4,NA,4.5,2,https://www.airbnb.com/rooms/16394440
16394488,NA,Neighborhood highlights,2,NA,NA,NA,5,5,https://www.airbnb.com/rooms/16394488
16394824,NA,Neighborhood highlights,4,NA,2,NA,5,1,https://www.airbnb.com/rooms/16394824
16396119,NA,NA,2,NA,1,NA,4.85,13,https://www.airbnb.com/rooms/16396119
16396241,$229.00,Neighborhood highlights,2,1,2,2,4.92,201,https://www.airbnb.com/rooms/16396241
16396640,NA,NA,2,NA,NA,NA,5,1,https://www.airbnb.com/rooms/16396640
16402623,NA,NA,1,NA,1,NA,5,3,https://www.airbnb.com/rooms/16402623
16402746,$135.00,Neighborhood highlights,4,1,2,3,4.93,76,https://www.airbnb.com/rooms/16402746
16403092,NA,NA,2,NA,1,NA,5,3,https://www.airbnb.com/rooms/16403092
16405668,$345.00,Neighborhood highlights,3,1,1,1,5,1,https://www.airbnb.com/rooms/16405668
16407461,$130.00,Neighborhood highlights,6,1,2,3,4.82,101,https://www.airbnb.com/rooms/16407461
16408041,NA,NA,10,NA,4,NA,NA,0,https://www.airbnb.com/rooms/16408041
16409634,$249.00,Neighborhood highlights,10,2,4,4,4.62,52,https://www.airbnb.com/rooms/16409634
16413797,NA,Neighborhood highlights,2,NA,NA,NA,4.89,9,https://www.airbnb.com/rooms/16413797
16414538,NA,NA,2,NA,1,NA,5,4,https://www.airbnb.com/rooms/16414538
16414744,NA,Neighborhood highlights,2,NA,NA,NA,5,1,https://www.airbnb.com/rooms/16414744
16414991,$78.00,NA,1,1,1,1,NA,0,https://www.airbnb.com/rooms/16414991
16415365,NA,Neighborhood highlights,2,NA,NA,NA,4.75,4,https://www.airbnb.com/rooms/16415365
16416588,NA,NA,3,NA,1,NA,NA,0,https://www.airbnb.com/rooms/16416588
16417951,$67.00,Neighborhood highlights,2,1,1,1,4.55,127,https://www.airbnb.com/rooms/16417951
16420915,$237.00,Neighborhood highlights,2,1,1,2,4.93,14,https://www.airbnb.com/rooms/16420915
16423772,NA,Neighborhood highlights,2,NA,NA,NA,NA,0,https://www.airbnb.com/rooms/16423772
16423876,NA,Neighborhood highlights,4,NA,2,NA,4.58,83,https://www.airbnb.com/rooms/16423876
16425205,NA,Neighborhood highlights,1,NA,1,NA,5,1,https://www.airbnb.com/rooms/16425205
16425234,NA,Neighborhood highlights,4,NA,2,NA,4.96,27,https://www.airbnb.com/rooms/16425234
16426123,"$1,000.00",Neighborhood highlights,12,2,4,5,4.6,97,https://www.airbnb.com/rooms/16426123
16426559,NA,Neighborhood highlights,1,NA,NA,NA,NA,0,https://www.airbnb.com/rooms/16426559
16427395,NA,NA,4,NA,1,NA,4.33,9,https://www.airbnb.com/rooms/16427395
16428383,$130.00,Neighborhood highlights,4,1,1,3,4.95,40,https://www.airbnb.com/rooms/16428383
16435953,NA,NA,1,NA,1,NA,NA,0,https://www.airbnb.com/rooms/16435953
16439353,NA,NA,2,NA,NA,NA,NA,0,https://www.airbnb.com/rooms/16439353
16441625,NA,Neighborhood highlights,6,NA,2,NA,4.6,30,https://www.airbnb.com/rooms/16441625
16442568,NA,NA,1,NA,NA,NA,4,1,https://www.airbnb.com/rooms/16442568
16442999,NA,NA,2,NA,NA,NA,5,1,https://www.airbnb.com/rooms/16442999
16448126,$350.00,NA,10,2,4,5,NA,0,https://www.airbnb.com/rooms/16448126
16449771,$102.00,Neighborhood highlights,2,1,1,1,4.81,63,https://www.airbnb.com/rooms/16449771
16450351,NA,NA,2,NA,1,NA,NA,0,https://www.airbnb.com/rooms/16450351
16451278,NA,NA,1,NA,3,NA,5,1,https://www.airbnb.com/rooms/16451278
16454164,NA,Neighborhood highlights,2,NA,1,NA,5,1,https://www.airbnb.com/rooms/16454164
16454200,$39.00,NA,2,1,1,1,4.58,86,https://www.airbnb.com/rooms/16454200
16454273,$250.00,Neighborhood highlights,2,1.5,1,1,4.95,79,https://www.airbnb.com/rooms/16454273
16454703,$110.00,Neighborhood highlights,6,1,2,2,4.98,106,https://www.airbnb.com/rooms/16454703
16455521,NA,NA,4,NA,1,NA,NA,0,https://www.airbnb.com/rooms/16455521
16456957,NA,Neighborhood highlights,4,NA,2,NA,NA,0,https://www.airbnb.com/rooms/16456957
16462626,NA,Neighborhood highlights,4,NA,1,NA,4.88,8,https://www.airbnb.com/rooms/16462626
16463598,NA,Neighborhood highlights,2,NA,2,NA,4.22,50,https://www.airbnb.com/rooms/16463598
16465524,NA,NA,1,NA,NA,NA,5,1,https://www.airbnb.com/rooms/16465524
16466804,NA,Neighborhood highlights,3,NA,1,NA,4.94,18,https://www.airbnb.com/rooms/16466804
16467731,$300.00,Neighborhood highlights,2,1.5,2,2,4.91,23,https://www.airbnb.com/rooms/16467731
16468214,NA,Neighborhood highlights,2,NA,NA,NA,5,3,https://www.airbnb.com/rooms/16468214
16471707,NA,Neighborhood highlights,2,NA,NA,NA,4.1,10,https://www.airbnb.com/rooms/16471707
16475309,NA,NA,2,NA,1,NA,NA,0,https://www.airbnb.com/rooms/16475309
16475935,NA,Neighborhood highlights,2,NA,NA,NA,4.88,8,https://www.airbnb.com/rooms/16475935
16479076,NA,NA,2,NA,1,NA,NA,0,https://www.airbnb.com/rooms/16479076
16480273,$130.00,Neighborhood highlights,2,0.5,1,1,4.59,133,https://www.airbnb.com/rooms/16480273
16487043,NA,NA,2,NA,1,NA,NA,0,https://www.airbnb.com/rooms/16487043
16488787,$148.00,Neighborhood highlights,2,1,1,1,4.82,254,https://www.airbnb.com/rooms/16488787
16490625,NA,NA,3,NA,1,NA,NA,0,https://www.airbnb.com/rooms/16490625
16491507,NA,Neighborhood highlights,2,NA,NA,NA,4.67,3,https://www.airbnb.com/rooms/16491507
16493057,NA,Neighborhood highlights,2,NA,1,NA,4.85,13,https://www.airbnb.com/rooms/16493057
16493084,NA,Neighborhood highlights,2,NA,NA,NA,4.9,20,https://www.airbnb.com/rooms/16493084
16498294,NA,Neighborhood highlights,3,NA,NA,NA,4.71,17,https://www.airbnb.com/rooms/16498294
16505636,$180.00,NA,3,1,1,2,NA,0,https://www.airbnb.com/rooms/16505636
16505722,NA,NA,2,NA,1,NA,5,4,https://www.airbnb.com/rooms/16505722
16506016,$318.00,Neighborhood highlights,6,1,1,2,4.94,77,https://www.airbnb.com/rooms/16506016
16511493,NA,Neighborhood highlights,2,NA,1,NA,NA,0,https://www.airbnb.com/rooms/16511493
16514760,NA,Neighborhood highlights,5,NA,1,NA,4.67,3,https://www.airbnb.com/rooms/16514760
16517922,NA,NA,5,NA,2,NA,NA,0,https://www.airbnb.com/rooms/16517922
16528098,NA,NA,3,NA,2,NA,4.68,38,https://www.airbnb.com/rooms/16528098
16529936,NA,NA,1,NA,NA,NA,4.68,38,https://www.airbnb.com/rooms/16529936
16530947,NA,NA,2,NA,NA,NA,NA,0,https://www.airbnb.com/rooms/16530947
16533105,$90.00,Neighborhood highlights,1,1,1,1,4.77,610,https://www.airbnb.com/rooms/16533105
16534037,NA,Neighborhood highlights,4,NA,1,NA,5,2,https://www.airbnb.com/rooms/16534037
16534157,$76.00,Neighborhood highlights,2,1.5,1,1,4.96,132,https://www.airbnb.com/rooms/16534157
16534321,$80.00,Neighborhood highlights,1,1.5,1,1,4.7,10,https://www.airbnb.com/rooms/16534321
16534337,$73.00,NA,1,1,1,1,4.94,48,https://www.airbnb.com/rooms/16534337
16534588,NA,Neighborhood highlights,2,NA,NA,NA,NA,0,https://www.airbnb.com/rooms/16534588
16540563,NA,Neighborhood highlights,2,NA,NA,NA,5,1,https://www.airbnb.com/rooms/16540563
16541635,NA,NA,1,NA,NA,NA,4,1,https://www.airbnb.com/rooms/16541635
16542009,NA,Neighborhood highlights,2,NA,1,NA,4.8,10,https://www.airbnb.com/rooms/16542009
16554288,NA,Neighborhood highlights,2,NA,NA,NA,NA,0,https://www.airbnb.com/rooms/16554288
16554488,NA,NA,2,NA,NA,NA,4.75,4,https://www.airbnb.com/rooms/16554488
16556049,$95.00,Neighborhood highlights,2,1,1,1,4.49,37,https://www.airbnb.com/rooms/16556049
16556211,$85.00,Neighborhood highlights,2,1,1,1,4.72,43,https://www.airbnb.com/rooms/16556211
16557829,NA,NA,1,NA,NA,NA,5,4,https://www.airbnb.com/rooms/16557829
16560739,NA,Neighborhood highlights,3,NA,1,NA,5,8,https://www.airbnb.com/rooms/16560739
16561213,NA,NA,2,NA,1,NA,NA,0,https://www.airbnb.com/rooms/16561213
16561990,NA,Neighborhood highlights,2,NA,1,NA,NA,0,https://www.airbnb.com/rooms/16561990
16568164,NA,NA,2,NA,NA,NA,NA,0,https://www.airbnb.com/rooms/16568164
16568275,NA,NA,2,NA,NA,NA,NA,0,https://www.airbnb.com/rooms/16568275
16569554,NA,Neighborhood highlights,2,NA,NA,NA,4.67,9,https://www.airbnb.com/rooms/16569554
16581779,$299.00,Neighborhood highlights,5,1,2,4,4.82,66,https://www.airbnb.com/rooms/16581779
16584878,$250.00,Neighborhood highlights,6,2,2,4,5,5,https://www.airbnb.com/rooms/16584878
16601518,$83.00,Neighborhood highlights,2,1,1,1,4.74,129,https://www.airbnb.com/rooms/16601518
16601748,NA,Neighborhood highlights,2,NA,NA,NA,4.71,14,https://www.airbnb.com/rooms/16601748
16603017,$150.00,Neighborhood highlights,2,1,1,1,4.88,129,https://www.airbnb.com/rooms/16603017
16608718,NA,Neighborhood highlights,1,NA,1,NA,5,1,https://www.airbnb.com/rooms/16608718
16613747,$90.00,Neighborhood highlights,1,1,1,1,4.88,211,https://www.airbnb.com/rooms/16613747
16613993,NA,Neighborhood highlights,2,NA,1,NA,4.8,10,https://www.airbnb.com/rooms/16613993
16616853,$110.00,Neighborhood highlights,4,1,1,1,4.81,308,https://www.airbnb.com/rooms/16616853
16617217,NA,Neighborhood highlights,3,NA,1,NA,NA,0,https://www.airbnb.com/rooms/16617217
16620082,NA,Neighborhood highlights,2,NA,NA,NA,4.94,16,https://www.airbnb.com/rooms/16620082
16620235,$185.00,Neighborhood highlights,2,1,1,2,4.95,238,https://www.airbnb.com/rooms/16620235
16621121,$80.00,Neighborhood highlights,1,1,1,1,4.82,28,https://www.airbnb.com/rooms/16621121
16625310,NA,NA,2,NA,NA,NA,NA,0,https://www.airbnb.com/rooms/16625310
16628617,NA,NA,2,NA,1,NA,4.86,14,https://www.airbnb.com/rooms/16628617
16630483,NA,Neighborhood highlights,4,NA,1,NA,5,2,https://www.airbnb.com/rooms/16630483
16630594,NA,Neighborhood highlights,1,NA,NA,NA,4.86,7,https://www.airbnb.com/rooms/16630594
16634357,NA,Neighborhood highlights,3,NA,2,NA,4.25,4,https://www.airbnb.com/rooms/16634357
16634459,$97.00,NA,2,1,1,1,4.78,83,https://www.airbnb.com/rooms/16634459
16637954,NA,Neighborhood highlights,1,NA,1,NA,NA,0,https://www.airbnb.com/rooms/16637954
16643778,NA,Neighborhood highlights,3,NA,1,NA,4.75,12,https://www.airbnb.com/rooms/16643778
16644223,NA,NA,2,NA,NA,NA,NA,0,https://www.airbnb.com/rooms/16644223
16649739,$156.00,Neighborhood highlights,4,1,2,2,4.89,212,https://www.airbnb.com/rooms/16649739
16650612,NA,Neighborhood highlights,2,NA,NA,NA,4.83,6,https://www.airbnb.com/rooms/16650612
16659292,$135.00,Neighborhood highlights,2,1,1,1,4.75,172,https://www.airbnb.com/rooms/16659292
16662770,NA,Neighborhood highlights,2,NA,NA,NA,4.74,38,https://www.airbnb.com/rooms/16662770
16662964,NA,NA,4,NA,1,NA,NA,0,https://www.airbnb.com/rooms/16662964
16677170,$222.00,Neighborhood highlights,3,1,1,2,4.76,312,https://www.airbnb.com/rooms/16677170
16677358,NA,Neighborhood highlights,2,NA,NA,NA,NA,0,https://www.airbnb.com/rooms/16677358
16678888,NA,Neighborhood highlights,2,NA,1,NA,4.94,18,https://www.airbnb.com/rooms/16678888
16683931,NA,NA,5,NA,2,NA,5,2,https://www.airbnb.com/rooms/16683931
16683957,$180.00,NA,2,1,0,2,4.74,23,https://www.airbnb.com/rooms/16683957
16686651,NA,NA,5,NA,2,NA,NA,0,https://www.airbnb.com/rooms/16686651
16691242,NA,NA,1,NA,1,NA,NA,0,https://www.airbnb.com/rooms/16691242
16691826,NA,NA,4,NA,1,NA,4.75,4,https://www.airbnb.com/rooms/16691826
16705588,NA,NA,2,NA,1,NA,NA,0,https://www.airbnb.com/rooms/16705588
16706521,NA,Neighborhood highlights,2,NA,NA,NA,5,5,https://www.airbnb.com/rooms/16706521
16709795,NA,Neighborhood highlights,1,NA,1,NA,NA,0,https://www.airbnb.com/rooms/16709795
16716676,NA,Neighborhood highlights,2,NA,2,NA,4.83,12,https://www.airbnb.com/rooms/16716676
16719568,NA,Neighborhood highlights,4,NA,1,NA,4.62,21,https://www.airbnb.com/rooms/16719568
16720574,NA,NA,3,NA,NA,NA,NA,0,https://www.airbnb.com/rooms/16720574
16721040,$700.00,Neighborhood highlights,4,2.5,4,4,5,4,https://www.airbnb.com/rooms/16721040
16721299,NA,NA,2,NA,NA,NA,NA,0,https://www.airbnb.com/rooms/16721299
16730833,$125.00,Neighborhood highlights,4,1,1,2,4.65,197,https://www.airbnb.com/rooms/16730833
16734233,NA,Neighborhood highlights,3,NA,1,NA,NA,0,https://www.airbnb.com/rooms/16734233
16735801,$87.00,Neighborhood highlights,1,1,1,1,4.79,518,https://www.airbnb.com/rooms/16735801
16735848,$45.00,Neighborhood highlights,2,1,1,1,4.63,24,https://www.airbnb.com/rooms/16735848
16740779,NA,NA,1,NA,2,NA,5,1,https://www.airbnb.com/rooms/16740779
16749235,NA,NA,1,NA,2,NA,NA,0,https://www.airbnb.com/rooms/16749235
16756678,NA,NA,8,NA,4,NA,NA,0,https://www.airbnb.com/rooms/16756678
16764130,NA,NA,2,NA,NA,NA,5,1,https://www.airbnb.com/rooms/16764130
16766700,NA,Neighborhood highlights,2,NA,NA,NA,4.68,98,https://www.airbnb.com/rooms/16766700
16766743,NA,Neighborhood highlights,8,NA,3,NA,NA,0,https://www.airbnb.com/rooms/16766743
16766855,NA,Neighborhood highlights,2,NA,NA,NA,4.95,57,https://www.airbnb.com/rooms/16766855
16769229,$134.00,Neighborhood highlights,6,1,2,2,4.88,137,https://www.airbnb.com/rooms/16769229
16776959,$65.00,NA,2,1,1,1,5,2,https://www.airbnb.com/rooms/16776959
16777456,$72.00,Neighborhood highlights,4,1,1,2,4.75,48,https://www.airbnb.com/rooms/16777456
16778711,$196.00,Neighborhood highlights,4,1,1,3,4.9,203,https://www.airbnb.com/rooms/16778711
16778903,NA,Neighborhood highlights,2,NA,2,NA,5,3,https://www.airbnb.com/rooms/16778903
16778904,NA,Neighborhood highlights,1,NA,NA,NA,4.93,44,https://www.airbnb.com/rooms/16778904
16779831,NA,NA,2,NA,NA,NA,5,5,https://www.airbnb.com/rooms/16779831
16780398,$59.00,Neighborhood highlights,2,1,1,1,4.91,187,https://www.airbnb.com/rooms/16780398
16783144,NA,Neighborhood highlights,2,NA,NA,NA,4.63,128,https://www.airbnb.com/rooms/16783144
16791336,NA,NA,1,NA,NA,NA,4.8,5,https://www.airbnb.com/rooms/16791336
16792622,NA,Neighborhood highlights,2,NA,NA,NA,4.58,26,https://www.airbnb.com/rooms/16792622
16793649,$126.00,Neighborhood highlights,4,1,1,2,4.73,202,https://www.airbnb.com/rooms/16793649
16802965,$134.00,Neighborhood highlights,3,1,1,1,4.93,41,https://www.airbnb.com/rooms/16802965
16807550,NA,Neighborhood highlights,2,NA,NA,NA,0,1,https://www.airbnb.com/rooms/16807550
16808375,NA,NA,1,NA,1,NA,NA,0,https://www.airbnb.com/rooms/16808375
16808464,NA,NA,1,NA,2,NA,NA,0,https://www.airbnb.com/rooms/16808464
16810808,$350.00,Neighborhood highlights,4,1,2,2,4.95,102,https://www.airbnb.com/rooms/16810808
16812429,$495.00,Neighborhood highlights,2,1.5,1,1,4.81,32,https://www.airbnb.com/rooms/16812429
16814536,NA,Neighborhood highlights,1,NA,NA,NA,5,1,https://www.airbnb.com/rooms/16814536
16821077,NA,Neighborhood highlights,1,NA,1,NA,NA,0,https://www.airbnb.com/rooms/16821077
16826741,NA,Neighborhood highlights,2,NA,1,NA,5,2,https://www.airbnb.com/rooms/16826741
16828843,NA,NA,2,NA,1,NA,5,3,https://www.airbnb.com/rooms/16828843
16840727,NA,Neighborhood highlights,1,NA,NA,NA,4.67,3,https://www.airbnb.com/rooms/16840727
16841998,NA,Neighborhood highlights,2,NA,4,NA,5,3,https://www.airbnb.com/rooms/16841998
16843605,$280.00,Neighborhood highlights,4,2,1,1,5,53,https://www.airbnb.com/rooms/16843605
16846366,$995.00,NA,6,2.5,2,3,4.89,35,https://www.airbnb.com/rooms/16846366
16846918,NA,NA,2,NA,NA,NA,5,1,https://www.airbnb.com/rooms/16846918
16855055,NA,Neighborhood highlights,2,NA,NA,NA,4.9,106,https://www.airbnb.com/rooms/16855055
16859099,$179.00,Neighborhood highlights,1,1.5,1,4,4.61,56,https://www.airbnb.com/rooms/16859099
16860045,$46.00,NA,2,1,2,2,4.73,44,https://www.airbnb.com/rooms/16860045
16861543,NA,Neighborhood highlights,4,NA,2,NA,4.83,6,https://www.airbnb.com/rooms/16861543
16867024,$300.00,Neighborhood highlights,4,2,2,2,4.7,27,https://www.airbnb.com/rooms/16867024
16869989,$225.00,Neighborhood highlights,3,1,1,1,4.25,8,https://www.airbnb.com/rooms/16869989
16871240,NA,NA,5,NA,1,NA,5,1,https://www.airbnb.com/rooms/16871240
16873148,$171.00,Neighborhood highlights,9,1,3,4,4.82,193,https://www.airbnb.com/rooms/16873148
16874685,NA,Neighborhood highlights,2,NA,1,NA,4.29,7,https://www.airbnb.com/rooms/16874685
16883129,$69.00,Neighborhood highlights,2,1,1,1,4.79,168,https://www.airbnb.com/rooms/16883129
16884027,NA,NA,5,NA,1,NA,4.63,8,https://www.airbnb.com/rooms/16884027
16885058,NA,NA,5,NA,1,NA,NA,0,https://www.airbnb.com/rooms/16885058
16893907,$145.00,Neighborhood highlights,3,1,1,1,4.76,66,https://www.airbnb.com/rooms/16893907
16897571,NA,Neighborhood highlights,1,NA,NA,NA,NA,0,https://www.airbnb.com/rooms/16897571
16912472,NA,Neighborhood highlights,2,NA,NA,NA,4.66,268,https://www.airbnb.com/rooms/16912472
16913950,$120.00,NA,4,1,2,2,4.63,8,https://www.airbnb.com/rooms/16913950
16914299,NA,NA,3,NA,NA,NA,4.5,4,https://www.airbnb.com/rooms/16914299
16916708,NA,Neighborhood highlights,2,NA,1,NA,4.8,15,https://www.airbnb.com/rooms/16916708
16927533,NA,NA,3,NA,NA,NA,NA,0,https://www.airbnb.com/rooms/16927533
16929145,NA,Neighborhood highlights,2,NA,NA,NA,4.53,173,https://www.airbnb.com/rooms/16929145
16930274,NA,Neighborhood highlights,3,NA,1,NA,4.97,31,https://www.airbnb.com/rooms/16930274
16932674,NA,Neighborhood highlights,2,NA,1,NA,4.65,34,https://www.airbnb.com/rooms/16932674
16933481,NA,Neighborhood highlights,3,NA,1,NA,5,5,https://www.airbnb.com/rooms/16933481
16937801,$200.00,Neighborhood highlights,3,1,2,4,4.5,8,https://www.airbnb.com/rooms/16937801
16945093,NA,NA,2,NA,1,NA,NA,0,https://www.airbnb.com/rooms/16945093
16947113,NA,Neighborhood highlights,2,NA,2,NA,5,3,https://www.airbnb.com/rooms/16947113
16954154,NA,Neighborhood highlights,3,NA,NA,NA,4.31,49,https://www.airbnb.com/rooms/16954154
16954330,$153.00,Neighborhood highlights,2,2,1,1,4.76,121,https://www.airbnb.com/rooms/16954330
16959759,NA,Neighborhood highlights,1,NA,NA,NA,4.63,27,https://www.airbnb.com/rooms/16959759
16960374,NA,NA,2,NA,1,NA,5,5,https://www.airbnb.com/rooms/16960374
16960760,NA,NA,2,NA,NA,NA,4,3,https://www.airbnb.com/rooms/16960760
16962435,$111.00,Neighborhood highlights,2,1,1,1,4.76,17,https://www.airbnb.com/rooms/16962435
16962471,$137.00,NA,2,1,2,2,5,2,https://www.airbnb.com/rooms/16962471
16963544,NA,Neighborhood highlights,2,NA,NA,NA,5,1,https://www.airbnb.com/rooms/16963544
16965072,NA,Neighborhood highlights,4,NA,2,NA,5,30,https://www.airbnb.com/rooms/16965072
16965094,$121.00,Neighborhood highlights,2,1,1,1,4.95,185,https://www.airbnb.com/rooms/16965094
16965705,NA,Neighborhood highlights,1,NA,NA,NA,NA,0,https://www.airbnb.com/rooms/16965705
16969156,$175.00,Neighborhood highlights,2,1,0,1,4.68,22,https://www.airbnb.com/rooms/16969156
16973662,NA,Neighborhood highlights,3,NA,2,NA,4.93,15,https://www.airbnb.com/rooms/16973662
16974611,$52.00,Neighborhood highlights,2,2,1,1,4.78,46,https://www.airbnb.com/rooms/16974611
16983203,$50.00,NA,1,1,0,1,4.84,43,https://www.airbnb.com/rooms/16983203
16987293,NA,Neighborhood highlights,3,NA,1,NA,NA,0,https://www.airbnb.com/rooms/16987293
16987479,NA,Neighborhood highlights,3,NA,1,NA,5,3,https://www.airbnb.com/rooms/16987479
16992922,NA,NA,2,NA,1,NA,5,1,https://www.airbnb.com/rooms/16992922
16994272,NA,Neighborhood highlights,4,NA,2,NA,4.88,8,https://www.airbnb.com/rooms/16994272
17000577,$360.00,Neighborhood highlights,1,1,0,1,4.95,21,https://www.airbnb.com/rooms/17000577
17008022,NA,Neighborhood highlights,2,NA,NA,NA,4.84,31,https://www.airbnb.com/rooms/17008022
17013623,NA,Neighborhood highlights,2,NA,NA,NA,4.84,81,https://www.airbnb.com/rooms/17013623
17015790,NA,Neighborhood highlights,4,NA,2,NA,4.64,28,https://www.airbnb.com/rooms/17015790
17023406,NA,Neighborhood highlights,1,NA,NA,NA,5,3,https://www.airbnb.com/rooms/17023406
17023591,NA,Neighborhood highlights,2,NA,1,NA,4.67,18,https://www.airbnb.com/rooms/17023591
17025831,NA,NA,4,NA,2,NA,NA,0,https://www.airbnb.com/rooms/17025831
17031720,NA,NA,2,NA,1,NA,NA,0,https://www.airbnb.com/rooms/17031720
17041225,NA,Neighborhood highlights,8,NA,4,NA,4.47,34,https://www.airbnb.com/rooms/17041225
17042235,NA,Neighborhood highlights,6,NA,3,NA,4.6,15,https://www.airbnb.com/rooms/17042235
17043148,NA,Neighborhood highlights,1,NA,1,NA,4.75,4,https://www.airbnb.com/rooms/17043148
17044854,NA,Neighborhood highlights,2,NA,NA,NA,4.93,43,https://www.airbnb.com/rooms/17044854
17045905,NA,NA,2,NA,NA,NA,4.67,3,https://www.airbnb.com/rooms/17045905
17045913,NA,Neighborhood highlights,4,NA,1,NA,4.71,14,https://www.airbnb.com/rooms/17045913
17046562,NA,Neighborhood highlights,6,NA,3,NA,4.51,57,https://www.airbnb.com/rooms/17046562
17093180,$94.00,NA,2,1,1,1,4.82,92,https://www.airbnb.com/rooms/17093180
17093264,$55.00,Neighborhood highlights,2,1,1,1,4.76,17,https://www.airbnb.com/rooms/17093264
17095035,$45.00,Neighborhood highlights,1,1,1,1,4.81,95,https://www.airbnb.com/rooms/17095035
17097239,$85.00,Neighborhood highlights,3,1,1,2,4.73,230,https://www.airbnb.com/rooms/17097239
17097495,$153.00,Neighborhood highlights,2,2,1,1,4.82,98,https://www.airbnb.com/rooms/17097495
17097898,$55.00,NA,1,1,1,0,4.61,46,https://www.airbnb.com/rooms/17097898
17105446,$117.00,NA,2,1,1,1,4.78,50,https://www.airbnb.com/rooms/17105446
17106014,$150.00,Neighborhood highlights,2,1,1,2,4.93,113,https://www.airbnb.com/rooms/17106014
17106644,NA,Neighborhood highlights,2,NA,1,NA,4.95,21,https://www.airbnb.com/rooms/17106644
17107608,$45.00,Neighborhood highlights,1,1,1,1,4.82,11,https://www.airbnb.com/rooms/17107608
17107656,NA,Neighborhood highlights,3,NA,1,NA,4.5,2,https://www.airbnb.com/rooms/17107656
17108395,NA,Neighborhood highlights,5,NA,1,NA,4.62,13,https://www.airbnb.com/rooms/17108395
17117631,$153.00,Neighborhood highlights,2,2,1,1,4.81,54,https://www.airbnb.com/rooms/17117631
17122054,$119.00,Neighborhood highlights,2,1,1,2,4.9,253,https://www.airbnb.com/rooms/17122054
17122439,NA,Neighborhood highlights,2,NA,NA,NA,4.85,287,https://www.airbnb.com/rooms/17122439
17122814,NA,Neighborhood highlights,1,NA,NA,NA,4.79,112,https://www.airbnb.com/rooms/17122814
17130293,NA,Neighborhood highlights,2,NA,NA,NA,5,6,https://www.airbnb.com/rooms/17130293
17133439,NA,NA,4,NA,2,NA,NA,0,https://www.airbnb.com/rooms/17133439
17133664,NA,Neighborhood highlights,3,NA,1,NA,4.83,12,https://www.airbnb.com/rooms/17133664
17134357,NA,Neighborhood highlights,2,NA,NA,NA,4.9,10,https://www.airbnb.com/rooms/17134357
17139266,NA,Neighborhood highlights,4,NA,2,NA,4.82,11,https://www.airbnb.com/rooms/17139266
17147561,NA,Neighborhood highlights,2,NA,NA,NA,4.51,254,https://www.airbnb.com/rooms/17147561
17149950,NA,NA,4,NA,2,NA,4.67,3,https://www.airbnb.com/rooms/17149950
17153913,$550.00,Neighborhood highlights,6,1.5,3,4,4.93,112,https://www.airbnb.com/rooms/17153913
17156147,NA,Neighborhood highlights,7,NA,3,NA,NA,0,https://www.airbnb.com/rooms/17156147
17157615,$152.00,Neighborhood highlights,2,2,1,1,4.83,208,https://www.airbnb.com/rooms/17157615
17160286,"$100,000.00",Neighborhood highlights,1,1,1,1,4.48,29,https://www.airbnb.com/rooms/17160286
17173473,$38.00,Neighborhood highlights,2,1,1,2,4.38,146,https://www.airbnb.com/rooms/17173473
17174519,$699.00,Neighborhood highlights,5,2,3,3,4.93,73,https://www.airbnb.com/rooms/17174519
17177726,$195.00,Neighborhood highlights,4,1,2,2,4.94,33,https://www.airbnb.com/rooms/17177726
17178617,NA,NA,1,NA,3,NA,NA,0,https://www.airbnb.com/rooms/17178617
17186648,NA,NA,1,NA,NA,NA,NA,0,https://www.airbnb.com/rooms/17186648
17187942,NA,NA,2,NA,2,NA,4.75,40,https://www.airbnb.com/rooms/17187942
17189819,NA,Neighborhood highlights,2,NA,NA,NA,4.79,19,https://www.airbnb.com/rooms/17189819
17210810,NA,Neighborhood highlights,2,NA,1,NA,5,1,https://www.airbnb.com/rooms/17210810
17211583,$50.00,NA,1,1,2,1,4.69,120,https://www.airbnb.com/rooms/17211583
17218063,$145.00,NA,2,1,1,3,4.93,15,https://www.airbnb.com/rooms/17218063
17219608,NA,Neighborhood highlights,4,NA,2,NA,5,1,https://www.airbnb.com/rooms/17219608
17223109,$265.00,Neighborhood highlights,2,1,1,1,4.88,26,https://www.airbnb.com/rooms/17223109
17231011,$70.00,Neighborhood highlights,1,1.5,1,1,4.69,36,https://www.airbnb.com/rooms/17231011
17239321,NA,Neighborhood highlights,2,NA,1,NA,4.94,36,https://www.airbnb.com/rooms/17239321
17249755,$155.00,Neighborhood highlights,4,1,1,2,4.55,145,https://www.airbnb.com/rooms/17249755
17263550,$153.00,Neighborhood highlights,2,2,1,1,4.79,94,https://www.airbnb.com/rooms/17263550
17265284,$289.00,Neighborhood highlights,3,2,3,3,4.98,227,https://www.airbnb.com/rooms/17265284
17266124,$72.00,Neighborhood highlights,2,1,1,1,4.92,565,https://www.airbnb.com/rooms/17266124
17268091,NA,Neighborhood highlights,3,NA,NA,NA,4.88,16,https://www.airbnb.com/rooms/17268091
17269342,NA,Neighborhood highlights,2,NA,1,NA,5,33,https://www.airbnb.com/rooms/17269342
17270768,$194.00,Neighborhood highlights,2,1,2,2,4.94,352,https://www.airbnb.com/rooms/17270768
17286647,$110.00,Neighborhood highlights,2,1,1,2,4.82,33,https://www.airbnb.com/rooms/17286647
17295864,NA,Neighborhood highlights,2,NA,2,NA,NA,0,https://www.airbnb.com/rooms/17295864
17297467,$65.00,Neighborhood highlights,2,1,1,1,4.82,11,https://www.airbnb.com/rooms/17297467
17297939,NA,Neighborhood highlights,6,NA,2,NA,NA,0,https://www.airbnb.com/rooms/17297939
17302040,NA,NA,2,NA,NA,NA,NA,0,https://www.airbnb.com/rooms/17302040
17302836,NA,NA,2,NA,NA,NA,5,2,https://www.airbnb.com/rooms/17302836
17304795,NA,Neighborhood highlights,2,NA,NA,NA,4.33,15,https://www.airbnb.com/rooms/17304795
17316565,NA,NA,3,NA,2,NA,NA,0,https://www.airbnb.com/rooms/17316565
17317934,NA,Neighborhood highlights,4,NA,1,NA,4,3,https://www.airbnb.com/rooms/17317934
17321243,$120.00,Neighborhood highlights,2,1,1,2,4.83,173,https://www.airbnb.com/rooms/17321243
17339881,$130.00,Neighborhood highlights,4,1,0,1,4.68,261,https://www.airbnb.com/rooms/17339881
17347938,$344.00,Neighborhood highlights,2,1,3,4,4.98,208,https://www.airbnb.com/rooms/17347938
17365636,NA,Neighborhood highlights,1,NA,NA,NA,5,3,https://www.airbnb.com/rooms/17365636
17367175,NA,Neighborhood highlights,2,NA,1,NA,4.74,57,https://www.airbnb.com/rooms/17367175
17367484,$120.00,NA,2,1,1,2,5,1,https://www.airbnb.com/rooms/17367484
17369530,NA,NA,2,NA,NA,NA,5,1,https://www.airbnb.com/rooms/17369530
17370778,$150.00,Neighborhood highlights,2,1,0,1,4.84,293,https://www.airbnb.com/rooms/17370778
17371795,NA,Neighborhood highlights,1,NA,NA,NA,4.2,5,https://www.airbnb.com/rooms/17371795
17378609,$77.00,Neighborhood highlights,2,1,1,2,4.95,82,https://www.airbnb.com/rooms/17378609
17382091,$349.00,NA,2,1.5,3,6,5,15,https://www.airbnb.com/rooms/17382091
17383253,$176.00,NA,4,1,2,2,4.75,16,https://www.airbnb.com/rooms/17383253
17383677,$99.00,Neighborhood highlights,5,1,2,3,4.79,140,https://www.airbnb.com/rooms/17383677
17383929,NA,Neighborhood highlights,1,NA,NA,NA,NA,0,https://www.airbnb.com/rooms/17383929
17385865,NA,NA,2,NA,NA,NA,NA,0,https://www.airbnb.com/rooms/17385865
17398122,NA,Neighborhood highlights,2,NA,1,NA,4.82,22,https://www.airbnb.com/rooms/17398122
17400801,$180.00,Neighborhood highlights,3,2,1,1,NA,0,https://www.airbnb.com/rooms/17400801
17405175,$42.00,NA,1,1,1,1,4.67,3,https://www.airbnb.com/rooms/17405175
17415890,NA,Neighborhood highlights,2,NA,1,NA,4.83,6,https://www.airbnb.com/rooms/17415890
17416959,"$1,950.00",Neighborhood highlights,8,4.5,4,11,NA,0,https://www.airbnb.com/rooms/17416959
17419342,$353.00,Neighborhood highlights,2,1.5,1,3,4.9,29,https://www.airbnb.com/rooms/17419342
17423245,$65.00,Neighborhood highlights,2,1,1,1,4.48,21,https://www.airbnb.com/rooms/17423245
17430215,NA,Neighborhood highlights,1,NA,NA,NA,NA,0,https://www.airbnb.com/rooms/17430215
17431995,$145.00,Neighborhood highlights,3,1,2,2,4.92,51,https://www.airbnb.com/rooms/17431995
17433572,$326.00,Neighborhood highlights,2,1.5,1,2,4.83,18,https://www.airbnb.com/rooms/17433572
17434184,$196.00,Neighborhood highlights,3,1.5,1,2,4.88,43,https://www.airbnb.com/rooms/17434184
17434977,$89.00,NA,3,1,0,1,4.78,18,https://www.airbnb.com/rooms/17434977
17447150,$215.00,Neighborhood highlights,3,1,1,3,5,11,https://www.airbnb.com/rooms/17447150
17450190,NA,Neighborhood highlights,1,NA,NA,NA,4,1,https://www.airbnb.com/rooms/17450190
17457491,$89.00,Neighborhood highlights,2,1,1,1,5,24,https://www.airbnb.com/rooms/17457491
17464043,NA,NA,1,NA,NA,NA,NA,0,https://www.airbnb.com/rooms/17464043
17464151,$170.00,Neighborhood highlights,2,1,1,1,4.87,15,https://www.airbnb.com/rooms/17464151
17479736,NA,Neighborhood highlights,2,NA,NA,NA,5,18,https://www.airbnb.com/rooms/17479736
17480275,NA,Neighborhood highlights,2,NA,2,NA,NA,0,https://www.airbnb.com/rooms/17480275
17480547,NA,Neighborhood highlights,2,NA,NA,NA,NA,0,https://www.airbnb.com/rooms/17480547
17481087,NA,Neighborhood highlights,2,NA,1,NA,NA,0,https://www.airbnb.com/rooms/17481087
17481484,NA,NA,1,NA,NA,NA,NA,0,https://www.airbnb.com/rooms/17481484
17489509,$152.00,Neighborhood highlights,4,1,2,2,4.91,162,https://www.airbnb.com/rooms/17489509
17494614,$99.00,NA,2,1,1,1,5,1,https://www.airbnb.com/rooms/17494614
17495518,NA,Neighborhood highlights,4,NA,1,NA,4.57,7,https://www.airbnb.com/rooms/17495518
17495862,$70.00,NA,2,1,1,1,4.89,44,https://www.airbnb.com/rooms/17495862
17496511,NA,Neighborhood highlights,2,NA,1,NA,4.75,16,https://www.airbnb.com/rooms/17496511
17499587,NA,NA,4,NA,2,NA,4.4,5,https://www.airbnb.com/rooms/17499587
17500994,$99.00,Neighborhood highlights,2,1,0,1,4.94,211,https://www.airbnb.com/rooms/17500994
17504002,$170.00,NA,2,1,1,1,4.95,38,https://www.airbnb.com/rooms/17504002
17506469,NA,NA,1,NA,NA,NA,NA,0,https://www.airbnb.com/rooms/17506469
17510449,NA,Neighborhood highlights,2,NA,NA,NA,1,1,https://www.airbnb.com/rooms/17510449
17512466,$210.00,Neighborhood highlights,6,1,2,4,4.45,11,https://www.airbnb.com/rooms/17512466
17512898,NA,NA,1,NA,1,NA,5,1,https://www.airbnb.com/rooms/17512898
17513537,"$1,000.00",NA,6,1,2,6,4.92,53,https://www.airbnb.com/rooms/17513537
17515734,$249.00,Neighborhood highlights,2,1,2,2,4.91,95,https://www.airbnb.com/rooms/17515734
17516489,NA,NA,7,NA,3,NA,4.83,6,https://www.airbnb.com/rooms/17516489
17522686,NA,NA,2,NA,NA,NA,4.5,2,https://www.airbnb.com/rooms/17522686
17524441,NA,Neighborhood highlights,1,NA,3,NA,5,2,https://www.airbnb.com/rooms/17524441
17529216,NA,Neighborhood highlights,2,NA,1,NA,4.57,7,https://www.airbnb.com/rooms/17529216
17531493,NA,Neighborhood highlights,1,NA,1,NA,4.56,18,https://www.airbnb.com/rooms/17531493
17538067,NA,Neighborhood highlights,2,NA,NA,NA,5,3,https://www.airbnb.com/rooms/17538067
17539808,NA,NA,2,NA,2,NA,4.66,38,https://www.airbnb.com/rooms/17539808
17543905,NA,NA,2,NA,1,NA,NA,0,https://www.airbnb.com/rooms/17543905
17545775,NA,Neighborhood highlights,3,NA,NA,NA,4.71,7,https://www.airbnb.com/rooms/17545775
17549299,NA,Neighborhood highlights,7,NA,2,NA,5,1,https://www.airbnb.com/rooms/17549299
17552185,NA,Neighborhood highlights,2,NA,NA,NA,4.81,270,https://www.airbnb.com/rooms/17552185
17552955,NA,NA,4,NA,NA,NA,5,2,https://www.airbnb.com/rooms/17552955
17554298,$145.00,Neighborhood highlights,2,1,1,2,4.87,338,https://www.airbnb.com/rooms/17554298
17554981,NA,Neighborhood highlights,3,NA,1,NA,4.21,14,https://www.airbnb.com/rooms/17554981
17555918,NA,Neighborhood highlights,2,NA,NA,NA,4.91,11,https://www.airbnb.com/rooms/17555918
17558223,NA,NA,3,NA,NA,NA,NA,0,https://www.airbnb.com/rooms/17558223
17560543,NA,NA,2,NA,1,NA,NA,0,https://www.airbnb.com/rooms/17560543
17561119,$219.00,Neighborhood highlights,2,1,1,1,4.88,25,https://www.airbnb.com/rooms/17561119
17568638,NA,NA,2,NA,NA,NA,4.75,8,https://www.airbnb.com/rooms/17568638
17569080,$220.00,Neighborhood highlights,4,2,2,2,5,3,https://www.airbnb.com/rooms/17569080
17572926,NA,NA,3,NA,1,NA,NA,0,https://www.airbnb.com/rooms/17572926
17590729,NA,Neighborhood highlights,2,NA,2,NA,5,8,https://www.airbnb.com/rooms/17590729
17591356,NA,NA,2,NA,1,NA,4.67,3,https://www.airbnb.com/rooms/17591356
17601315,NA,NA,4,NA,2,NA,NA,0,https://www.airbnb.com/rooms/17601315
17605478,NA,Neighborhood highlights,6,NA,NA,NA,4.28,47,https://www.airbnb.com/rooms/17605478
17605729,NA,Neighborhood highlights,2,NA,NA,NA,5,3,https://www.airbnb.com/rooms/17605729
17606753,NA,Neighborhood highlights,6,NA,NA,NA,4.22,50,https://www.airbnb.com/rooms/17606753
17607132,NA,Neighborhood highlights,2,NA,NA,NA,4.27,15,https://www.airbnb.com/rooms/17607132
17610059,NA,NA,1,NA,NA,NA,4,1,https://www.airbnb.com/rooms/17610059
17617905,NA,Neighborhood highlights,2,NA,1,NA,4.95,21,https://www.airbnb.com/rooms/17617905
17618903,NA,Neighborhood highlights,2,NA,1,NA,5,2,https://www.airbnb.com/rooms/17618903
17624400,NA,Neighborhood highlights,2,NA,NA,NA,4.55,11,https://www.airbnb.com/rooms/17624400
17624418,NA,Neighborhood highlights,5,NA,3,NA,5,6,https://www.airbnb.com/rooms/17624418
17632840,$85.00,Neighborhood highlights,3,1,1,2,4.75,193,https://www.airbnb.com/rooms/17632840
17635569,NA,Neighborhood highlights,2,NA,1,NA,4.5,2,https://www.airbnb.com/rooms/17635569
17641625,$160.00,Neighborhood highlights,1,1,0,1,4.63,32,https://www.airbnb.com/rooms/17641625
17652158,$55.00,Neighborhood highlights,2,1,1,1,4.58,255,https://www.airbnb.com/rooms/17652158
17653243,$125.00,NA,2,1,0,1,4.9,10,https://www.airbnb.com/rooms/17653243
17653754,$150.00,Neighborhood highlights,3,1,1,1,4.82,173,https://www.airbnb.com/rooms/17653754
17653791,$90.00,NA,2,1,0,1,4.76,66,https://www.airbnb.com/rooms/17653791
17654611,NA,Neighborhood highlights,2,NA,NA,NA,4.8,64,https://www.airbnb.com/rooms/17654611
17655017,NA,NA,2,NA,NA,NA,NA,0,https://www.airbnb.com/rooms/17655017
17665943,$72.00,Neighborhood highlights,2,1,1,1,4.75,664,https://www.airbnb.com/rooms/17665943
17666011,NA,NA,2,NA,1,NA,5,4,https://www.airbnb.com/rooms/17666011
17667585,NA,NA,1,NA,NA,NA,5,14,https://www.airbnb.com/rooms/17667585
17669480,$179.00,Neighborhood highlights,2,1,0,1,4.85,389,https://www.airbnb.com/rooms/17669480
17679645,NA,NA,2,NA,NA,NA,NA,0,https://www.airbnb.com/rooms/17679645
17679822,$165.00,Neighborhood highlights,2,1,1,3,4.88,32,https://www.airbnb.com/rooms/17679822
17683903,$325.00,Neighborhood highlights,6,2,4,4,5,18,https://www.airbnb.com/rooms/17683903
17684067,NA,NA,1,NA,NA,NA,NA,0,https://www.airbnb.com/rooms/17684067
17684359,NA,Neighborhood highlights,3,NA,2,NA,5,7,https://www.airbnb.com/rooms/17684359
17684828,NA,NA,5,NA,2,NA,4.98,47,https://www.airbnb.com/rooms/17684828
17684912,NA,NA,2,NA,1,NA,4.95,42,https://www.airbnb.com/rooms/17684912
17685710,NA,Neighborhood highlights,2,NA,NA,NA,5,15,https://www.airbnb.com/rooms/17685710
17692964,NA,Neighborhood highlights,5,NA,2,NA,4.22,9,https://www.airbnb.com/rooms/17692964
17713865,$66.00,Neighborhood highlights,2,1,1,1,4.62,129,https://www.airbnb.com/rooms/17713865
17716140,$90.00,Neighborhood highlights,2,1,1,1,4.74,115,https://www.airbnb.com/rooms/17716140
17720628,NA,Neighborhood highlights,4,NA,1,NA,5,6,https://www.airbnb.com/rooms/17720628
17727003,NA,NA,6,NA,2,NA,5,2,https://www.airbnb.com/rooms/17727003
17728208,NA,NA,2,NA,NA,NA,4.8,25,https://www.airbnb.com/rooms/17728208
17730019,$187.00,Neighborhood highlights,4,1,1,2,4.93,100,https://www.airbnb.com/rooms/17730019
17730939,NA,Neighborhood highlights,1,NA,NA,NA,4.75,12,https://www.airbnb.com/rooms/17730939
17731891,$246.00,Neighborhood highlights,4,1,2,1,4.93,73,https://www.airbnb.com/rooms/17731891
17735101,NA,Neighborhood highlights,1,NA,1,NA,5,7,https://www.airbnb.com/rooms/17735101
17746222,NA,NA,2,NA,NA,NA,4.73,15,https://www.airbnb.com/rooms/17746222
17750380,$111.00,Neighborhood highlights,2,1,1,1,4.83,86,https://www.airbnb.com/rooms/17750380
17752493,NA,NA,2,NA,NA,NA,4,2,https://www.airbnb.com/rooms/17752493
17753121,NA,Neighborhood highlights,2,NA,NA,NA,5,1,https://www.airbnb.com/rooms/17753121
17759478,$60.00,Neighborhood highlights,2,1,1,2,4.67,162,https://www.airbnb.com/rooms/17759478
17764355,$80.00,Neighborhood highlights,5,1,2,3,4.87,204,https://www.airbnb.com/rooms/17764355
17766580,NA,Neighborhood highlights,3,NA,2,NA,4.44,18,https://www.airbnb.com/rooms/17766580
17771762,$60.00,NA,2,1,1,1,4.86,7,https://www.airbnb.com/rooms/17771762
17774316,NA,NA,1,NA,NA,NA,4,1,https://www.airbnb.com/rooms/17774316
17778781,NA,NA,1,NA,NA,NA,5,1,https://www.airbnb.com/rooms/17778781
17786762,NA,Neighborhood highlights,2,NA,1,NA,4,1,https://www.airbnb.com/rooms/17786762
17790958,NA,Neighborhood highlights,2,NA,NA,NA,4.81,67,https://www.airbnb.com/rooms/17790958
17792856,NA,Neighborhood highlights,2,NA,NA,NA,4.69,13,https://www.airbnb.com/rooms/17792856
17793180,NA,NA,2,NA,NA,NA,5,4,https://www.airbnb.com/rooms/17793180
17793185,NA,Neighborhood highlights,4,NA,2,NA,4.6,5,https://www.airbnb.com/rooms/17793185
17796480,$60.00,Neighborhood highlights,2,1,1,1,4.96,121,https://www.airbnb.com/rooms/17796480
17808917,NA,Neighborhood highlights,1,NA,NA,NA,5,8,https://www.airbnb.com/rooms/17808917
17809161,NA,NA,4,NA,1,NA,NA,0,https://www.airbnb.com/rooms/17809161
17810201,$60.00,Neighborhood highlights,2,0.5,1,1,4.87,167,https://www.airbnb.com/rooms/17810201
17822626,NA,Neighborhood highlights,2,NA,NA,NA,NA,0,https://www.airbnb.com/rooms/17822626
17824129,NA,Neighborhood highlights,2,NA,NA,NA,5,5,https://www.airbnb.com/rooms/17824129
17829947,NA,Neighborhood highlights,2,NA,1,NA,5,9,https://www.airbnb.com/rooms/17829947
17831929,NA,NA,2,NA,NA,NA,5,1,https://www.airbnb.com/rooms/17831929
17832214,$150.00,Neighborhood highlights,2,1,0,2,4.9,10,https://www.airbnb.com/rooms/17832214
17844132,$175.00,Neighborhood highlights,4,1,1,2,NA,0,https://www.airbnb.com/rooms/17844132
17845507,NA,NA,2,NA,2,NA,4.94,18,https://www.airbnb.com/rooms/17845507
17849234,NA,NA,1,NA,NA,NA,NA,0,https://www.airbnb.com/rooms/17849234
17853353,$43.00,Neighborhood highlights,2,1,1,1,4.77,52,https://www.airbnb.com/rooms/17853353
17857431,$450.00,NA,5,2.5,2,2,5,18,https://www.airbnb.com/rooms/17857431
17860042,NA,NA,1,NA,NA,NA,5,9,https://www.airbnb.com/rooms/17860042
17864665,$140.00,Neighborhood highlights,2,1,1,3,4.79,14,https://www.airbnb.com/rooms/17864665
17866018,$50.00,NA,4,1,1,2,4.58,52,https://www.airbnb.com/rooms/17866018
17866206,$79.00,Neighborhood highlights,3,1,1,1,4.76,168,https://www.airbnb.com/rooms/17866206
17866302,NA,NA,1,NA,NA,NA,5,8,https://www.airbnb.com/rooms/17866302
17872922,NA,NA,3,NA,2,NA,5,12,https://www.airbnb.com/rooms/17872922
17876530,$131.00,Neighborhood highlights,6,1,2,8,4.65,166,https://www.airbnb.com/rooms/17876530
17881079,NA,NA,2,NA,NA,NA,4.89,9,https://www.airbnb.com/rooms/17881079
17892835,NA,Neighborhood highlights,1,NA,NA,NA,NA,0,https://www.airbnb.com/rooms/17892835
17893069,NA,NA,2,NA,1,NA,5,1,https://www.airbnb.com/rooms/17893069
17897913,$50.00,Neighborhood highlights,1,1,1,1,4.47,15,https://www.airbnb.com/rooms/17897913
17899730,$181.00,Neighborhood highlights,3,1,1,1,4.71,51,https://www.airbnb.com/rooms/17899730
17906420,NA,NA,2,NA,1,NA,4.78,64,https://www.airbnb.com/rooms/17906420
17923261,$73.00,Neighborhood highlights,2,1,1,1,4.93,151,https://www.airbnb.com/rooms/17923261
17925111,$125.00,NA,2,1,0,1,4.6,15,https://www.airbnb.com/rooms/17925111
17926371,NA,NA,6,NA,3,NA,NA,0,https://www.airbnb.com/rooms/17926371
17929219,$377.00,Neighborhood highlights,4,1,1,2,4.72,54,https://www.airbnb.com/rooms/17929219
17940029,$94.00,Neighborhood highlights,1,0,1,1,4.92,179,https://www.airbnb.com/rooms/17940029
17941948,NA,NA,1,NA,NA,NA,NA,0,https://www.airbnb.com/rooms/17941948
17943407,$121.00,Neighborhood highlights,1,1,1,1,4.5,36,https://www.airbnb.com/rooms/17943407
17943732,$360.00,Neighborhood highlights,4,1,2,2,5,23,https://www.airbnb.com/rooms/17943732
17943817,NA,Neighborhood highlights,2,NA,2,NA,NA,0,https://www.airbnb.com/rooms/17943817
17944219,NA,Neighborhood highlights,2,NA,1,NA,4.9,10,https://www.airbnb.com/rooms/17944219
17946985,NA,Neighborhood highlights,2,NA,NA,NA,4.93,15,https://www.airbnb.com/rooms/17946985
17951580,$179.00,Neighborhood highlights,4,1,2,2,4.6,174,https://www.airbnb.com/rooms/17951580
17952277,NA,Neighborhood highlights,2,NA,1,NA,NA,0,https://www.airbnb.com/rooms/17952277
17952472,NA,NA,4,NA,2,NA,4,3,https://www.airbnb.com/rooms/17952472
17958414,$160.00,Neighborhood highlights,5,1,2,3,4.33,76,https://www.airbnb.com/rooms/17958414
17963856,NA,NA,4,NA,2,NA,4,1,https://www.airbnb.com/rooms/17963856
17972466,NA,Neighborhood highlights,2,NA,NA,NA,4.33,3,https://www.airbnb.com/rooms/17972466
17974244,$800.00,Neighborhood highlights,8,2,3,3,NA,0,https://www.airbnb.com/rooms/17974244
17975664,NA,Neighborhood highlights,2,NA,NA,NA,4.84,55,https://www.airbnb.com/rooms/17975664
17980772,$119.00,Neighborhood highlights,6,1,3,3,4.69,26,https://www.airbnb.com/rooms/17980772
17981267,$119.00,Neighborhood highlights,5,1,2,2,4.7,113,https://www.airbnb.com/rooms/17981267
17988221,NA,Neighborhood highlights,2,NA,2,NA,NA,0,https://www.airbnb.com/rooms/17988221
17989537,NA,Neighborhood highlights,2,NA,NA,NA,NA,0,https://www.airbnb.com/rooms/17989537
18003918,NA,Neighborhood highlights,2,NA,1,NA,4.5,2,https://www.airbnb.com/rooms/18003918
18005257,NA,Neighborhood highlights,2,NA,1,NA,NA,0,https://www.airbnb.com/rooms/18005257
18006637,NA,Neighborhood highlights,2,NA,1,NA,5,6,https://www.airbnb.com/rooms/18006637
18009149,$226.00,Neighborhood highlights,4,1,1,2,4.95,63,https://www.airbnb.com/rooms/18009149
18013489,NA,Neighborhood highlights,1,NA,NA,NA,4.83,12,https://www.airbnb.com/rooms/18013489
18018424,NA,NA,2,NA,1,NA,5,3,https://www.airbnb.com/rooms/18018424
18018752,NA,NA,3,NA,4,NA,4.79,115,https://www.airbnb.com/rooms/18018752
18022636,$140.00,Neighborhood highlights,2,1,1,2,4.64,343,https://www.airbnb.com/rooms/18022636
18024380,NA,NA,1,NA,1,NA,4.5,2,https://www.airbnb.com/rooms/18024380
18024561,$487.00,Neighborhood highlights,6,1,3,3,4.34,279,https://www.airbnb.com/rooms/18024561
18025228,$57.00,Neighborhood highlights,1,1,1,1,4.36,14,https://www.airbnb.com/rooms/18025228
18037392,NA,Neighborhood highlights,2,NA,NA,NA,4.83,98,https://www.airbnb.com/rooms/18037392
18039329,NA,NA,4,NA,1,NA,5,2,https://www.airbnb.com/rooms/18039329
18039693,$115.00,NA,3,1,0,1,4.81,16,https://www.airbnb.com/rooms/18039693
18043457,NA,Neighborhood highlights,2,NA,NA,NA,4,1,https://www.airbnb.com/rooms/18043457
18049856,NA,NA,2,NA,NA,NA,NA,0,https://www.airbnb.com/rooms/18049856
18050153,NA,NA,2,NA,1,NA,5,1,https://www.airbnb.com/rooms/18050153
18059112,NA,Neighborhood highlights,2,NA,NA,NA,4.12,17,https://www.airbnb.com/rooms/18059112
18059231,NA,NA,1,NA,1,NA,NA,0,https://www.airbnb.com/rooms/18059231
18059656,$67.00,Neighborhood highlights,2,1,1,1,4.87,47,https://www.airbnb.com/rooms/18059656
18062797,NA,Neighborhood highlights,3,NA,NA,NA,4.74,35,https://www.airbnb.com/rooms/18062797
18063815,NA,Neighborhood highlights,5,NA,1,NA,4.67,3,https://www.airbnb.com/rooms/18063815
18071399,"$2,857.00",Neighborhood highlights,16,1,0,1,NA,0,https://www.airbnb.com/rooms/18071399
18073738,NA,Neighborhood highlights,3,NA,NA,NA,4.69,16,https://www.airbnb.com/rooms/18073738
18076816,NA,Neighborhood highlights,2,NA,NA,NA,4.6,112,https://www.airbnb.com/rooms/18076816
18076911,$65.00,Neighborhood highlights,2,1,1,1,4.38,90,https://www.airbnb.com/rooms/18076911
18076965,$271.00,Neighborhood highlights,5,1,2,3,4.78,9,https://www.airbnb.com/rooms/18076965
18077042,$99.00,Neighborhood highlights,2,1,1,1,5,272,https://www.airbnb.com/rooms/18077042
18077050,NA,Neighborhood highlights,1,NA,NA,NA,4.92,12,https://www.airbnb.com/rooms/18077050
18077717,NA,NA,3,NA,1,NA,4.5,2,https://www.airbnb.com/rooms/18077717
18078720,NA,NA,1,NA,1,NA,NA,0,https://www.airbnb.com/rooms/18078720
18080436,NA,Neighborhood highlights,1,NA,NA,NA,4.9,10,https://www.airbnb.com/rooms/18080436
18085447,$50.00,Neighborhood highlights,1,1.5,1,1,4.85,26,https://www.airbnb.com/rooms/18085447
18086664,$40.00,Neighborhood highlights,3,1,1,1,4.54,52,https://www.airbnb.com/rooms/18086664
18087564,NA,Neighborhood highlights,1,NA,1,NA,5,29,https://www.airbnb.com/rooms/18087564
18090441,NA,Neighborhood highlights,3,NA,1,NA,4.5,2,https://www.airbnb.com/rooms/18090441
18092438,NA,Neighborhood highlights,2,NA,1,NA,NA,0,https://www.airbnb.com/rooms/18092438
18094212,NA,Neighborhood highlights,8,NA,4,NA,4.94,18,https://www.airbnb.com/rooms/18094212
18102867,NA,NA,3,NA,1,NA,NA,0,https://www.airbnb.com/rooms/18102867
18103710,$226.00,Neighborhood highlights,2,1,0,1,3.5,2,https://www.airbnb.com/rooms/18103710
18108134,NA,NA,2,NA,NA,NA,4,3,https://www.airbnb.com/rooms/18108134
18117334,NA,Neighborhood highlights,2,NA,NA,NA,4.75,129,https://www.airbnb.com/rooms/18117334
18120175,NA,Neighborhood highlights,1,NA,NA,NA,5,1,https://www.airbnb.com/rooms/18120175
18120404,$56.00,Neighborhood highlights,1,1,1,1,4.82,34,https://www.airbnb.com/rooms/18120404
18120946,$199.00,Neighborhood highlights,3,1,2,1,4.86,79,https://www.airbnb.com/rooms/18120946
18123155,NA,Neighborhood highlights,2,NA,1,NA,5,2,https://www.airbnb.com/rooms/18123155
18124493,NA,Neighborhood highlights,2,NA,NA,NA,NA,0,https://www.airbnb.com/rooms/18124493
18124558,$105.00,Neighborhood highlights,2,1,1,1,4.79,81,https://www.airbnb.com/rooms/18124558
18133502,$486.00,Neighborhood highlights,4,2,2,2,4.85,61,https://www.airbnb.com/rooms/18133502
18134537,NA,NA,2,NA,1,NA,5,2,https://www.airbnb.com/rooms/18134537
18134948,NA,NA,2,NA,NA,NA,4.72,74,https://www.airbnb.com/rooms/18134948
18139095,NA,Neighborhood highlights,6,NA,2,NA,4.95,56,https://www.airbnb.com/rooms/18139095
18139171,NA,Neighborhood highlights,2,NA,2,NA,4.88,26,https://www.airbnb.com/rooms/18139171
18142309,NA,NA,2,NA,NA,NA,5,14,https://www.airbnb.com/rooms/18142309
18151976,NA,NA,4,NA,2,NA,4.5,2,https://www.airbnb.com/rooms/18151976
18155865,NA,NA,2,NA,NA,NA,NA,0,https://www.airbnb.com/rooms/18155865
18170615,NA,Neighborhood highlights,2,NA,NA,NA,5,3,https://www.airbnb.com/rooms/18170615
18173198,$26.00,Neighborhood highlights,1,1,1,2,4.6,170,https://www.airbnb.com/rooms/18173198
18175743,NA,Neighborhood highlights,3,NA,NA,NA,NA,0,https://www.airbnb.com/rooms/18175743
18179365,$200.00,NA,5,1,2,2,5,6,https://www.airbnb.com/rooms/18179365
18179735,NA,NA,2,NA,NA,NA,4.75,4,https://www.airbnb.com/rooms/18179735
18180304,NA,NA,2,NA,1,NA,5,1,https://www.airbnb.com/rooms/18180304
18182282,NA,NA,1,NA,1,NA,NA,0,https://www.airbnb.com/rooms/18182282
18188904,NA,Neighborhood highlights,1,NA,NA,NA,5,11,https://www.airbnb.com/rooms/18188904
18188958,$257.00,Neighborhood highlights,5,1,2,2,4.74,39,https://www.airbnb.com/rooms/18188958
18191934,NA,Neighborhood highlights,4,NA,NA,NA,4.82,22,https://www.airbnb.com/rooms/18191934
18194429,NA,Neighborhood highlights,2,NA,2,NA,5,11,https://www.airbnb.com/rooms/18194429
18194482,NA,NA,2,NA,1,NA,4.38,13,https://www.airbnb.com/rooms/18194482
18197946,$55.00,NA,1,1,1,1,5,6,https://www.airbnb.com/rooms/18197946
18207319,NA,NA,2,NA,NA,NA,4.86,7,https://www.airbnb.com/rooms/18207319
18209795,NA,NA,2,NA,NA,NA,5,2,https://www.airbnb.com/rooms/18209795
18210106,$289.00,NA,4,1,0,1,NA,0,https://www.airbnb.com/rooms/18210106
18211851,$180.00,Neighborhood highlights,4,1,1,3,4.87,30,https://www.airbnb.com/rooms/18211851
18213280,NA,NA,7,NA,2,NA,5,3,https://www.airbnb.com/rooms/18213280
18215065,$65.00,Neighborhood highlights,2,1,1,1,4.82,152,https://www.airbnb.com/rooms/18215065
18222186,NA,NA,2,NA,NA,NA,5,1,https://www.airbnb.com/rooms/18222186
18225912,$208.00,Neighborhood highlights,2,1,0,1,4.95,122,https://www.airbnb.com/rooms/18225912
18226037,$65.00,NA,1,1,1,1,4.9,29,https://www.airbnb.com/rooms/18226037
18226108,$200.00,Neighborhood highlights,2,1,1,1,4.97,126,https://www.airbnb.com/rooms/18226108
18226214,$117.00,Neighborhood highlights,2,2,1,1,5,6,https://www.airbnb.com/rooms/18226214
18226843,NA,Neighborhood highlights,2,NA,NA,NA,5,3,https://www.airbnb.com/rooms/18226843
18227529,$146.00,Neighborhood highlights,4,1,1,3,4.88,86,https://www.airbnb.com/rooms/18227529
18240963,$89.00,Neighborhood highlights,2,1,1,1,4.74,167,https://www.airbnb.com/rooms/18240963
18251681,$200.00,Neighborhood highlights,2,1,2,2,4.84,272,https://www.airbnb.com/rooms/18251681
18253938,NA,Neighborhood highlights,2,NA,NA,NA,4.94,16,https://www.airbnb.com/rooms/18253938
18254225,NA,NA,4,NA,1,NA,NA,0,https://www.airbnb.com/rooms/18254225
18254314,$200.00,NA,2,1,1,1,4.93,14,https://www.airbnb.com/rooms/18254314
18254317,NA,Neighborhood highlights,2,NA,NA,NA,NA,0,https://www.airbnb.com/rooms/18254317
18264659,NA,Neighborhood highlights,2,NA,1,NA,4.43,7,https://www.airbnb.com/rooms/18264659
18266415,NA,Neighborhood highlights,2,NA,1,NA,4.81,26,https://www.airbnb.com/rooms/18266415
18268053,$42.00,NA,1,1,1,1,5,2,https://www.airbnb.com/rooms/18268053
18271282,$995.00,Neighborhood highlights,3,2,1,2,5,8,https://www.airbnb.com/rooms/18271282
18271460,NA,Neighborhood highlights,2,NA,1,NA,5,1,https://www.airbnb.com/rooms/18271460
18274232,$130.00,Neighborhood highlights,2,1,1,1,4.94,69,https://www.airbnb.com/rooms/18274232
18283367,NA,NA,2,NA,NA,NA,4.5,2,https://www.airbnb.com/rooms/18283367
18286232,NA,NA,2,NA,NA,NA,NA,0,https://www.airbnb.com/rooms/18286232
18286926,$148.00,Neighborhood highlights,2,1,1,1,4.24,58,https://www.airbnb.com/rooms/18286926
18288391,NA,NA,2,NA,NA,NA,4.67,3,https://www.airbnb.com/rooms/18288391
18290561,$127.00,Neighborhood highlights,4,1,1,2,4.86,106,https://www.airbnb.com/rooms/18290561
18291916,NA,Neighborhood highlights,2,NA,2,NA,4.67,6,https://www.airbnb.com/rooms/18291916
18303895,$149.00,Neighborhood highlights,2,1,0,1,4.84,165,https://www.airbnb.com/rooms/18303895
18307376,NA,NA,2,NA,NA,NA,4,7,https://www.airbnb.com/rooms/18307376
18308486,$83.00,Neighborhood highlights,2,1,1,1,4.7,44,https://www.airbnb.com/rooms/18308486
18310427,$36.00,Neighborhood highlights,1,1,1,1,4.75,12,https://www.airbnb.com/rooms/18310427
18313862,$140.00,Neighborhood highlights,2,1,1,1,4.92,12,https://www.airbnb.com/rooms/18313862
18314930,NA,NA,2,NA,2,NA,4.9,29,https://www.airbnb.com/rooms/18314930
18325063,$96.00,Neighborhood highlights,2,1.5,1,2,4.87,15,https://www.airbnb.com/rooms/18325063
18326156,NA,Neighborhood highlights,1,NA,NA,NA,4.8,5,https://www.airbnb.com/rooms/18326156
18326238,NA,Neighborhood highlights,1,NA,2,NA,NA,0,https://www.airbnb.com/rooms/18326238
18329309,$88.00,Neighborhood highlights,2,1,0,1,4.88,17,https://www.airbnb.com/rooms/18329309
18330221,NA,NA,2,NA,1,NA,NA,0,https://www.airbnb.com/rooms/18330221
18338709,NA,NA,2,NA,1,NA,5,1,https://www.airbnb.com/rooms/18338709
18340599,NA,Neighborhood highlights,8,NA,NA,NA,4.46,59,https://www.airbnb.com/rooms/18340599
18342361,$365.00,Neighborhood highlights,2,1.5,2,3,4.99,190,https://www.airbnb.com/rooms/18342361
18345358,$54.00,NA,2,1,1,1,4.83,6,https://www.airbnb.com/rooms/18345358
18347330,NA,Neighborhood highlights,4,NA,1,NA,5,1,https://www.airbnb.com/rooms/18347330
18348512,$60.00,Neighborhood highlights,1,1,1,1,4.77,75,https://www.airbnb.com/rooms/18348512
18349549,$499.00,Neighborhood highlights,2,2,2,2,NA,0,https://www.airbnb.com/rooms/18349549
18353019,NA,NA,2,NA,1,NA,4.38,8,https://www.airbnb.com/rooms/18353019
18355480,NA,NA,2,NA,NA,NA,NA,0,https://www.airbnb.com/rooms/18355480
18356914,NA,Neighborhood highlights,3,NA,1,NA,NA,0,https://www.airbnb.com/rooms/18356914
18358343,NA,Neighborhood highlights,1,NA,1,NA,4.64,25,https://www.airbnb.com/rooms/18358343
18358363,$44.00,Neighborhood highlights,1,1,1,1,4.78,23,https://www.airbnb.com/rooms/18358363
18358606,$174.00,Neighborhood highlights,6,1,1,3,4.69,147,https://www.airbnb.com/rooms/18358606
18358792,NA,NA,6,NA,3,NA,NA,0,https://www.airbnb.com/rooms/18358792
18359018,$120.00,NA,3,1,0,1,4.67,12,https://www.airbnb.com/rooms/18359018
18366609,NA,Neighborhood highlights,2,NA,NA,NA,4.93,14,https://www.airbnb.com/rooms/18366609
18369887,NA,Neighborhood highlights,3,NA,1,NA,4.89,39,https://www.airbnb.com/rooms/18369887
18374250,NA,Neighborhood highlights,2,NA,NA,NA,4.13,8,https://www.airbnb.com/rooms/18374250
18375246,NA,Neighborhood highlights,2,NA,NA,NA,4.75,8,https://www.airbnb.com/rooms/18375246
18375685,$150.00,NA,4,1,2,2,4.99,137,https://www.airbnb.com/rooms/18375685
18375951,$62.00,Neighborhood highlights,1,1,1,1,NA,0,https://www.airbnb.com/rooms/18375951
18385188,NA,Neighborhood highlights,4,NA,2,NA,5,158,https://www.airbnb.com/rooms/18385188
18386265,$124.00,Neighborhood highlights,2,2,1,1,4.5,2,https://www.airbnb.com/rooms/18386265
18386307,$135.00,Neighborhood highlights,2,1,0,2,4.71,17,https://www.airbnb.com/rooms/18386307
18387744,NA,Neighborhood highlights,2,NA,2,NA,4.6,5,https://www.airbnb.com/rooms/18387744
18392140,NA,Neighborhood highlights,4,NA,1,NA,5,1,https://www.airbnb.com/rooms/18392140
18393354,$240.00,Neighborhood highlights,1,1,0,1,5,2,https://www.airbnb.com/rooms/18393354
18396197,NA,NA,5,NA,2,NA,4.86,7,https://www.airbnb.com/rooms/18396197
18404373,"$1,000.00",NA,16,1,0,1,5,5,https://www.airbnb.com/rooms/18404373
18404936,NA,Neighborhood highlights,1,NA,1,NA,4.73,15,https://www.airbnb.com/rooms/18404936
18407251,NA,Neighborhood highlights,4,NA,2,NA,4.81,21,https://www.airbnb.com/rooms/18407251
18408236,NA,Neighborhood highlights,8,NA,2,NA,4.52,66,https://www.airbnb.com/rooms/18408236
18411427,$160.00,Neighborhood highlights,2,1,1,1,4.89,66,https://www.airbnb.com/rooms/18411427
18412771,$55.00,NA,1,1,1,1,5,14,https://www.airbnb.com/rooms/18412771
18415505,NA,Neighborhood highlights,2,NA,2,NA,4.77,35,https://www.airbnb.com/rooms/18415505
18423938,$173.00,Neighborhood highlights,2,1,1,1,NA,0,https://www.airbnb.com/rooms/18423938
18424928,$175.00,Neighborhood highlights,2,1,2,2,4.69,13,https://www.airbnb.com/rooms/18424928
18430588,$36.00,Neighborhood highlights,1,1.5,1,1,4.63,16,https://www.airbnb.com/rooms/18430588
18432636,NA,Neighborhood highlights,1,NA,NA,NA,4.83,6,https://www.airbnb.com/rooms/18432636
18432894,$228.00,Neighborhood highlights,5,1,3,4,4.81,235,https://www.airbnb.com/rooms/18432894
18440017,NA,NA,2,NA,1,NA,4.71,34,https://www.airbnb.com/rooms/18440017
18445522,$99.00,NA,1,1,1,1,4.92,12,https://www.airbnb.com/rooms/18445522
18447712,NA,Neighborhood highlights,2,NA,1,NA,NA,0,https://www.airbnb.com/rooms/18447712
18448446,$200.00,NA,5,1,2,3,4.86,7,https://www.airbnb.com/rooms/18448446
18449954,$90.00,Neighborhood highlights,2,1,0,1,4.91,91,https://www.airbnb.com/rooms/18449954
18455236,NA,Neighborhood highlights,2,NA,1,NA,4.78,40,https://www.airbnb.com/rooms/18455236
18455830,$228.00,Neighborhood highlights,2,1,2,2,4.93,139,https://www.airbnb.com/rooms/18455830
18459547,$283.00,NA,2,2,1,1,5,9,https://www.airbnb.com/rooms/18459547
18459948,NA,NA,4,NA,NA,NA,4.75,8,https://www.airbnb.com/rooms/18459948
18471276,NA,NA,1,NA,1,NA,4.5,4,https://www.airbnb.com/rooms/18471276
18473439,$58.00,Neighborhood highlights,1,1,1,1,4.85,255,https://www.airbnb.com/rooms/18473439
18481196,NA,Neighborhood highlights,2,NA,NA,NA,4.73,11,https://www.airbnb.com/rooms/18481196
18484597,NA,Neighborhood highlights,1,NA,NA,NA,5,1,https://www.airbnb.com/rooms/18484597
18484608,$79.00,NA,2,1,1,1,5,6,https://www.airbnb.com/rooms/18484608
18485393,NA,Neighborhood highlights,2,NA,NA,NA,NA,0,https://www.airbnb.com/rooms/18485393
18486698,NA,Neighborhood highlights,2,NA,NA,NA,5,8,https://www.airbnb.com/rooms/18486698
18486868,NA,NA,2,NA,NA,NA,4.75,20,https://www.airbnb.com/rooms/18486868
18487817,NA,NA,1,NA,NA,NA,NA,0,https://www.airbnb.com/rooms/18487817
18490141,$92.00,Neighborhood highlights,6,1,2,2,4.43,47,https://www.airbnb.com/rooms/18490141
18499074,$90.00,Neighborhood highlights,1,1,1,1,4.93,45,https://www.airbnb.com/rooms/18499074
18504151,$212.00,Neighborhood highlights,2,1,0,3,4.84,102,https://www.airbnb.com/rooms/18504151
18505594,NA,Neighborhood highlights,2,NA,NA,NA,4.88,104,https://www.airbnb.com/rooms/18505594
18506359,$221.00,Neighborhood highlights,2,1,1,1,4.82,50,https://www.airbnb.com/rooms/18506359
18506841,$400.00,NA,2,1,2,2,4.98,244,https://www.airbnb.com/rooms/18506841
18507671,NA,NA,2,NA,NA,NA,NA,0,https://www.airbnb.com/rooms/18507671
18507990,$99.00,Neighborhood highlights,1,1,1,1,4.9,100,https://www.airbnb.com/rooms/18507990
18515889,NA,Neighborhood highlights,2,NA,2,NA,5,6,https://www.airbnb.com/rooms/18515889
18516103,NA,NA,2,NA,1,NA,5,1,https://www.airbnb.com/rooms/18516103
18520274,NA,Neighborhood highlights,4,NA,2,NA,NA,0,https://www.airbnb.com/rooms/18520274
18522547,$139.00,Neighborhood highlights,2,1,3,2,4.73,122,https://www.airbnb.com/rooms/18522547
18535402,NA,Neighborhood highlights,2,NA,NA,NA,4.75,169,https://www.airbnb.com/rooms/18535402
18541736,NA,NA,2,NA,1,NA,5,1,https://www.airbnb.com/rooms/18541736
18544441,NA,Neighborhood highlights,2,NA,NA,NA,4.75,4,https://www.airbnb.com/rooms/18544441
18549136,NA,NA,4,NA,1,NA,4.5,2,https://www.airbnb.com/rooms/18549136
18550867,$399.00,Neighborhood highlights,6,1.5,3,4,4.93,142,https://www.airbnb.com/rooms/18550867
18559902,NA,NA,3,NA,3,NA,4.27,15,https://www.airbnb.com/rooms/18559902
18560569,$140.00,Neighborhood highlights,2,1,1,1,4.85,88,https://www.airbnb.com/rooms/18560569
18560625,NA,Neighborhood highlights,1,NA,1,NA,5,1,https://www.airbnb.com/rooms/18560625
18565752,$142.00,Neighborhood highlights,3,1,0,1,4.71,497,https://www.airbnb.com/rooms/18565752
18570121,NA,NA,3,NA,1,NA,NA,0,https://www.airbnb.com/rooms/18570121
18572271,NA,NA,2,NA,NA,NA,4.8,5,https://www.airbnb.com/rooms/18572271
18577672,NA,NA,2,NA,1,NA,3,1,https://www.airbnb.com/rooms/18577672
18579416,NA,Neighborhood highlights,4,NA,1,NA,5,2,https://www.airbnb.com/rooms/18579416
18582792,$145.00,Neighborhood highlights,2,1,0,2,4.77,431,https://www.airbnb.com/rooms/18582792
18583467,$79.00,Neighborhood highlights,2,1,1,1,4.93,224,https://www.airbnb.com/rooms/18583467
18583921,NA,Neighborhood highlights,1,NA,2,NA,5,5,https://www.airbnb.com/rooms/18583921
18585546,NA,Neighborhood highlights,2,NA,1,NA,NA,0,https://www.airbnb.com/rooms/18585546
18586787,NA,NA,1,NA,1,NA,NA,0,https://www.airbnb.com/rooms/18586787
18586873,$190.00,Neighborhood highlights,3,1,1,1,4.52,67,https://www.airbnb.com/rooms/18586873
18587083,NA,Neighborhood highlights,4,NA,2,NA,4.6,5,https://www.airbnb.com/rooms/18587083
18596197,$125.00,NA,3,1,0,2,4.5,16,https://www.airbnb.com/rooms/18596197
18596546,NA,Neighborhood highlights,3,NA,1,NA,4.56,9,https://www.airbnb.com/rooms/18596546
18597408,NA,NA,2,NA,NA,NA,5,1,https://www.airbnb.com/rooms/18597408
18599352,$125.00,NA,3,1,0,1,4.4,15,https://www.airbnb.com/rooms/18599352
18610544,NA,NA,2,NA,NA,NA,NA,0,https://www.airbnb.com/rooms/18610544
18611347,NA,NA,2,NA,NA,NA,NA,0,https://www.airbnb.com/rooms/18611347
18611522,NA,NA,1,NA,NA,NA,5,22,https://www.airbnb.com/rooms/18611522
18613550,NA,NA,2,NA,NA,NA,5,8,https://www.airbnb.com/rooms/18613550
18613981,$35.00,Neighborhood highlights,2,1,1,2,4.88,193,https://www.airbnb.com/rooms/18613981
18616234,NA,Neighborhood highlights,2,NA,NA,NA,5,11,https://www.airbnb.com/rooms/18616234
18616809,NA,Neighborhood highlights,4,NA,2,NA,5,1,https://www.airbnb.com/rooms/18616809
18624243,NA,NA,2,NA,1,NA,4.5,2,https://www.airbnb.com/rooms/18624243
18625919,$105.00,Neighborhood highlights,2,1,1,1,4.9,270,https://www.airbnb.com/rooms/18625919
18628912,NA,Neighborhood highlights,5,NA,1,NA,4.85,20,https://www.airbnb.com/rooms/18628912
18629154,$115.00,Neighborhood highlights,2,1,1,1,4.92,95,https://www.airbnb.com/rooms/18629154
18629621,NA,Neighborhood highlights,2,NA,NA,NA,NA,0,https://www.airbnb.com/rooms/18629621
18630660,NA,Neighborhood highlights,2,NA,1,NA,4.6,5,https://www.airbnb.com/rooms/18630660
18632502,$115.00,Neighborhood highlights,2,1,1,1,4.88,119,https://www.airbnb.com/rooms/18632502
18635010,NA,Neighborhood highlights,2,NA,NA,NA,NA,0,https://www.airbnb.com/rooms/18635010
18635370,$65.00,Neighborhood highlights,1,1,1,1,NA,0,https://www.airbnb.com/rooms/18635370
18636030,NA,NA,1,NA,1,NA,NA,0,https://www.airbnb.com/rooms/18636030
18637270,NA,NA,2,NA,NA,NA,5,8,https://www.airbnb.com/rooms/18637270
18637912,NA,Neighborhood highlights,2,NA,NA,NA,4.86,213,https://www.airbnb.com/rooms/18637912
18638015,NA,NA,1,NA,NA,NA,5,2,https://www.airbnb.com/rooms/18638015
18638573,$69.00,Neighborhood highlights,1,1,1,1,4.43,46,https://www.airbnb.com/rooms/18638573
18647180,NA,NA,4,NA,3,NA,NA,0,https://www.airbnb.com/rooms/18647180
18647731,NA,Neighborhood highlights,2,NA,NA,NA,4.75,8,https://www.airbnb.com/rooms/18647731
18648243,NA,Neighborhood highlights,1,NA,NA,NA,4.78,49,https://www.airbnb.com/rooms/18648243
18652544,$200.00,Neighborhood highlights,3,1,2,2,4,1,https://www.airbnb.com/rooms/18652544
18655599,NA,Neighborhood highlights,2,NA,NA,NA,4,1,https://www.airbnb.com/rooms/18655599
18655886,NA,NA,2,NA,NA,NA,NA,0,https://www.airbnb.com/rooms/18655886
18656413,NA,Neighborhood highlights,2,NA,NA,NA,4.5,2,https://www.airbnb.com/rooms/18656413
18657204,$190.00,Neighborhood highlights,4,1,1,2,4.89,55,https://www.airbnb.com/rooms/18657204
18662619,$779.00,Neighborhood highlights,10,2,3,6,4.95,97,https://www.airbnb.com/rooms/18662619
18666583,NA,Neighborhood highlights,2,NA,NA,NA,NA,0,https://www.airbnb.com/rooms/18666583
18668322,$340.00,Neighborhood highlights,5,1.5,4,3,4.92,26,https://www.airbnb.com/rooms/18668322
18669019,NA,Neighborhood highlights,3,NA,NA,NA,NA,0,https://www.airbnb.com/rooms/18669019
18670480,NA,NA,2,NA,1,NA,NA,0,https://www.airbnb.com/rooms/18670480
18671835,$74.00,NA,1,1,1,1,4.89,420,https://www.airbnb.com/rooms/18671835
18674105,NA,Neighborhood highlights,3,NA,1,NA,5,2,https://www.airbnb.com/rooms/18674105
18675061,NA,NA,1,NA,1,NA,5,5,https://www.airbnb.com/rooms/18675061
18675215,NA,Neighborhood highlights,3,NA,1,NA,4.92,13,https://www.airbnb.com/rooms/18675215
18675599,NA,Neighborhood highlights,1,NA,NA,NA,4.2,10,https://www.airbnb.com/rooms/18675599
18676534,$120.00,Neighborhood highlights,4,1,1,2,4.69,52,https://www.airbnb.com/rooms/18676534
18680331,NA,NA,4,NA,1,NA,5,2,https://www.airbnb.com/rooms/18680331
18682184,$250.00,Neighborhood highlights,2,1,1,1,5,9,https://www.airbnb.com/rooms/18682184
18683699,NA,Neighborhood highlights,2,NA,NA,NA,5,23,https://www.airbnb.com/rooms/18683699
18683879,$130.00,Neighborhood highlights,1,1,0,1,4.44,9,https://www.airbnb.com/rooms/18683879
18686390,NA,Neighborhood highlights,3,NA,NA,NA,4.85,13,https://www.airbnb.com/rooms/18686390
18686501,NA,NA,1,NA,NA,NA,NA,0,https://www.airbnb.com/rooms/18686501
18689454,$145.00,Neighborhood highlights,3,1,1,3,4.37,19,https://www.airbnb.com/rooms/18689454
18689588,NA,Neighborhood highlights,2,NA,1,NA,4.83,6,https://www.airbnb.com/rooms/18689588
18692028,$450.00,Neighborhood highlights,7,2,3,3,4.48,178,https://www.airbnb.com/rooms/18692028
18700004,NA,NA,2,NA,2,NA,NA,0,https://www.airbnb.com/rooms/18700004
18702075,NA,NA,2,NA,NA,NA,4.33,3,https://www.airbnb.com/rooms/18702075
18704012,NA,Neighborhood highlights,2,NA,NA,NA,4.67,3,https://www.airbnb.com/rooms/18704012
18704413,$175.00,NA,2,1,1,1,4.94,188,https://www.airbnb.com/rooms/18704413
18706893,$135.00,NA,3,1,2,1,5,5,https://www.airbnb.com/rooms/18706893
18707214,NA,NA,4,NA,2,NA,4.5,2,https://www.airbnb.com/rooms/18707214
18715285,NA,NA,6,NA,3,NA,4.88,84,https://www.airbnb.com/rooms/18715285
18718195,$140.00,NA,2,1,1,1,4.96,92,https://www.airbnb.com/rooms/18718195
18719602,NA,Neighborhood highlights,2,NA,NA,NA,4,1,https://www.airbnb.com/rooms/18719602
18721209,NA,Neighborhood highlights,2,NA,NA,NA,4.81,85,https://www.airbnb.com/rooms/18721209
18721341,$90.00,NA,2,1,0,1,4.82,101,https://www.airbnb.com/rooms/18721341
18723095,NA,Neighborhood highlights,4,NA,NA,NA,5,1,https://www.airbnb.com/rooms/18723095
18729143,$62.00,Neighborhood highlights,1,1,1,1,4.68,180,https://www.airbnb.com/rooms/18729143
18734225,NA,NA,1,NA,NA,NA,4.5,2,https://www.airbnb.com/rooms/18734225
18734320,NA,NA,1,NA,NA,NA,4.57,14,https://www.airbnb.com/rooms/18734320
18735653,$208.00,Neighborhood highlights,4,1,2,2,4.79,14,https://www.airbnb.com/rooms/18735653
18736484,$69.00,Neighborhood highlights,1,1,1,1,4.86,63,https://www.airbnb.com/rooms/18736484
18737235,NA,NA,2,NA,1,NA,4.9,10,https://www.airbnb.com/rooms/18737235
18737594,NA,NA,5,NA,3,NA,5,4,https://www.airbnb.com/rooms/18737594
18745767,NA,NA,2,NA,2,NA,5,5,https://www.airbnb.com/rooms/18745767
18746696,NA,NA,3,NA,1,NA,4.86,7,https://www.airbnb.com/rooms/18746696
18747972,NA,Neighborhood highlights,6,NA,2,NA,4.21,38,https://www.airbnb.com/rooms/18747972
18750465,$150.00,Neighborhood highlights,2,1,0,1,4.75,8,https://www.airbnb.com/rooms/18750465
18753406,$69.00,Neighborhood highlights,3,1,1,0,4.89,19,https://www.airbnb.com/rooms/18753406
18753645,$250.00,Neighborhood highlights,2,1,1,1,4.96,255,https://www.airbnb.com/rooms/18753645
18755951,NA,NA,2,NA,NA,NA,5,1,https://www.airbnb.com/rooms/18755951
18757208,NA,NA,2,NA,NA,NA,NA,0,https://www.airbnb.com/rooms/18757208
18757521,$70.00,NA,4,1,2,3,4.65,17,https://www.airbnb.com/rooms/18757521
18758370,NA,Neighborhood highlights,3,NA,1,NA,4.86,88,https://www.airbnb.com/rooms/18758370
18762619,NA,NA,2,NA,NA,NA,NA,0,https://www.airbnb.com/rooms/18762619
18763188,$270.00,Neighborhood highlights,4,2,2,2,5,3,https://www.airbnb.com/rooms/18763188
18764827,NA,Neighborhood highlights,2,NA,NA,NA,5,2,https://www.airbnb.com/rooms/18764827
18768741,$130.00,Neighborhood highlights,1,1,0,1,4.4,5,https://www.airbnb.com/rooms/18768741
18787858,$130.00,Neighborhood highlights,1,1,0,1,3.75,4,https://www.airbnb.com/rooms/18787858
18789421,$149.00,Neighborhood highlights,2,1,2,4,4.78,207,https://www.airbnb.com/rooms/18789421
18792188,NA,Neighborhood highlights,1,NA,2,NA,4.81,16,https://www.airbnb.com/rooms/18792188
18792703,$140.00,Neighborhood highlights,1,1,0,2,4,1,https://www.airbnb.com/rooms/18792703
18793151,NA,Neighborhood highlights,1,NA,NA,NA,5,2,https://www.airbnb.com/rooms/18793151
18793922,$239.00,Neighborhood highlights,6,2,3,3,5,3,https://www.airbnb.com/rooms/18793922
18795447,$66.00,NA,2,1,1,1,4.75,169,https://www.airbnb.com/rooms/18795447
18795517,$500.00,Neighborhood highlights,2,1,1,2,4.8,5,https://www.airbnb.com/rooms/18795517
18803472,NA,NA,2,NA,NA,NA,5,4,https://www.airbnb.com/rooms/18803472
18805588,$165.00,Neighborhood highlights,6,2,2,3,5,6,https://www.airbnb.com/rooms/18805588
18806323,$232.00,Neighborhood highlights,2,1,2,3,4.95,153,https://www.airbnb.com/rooms/18806323
18811240,NA,Neighborhood highlights,4,NA,2,NA,5,7,https://www.airbnb.com/rooms/18811240
18812046,$195.00,Neighborhood highlights,3,1,2,5,4.79,39,https://www.airbnb.com/rooms/18812046
18812153,$160.00,Neighborhood highlights,1,1,0,1,4.86,21,https://www.airbnb.com/rooms/18812153
18813227,NA,Neighborhood highlights,2,NA,NA,NA,4.78,110,https://www.airbnb.com/rooms/18813227
18820446,$160.00,Neighborhood highlights,1,1,2,1,5,5,https://www.airbnb.com/rooms/18820446
18823971,$116.00,Neighborhood highlights,2,1,1,1,4.8,10,https://www.airbnb.com/rooms/18823971
18824754,$80.00,Neighborhood highlights,1,1,1,1,4.95,65,https://www.airbnb.com/rooms/18824754
18826104,NA,Neighborhood highlights,3,NA,1,NA,4.79,61,https://www.airbnb.com/rooms/18826104
18828134,NA,NA,1,NA,NA,NA,NA,0,https://www.airbnb.com/rooms/18828134
18828846,$59.00,Neighborhood highlights,2,1,0,1,4.53,73,https://www.airbnb.com/rooms/18828846
18836532,$92.00,Neighborhood highlights,2,1,1,2,4.91,99,https://www.airbnb.com/rooms/18836532
18838040,$279.00,Neighborhood highlights,2,2,2,1,5,39,https://www.airbnb.com/rooms/18838040
18838909,NA,Neighborhood highlights,4,NA,NA,NA,4.42,64,https://www.airbnb.com/rooms/18838909
18840106,NA,NA,2,NA,NA,NA,NA,0,https://www.airbnb.com/rooms/18840106
18840688,NA,Neighborhood highlights,2,NA,1,NA,4.67,3,https://www.airbnb.com/rooms/18840688
18842882,NA,NA,4,NA,2,NA,5,1,https://www.airbnb.com/rooms/18842882
18852048,NA,NA,2,NA,NA,NA,5,1,https://www.airbnb.com/rooms/18852048
18857790,NA,Neighborhood highlights,2,NA,NA,NA,4.79,120,https://www.airbnb.com/rooms/18857790
18858192,$80.00,NA,2,1,1,1,4.78,156,https://www.airbnb.com/rooms/18858192
18866187,NA,NA,4,NA,2,NA,NA,0,https://www.airbnb.com/rooms/18866187
18867401,$158.00,Neighborhood highlights,3,1,1,2,4.76,174,https://www.airbnb.com/rooms/18867401
18869545,NA,Neighborhood highlights,3,NA,1,NA,5,2,https://www.airbnb.com/rooms/18869545
18870281,NA,NA,1,NA,NA,NA,NA,0,https://www.airbnb.com/rooms/18870281
18870342,NA,Neighborhood highlights,2,NA,1,NA,4.83,12,https://www.airbnb.com/rooms/18870342
18872091,NA,NA,2,NA,NA,NA,4.75,4,https://www.airbnb.com/rooms/18872091
18873598,$180.00,Neighborhood highlights,3,1,1,3,4.33,3,https://www.airbnb.com/rooms/18873598
18873930,$200.00,Neighborhood highlights,4,1,1,3,4.85,13,https://www.airbnb.com/rooms/18873930
18874394,NA,NA,4,NA,3,NA,4.8,5,https://www.airbnb.com/rooms/18874394
18874640,$133.00,Neighborhood highlights,2,1,1,1,4.4,5,https://www.airbnb.com/rooms/18874640
18875022,NA,Neighborhood highlights,6,NA,4,NA,5,4,https://www.airbnb.com/rooms/18875022
18875994,NA,Neighborhood highlights,4,NA,1,NA,NA,0,https://www.airbnb.com/rooms/18875994
18876659,NA,Neighborhood highlights,3,NA,1,NA,4.93,29,https://www.airbnb.com/rooms/18876659
18877417,$150.00,Neighborhood highlights,2,1,1,1,4.87,69,https://www.airbnb.com/rooms/18877417
18878633,NA,Neighborhood highlights,2,NA,NA,NA,4.25,8,https://www.airbnb.com/rooms/18878633
18888212,$50.00,NA,1,1,1,2,5,11,https://www.airbnb.com/rooms/18888212
18888585,NA,NA,1,NA,1,NA,NA,0,https://www.airbnb.com/rooms/18888585
18892465,NA,NA,2,NA,NA,NA,5,1,https://www.airbnb.com/rooms/18892465
18893778,$350.00,Neighborhood highlights,5,1,1,3,4.89,9,https://www.airbnb.com/rooms/18893778
18894145,NA,Neighborhood highlights,2,NA,NA,NA,5,19,https://www.airbnb.com/rooms/18894145
18895187,$55.00,Neighborhood highlights,1,1,1,1,4.43,35,https://www.airbnb.com/rooms/18895187
18907303,NA,Neighborhood highlights,2,NA,NA,NA,4.9,20,https://www.airbnb.com/rooms/18907303
18908252,NA,NA,1,NA,NA,NA,5,1,https://www.airbnb.com/rooms/18908252
18908638,$58.00,Neighborhood highlights,1,1,1,1,4.86,225,https://www.airbnb.com/rooms/18908638
18911633,NA,NA,2,NA,1,NA,5,2,https://www.airbnb.com/rooms/18911633
18912084,NA,Neighborhood highlights,1,NA,NA,NA,4.91,11,https://www.airbnb.com/rooms/18912084
18913450,NA,NA,1,NA,NA,NA,5,3,https://www.airbnb.com/rooms/18913450
18917771,$100.00,Neighborhood highlights,9,1,2,4,4.82,145,https://www.airbnb.com/rooms/18917771
18922939,NA,Neighborhood highlights,3,NA,1,NA,4.88,26,https://www.airbnb.com/rooms/18922939
18927333,NA,NA,2,NA,NA,NA,5,3,https://www.airbnb.com/rooms/18927333
18931595,NA,NA,2,NA,NA,NA,4.13,8,https://www.airbnb.com/rooms/18931595
18934728,$75.00,NA,1,1,1,1,4.87,77,https://www.airbnb.com/rooms/18934728
18942119,$110.00,NA,2,1,0,1,4.84,112,https://www.airbnb.com/rooms/18942119
18942156,NA,Neighborhood highlights,3,NA,1,NA,4.86,7,https://www.airbnb.com/rooms/18942156
18942735,NA,Neighborhood highlights,6,NA,1,NA,5,9,https://www.airbnb.com/rooms/18942735
18944834,NA,Neighborhood highlights,1,NA,NA,NA,4.98,57,https://www.airbnb.com/rooms/18944834
18946117,NA,NA,4,NA,2,NA,4.33,3,https://www.airbnb.com/rooms/18946117
18948184,NA,NA,4,NA,NA,NA,4,2,https://www.airbnb.com/rooms/18948184
18949137,NA,Neighborhood highlights,2,NA,1,NA,4.71,7,https://www.airbnb.com/rooms/18949137
18957774,NA,NA,2,NA,1,NA,NA,0,https://www.airbnb.com/rooms/18957774
18958724,NA,Neighborhood highlights,2,NA,NA,NA,4.2,10,https://www.airbnb.com/rooms/18958724
18959626,NA,Neighborhood highlights,1,NA,NA,NA,4.94,51,https://www.airbnb.com/rooms/18959626
18961150,NA,NA,2,NA,1,NA,5,2,https://www.airbnb.com/rooms/18961150
18962916,$59.00,Neighborhood highlights,2,1,1,1,4.71,67,https://www.airbnb.com/rooms/18962916
18970683,$75.00,Neighborhood highlights,2,1,1,1,4.72,87,https://www.airbnb.com/rooms/18970683
18971993,$109.00,NA,1,1,1,1,4.78,137,https://www.airbnb.com/rooms/18971993
18979981,NA,NA,2,NA,1,NA,4.82,34,https://www.airbnb.com/rooms/18979981
18984088,NA,Neighborhood highlights,1,NA,NA,NA,4.91,44,https://www.airbnb.com/rooms/18984088
18989137,$168.00,NA,1,1,1,1,4.94,67,https://www.airbnb.com/rooms/18989137
18992110,NA,Neighborhood highlights,2,NA,1,NA,4.93,15,https://www.airbnb.com/rooms/18992110
18993091,NA,Neighborhood highlights,2,NA,NA,NA,4.95,61,https://www.airbnb.com/rooms/18993091
18993398,$175.00,NA,6,1,3,3,4.86,138,https://www.airbnb.com/rooms/18993398
18996206,NA,Neighborhood highlights,2,NA,1,NA,5,1,https://www.airbnb.com/rooms/18996206
18996738,NA,NA,2,NA,NA,NA,4,1,https://www.airbnb.com/rooms/18996738
18997907,NA,NA,2,NA,1,NA,5,1,https://www.airbnb.com/rooms/18997907
19001879,$125.00,Neighborhood highlights,2,1,0,1,4.97,30,https://www.airbnb.com/rooms/19001879
19012156,NA,Neighborhood highlights,2,NA,NA,NA,5,2,https://www.airbnb.com/rooms/19012156
19012181,NA,NA,2,NA,1,NA,5,1,https://www.airbnb.com/rooms/19012181
19012370,NA,NA,2,NA,1,NA,NA,0,https://www.airbnb.com/rooms/19012370
19013613,NA,NA,7,NA,3,NA,5,5,https://www.airbnb.com/rooms/19013613
19019325,NA,Neighborhood highlights,1,NA,1,NA,NA,0,https://www.airbnb.com/rooms/19019325
19021000,NA,NA,4,NA,1,NA,NA,0,https://www.airbnb.com/rooms/19021000
19028078,$52.00,NA,1,1.5,1,1,4.5,22,https://www.airbnb.com/rooms/19028078
19032635,NA,Neighborhood highlights,2,NA,NA,NA,4.75,16,https://www.airbnb.com/rooms/19032635
19032888,NA,Neighborhood highlights,1,NA,NA,NA,4.92,12,https://www.airbnb.com/rooms/19032888
19035295,NA,Neighborhood highlights,2,NA,1,NA,5,2,https://www.airbnb.com/rooms/19035295
19048034,NA,NA,1,NA,NA,NA,5,5,https://www.airbnb.com/rooms/19048034
19049402,$414.00,Neighborhood highlights,4,1,2,3,5,7,https://www.airbnb.com/rooms/19049402
19049449,NA,NA,2,NA,NA,NA,NA,0,https://www.airbnb.com/rooms/19049449
19052822,$120.00,Neighborhood highlights,2,1,1,1,4.89,62,https://www.airbnb.com/rooms/19052822
19054683,NA,Neighborhood highlights,2,NA,1,NA,NA,0,https://www.airbnb.com/rooms/19054683
19054757,NA,Neighborhood highlights,2,NA,NA,NA,4.88,93,https://www.airbnb.com/rooms/19054757
19056212,NA,NA,7,NA,3,NA,5,1,https://www.airbnb.com/rooms/19056212
19056694,NA,Neighborhood highlights,2,NA,1,NA,5,6,https://www.airbnb.com/rooms/19056694
19057006,NA,NA,2,NA,2,NA,5,2,https://www.airbnb.com/rooms/19057006
19057060,$100.00,Neighborhood highlights,1,1,1,1,4.96,27,https://www.airbnb.com/rooms/19057060
19057619,$30.00,Neighborhood highlights,1,1,1,2,4.72,29,https://www.airbnb.com/rooms/19057619
19062809,NA,NA,2,NA,NA,NA,4.75,4,https://www.airbnb.com/rooms/19062809
19066190,NA,NA,2,NA,NA,NA,4.5,4,https://www.airbnb.com/rooms/19066190
19068933,$131.00,Neighborhood highlights,2,1,1,2,5,11,https://www.airbnb.com/rooms/19068933
19069048,NA,Neighborhood highlights,4,NA,2,NA,4.75,4,https://www.airbnb.com/rooms/19069048
19069305,$90.00,Neighborhood highlights,2,1,1,1,4.83,344,https://www.airbnb.com/rooms/19069305
19069900,NA,Neighborhood highlights,2,NA,1,NA,4.86,7,https://www.airbnb.com/rooms/19069900
19070571,NA,Neighborhood highlights,1,NA,2,NA,NA,0,https://www.airbnb.com/rooms/19070571
19073760,NA,Neighborhood highlights,1,NA,NA,NA,5,3,https://www.airbnb.com/rooms/19073760
19075635,NA,NA,1,NA,NA,NA,4.97,31,https://www.airbnb.com/rooms/19075635
19080665,NA,NA,1,NA,NA,NA,NA,0,https://www.airbnb.com/rooms/19080665
19081472,$250.00,NA,4,2,2,2,NA,0,https://www.airbnb.com/rooms/19081472
19083269,NA,NA,1,NA,NA,NA,4.5,6,https://www.airbnb.com/rooms/19083269
19083282,NA,NA,1,NA,1,NA,NA,0,https://www.airbnb.com/rooms/19083282
19083490,NA,NA,2,NA,1,NA,NA,0,https://www.airbnb.com/rooms/19083490
19084168,NA,Neighborhood highlights,2,NA,1,NA,4,1,https://www.airbnb.com/rooms/19084168
19085028,$177.00,NA,2,1,1,1,NA,0,https://www.airbnb.com/rooms/19085028
19093551,NA,NA,2,NA,NA,NA,NA,0,https://www.airbnb.com/rooms/19093551
19094459,NA,Neighborhood highlights,2,NA,1,NA,4.94,16,https://www.airbnb.com/rooms/19094459
19094558,NA,NA,2,NA,NA,NA,NA,0,https://www.airbnb.com/rooms/19094558
19096160,NA,Neighborhood highlights,2,NA,NA,NA,5,1,https://www.airbnb.com/rooms/19096160
19098568,NA,Neighborhood highlights,2,NA,1,NA,NA,0,https://www.airbnb.com/rooms/19098568
19098733,$86.00,NA,1,1,0,1,4,2,https://www.airbnb.com/rooms/19098733
19099408,NA,NA,4,NA,2,NA,4.69,16,https://www.airbnb.com/rooms/19099408
19099600,NA,NA,4,NA,2,NA,4.57,7,https://www.airbnb.com/rooms/19099600
19099720,$90.00,NA,2,1,1,1,4.9,106,https://www.airbnb.com/rooms/19099720
19102027,NA,Neighborhood highlights,2,NA,NA,NA,4.52,176,https://www.airbnb.com/rooms/19102027
19103622,NA,Neighborhood highlights,2,NA,NA,NA,4.58,163,https://www.airbnb.com/rooms/19103622
19111261,NA,NA,3,NA,1,NA,4.93,28,https://www.airbnb.com/rooms/19111261
19117207,NA,Neighborhood highlights,1,NA,NA,NA,4.94,17,https://www.airbnb.com/rooms/19117207
19117322,NA,NA,2,NA,NA,NA,NA,0,https://www.airbnb.com/rooms/19117322
19118803,NA,NA,2,NA,NA,NA,NA,0,https://www.airbnb.com/rooms/19118803
19118963,$137.00,Neighborhood highlights,2,1,0,2,4.76,25,https://www.airbnb.com/rooms/19118963
19122217,NA,Neighborhood highlights,10,NA,5,NA,4.64,11,https://www.airbnb.com/rooms/19122217
19132312,NA,Neighborhood highlights,3,NA,1,NA,4,2,https://www.airbnb.com/rooms/19132312
19133220,NA,Neighborhood highlights,2,NA,1,NA,4.9,77,https://www.airbnb.com/rooms/19133220
19134330,NA,NA,3,NA,2,NA,5,1,https://www.airbnb.com/rooms/19134330
19134814,NA,Neighborhood highlights,6,NA,2,NA,5,11,https://www.airbnb.com/rooms/19134814
19138221,$397.00,Neighborhood highlights,2,1,1,2,5,56,https://www.airbnb.com/rooms/19138221
19138867,$99.00,Neighborhood highlights,2,1,1,1,4.88,8,https://www.airbnb.com/rooms/19138867
19141391,NA,Neighborhood highlights,2,NA,1,NA,4.6,15,https://www.airbnb.com/rooms/19141391
19153081,NA,Neighborhood highlights,2,NA,NA,NA,NA,0,https://www.airbnb.com/rooms/19153081
19160504,NA,Neighborhood highlights,2,NA,1,NA,4.56,95,https://www.airbnb.com/rooms/19160504
19161964,NA,NA,1,NA,4,NA,2,1,https://www.airbnb.com/rooms/19161964
19162441,NA,NA,2,NA,1,NA,NA,0,https://www.airbnb.com/rooms/19162441
19162994,NA,NA,2,NA,NA,NA,NA,0,https://www.airbnb.com/rooms/19162994
19163061,NA,NA,2,NA,NA,NA,4,1,https://www.airbnb.com/rooms/19163061
19163888,NA,Neighborhood highlights,2,NA,NA,NA,5,12,https://www.airbnb.com/rooms/19163888
19164049,$129.00,Neighborhood highlights,2,1,1,1,4.88,90,https://www.airbnb.com/rooms/19164049
19164628,NA,Neighborhood highlights,2,NA,1,NA,5,5,https://www.airbnb.com/rooms/19164628
19164752,NA,NA,3,NA,1,NA,4.36,14,https://www.airbnb.com/rooms/19164752
19169354,NA,NA,1,NA,1,NA,NA,0,https://www.airbnb.com/rooms/19169354
19174546,NA,Neighborhood highlights,4,NA,1,NA,5,2,https://www.airbnb.com/rooms/19174546
19175650,$70.00,Neighborhood highlights,2,1,1,1,4.9,10,https://www.airbnb.com/rooms/19175650
19176070,NA,Neighborhood highlights,2,NA,NA,NA,NA,0,https://www.airbnb.com/rooms/19176070
19176222,NA,NA,2,NA,NA,NA,4.78,9,https://www.airbnb.com/rooms/19176222
19176790,NA,Neighborhood highlights,2,NA,1,NA,5,1,https://www.airbnb.com/rooms/19176790
19177262,$99.00,Neighborhood highlights,2,1,1,1,4.73,26,https://www.airbnb.com/rooms/19177262
19179863,$55.00,Neighborhood highlights,3,1,1,2,4.44,39,https://www.airbnb.com/rooms/19179863
19179961,$166.00,Neighborhood highlights,5,1,1,3,4.35,26,https://www.airbnb.com/rooms/19179961
19180787,NA,Neighborhood highlights,4,NA,2,NA,5,2,https://www.airbnb.com/rooms/19180787
19181881,NA,NA,3,NA,NA,NA,NA,0,https://www.airbnb.com/rooms/19181881
19190801,NA,Neighborhood highlights,2,NA,NA,NA,5,3,https://www.airbnb.com/rooms/19190801
19192149,NA,Neighborhood highlights,2,NA,NA,NA,4.92,121,https://www.airbnb.com/rooms/19192149
19193664,NA,Neighborhood highlights,2,NA,1,NA,NA,0,https://www.airbnb.com/rooms/19193664
19193758,NA,NA,2,NA,1,NA,4.4,5,https://www.airbnb.com/rooms/19193758
19194997,NA,NA,2,NA,NA,NA,NA,0,https://www.airbnb.com/rooms/19194997
19195474,NA,NA,4,NA,2,NA,4.93,15,https://www.airbnb.com/rooms/19195474
19196146,NA,NA,1,NA,NA,NA,NA,0,https://www.airbnb.com/rooms/19196146
19200270,$95.00,Neighborhood highlights,5,1,1,3,4.92,118,https://www.airbnb.com/rooms/19200270
19206550,NA,Neighborhood highlights,3,NA,NA,NA,4.8,20,https://www.airbnb.com/rooms/19206550
19209477,NA,NA,2,NA,NA,NA,NA,0,https://www.airbnb.com/rooms/19209477
19209710,NA,Neighborhood highlights,4,NA,2,NA,5,9,https://www.airbnb.com/rooms/19209710
19211023,NA,Neighborhood highlights,2,NA,NA,NA,4.88,26,https://www.airbnb.com/rooms/19211023
19212985,NA,Neighborhood highlights,2,NA,1,NA,4.46,24,https://www.airbnb.com/rooms/19212985
19220496,NA,Neighborhood highlights,2,NA,NA,NA,4.88,8,https://www.airbnb.com/rooms/19220496
19222766,$155.00,Neighborhood highlights,2,1,1,1,4.93,29,https://www.airbnb.com/rooms/19222766
19225682,NA,Neighborhood highlights,2,NA,1,NA,4.7,10,https://www.airbnb.com/rooms/19225682
19226317,NA,Neighborhood highlights,2,NA,1,NA,5,19,https://www.airbnb.com/rooms/19226317
19226980,$650.00,NA,6,1.5,1,4,NA,0,https://www.airbnb.com/rooms/19226980
19227693,NA,NA,2,NA,NA,NA,5,5,https://www.airbnb.com/rooms/19227693
19236409,NA,NA,3,NA,2,NA,5,2,https://www.airbnb.com/rooms/19236409
19236716,NA,Neighborhood highlights,2,NA,3,NA,NA,0,https://www.airbnb.com/rooms/19236716
19239282,NA,Neighborhood highlights,2,NA,1,NA,4.78,37,https://www.airbnb.com/rooms/19239282
19239928,NA,NA,2,NA,NA,NA,4.67,3,https://www.airbnb.com/rooms/19239928
19241136,NA,Neighborhood highlights,4,NA,1,NA,4.67,6,https://www.airbnb.com/rooms/19241136
19241855,NA,Neighborhood highlights,2,NA,NA,NA,4.9,10,https://www.airbnb.com/rooms/19241855
19242821,NA,Neighborhood highlights,3,NA,1,NA,4.8,5,https://www.airbnb.com/rooms/19242821
19244237,NA,NA,2,NA,1,NA,2,1,https://www.airbnb.com/rooms/19244237
19244710,NA,NA,4,NA,1,NA,4,1,https://www.airbnb.com/rooms/19244710
19245930,$35.00,Neighborhood highlights,2,1,1,1,4.58,73,https://www.airbnb.com/rooms/19245930
19246114,$275.00,Neighborhood highlights,2,1,1,1,4.86,164,https://www.airbnb.com/rooms/19246114
19246490,NA,NA,1,NA,NA,NA,NA,0,https://www.airbnb.com/rooms/19246490
19248044,NA,Neighborhood highlights,6,NA,1,NA,NA,0,https://www.airbnb.com/rooms/19248044
19248045,NA,Neighborhood highlights,2,NA,NA,NA,NA,0,https://www.airbnb.com/rooms/19248045
19250619,NA,NA,3,NA,2,NA,NA,0,https://www.airbnb.com/rooms/19250619
19250742,$144.00,Neighborhood highlights,4,1,1,3,4.86,102,https://www.airbnb.com/rooms/19250742
19251255,NA,Neighborhood highlights,2,NA,NA,NA,4.42,26,https://www.airbnb.com/rooms/19251255
19251668,$109.00,Neighborhood highlights,2,1,1,1,4.41,34,https://www.airbnb.com/rooms/19251668
19261697,NA,NA,2,NA,NA,NA,4,1,https://www.airbnb.com/rooms/19261697
19268922,NA,Neighborhood highlights,2,NA,NA,NA,4.87,15,https://www.airbnb.com/rooms/19268922
19271040,NA,Neighborhood highlights,4,NA,1,NA,4.8,322,https://www.airbnb.com/rooms/19271040
19272890,NA,NA,4,NA,1,NA,NA,0,https://www.airbnb.com/rooms/19272890
19273509,NA,NA,4,NA,2,NA,4.77,98,https://www.airbnb.com/rooms/19273509
19275018,NA,Neighborhood highlights,2,NA,NA,NA,4.7,10,https://www.airbnb.com/rooms/19275018
19278895,$186.00,Neighborhood highlights,2,1,1,1,5,34,https://www.airbnb.com/rooms/19278895
19280212,NA,NA,1,NA,NA,NA,4.79,19,https://www.airbnb.com/rooms/19280212
19283246,NA,NA,3,NA,1,NA,4.71,7,https://www.airbnb.com/rooms/19283246
19284253,$200.00,Neighborhood highlights,6,1,2,4,4.09,11,https://www.airbnb.com/rooms/19284253
19294702,NA,Neighborhood highlights,3,NA,2,NA,5,3,https://www.airbnb.com/rooms/19294702
19294842,$55.00,Neighborhood highlights,2,1,1,1,4.78,54,https://www.airbnb.com/rooms/19294842
19297780,NA,Neighborhood highlights,6,NA,3,NA,NA,0,https://www.airbnb.com/rooms/19297780
19305374,NA,Neighborhood highlights,4,NA,1,NA,4.96,68,https://www.airbnb.com/rooms/19305374
19307798,NA,Neighborhood highlights,3,NA,NA,NA,NA,0,https://www.airbnb.com/rooms/19307798
19312705,NA,NA,5,NA,2,NA,4.94,16,https://www.airbnb.com/rooms/19312705
19313134,NA,NA,4,NA,1,NA,NA,0,https://www.airbnb.com/rooms/19313134
19314589,$118.00,Neighborhood highlights,2,1,1,2,4.83,496,https://www.airbnb.com/rooms/19314589
19314671,NA,Neighborhood highlights,2,NA,1,NA,4.97,30,https://www.airbnb.com/rooms/19314671
19315138,NA,NA,2,NA,1,NA,NA,0,https://www.airbnb.com/rooms/19315138
19315218,NA,NA,2,NA,NA,NA,NA,0,https://www.airbnb.com/rooms/19315218
19319184,$85.00,Neighborhood highlights,4,1,2,8,4.89,38,https://www.airbnb.com/rooms/19319184
19326306,$40.00,Neighborhood highlights,1,1.5,1,1,4.64,25,https://www.airbnb.com/rooms/19326306
19327636,NA,Neighborhood highlights,4,NA,1,NA,5,14,https://www.airbnb.com/rooms/19327636
19328935,$125.00,Neighborhood highlights,6,1,2,2,4.71,7,https://www.airbnb.com/rooms/19328935
19330704,NA,Neighborhood highlights,1,NA,NA,NA,4.94,139,https://www.airbnb.com/rooms/19330704
19330742,NA,NA,1,NA,NA,NA,NA,0,https://www.airbnb.com/rooms/19330742
19332077,NA,NA,4,NA,1,NA,NA,0,https://www.airbnb.com/rooms/19332077
19342192,NA,Neighborhood highlights,3,NA,2,NA,4.88,76,https://www.airbnb.com/rooms/19342192
19343737,NA,Neighborhood highlights,1,NA,1,NA,5,2,https://www.airbnb.com/rooms/19343737
19344708,$49.00,Neighborhood highlights,1,1,1,1,5,1,https://www.airbnb.com/rooms/19344708
19345240,NA,NA,2,NA,NA,NA,4.87,15,https://www.airbnb.com/rooms/19345240
19348168,NA,NA,4,NA,1,NA,5,1,https://www.airbnb.com/rooms/19348168
19348588,NA,NA,2,NA,NA,NA,4.84,161,https://www.airbnb.com/rooms/19348588
19348689,NA,NA,3,NA,1,NA,4.91,22,https://www.airbnb.com/rooms/19348689
19355497,NA,NA,1,NA,1,NA,4.67,3,https://www.airbnb.com/rooms/19355497
19360685,NA,Neighborhood highlights,2,NA,1,NA,4.97,35,https://www.airbnb.com/rooms/19360685
19361969,NA,NA,4,NA,2,NA,NA,0,https://www.airbnb.com/rooms/19361969
19363356,NA,NA,2,NA,1,NA,5,1,https://www.airbnb.com/rooms/19363356
19364229,NA,Neighborhood highlights,1,NA,NA,NA,5,1,https://www.airbnb.com/rooms/19364229
19364266,NA,Neighborhood highlights,2,NA,1,NA,NA,0,https://www.airbnb.com/rooms/19364266
19379952,$385.00,Neighborhood highlights,2,1.5,1,1,5,12,https://www.airbnb.com/rooms/19379952
19380620,NA,NA,1,NA,1,NA,4,1,https://www.airbnb.com/rooms/19380620
19382104,NA,NA,1,NA,NA,NA,5,1,https://www.airbnb.com/rooms/19382104
19382819,$137.00,Neighborhood highlights,3,1,0,2,4.81,31,https://www.airbnb.com/rooms/19382819
19384034,NA,Neighborhood highlights,2,NA,1,NA,4.2,5,https://www.airbnb.com/rooms/19384034
19385683,NA,Neighborhood highlights,2,NA,NA,NA,5,23,https://www.airbnb.com/rooms/19385683
19385872,NA,Neighborhood highlights,3,NA,1,NA,NA,0,https://www.airbnb.com/rooms/19385872
19386162,NA,NA,1,NA,NA,NA,4.67,12,https://www.airbnb.com/rooms/19386162
19387536,NA,Neighborhood highlights,2,NA,NA,NA,5,5,https://www.airbnb.com/rooms/19387536
19387694,$790.00,Neighborhood highlights,7,3.5,4,7,4.87,15,https://www.airbnb.com/rooms/19387694
19388293,NA,NA,2,NA,NA,NA,4.86,7,https://www.airbnb.com/rooms/19388293
19389677,NA,NA,1,NA,NA,NA,NA,0,https://www.airbnb.com/rooms/19389677
19389707,NA,Neighborhood highlights,2,NA,NA,NA,4.93,14,https://www.airbnb.com/rooms/19389707
19389911,NA,Neighborhood highlights,3,NA,NA,NA,4.81,52,https://www.airbnb.com/rooms/19389911
19401219,$135.00,Neighborhood highlights,8,2,3,3,4.84,108,https://www.airbnb.com/rooms/19401219
19403353,NA,NA,2,NA,NA,NA,NA,0,https://www.airbnb.com/rooms/19403353
19404654,$88.00,Neighborhood highlights,2,1,1,1,4.77,90,https://www.airbnb.com/rooms/19404654
19404818,NA,Neighborhood highlights,4,NA,2,NA,5,8,https://www.airbnb.com/rooms/19404818
19407599,NA,NA,1,NA,NA,NA,4.25,4,https://www.airbnb.com/rooms/19407599
19407992,$299.00,Neighborhood highlights,2,1,2,2,4.92,71,https://www.airbnb.com/rooms/19407992
19408914,$180.00,Neighborhood highlights,4,1,1,1,5,3,https://www.airbnb.com/rooms/19408914
19409299,$180.00,Neighborhood highlights,4,1,1,3,5,6,https://www.airbnb.com/rooms/19409299
19412140,NA,NA,2,NA,NA,NA,4.5,2,https://www.airbnb.com/rooms/19412140
19412207,NA,Neighborhood highlights,2,NA,NA,NA,4.74,66,https://www.airbnb.com/rooms/19412207
19413230,$250.00,Neighborhood highlights,2,1,2,2,4.78,86,https://www.airbnb.com/rooms/19413230
19413467,$135.00,Neighborhood highlights,2,1,1,1,4.71,7,https://www.airbnb.com/rooms/19413467
19413675,NA,Neighborhood highlights,2,NA,NA,NA,4.86,7,https://www.airbnb.com/rooms/19413675
19414281,NA,Neighborhood highlights,4,NA,2,NA,NA,0,https://www.airbnb.com/rooms/19414281
19414732,NA,NA,1,NA,1,NA,5,1,https://www.airbnb.com/rooms/19414732
19415979,NA,NA,1,NA,NA,NA,5,2,https://www.airbnb.com/rooms/19415979
19424191,$130.00,Neighborhood highlights,1,1,0,2,4.8,10,https://www.airbnb.com/rooms/19424191
19424753,NA,NA,1,NA,NA,NA,5,2,https://www.airbnb.com/rooms/19424753
19430074,NA,Neighborhood highlights,3,NA,1,NA,4.75,4,https://www.airbnb.com/rooms/19430074
19430305,NA,NA,2,NA,1,NA,4.75,4,https://www.airbnb.com/rooms/19430305
19431893,$50.00,Neighborhood highlights,2,2,1,1,4.61,36,https://www.airbnb.com/rooms/19431893
19438593,NA,NA,2,NA,NA,NA,NA,0,https://www.airbnb.com/rooms/19438593
19438695,NA,NA,1,NA,1,NA,5,1,https://www.airbnb.com/rooms/19438695
19438978,NA,NA,2,NA,1,NA,5,1,https://www.airbnb.com/rooms/19438978
19439790,NA,Neighborhood highlights,3,NA,1,NA,4.88,8,https://www.airbnb.com/rooms/19439790
19439956,"$2,000.00",Neighborhood highlights,8,1,2,7,4.96,82,https://www.airbnb.com/rooms/19439956
19440924,NA,NA,2,NA,1,NA,4.3,23,https://www.airbnb.com/rooms/19440924
19455149,NA,NA,1,NA,NA,NA,4.78,78,https://www.airbnb.com/rooms/19455149
19455656,NA,NA,1,NA,NA,NA,4.5,2,https://www.airbnb.com/rooms/19455656
19455757,NA,NA,1,NA,NA,NA,5,4,https://www.airbnb.com/rooms/19455757
19459060,NA,NA,5,NA,1,NA,NA,0,https://www.airbnb.com/rooms/19459060
19459082,NA,Neighborhood highlights,1,NA,2,NA,4.66,32,https://www.airbnb.com/rooms/19459082
19459142,NA,NA,2,NA,1,NA,NA,0,https://www.airbnb.com/rooms/19459142
19466060,NA,NA,2,NA,NA,NA,4.5,4,https://www.airbnb.com/rooms/19466060
19470210,$165.00,Neighborhood highlights,2,1,2,2,4.95,57,https://www.airbnb.com/rooms/19470210
19472906,NA,Neighborhood highlights,3,NA,1,NA,4.88,57,https://www.airbnb.com/rooms/19472906
19474100,NA,Neighborhood highlights,1,NA,1,NA,5,1,https://www.airbnb.com/rooms/19474100
19475058,NA,NA,4,NA,2,NA,4.87,15,https://www.airbnb.com/rooms/19475058
19475198,NA,Neighborhood highlights,2,NA,NA,NA,4.82,11,https://www.airbnb.com/rooms/19475198
19476630,$36.00,Neighborhood highlights,1,1.5,1,1,4.4,72,https://www.airbnb.com/rooms/19476630
19478537,NA,NA,3,NA,2,NA,5,1,https://www.airbnb.com/rooms/19478537
19487781,NA,Neighborhood highlights,2,NA,NA,NA,4.83,6,https://www.airbnb.com/rooms/19487781
19488192,NA,Neighborhood highlights,1,NA,NA,NA,4.79,38,https://www.airbnb.com/rooms/19488192
19489138,NA,NA,4,NA,1,NA,5,6,https://www.airbnb.com/rooms/19489138
19490499,NA,NA,2,NA,1,NA,4,1,https://www.airbnb.com/rooms/19490499
19500346,$85.00,NA,1,1,1,1,4.78,64,https://www.airbnb.com/rooms/19500346
19504042,NA,NA,2,NA,1,NA,NA,0,https://www.airbnb.com/rooms/19504042
19505956,$350.00,NA,1,1,1,1,5,4,https://www.airbnb.com/rooms/19505956
19523894,$105.00,Neighborhood highlights,6,1,1,3,4.8,90,https://www.airbnb.com/rooms/19523894
19528326,$125.00,Neighborhood highlights,3,1,1,2,4.35,74,https://www.airbnb.com/rooms/19528326
19530067,$135.00,Neighborhood highlights,4,1,2,2,4.81,212,https://www.airbnb.com/rooms/19530067
19530778,$60.00,NA,2,2,2,1,4.55,152,https://www.airbnb.com/rooms/19530778
19531805,NA,NA,1,NA,1,NA,5,1,https://www.airbnb.com/rooms/19531805
19532225,NA,Neighborhood highlights,1,NA,NA,NA,NA,0,https://www.airbnb.com/rooms/19532225
19538717,NA,Neighborhood highlights,2,NA,1,NA,5,2,https://www.airbnb.com/rooms/19538717
19542512,NA,Neighborhood highlights,3,NA,NA,NA,4.68,149,https://www.airbnb.com/rooms/19542512
19544381,NA,Neighborhood highlights,2,NA,NA,NA,4.5,2,https://www.airbnb.com/rooms/19544381
19544404,NA,NA,2,NA,1,NA,NA,0,https://www.airbnb.com/rooms/19544404
19545851,NA,Neighborhood highlights,1,NA,1,NA,5,1,https://www.airbnb.com/rooms/19545851
19548468,NA,NA,1,NA,NA,NA,4.71,31,https://www.airbnb.com/rooms/19548468
19550838,NA,Neighborhood highlights,2,NA,1,NA,5,2,https://www.airbnb.com/rooms/19550838
19553193,NA,Neighborhood highlights,2,NA,NA,NA,NA,0,https://www.airbnb.com/rooms/19553193
19553306,NA,NA,7,NA,2,NA,4.67,6,https://www.airbnb.com/rooms/19553306
19554564,$228.00,Neighborhood highlights,7,1,2,3,4.83,452,https://www.airbnb.com/rooms/19554564
19555750,NA,Neighborhood highlights,2,NA,NA,NA,4.55,127,https://www.airbnb.com/rooms/19555750
19558926,NA,NA,2,NA,NA,NA,NA,0,https://www.airbnb.com/rooms/19558926
19563107,$180.00,Neighborhood highlights,4,1,1,2,4,4,https://www.airbnb.com/rooms/19563107
19563669,NA,Neighborhood highlights,2,NA,NA,NA,4.8,5,https://www.airbnb.com/rooms/19563669
19566557,$92.00,NA,3,1,1,1,4.67,18,https://www.airbnb.com/rooms/19566557
19568889,$77.00,Neighborhood highlights,2,1.5,1,1,4.97,60,https://www.airbnb.com/rooms/19568889
19569481,NA,Neighborhood highlights,4,NA,2,NA,4.81,47,https://www.airbnb.com/rooms/19569481
19571034,NA,Neighborhood highlights,2,NA,NA,NA,5,4,https://www.airbnb.com/rooms/19571034
19572516,NA,Neighborhood highlights,4,NA,1,NA,4.6,5,https://www.airbnb.com/rooms/19572516
19573919,NA,Neighborhood highlights,1,NA,1,NA,NA,0,https://www.airbnb.com/rooms/19573919
19582754,NA,Neighborhood highlights,1,NA,NA,NA,4.78,120,https://www.airbnb.com/rooms/19582754
19583464,NA,Neighborhood highlights,2,NA,1,NA,NA,0,https://www.airbnb.com/rooms/19583464
19583985,$60.00,NA,2,1,1,1,3.75,4,https://www.airbnb.com/rooms/19583985
19587940,NA,NA,3,NA,1,NA,5,2,https://www.airbnb.com/rooms/19587940
19588045,NA,Neighborhood highlights,2,NA,1,NA,4.64,11,https://www.airbnb.com/rooms/19588045
19588669,$98.00,Neighborhood highlights,3,1,1,2,4.72,36,https://www.airbnb.com/rooms/19588669
19588726,NA,NA,2,NA,NA,NA,4.08,13,https://www.airbnb.com/rooms/19588726
19590209,$155.00,Neighborhood highlights,6,2,3,4,4.64,44,https://www.airbnb.com/rooms/19590209
19591107,$147.00,Neighborhood highlights,5,1,2,4,4.48,64,https://www.airbnb.com/rooms/19591107
19591602,$279.00,Neighborhood highlights,10,4,4,5,4.72,64,https://www.airbnb.com/rooms/19591602
19596021,$205.00,Neighborhood highlights,2,1,1,2,5,113,https://www.airbnb.com/rooms/19596021
19602390,$110.00,Neighborhood highlights,2,1,1,2,4.78,142,https://www.airbnb.com/rooms/19602390
19602515,NA,Neighborhood highlights,2,NA,1,NA,4.95,19,https://www.airbnb.com/rooms/19602515
19602883,NA,NA,1,NA,NA,NA,NA,0,https://www.airbnb.com/rooms/19602883
19606247,NA,NA,1,NA,NA,NA,4.67,3,https://www.airbnb.com/rooms/19606247
19606813,NA,Neighborhood highlights,2,NA,NA,NA,4.92,63,https://www.airbnb.com/rooms/19606813
19610687,NA,Neighborhood highlights,4,NA,1,NA,4.93,95,https://www.airbnb.com/rooms/19610687
19618401,$120.00,NA,2,1,1,1,NA,0,https://www.airbnb.com/rooms/19618401
19618443,NA,Neighborhood highlights,2,NA,2,NA,NA,0,https://www.airbnb.com/rooms/19618443
19619177,NA,NA,3,NA,1,NA,4.93,96,https://www.airbnb.com/rooms/19619177
19621610,NA,NA,3,NA,1,NA,4,4,https://www.airbnb.com/rooms/19621610
19622700,NA,Neighborhood highlights,2,NA,NA,NA,4,7,https://www.airbnb.com/rooms/19622700
19622976,NA,Neighborhood highlights,2,NA,NA,NA,4.82,119,https://www.airbnb.com/rooms/19622976
19623349,NA,NA,4,NA,2,NA,NA,0,https://www.airbnb.com/rooms/19623349
19623614,$191.00,Neighborhood highlights,2,2,3,3,4.78,213,https://www.airbnb.com/rooms/19623614
19634230,NA,NA,1,NA,1,NA,4.75,4,https://www.airbnb.com/rooms/19634230
19638414,NA,NA,3,NA,NA,NA,NA,0,https://www.airbnb.com/rooms/19638414
19639687,NA,NA,6,NA,3,NA,5,3,https://www.airbnb.com/rooms/19639687
19645931,NA,NA,1,NA,1,NA,5,1,https://www.airbnb.com/rooms/19645931
19650166,$50.00,Neighborhood highlights,1,1,1,1,4.89,28,https://www.airbnb.com/rooms/19650166
19651861,NA,Neighborhood highlights,2,NA,1,NA,4.61,44,https://www.airbnb.com/rooms/19651861
19655186,NA,NA,5,NA,1,NA,4.5,2,https://www.airbnb.com/rooms/19655186
19659617,NA,NA,4,NA,2,NA,NA,0,https://www.airbnb.com/rooms/19659617
19659874,$100.00,NA,2,1,0,1,4.5,12,https://www.airbnb.com/rooms/19659874
19660325,$108.00,Neighborhood highlights,2,1.5,1,1,4.9,20,https://www.airbnb.com/rooms/19660325
19660760,NA,Neighborhood highlights,4,NA,1,NA,4.89,62,https://www.airbnb.com/rooms/19660760
19661733,$39.00,Neighborhood highlights,1,1.5,1,1,4.97,117,https://www.airbnb.com/rooms/19661733
19671061,NA,Neighborhood highlights,2,NA,NA,NA,5,9,https://www.airbnb.com/rooms/19671061
19673076,$200.00,Neighborhood highlights,5,1.5,2,2,4.95,79,https://www.airbnb.com/rooms/19673076
19673107,$199.00,Neighborhood highlights,2,1,1,1,5,2,https://www.airbnb.com/rooms/19673107
19673318,$189.00,Neighborhood highlights,2,1,1,1,4.93,14,https://www.airbnb.com/rooms/19673318
19674497,$420.00,NA,3,1,2,2,5,5,https://www.airbnb.com/rooms/19674497
19675743,NA,Neighborhood highlights,1,NA,NA,NA,4.87,92,https://www.airbnb.com/rooms/19675743
19677221,NA,Neighborhood highlights,2,NA,1,NA,4.86,14,https://www.airbnb.com/rooms/19677221
19679564,NA,Neighborhood highlights,4,NA,1,NA,4.88,17,https://www.airbnb.com/rooms/19679564
19691179,NA,NA,2,NA,NA,NA,4.92,65,https://www.airbnb.com/rooms/19691179
19691853,NA,NA,4,NA,1,NA,4.8,15,https://www.airbnb.com/rooms/19691853
19692421,$160.00,Neighborhood highlights,1,1,1,2,4.63,8,https://www.airbnb.com/rooms/19692421
19693245,$180.00,Neighborhood highlights,4,1,1,3,4.17,6,https://www.airbnb.com/rooms/19693245
19694308,NA,NA,1,NA,1,NA,4.5,2,https://www.airbnb.com/rooms/19694308
19695709,NA,Neighborhood highlights,3,NA,1,NA,4.57,23,https://www.airbnb.com/rooms/19695709
19696674,$90.00,Neighborhood highlights,2,1,1,1,4.81,315,https://www.airbnb.com/rooms/19696674
19697371,NA,NA,2,NA,NA,NA,5,3,https://www.airbnb.com/rooms/19697371
19699218,NA,Neighborhood highlights,2,NA,NA,NA,4.88,16,https://www.airbnb.com/rooms/19699218
19699241,NA,Neighborhood highlights,1,NA,NA,NA,NA,0,https://www.airbnb.com/rooms/19699241
19700201,$75.00,NA,1,1,1,1,4.94,18,https://www.airbnb.com/rooms/19700201
19700585,NA,Neighborhood highlights,2,NA,1,NA,4.88,8,https://www.airbnb.com/rooms/19700585
19700871,NA,Neighborhood highlights,5,NA,2,NA,4,1,https://www.airbnb.com/rooms/19700871
19701913,NA,NA,2,NA,1,NA,5,23,https://www.airbnb.com/rooms/19701913
19709666,NA,Neighborhood highlights,2,NA,NA,NA,4.61,140,https://www.airbnb.com/rooms/19709666
19710276,$300.00,Neighborhood highlights,4,1,2,2,5,3,https://www.airbnb.com/rooms/19710276
19710742,$179.00,Neighborhood highlights,2,1,1,1,4.88,246,https://www.airbnb.com/rooms/19710742
19712270,NA,NA,2,NA,NA,NA,4.73,26,https://www.airbnb.com/rooms/19712270
19716501,NA,Neighborhood highlights,2,NA,NA,NA,5,6,https://www.airbnb.com/rooms/19716501
19717632,NA,Neighborhood highlights,2,NA,3,NA,4.17,6,https://www.airbnb.com/rooms/19717632
19718993,NA,Neighborhood highlights,4,NA,2,NA,5,1,https://www.airbnb.com/rooms/19718993
19719080,NA,NA,2,NA,2,NA,4.6,5,https://www.airbnb.com/rooms/19719080
19720126,NA,Neighborhood highlights,4,NA,NA,NA,4,2,https://www.airbnb.com/rooms/19720126
19731551,$184.00,Neighborhood highlights,3,1,0,2,4.77,31,https://www.airbnb.com/rooms/19731551
19732045,NA,Neighborhood highlights,4,NA,1,NA,4.84,19,https://www.airbnb.com/rooms/19732045
19734565,NA,Neighborhood highlights,1,NA,NA,NA,4.86,7,https://www.airbnb.com/rooms/19734565
19735722,NA,NA,10,NA,NA,NA,5,1,https://www.airbnb.com/rooms/19735722
19736199,NA,NA,2,NA,2,NA,5,8,https://www.airbnb.com/rooms/19736199
19736798,NA,Neighborhood highlights,2,NA,NA,NA,4.86,177,https://www.airbnb.com/rooms/19736798
19743260,NA,NA,1,NA,NA,NA,4.71,7,https://www.airbnb.com/rooms/19743260
19743272,NA,Neighborhood highlights,1,NA,1,NA,NA,0,https://www.airbnb.com/rooms/19743272
19744093,NA,Neighborhood highlights,4,NA,1,NA,5,1,https://www.airbnb.com/rooms/19744093
19745541,NA,NA,4,NA,2,NA,4.79,24,https://www.airbnb.com/rooms/19745541
19747278,$175.00,Neighborhood highlights,4,1,1,2,4.92,65,https://www.airbnb.com/rooms/19747278
19748553,$50.00,Neighborhood highlights,1,1,1,1,4.91,169,https://www.airbnb.com/rooms/19748553
19751205,NA,NA,4,NA,1,NA,4.61,57,https://www.airbnb.com/rooms/19751205
19757502,NA,NA,4,NA,2,NA,5,1,https://www.airbnb.com/rooms/19757502
19757672,$130.00,Neighborhood highlights,1,1,0,1,5,2,https://www.airbnb.com/rooms/19757672
19760008,NA,Neighborhood highlights,2,NA,1,NA,4.75,4,https://www.airbnb.com/rooms/19760008
19763657,$70.00,Neighborhood highlights,2,1.5,1,1,4.68,75,https://www.airbnb.com/rooms/19763657
19766387,NA,Neighborhood highlights,1,NA,NA,NA,4,1,https://www.airbnb.com/rooms/19766387
19766555,NA,NA,2,NA,1,NA,5,4,https://www.airbnb.com/rooms/19766555
19766791,$55.00,Neighborhood highlights,1,1,1,1,4.89,65,https://www.airbnb.com/rooms/19766791
19767372,NA,NA,3,NA,1,NA,5,2,https://www.airbnb.com/rooms/19767372
19767924,$260.00,Neighborhood highlights,2,1,1,1,4.91,44,https://www.airbnb.com/rooms/19767924
19768754,$47.00,Neighborhood highlights,1,1,1,1,4.89,57,https://www.airbnb.com/rooms/19768754
19768829,NA,NA,4,NA,1,NA,NA,0,https://www.airbnb.com/rooms/19768829
19769328,NA,NA,3,NA,NA,NA,4.52,25,https://www.airbnb.com/rooms/19769328
19769912,$130.00,NA,4,1,2,2,4.85,254,https://www.airbnb.com/rooms/19769912
19777412,NA,Neighborhood highlights,6,NA,3,NA,5,2,https://www.airbnb.com/rooms/19777412
19780093,NA,NA,3,NA,1,NA,4.9,10,https://www.airbnb.com/rooms/19780093
19784085,$285.00,Neighborhood highlights,11,4,4,7,4.74,19,https://www.airbnb.com/rooms/19784085
19784119,NA,Neighborhood highlights,2,NA,NA,NA,4.88,42,https://www.airbnb.com/rooms/19784119
19785259,NA,NA,1,NA,NA,NA,4.57,7,https://www.airbnb.com/rooms/19785259
19785676,NA,NA,2,NA,NA,NA,NA,0,https://www.airbnb.com/rooms/19785676
19786240,$895.00,Neighborhood highlights,8,2.5,4,4,4.67,6,https://www.airbnb.com/rooms/19786240
19787245,$154.00,Neighborhood highlights,2,1,0,2,4.81,36,https://www.airbnb.com/rooms/19787245
19791924,NA,NA,5,NA,NA,NA,4.67,3,https://www.airbnb.com/rooms/19791924
19801310,NA,Neighborhood highlights,2,NA,NA,NA,NA,0,https://www.airbnb.com/rooms/19801310
19801466,$345.00,Neighborhood highlights,4,1.5,2,2,4.85,139,https://www.airbnb.com/rooms/19801466
19803042,$194.00,Neighborhood highlights,6,1,2,2,4.96,73,https://www.airbnb.com/rooms/19803042
19803208,$150.00,NA,1,1.5,1,1,4.89,27,https://www.airbnb.com/rooms/19803208
19803462,NA,NA,2,NA,1,NA,4.64,36,https://www.airbnb.com/rooms/19803462
19805513,NA,Neighborhood highlights,1,NA,NA,NA,4.43,7,https://www.airbnb.com/rooms/19805513
19806972,NA,NA,1,NA,NA,NA,5,8,https://www.airbnb.com/rooms/19806972
19808259,NA,NA,2,NA,1,NA,5,1,https://www.airbnb.com/rooms/19808259
19808493,NA,Neighborhood highlights,2,NA,NA,NA,5,2,https://www.airbnb.com/rooms/19808493
19808524,$60.00,NA,2,1,1,2,5,5,https://www.airbnb.com/rooms/19808524
19811114,NA,Neighborhood highlights,2,NA,NA,NA,4.7,10,https://www.airbnb.com/rooms/19811114
19811442,NA,NA,2,NA,NA,NA,NA,0,https://www.airbnb.com/rooms/19811442
19811816,$400.00,Neighborhood highlights,8,2.5,4,3,NA,0,https://www.airbnb.com/rooms/19811816
19819750,NA,Neighborhood highlights,2,NA,NA,NA,4.68,34,https://www.airbnb.com/rooms/19819750
19825552,NA,NA,4,NA,1,NA,5,1,https://www.airbnb.com/rooms/19825552
19827594,NA,Neighborhood highlights,2,NA,1,NA,5,1,https://www.airbnb.com/rooms/19827594
19828845,NA,Neighborhood highlights,3,NA,1,NA,4,6,https://www.airbnb.com/rooms/19828845
19829900,$145.00,Neighborhood highlights,6,1,2,3,4.56,73,https://www.airbnb.com/rooms/19829900
19831458,$230.00,Neighborhood highlights,2,1,2,1,5,4,https://www.airbnb.com/rooms/19831458
19831736,NA,NA,3,NA,NA,NA,5,1,https://www.airbnb.com/rooms/19831736
19836734,$110.00,Neighborhood highlights,1,1,1,3,3.8,5,https://www.airbnb.com/rooms/19836734
19837851,$130.00,NA,4,1,3,3,4.22,46,https://www.airbnb.com/rooms/19837851
19843731,NA,Neighborhood highlights,2,NA,NA,NA,4.4,5,https://www.airbnb.com/rooms/19843731
19844482,$150.00,Neighborhood highlights,2,1,1,1,5,4,https://www.airbnb.com/rooms/19844482
19845074,$90.00,NA,1,1,0,1,4.68,22,https://www.airbnb.com/rooms/19845074
19845373,NA,Neighborhood highlights,2,NA,2,NA,4.89,57,https://www.airbnb.com/rooms/19845373
19847087,NA,Neighborhood highlights,3,NA,1,NA,4.95,19,https://www.airbnb.com/rooms/19847087
19847655,NA,Neighborhood highlights,1,NA,NA,NA,NA,0,https://www.airbnb.com/rooms/19847655
19853102,$75.00,Neighborhood highlights,2,1,1,4,4.76,33,https://www.airbnb.com/rooms/19853102
19857613,NA,Neighborhood highlights,2,NA,1,NA,5,2,https://www.airbnb.com/rooms/19857613
19858046,$546.00,Neighborhood highlights,6,1,2,2,4.88,32,https://www.airbnb.com/rooms/19858046
19859697,NA,NA,4,NA,NA,NA,4.8,5,https://www.airbnb.com/rooms/19859697
19861088,NA,Neighborhood highlights,2,NA,1,NA,4.95,19,https://www.airbnb.com/rooms/19861088
19861834,NA,Neighborhood highlights,3,NA,2,NA,5,4,https://www.airbnb.com/rooms/19861834
19862234,$110.00,Neighborhood highlights,2,1,1,0,4.81,117,https://www.airbnb.com/rooms/19862234
19862892,NA,Neighborhood highlights,2,NA,NA,NA,4.63,8,https://www.airbnb.com/rooms/19862892
19864245,NA,NA,2,NA,1,NA,5,1,https://www.airbnb.com/rooms/19864245
19866106,NA,NA,2,NA,NA,NA,NA,0,https://www.airbnb.com/rooms/19866106
19867930,$103.00,Neighborhood highlights,2,1,1,2,4.87,54,https://www.airbnb.com/rooms/19867930
19873185,NA,NA,1,NA,NA,NA,NA,0,https://www.airbnb.com/rooms/19873185
19873282,$171.00,Neighborhood highlights,6,2,3,5,4.61,61,https://www.airbnb.com/rooms/19873282
19873708,NA,Neighborhood highlights,2,NA,1,NA,4.43,7,https://www.airbnb.com/rooms/19873708
19875496,NA,NA,2,NA,2,NA,4.86,7,https://www.airbnb.com/rooms/19875496
19876096,$297.00,Neighborhood highlights,2,1,1,1,4.9,21,https://www.airbnb.com/rooms/19876096
19876256,$101.00,Neighborhood highlights,4,1,1,2,4.56,57,https://www.airbnb.com/rooms/19876256
19876292,NA,Neighborhood highlights,2,NA,1,NA,5,2,https://www.airbnb.com/rooms/19876292
19880329,NA,Neighborhood highlights,3,NA,3,NA,4,1,https://www.airbnb.com/rooms/19880329
19884639,NA,NA,2,NA,NA,NA,4.95,60,https://www.airbnb.com/rooms/19884639
19885300,$149.00,NA,3,1,0,2,3.86,7,https://www.airbnb.com/rooms/19885300
19888160,NA,Neighborhood highlights,2,NA,NA,NA,5,15,https://www.airbnb.com/rooms/19888160
19888622,$272.00,Neighborhood highlights,4,1,2,2,4.81,156,https://www.airbnb.com/rooms/19888622
19889906,NA,NA,1,NA,1,NA,NA,0,https://www.airbnb.com/rooms/19889906
19891485,NA,Neighborhood highlights,2,NA,NA,NA,4.83,18,https://www.airbnb.com/rooms/19891485
19891590,$270.00,Neighborhood highlights,2,1,1,1,4.94,50,https://www.airbnb.com/rooms/19891590
19891602,NA,Neighborhood highlights,2,NA,1,NA,5,9,https://www.airbnb.com/rooms/19891602
19892264,NA,Neighborhood highlights,2,NA,2,NA,4.88,16,https://www.airbnb.com/rooms/19892264
19893872,NA,Neighborhood highlights,2,NA,NA,NA,4.75,48,https://www.airbnb.com/rooms/19893872
19894567,$47.00,Neighborhood highlights,1,1,1,1,4.85,48,https://www.airbnb.com/rooms/19894567
19903510,NA,Neighborhood highlights,2,NA,NA,NA,4.5,2,https://www.airbnb.com/rooms/19903510
19905347,$260.00,Neighborhood highlights,2,1,1,1,5,10,https://www.airbnb.com/rooms/19905347
19906578,NA,Neighborhood highlights,2,NA,NA,NA,4.9,10,https://www.airbnb.com/rooms/19906578
19908261,NA,Neighborhood highlights,7,NA,3,NA,4,6,https://www.airbnb.com/rooms/19908261
19910558,NA,NA,2,NA,NA,NA,NA,0,https://www.airbnb.com/rooms/19910558
19910666,NA,NA,4,NA,NA,NA,NA,0,https://www.airbnb.com/rooms/19910666
19912065,$105.00,NA,2,1,0,1,4.92,61,https://www.airbnb.com/rooms/19912065
19912628,NA,NA,2,NA,NA,NA,NA,0,https://www.airbnb.com/rooms/19912628
19912695,$85.00,Neighborhood highlights,2,1,1,1,4.7,73,https://www.airbnb.com/rooms/19912695
19914250,NA,NA,2,NA,NA,NA,NA,0,https://www.airbnb.com/rooms/19914250
19915204,$59.00,Neighborhood highlights,2,2,1,1,4.85,168,https://www.airbnb.com/rooms/19915204
19915657,$48.00,Neighborhood highlights,1,2,1,1,4.81,118,https://www.airbnb.com/rooms/19915657
19915939,$60.00,Neighborhood highlights,2,2,1,1,4.79,145,https://www.airbnb.com/rooms/19915939
19922292,NA,NA,2,NA,NA,NA,5,4,https://www.airbnb.com/rooms/19922292
19923377,NA,Neighborhood highlights,2,NA,1,NA,4.86,14,https://www.airbnb.com/rooms/19923377
19929209,$130.00,Neighborhood highlights,1,1,0,1,4.33,3,https://www.airbnb.com/rooms/19929209
19930476,$180.00,NA,4,1,2,3,4.6,5,https://www.airbnb.com/rooms/19930476
19933967,$140.00,Neighborhood highlights,1,1,0,1,NA,0,https://www.airbnb.com/rooms/19933967
19943440,NA,NA,4,NA,2,NA,NA,0,https://www.airbnb.com/rooms/19943440
19944735,$150.00,Neighborhood highlights,1,1,1,1,NA,0,https://www.airbnb.com/rooms/19944735
19945772,NA,Neighborhood highlights,7,NA,3,NA,NA,0,https://www.airbnb.com/rooms/19945772
19949403,NA,Neighborhood highlights,1,NA,1,NA,5,1,https://www.airbnb.com/rooms/19949403
19950255,NA,NA,2,NA,NA,NA,NA,0,https://www.airbnb.com/rooms/19950255
19952747,$49.00,Neighborhood highlights,1,2,1,1,4.85,142,https://www.airbnb.com/rooms/19952747
19960443,NA,Neighborhood highlights,3,NA,NA,NA,4.95,22,https://www.airbnb.com/rooms/19960443
19961187,NA,NA,4,NA,2,NA,NA,0,https://www.airbnb.com/rooms/19961187
19968011,$125.00,NA,2,1,0,1,4.44,9,https://www.airbnb.com/rooms/19968011
19968961,NA,Neighborhood highlights,2,NA,NA,NA,NA,0,https://www.airbnb.com/rooms/19968961
19969013,NA,NA,2,NA,1,NA,NA,0,https://www.airbnb.com/rooms/19969013
19969461,NA,Neighborhood highlights,3,NA,1,NA,5,20,https://www.airbnb.com/rooms/19969461
19970249,NA,NA,1,NA,NA,NA,4.67,3,https://www.airbnb.com/rooms/19970249
19974905,$45.00,Neighborhood highlights,1,1,1,2,4.72,58,https://www.airbnb.com/rooms/19974905
19979892,NA,NA,4,NA,1,NA,4.7,44,https://www.airbnb.com/rooms/19979892
19980277,NA,NA,2,NA,NA,NA,5,2,https://www.airbnb.com/rooms/19980277
19981294,NA,NA,2,NA,1,NA,4.29,14,https://www.airbnb.com/rooms/19981294
19981649,NA,Neighborhood highlights,2,NA,1,NA,4.81,31,https://www.airbnb.com/rooms/19981649
19981877,NA,Neighborhood highlights,1,NA,NA,NA,4.55,20,https://www.airbnb.com/rooms/19981877
19983575,NA,Neighborhood highlights,1,NA,NA,NA,4.65,17,https://www.airbnb.com/rooms/19983575
19983748,NA,NA,2,NA,NA,NA,4,5,https://www.airbnb.com/rooms/19983748
19985425,$189.00,Neighborhood highlights,4,1,1,3,4.65,223,https://www.airbnb.com/rooms/19985425
19986637,NA,Neighborhood highlights,2,NA,NA,NA,4.68,112,https://www.airbnb.com/rooms/19986637
19991488,$44.00,Neighborhood highlights,1,1,0,1,4.16,31,https://www.airbnb.com/rooms/19991488
19992696,NA,NA,2,NA,1,NA,NA,0,https://www.airbnb.com/rooms/19992696
19993470,$280.00,Neighborhood highlights,2,1,1,2,4.8,54,https://www.airbnb.com/rooms/19993470
19998416,NA,NA,2,NA,NA,NA,5,13,https://www.airbnb.com/rooms/19998416
19999906,NA,Neighborhood highlights,1,NA,NA,NA,NA,0,https://www.airbnb.com/rooms/19999906
20000421,NA,NA,2,NA,1,NA,3.33,3,https://www.airbnb.com/rooms/20000421
20005568,NA,NA,3,NA,2,NA,5,3,https://www.airbnb.com/rooms/20005568
20008527,NA,Neighborhood highlights,1,NA,NA,NA,4.8,15,https://www.airbnb.com/rooms/20008527
20009122,$170.00,Neighborhood highlights,1,1,1,1,4.97,36,https://www.airbnb.com/rooms/20009122
20011434,NA,NA,1,NA,1,NA,NA,0,https://www.airbnb.com/rooms/20011434
20013291,NA,Neighborhood highlights,2,NA,NA,NA,NA,0,https://www.airbnb.com/rooms/20013291
20013531,NA,Neighborhood highlights,2,NA,1,NA,4.83,6,https://www.airbnb.com/rooms/20013531
20014072,$33.00,Neighborhood highlights,1,1.5,1,1,4.95,130,https://www.airbnb.com/rooms/20014072
20014141,NA,Neighborhood highlights,2,NA,1,NA,4.75,4,https://www.airbnb.com/rooms/20014141
20016090,$98.00,Neighborhood highlights,4,1,1,1,4.88,211,https://www.airbnb.com/rooms/20016090
20017121,$125.00,Neighborhood highlights,3,1,2,2,4.72,149,https://www.airbnb.com/rooms/20017121
20017882,$90.00,Neighborhood highlights,2,1,1,1,4.75,4,https://www.airbnb.com/rooms/20017882
20026248,$332.00,NA,8,1,3,6,4.91,98,https://www.airbnb.com/rooms/20026248
20026998,$140.00,Neighborhood highlights,4,1,1,1,4.7,128,https://www.airbnb.com/rooms/20026998
20028846,NA,Neighborhood highlights,5,NA,2,NA,5,3,https://www.airbnb.com/rooms/20028846
20028865,NA,Neighborhood highlights,1,NA,NA,NA,NA,0,https://www.airbnb.com/rooms/20028865
20029501,NA,Neighborhood highlights,1,NA,NA,NA,5,1,https://www.airbnb.com/rooms/20029501
20031027,NA,NA,3,NA,1,NA,4.97,31,https://www.airbnb.com/rooms/20031027
20031317,NA,Neighborhood highlights,2,NA,2,NA,NA,0,https://www.airbnb.com/rooms/20031317
20031768,NA,NA,2,NA,NA,NA,4.63,19,https://www.airbnb.com/rooms/20031768
20033157,NA,Neighborhood highlights,1,NA,1,NA,5,3,https://www.airbnb.com/rooms/20033157
20035842,NA,Neighborhood highlights,1,NA,NA,NA,5,2,https://www.airbnb.com/rooms/20035842
20040078,$235.00,Neighborhood highlights,2,1,2,2,4.77,64,https://www.airbnb.com/rooms/20040078
20044214,NA,NA,1,NA,NA,NA,5,3,https://www.airbnb.com/rooms/20044214
20044329,$125.00,Neighborhood highlights,4,1,1,1,4.86,21,https://www.airbnb.com/rooms/20044329
20045444,NA,Neighborhood highlights,5,NA,2,NA,4.82,11,https://www.airbnb.com/rooms/20045444
20045641,NA,NA,1,NA,NA,NA,NA,0,https://www.airbnb.com/rooms/20045641
20047896,NA,Neighborhood highlights,2,NA,1,NA,4.95,316,https://www.airbnb.com/rooms/20047896
20048909,NA,Neighborhood highlights,4,NA,1,NA,4,4,https://www.airbnb.com/rooms/20048909
20051059,NA,Neighborhood highlights,1,NA,1,NA,5,1,https://www.airbnb.com/rooms/20051059
20055786,NA,Neighborhood highlights,2,NA,1,NA,4.83,6,https://www.airbnb.com/rooms/20055786
20055944,NA,Neighborhood highlights,2,NA,NA,NA,5,6,https://www.airbnb.com/rooms/20055944
20056846,NA,NA,3,NA,1,NA,5,2,https://www.airbnb.com/rooms/20056846
20057450,$80.00,Neighborhood highlights,3,1,2,2,4.18,67,https://www.airbnb.com/rooms/20057450
20070087,NA,NA,2,NA,1,NA,NA,0,https://www.airbnb.com/rooms/20070087
20071095,NA,NA,1,NA,NA,NA,4.81,26,https://www.airbnb.com/rooms/20071095
20073605,NA,Neighborhood highlights,2,NA,NA,NA,NA,0,https://www.airbnb.com/rooms/20073605
20073959,$95.00,NA,5,1,1,5,4.6,58,https://www.airbnb.com/rooms/20073959
20075580,NA,NA,1,NA,1,NA,5,1,https://www.airbnb.com/rooms/20075580
20076056,NA,Neighborhood highlights,2,NA,2,NA,5,3,https://www.airbnb.com/rooms/20076056
20085460,NA,Neighborhood highlights,6,NA,2,NA,5,6,https://www.airbnb.com/rooms/20085460
20089288,$43.00,Neighborhood highlights,1,1,1,1,4.93,59,https://www.airbnb.com/rooms/20089288
20089645,$50.00,NA,1,1,1,2,4.65,60,https://www.airbnb.com/rooms/20089645
20090567,NA,Neighborhood highlights,2,NA,1,NA,4.95,63,https://www.airbnb.com/rooms/20090567
20091873,NA,NA,2,NA,1,NA,4.5,4,https://www.airbnb.com/rooms/20091873
20092176,$110.00,Neighborhood highlights,2,1,1,1,4.89,83,https://www.airbnb.com/rooms/20092176
20111316,NA,Neighborhood highlights,2,NA,2,NA,4.89,27,https://www.airbnb.com/rooms/20111316
20111383,$85.00,Neighborhood highlights,2,1,1,1,4.9,103,https://www.airbnb.com/rooms/20111383
20119649,$145.00,NA,8,1,1,8,4.41,34,https://www.airbnb.com/rooms/20119649
20120739,NA,Neighborhood highlights,2,NA,NA,NA,4.5,4,https://www.airbnb.com/rooms/20120739
20122197,$124.00,NA,3,1,0,1,4,5,https://www.airbnb.com/rooms/20122197
20124372,$55.00,Neighborhood highlights,1,1,1,1,4.73,230,https://www.airbnb.com/rooms/20124372
20125262,NA,NA,3,NA,1,NA,NA,0,https://www.airbnb.com/rooms/20125262
20131833,$850.00,Neighborhood highlights,2,2,2,2,4.96,24,https://www.airbnb.com/rooms/20131833
20134321,NA,NA,3,NA,1,NA,4.82,11,https://www.airbnb.com/rooms/20134321
20134851,NA,Neighborhood highlights,3,NA,1,NA,5,12,https://www.airbnb.com/rooms/20134851
20137576,$79.00,NA,1,1,1,1,4.92,12,https://www.airbnb.com/rooms/20137576
20138243,$113.00,Neighborhood highlights,2,1,1,1,4.91,192,https://www.airbnb.com/rooms/20138243
20145152,NA,NA,1,NA,1,NA,NA,0,https://www.airbnb.com/rooms/20145152
20147886,NA,NA,2,NA,NA,NA,4.17,6,https://www.airbnb.com/rooms/20147886
20149318,$40.00,Neighborhood highlights,2,1,2,1,4.67,36,https://www.airbnb.com/rooms/20149318
20151455,$40.00,Neighborhood highlights,1,2,1,1,4.82,175,https://www.airbnb.com/rooms/20151455
20153406,NA,Neighborhood highlights,3,NA,1,NA,4.59,39,https://www.airbnb.com/rooms/20153406
20154271,NA,Neighborhood highlights,1,NA,NA,NA,5,4,https://www.airbnb.com/rooms/20154271
20162291,NA,Neighborhood highlights,2,NA,NA,NA,4.99,146,https://www.airbnb.com/rooms/20162291
20163793,$80.00,NA,2,1,0,1,4.67,6,https://www.airbnb.com/rooms/20163793
20164923,NA,Neighborhood highlights,2,NA,2,NA,5,4,https://www.airbnb.com/rooms/20164923
20171179,$250.00,Neighborhood highlights,4,2,2,2,4.87,103,https://www.airbnb.com/rooms/20171179
20171578,NA,Neighborhood highlights,2,NA,NA,NA,5,91,https://www.airbnb.com/rooms/20171578
20173894,NA,NA,3,NA,2,NA,4,2,https://www.airbnb.com/rooms/20173894
20174551,NA,Neighborhood highlights,4,NA,2,NA,4.2,5,https://www.airbnb.com/rooms/20174551
20175751,NA,NA,1,NA,4,NA,4.75,4,https://www.airbnb.com/rooms/20175751
20176000,NA,Neighborhood highlights,2,NA,2,NA,4.76,33,https://www.airbnb.com/rooms/20176000
20177584,NA,Neighborhood highlights,3,NA,1,NA,4.92,204,https://www.airbnb.com/rooms/20177584
20184373,NA,NA,2,NA,NA,NA,NA,0,https://www.airbnb.com/rooms/20184373
20185442,NA,NA,1,NA,NA,NA,5,1,https://www.airbnb.com/rooms/20185442
20186673,NA,NA,4,NA,2,NA,4.67,3,https://www.airbnb.com/rooms/20186673
20187779,$43.00,NA,2,1,2,2,4.53,76,https://www.airbnb.com/rooms/20187779
20188905,NA,Neighborhood highlights,4,NA,1,NA,4.5,2,https://www.airbnb.com/rooms/20188905
20190053,NA,NA,5,NA,3,NA,5,11,https://www.airbnb.com/rooms/20190053
20191216,NA,Neighborhood highlights,1,NA,1,NA,4.89,37,https://www.airbnb.com/rooms/20191216
20191974,NA,NA,4,NA,2,NA,NA,0,https://www.airbnb.com/rooms/20191974
20193830,$525.00,NA,5,2,3,4,4.98,91,https://www.airbnb.com/rooms/20193830
20194791,$55.00,NA,2,1,1,1,4.9,99,https://www.airbnb.com/rooms/20194791
20194954,$350.00,Neighborhood highlights,2,1,1,1,4.88,162,https://www.airbnb.com/rooms/20194954
20195539,NA,NA,4,NA,2,NA,4,3,https://www.airbnb.com/rooms/20195539
20196464,NA,NA,4,NA,1,NA,NA,0,https://www.airbnb.com/rooms/20196464
20202650,$200.00,Neighborhood highlights,3,1,1,2,4,1,https://www.airbnb.com/rooms/20202650
20202971,$180.00,Neighborhood highlights,3,1,1,3,5,6,https://www.airbnb.com/rooms/20202971
20206749,NA,NA,4,NA,1,NA,NA,0,https://www.airbnb.com/rooms/20206749
20209878,$135.00,Neighborhood highlights,6,1,3,4,4.9,80,https://www.airbnb.com/rooms/20209878
20211113,NA,Neighborhood highlights,4,NA,1,NA,5,4,https://www.airbnb.com/rooms/20211113
20213442,NA,Neighborhood highlights,1,NA,NA,NA,4.6,5,https://www.airbnb.com/rooms/20213442
20213659,$148.00,Neighborhood highlights,2,1,1,1,4.5,52,https://www.airbnb.com/rooms/20213659
20213973,$59.00,Neighborhood highlights,2,2,1,1,4.85,142,https://www.airbnb.com/rooms/20213973
20215323,$60.00,Neighborhood highlights,1,2,1,1,4.88,16,https://www.airbnb.com/rooms/20215323
20216170,NA,Neighborhood highlights,2,NA,1,NA,4.99,92,https://www.airbnb.com/rooms/20216170
20223912,NA,NA,4,NA,2,NA,5,1,https://www.airbnb.com/rooms/20223912
20227482,NA,NA,3,NA,2,NA,4.5,2,https://www.airbnb.com/rooms/20227482
20231480,$80.00,Neighborhood highlights,1,1,1,1,4.87,15,https://www.airbnb.com/rooms/20231480
20232745,NA,Neighborhood highlights,2,NA,NA,NA,5,21,https://www.airbnb.com/rooms/20232745
20233308,NA,Neighborhood highlights,3,NA,1,NA,4.82,17,https://www.airbnb.com/rooms/20233308
20235701,NA,Neighborhood highlights,2,NA,NA,NA,NA,0,https://www.airbnb.com/rooms/20235701
20242938,$76.00,Neighborhood highlights,2,1,1,1,4.47,182,https://www.airbnb.com/rooms/20242938
20245126,NA,NA,2,NA,1,NA,4,1,https://www.airbnb.com/rooms/20245126
20245130,$450.00,Neighborhood highlights,8,4.5,4,4,5,39,https://www.airbnb.com/rooms/20245130
20248246,NA,NA,2,NA,1,NA,NA,0,https://www.airbnb.com/rooms/20248246
20250864,NA,Neighborhood highlights,1,NA,NA,NA,4,20,https://www.airbnb.com/rooms/20250864
20255084,NA,NA,3,NA,1,NA,NA,0,https://www.airbnb.com/rooms/20255084
20256027,NA,Neighborhood highlights,2,NA,4,NA,4.73,15,https://www.airbnb.com/rooms/20256027
20257357,NA,Neighborhood highlights,2,NA,1,NA,5,3,https://www.airbnb.com/rooms/20257357
20257840,$115.00,Neighborhood highlights,2,1,1,1,4.76,195,https://www.airbnb.com/rooms/20257840
20263650,NA,NA,2,NA,NA,NA,4.88,8,https://www.airbnb.com/rooms/20263650
20267865,$46.00,NA,2,1,1,1,4.78,89,https://www.airbnb.com/rooms/20267865
20277675,NA,Neighborhood highlights,2,NA,3,NA,4,1,https://www.airbnb.com/rooms/20277675
20279823,$95.00,Neighborhood highlights,2,1,1,1,4.84,147,https://www.airbnb.com/rooms/20279823
20280692,NA,NA,4,NA,2,NA,5,2,https://www.airbnb.com/rooms/20280692
20282225,NA,Neighborhood highlights,1,NA,2,NA,4.5,8,https://www.airbnb.com/rooms/20282225
20284463,NA,Neighborhood highlights,2,NA,NA,NA,5,5,https://www.airbnb.com/rooms/20284463
20285257,NA,NA,3,NA,1,NA,NA,0,https://www.airbnb.com/rooms/20285257
20285258,NA,Neighborhood highlights,2,NA,NA,NA,5,4,https://www.airbnb.com/rooms/20285258
20286539,NA,Neighborhood highlights,2,NA,1,NA,5,17,https://www.airbnb.com/rooms/20286539
20287322,NA,Neighborhood highlights,2,NA,1,NA,NA,0,https://www.airbnb.com/rooms/20287322
20297560,NA,NA,2,NA,NA,NA,NA,0,https://www.airbnb.com/rooms/20297560
20302347,NA,NA,1,NA,NA,NA,5,1,https://www.airbnb.com/rooms/20302347
20304291,$85.00,Neighborhood highlights,2,1,1,1,4.76,104,https://www.airbnb.com/rooms/20304291
20305160,$600.00,Neighborhood highlights,10,2.5,5,5,NA,0,https://www.airbnb.com/rooms/20305160
20305785,NA,NA,2,NA,NA,NA,NA,0,https://www.airbnb.com/rooms/20305785
20306472,NA,NA,1,NA,NA,NA,4.75,4,https://www.airbnb.com/rooms/20306472
20314852,NA,NA,2,NA,1,NA,NA,0,https://www.airbnb.com/rooms/20314852
20321803,NA,Neighborhood highlights,2,NA,2,NA,5,5,https://www.airbnb.com/rooms/20321803
20325974,$200.00,Neighborhood highlights,2,1,1,2,4.81,333,https://www.airbnb.com/rooms/20325974
20326252,$110.00,Neighborhood highlights,2,1,1,1,4.77,324,https://www.airbnb.com/rooms/20326252
20328568,NA,Neighborhood highlights,3,NA,1,NA,5,1,https://www.airbnb.com/rooms/20328568
20329223,NA,Neighborhood highlights,1,NA,NA,NA,5,5,https://www.airbnb.com/rooms/20329223
20331717,NA,NA,2,NA,NA,NA,5,1,https://www.airbnb.com/rooms/20331717
20333831,$109.00,Neighborhood highlights,2,1,0,1,4.86,81,https://www.airbnb.com/rooms/20333831
20337158,$48.00,NA,1,1,0,2,4.86,71,https://www.airbnb.com/rooms/20337158
20353880,$145.00,Neighborhood highlights,2,1.5,1,1,4.99,80,https://www.airbnb.com/rooms/20353880
20356917,$102.00,NA,1,1,1,1,4.71,256,https://www.airbnb.com/rooms/20356917
20358562,$72.00,Neighborhood highlights,2,1,1,1,4.87,69,https://www.airbnb.com/rooms/20358562
20364240,$62.00,Neighborhood highlights,2,1,1,0,4.69,52,https://www.airbnb.com/rooms/20364240
20365504,NA,Neighborhood highlights,6,NA,2,NA,4.87,136,https://www.airbnb.com/rooms/20365504
20385260,NA,Neighborhood highlights,5,NA,2,NA,4.55,11,https://www.airbnb.com/rooms/20385260
20385797,NA,NA,1,NA,NA,NA,5,1,https://www.airbnb.com/rooms/20385797
20387176,NA,NA,2,NA,2,NA,NA,0,https://www.airbnb.com/rooms/20387176
20387644,$220.00,NA,5,1,2,3,4.88,114,https://www.airbnb.com/rooms/20387644
20390046,NA,Neighborhood highlights,1,NA,NA,NA,NA,0,https://www.airbnb.com/rooms/20390046
20390786,NA,NA,1,NA,1,NA,NA,0,https://www.airbnb.com/rooms/20390786
20394608,NA,Neighborhood highlights,2,NA,1,NA,NA,0,https://www.airbnb.com/rooms/20394608
20394813,NA,NA,2,NA,1,NA,4.5,2,https://www.airbnb.com/rooms/20394813
20394850,NA,Neighborhood highlights,2,NA,1,NA,NA,0,https://www.airbnb.com/rooms/20394850
20396246,NA,Neighborhood highlights,7,NA,3,NA,4.83,6,https://www.airbnb.com/rooms/20396246
20401541,NA,Neighborhood highlights,4,NA,1,NA,4.77,22,https://www.airbnb.com/rooms/20401541
20403568,$130.00,Neighborhood highlights,2,1,1,2,4.85,67,https://www.airbnb.com/rooms/20403568
20406188,NA,NA,1,NA,1,NA,NA,0,https://www.airbnb.com/rooms/20406188
20406627,NA,Neighborhood highlights,1,NA,NA,NA,4.89,9,https://www.airbnb.com/rooms/20406627
20406782,NA,NA,4,NA,2,NA,4.55,31,https://www.airbnb.com/rooms/20406782
20407916,$235.00,Neighborhood highlights,5,2,3,3,4.54,76,https://www.airbnb.com/rooms/20407916
20412160,NA,Neighborhood highlights,2,NA,2,NA,4.96,26,https://www.airbnb.com/rooms/20412160
20412719,$155.00,Neighborhood highlights,2,1.5,3,1,5,13,https://www.airbnb.com/rooms/20412719
20418684,NA,Neighborhood highlights,2,NA,1,NA,4.96,23,https://www.airbnb.com/rooms/20418684
20420152,NA,NA,2,NA,NA,NA,4.83,6,https://www.airbnb.com/rooms/20420152
20421016,NA,Neighborhood highlights,2,NA,1,NA,4.92,24,https://www.airbnb.com/rooms/20421016
20424288,NA,Neighborhood highlights,4,NA,2,NA,5,1,https://www.airbnb.com/rooms/20424288
20425060,NA,Neighborhood highlights,1,NA,NA,NA,5,22,https://www.airbnb.com/rooms/20425060
20427684,$58.00,NA,1,1,1,2,4.81,67,https://www.airbnb.com/rooms/20427684
20435636,NA,Neighborhood highlights,2,NA,NA,NA,5,19,https://www.airbnb.com/rooms/20435636
20435714,NA,NA,2,NA,NA,NA,4,1,https://www.airbnb.com/rooms/20435714
20437726,$47.00,Neighborhood highlights,1,1,1,1,4.88,134,https://www.airbnb.com/rooms/20437726
20441901,$37.00,Neighborhood highlights,1,1,4,1,5,3,https://www.airbnb.com/rooms/20441901
20459381,NA,NA,2,NA,NA,NA,5,3,https://www.airbnb.com/rooms/20459381
20459818,$140.00,Neighborhood highlights,8,2,3,3,4.86,104,https://www.airbnb.com/rooms/20459818
20464496,NA,Neighborhood highlights,2,NA,1,NA,NA,0,https://www.airbnb.com/rooms/20464496
20465477,NA,NA,4,NA,2,NA,5,2,https://www.airbnb.com/rooms/20465477
20466016,$120.00,Neighborhood highlights,4,1,1,1,4.69,16,https://www.airbnb.com/rooms/20466016
20474033,NA,NA,1,NA,2,NA,5,30,https://www.airbnb.com/rooms/20474033
20479561,NA,NA,2,NA,2,NA,NA,0,https://www.airbnb.com/rooms/20479561
20479960,$95.00,Neighborhood highlights,1,1,1,2,4.77,173,https://www.airbnb.com/rooms/20479960
20480133,NA,NA,2,NA,NA,NA,5,4,https://www.airbnb.com/rooms/20480133
20480431,$111.00,Neighborhood highlights,2,1,2,1,4.59,117,https://www.airbnb.com/rooms/20480431
20480983,$90.00,Neighborhood highlights,2,1,1,1,4.77,381,https://www.airbnb.com/rooms/20480983
20481653,NA,NA,3,NA,2,NA,5,1,https://www.airbnb.com/rooms/20481653
20481814,$57.00,NA,1,1,1,1,4.61,36,https://www.airbnb.com/rooms/20481814
20483387,NA,NA,2,NA,1,NA,4,1,https://www.airbnb.com/rooms/20483387
20483469,NA,NA,2,NA,2,NA,4.88,17,https://www.airbnb.com/rooms/20483469
20491800,NA,NA,6,NA,2,NA,5,1,https://www.airbnb.com/rooms/20491800
20495736,NA,NA,2,NA,1,NA,4.67,3,https://www.airbnb.com/rooms/20495736
20497853,NA,NA,1,NA,1,NA,NA,0,https://www.airbnb.com/rooms/20497853
20498261,NA,NA,4,NA,9,NA,4.71,7,https://www.airbnb.com/rooms/20498261
20499306,NA,NA,1,NA,1,NA,NA,0,https://www.airbnb.com/rooms/20499306
20501444,NA,Neighborhood highlights,2,NA,1,NA,4.4,20,https://www.airbnb.com/rooms/20501444
20504573,NA,NA,2,NA,1,NA,NA,0,https://www.airbnb.com/rooms/20504573
20506551,NA,Neighborhood highlights,2,NA,2,NA,5,1,https://www.airbnb.com/rooms/20506551
20521092,NA,Neighborhood highlights,2,NA,1,NA,4.63,8,https://www.airbnb.com/rooms/20521092
20522971,NA,NA,6,NA,2,NA,5,5,https://www.airbnb.com/rooms/20522971
20523843,NA,Neighborhood highlights,2,NA,1,NA,4.72,18,https://www.airbnb.com/rooms/20523843
20527413,NA,Neighborhood highlights,2,NA,2,NA,5,1,https://www.airbnb.com/rooms/20527413
20532490,NA,Neighborhood highlights,4,NA,2,NA,4.75,8,https://www.airbnb.com/rooms/20532490
20534562,NA,Neighborhood highlights,2,NA,2,NA,5,4,https://www.airbnb.com/rooms/20534562
20552326,$100.00,NA,2,1,2,2,4.39,23,https://www.airbnb.com/rooms/20552326
20552425,NA,Neighborhood highlights,2,NA,NA,NA,NA,0,https://www.airbnb.com/rooms/20552425
20552544,NA,Neighborhood highlights,2,NA,NA,NA,4.94,16,https://www.airbnb.com/rooms/20552544
20553283,$41.00,Neighborhood highlights,1,1,1,1,4.65,20,https://www.airbnb.com/rooms/20553283
20555569,NA,NA,1,NA,1,NA,5,4,https://www.airbnb.com/rooms/20555569
20556622,NA,NA,1,NA,1,NA,NA,0,https://www.airbnb.com/rooms/20556622
20557017,NA,NA,5,NA,2,NA,4.38,13,https://www.airbnb.com/rooms/20557017
20561751,NA,NA,1,NA,NA,NA,4.47,66,https://www.airbnb.com/rooms/20561751
20568215,NA,NA,4,NA,2,NA,4.75,4,https://www.airbnb.com/rooms/20568215
20569589,NA,NA,3,NA,1,NA,4.94,17,https://www.airbnb.com/rooms/20569589
20570202,NA,NA,1,NA,2,NA,4.2,5,https://www.airbnb.com/rooms/20570202
20570291,NA,NA,4,NA,1,NA,5,3,https://www.airbnb.com/rooms/20570291
20570327,NA,NA,2,NA,1,NA,NA,0,https://www.airbnb.com/rooms/20570327
20570865,NA,NA,2,NA,NA,NA,5,2,https://www.airbnb.com/rooms/20570865
20571263,NA,NA,3,NA,2,NA,NA,0,https://www.airbnb.com/rooms/20571263
20572019,NA,NA,4,NA,3,NA,NA,0,https://www.airbnb.com/rooms/20572019
20572398,NA,NA,2,NA,NA,NA,5,1,https://www.airbnb.com/rooms/20572398
20572472,$265.00,Neighborhood highlights,2,1,1,1,4.84,115,https://www.airbnb.com/rooms/20572472
20572837,NA,Neighborhood highlights,1,NA,1,NA,NA,0,https://www.airbnb.com/rooms/20572837
20572848,$37.00,NA,1,1,1,1,4.76,25,https://www.airbnb.com/rooms/20572848
20573255,$125.00,Neighborhood highlights,2,0,0,1,4.76,186,https://www.airbnb.com/rooms/20573255
20573565,NA,NA,2,NA,NA,NA,NA,0,https://www.airbnb.com/rooms/20573565
20581903,NA,Neighborhood highlights,2,NA,NA,NA,4.53,188,https://www.airbnb.com/rooms/20581903
20582991,$130.00,Neighborhood highlights,1,1,0,1,4.83,12,https://www.airbnb.com/rooms/20582991
20583124,NA,NA,2,NA,NA,NA,5,2,https://www.airbnb.com/rooms/20583124
20583325,$130.00,Neighborhood highlights,1,1,0,1,4.83,12,https://www.airbnb.com/rooms/20583325
20583769,$76.00,Neighborhood highlights,2,1,1,1,4.5,136,https://www.airbnb.com/rooms/20583769
20587133,NA,Neighborhood highlights,4,NA,2,NA,4.95,19,https://www.airbnb.com/rooms/20587133
20587378,$41.00,NA,2,1,2,2,4.36,11,https://www.airbnb.com/rooms/20587378
20588062,NA,Neighborhood highlights,3,NA,1,NA,4.33,3,https://www.airbnb.com/rooms/20588062
20589880,NA,Neighborhood highlights,2,NA,NA,NA,4.88,8,https://www.airbnb.com/rooms/20589880
20590743,NA,Neighborhood highlights,4,NA,2,NA,5,4,https://www.airbnb.com/rooms/20590743
20590800,$50.00,Neighborhood highlights,2,1,1,1,4.89,182,https://www.airbnb.com/rooms/20590800
20605308,NA,NA,4,NA,2,NA,4.86,42,https://www.airbnb.com/rooms/20605308
20607037,NA,NA,4,NA,2,NA,4.56,9,https://www.airbnb.com/rooms/20607037
20608117,NA,Neighborhood highlights,2,NA,2,NA,4.9,10,https://www.airbnb.com/rooms/20608117
20608954,$60.00,NA,1,1,1,1,4.66,47,https://www.airbnb.com/rooms/20608954
20609092,NA,NA,1,NA,NA,NA,4.35,37,https://www.airbnb.com/rooms/20609092
20609505,NA,NA,2,NA,1,NA,NA,0,https://www.airbnb.com/rooms/20609505
20612742,$57.00,NA,1,1,1,1,4.5,38,https://www.airbnb.com/rooms/20612742
20615932,$90.00,Neighborhood highlights,2,1,1,1,4.93,27,https://www.airbnb.com/rooms/20615932
20619757,NA,Neighborhood highlights,2,NA,NA,NA,4.82,141,https://www.airbnb.com/rooms/20619757
20620313,NA,NA,2,NA,2,NA,5,4,https://www.airbnb.com/rooms/20620313
20621540,NA,Neighborhood highlights,2,NA,2,NA,5,1,https://www.airbnb.com/rooms/20621540
20622825,NA,NA,2,NA,1,NA,NA,0,https://www.airbnb.com/rooms/20622825
20623171,NA,NA,2,NA,NA,NA,5,1,https://www.airbnb.com/rooms/20623171
20628186,$40.00,Neighborhood highlights,1,1,1,1,4.56,18,https://www.airbnb.com/rooms/20628186
20632255,NA,NA,1,NA,1,NA,5,2,https://www.airbnb.com/rooms/20632255
20636416,NA,Neighborhood highlights,2,1,1,2,4.97,115,https://www.airbnb.com/rooms/20636416
20639280,NA,NA,2,NA,NA,NA,NA,0,https://www.airbnb.com/rooms/20639280
20649522,NA,Neighborhood highlights,2,NA,2,NA,5,4,https://www.airbnb.com/rooms/20649522
20649922,NA,NA,2,NA,NA,NA,NA,0,https://www.airbnb.com/rooms/20649922
20650685,NA,NA,1,NA,NA,NA,NA,0,https://www.airbnb.com/rooms/20650685
20651049,NA,Neighborhood highlights,2,NA,2,NA,5,11,https://www.airbnb.com/rooms/20651049
20651206,NA,NA,2,NA,NA,NA,4,2,https://www.airbnb.com/rooms/20651206
20651581,$145.00,Neighborhood highlights,2,1,1,1,4.98,178,https://www.airbnb.com/rooms/20651581
20652753,$35.00,Neighborhood highlights,1,1,1,1,4.64,188,https://www.airbnb.com/rooms/20652753
20653090,NA,Neighborhood highlights,2,NA,2,NA,5,17,https://www.airbnb.com/rooms/20653090
20662043,$130.00,Neighborhood highlights,4,2,2,2,4.57,42,https://www.airbnb.com/rooms/20662043
20663721,$60.00,NA,7,1.5,2,2,4.2,5,https://www.airbnb.com/rooms/20663721
20663839,$145.00,Neighborhood highlights,2,2,1,1,4.67,51,https://www.airbnb.com/rooms/20663839
20665380,NA,NA,4,NA,2,NA,4.94,18,https://www.airbnb.com/rooms/20665380
20667471,NA,Neighborhood highlights,4,NA,2,NA,5,3,https://www.airbnb.com/rooms/20667471
20668002,NA,NA,2,NA,NA,NA,NA,0,https://www.airbnb.com/rooms/20668002
20677750,$214.00,NA,3,1,1,1,NA,0,https://www.airbnb.com/rooms/20677750
20678234,$225.00,Neighborhood highlights,8,2,3,5,5,5,https://www.airbnb.com/rooms/20678234
20678724,$274.00,Neighborhood highlights,5,1,2,3,4.91,245,https://www.airbnb.com/rooms/20678724
20678811,$36.00,Neighborhood highlights,1,1,1,1,4.85,138,https://www.airbnb.com/rooms/20678811
20679146,NA,NA,10,NA,NA,NA,5,3,https://www.airbnb.com/rooms/20679146
20679565,NA,NA,4,NA,2,NA,NA,0,https://www.airbnb.com/rooms/20679565
20682422,NA,Neighborhood highlights,1,NA,NA,NA,4.25,4,https://www.airbnb.com/rooms/20682422
20685890,NA,Neighborhood highlights,5,NA,2,NA,NA,0,https://www.airbnb.com/rooms/20685890
20688524,$100.00,NA,3,1,2,3,4.6,15,https://www.airbnb.com/rooms/20688524
20688624,NA,NA,2,NA,2,NA,4.8,158,https://www.airbnb.com/rooms/20688624
20692462,$72.00,Neighborhood highlights,2,1,1,1,4.27,11,https://www.airbnb.com/rooms/20692462
20692563,$999.00,Neighborhood highlights,8,3.5,4,3,4.86,7,https://www.airbnb.com/rooms/20692563
20696496,NA,NA,6,NA,3,NA,4.75,36,https://www.airbnb.com/rooms/20696496
20697209,NA,Neighborhood highlights,6,NA,2,NA,4.5,8,https://www.airbnb.com/rooms/20697209
20698375,NA,Neighborhood highlights,6,NA,2,NA,4.67,3,https://www.airbnb.com/rooms/20698375
20698477,$144.00,Neighborhood highlights,2,1,0,2,4.6,10,https://www.airbnb.com/rooms/20698477
20705026,$65.00,NA,2,2,1,1,4.61,198,https://www.airbnb.com/rooms/20705026
20708503,NA,Neighborhood highlights,1,NA,NA,NA,4.32,44,https://www.airbnb.com/rooms/20708503
20710022,$100.00,Neighborhood highlights,2,1,1,2,4.83,6,https://www.airbnb.com/rooms/20710022
20711342,NA,NA,2,NA,1,NA,5,1,https://www.airbnb.com/rooms/20711342
20711534,NA,Neighborhood highlights,2,NA,NA,NA,5,1,https://www.airbnb.com/rooms/20711534
20714088,$56.00,Neighborhood highlights,2,1,1,1,4.78,65,https://www.airbnb.com/rooms/20714088
20714171,$241.00,Neighborhood highlights,2,1,2,2,4.9,71,https://www.airbnb.com/rooms/20714171
20714517,$50.00,Neighborhood highlights,1,1,1,1,4.96,24,https://www.airbnb.com/rooms/20714517
20720290,$116.00,Neighborhood highlights,2,1,1,1,4.68,19,https://www.airbnb.com/rooms/20720290
20723015,$140.00,Neighborhood highlights,2,2,1,1,4.83,69,https://www.airbnb.com/rooms/20723015
20726517,NA,NA,5,NA,2,NA,4.67,9,https://www.airbnb.com/rooms/20726517
20730891,NA,NA,1,NA,NA,NA,NA,0,https://www.airbnb.com/rooms/20730891
20738759,NA,Neighborhood highlights,2,NA,1,NA,4.84,32,https://www.airbnb.com/rooms/20738759
20738991,NA,Neighborhood highlights,2,NA,NA,NA,5,1,https://www.airbnb.com/rooms/20738991
20740322,NA,Neighborhood highlights,4,NA,1,NA,NA,0,https://www.airbnb.com/rooms/20740322
20744654,$114.00,Neighborhood highlights,2,1,0,1,4.54,124,https://www.airbnb.com/rooms/20744654
20745004,NA,NA,2,NA,1,NA,5,2,https://www.airbnb.com/rooms/20745004
20755255,NA,NA,2,NA,NA,NA,4.73,11,https://www.airbnb.com/rooms/20755255
20757519,NA,Neighborhood highlights,1,NA,NA,NA,5,5,https://www.airbnb.com/rooms/20757519
20758288,NA,Neighborhood highlights,4,NA,2,NA,5,4,https://www.airbnb.com/rooms/20758288
20758395,NA,Neighborhood highlights,2,NA,NA,NA,5,6,https://www.airbnb.com/rooms/20758395
20761266,NA,Neighborhood highlights,2,NA,NA,NA,4.94,69,https://www.airbnb.com/rooms/20761266
20761296,NA,NA,1,NA,NA,NA,4.89,45,https://www.airbnb.com/rooms/20761296
20761404,$125.00,NA,2,1,0,1,4.38,13,https://www.airbnb.com/rooms/20761404
20761753,NA,NA,1,NA,1,NA,5,1,https://www.airbnb.com/rooms/20761753
20763209,$154.00,Neighborhood highlights,2,1,0,2,4.81,31,https://www.airbnb.com/rooms/20763209
20770559,NA,NA,2,NA,1,NA,5,1,https://www.airbnb.com/rooms/20770559
20772650,$115.00,Neighborhood highlights,2,1,0,0,4.63,8,https://www.airbnb.com/rooms/20772650
20778074,NA,Neighborhood highlights,1,NA,NA,NA,NA,0,https://www.airbnb.com/rooms/20778074
20783811,NA,NA,2,NA,NA,NA,4.33,3,https://www.airbnb.com/rooms/20783811
20786225,$109.00,Neighborhood highlights,2,1,1,2,4.49,84,https://www.airbnb.com/rooms/20786225
20787735,NA,NA,1,NA,NA,NA,NA,0,https://www.airbnb.com/rooms/20787735
20788590,NA,Neighborhood highlights,2,NA,NA,NA,4.55,11,https://www.airbnb.com/rooms/20788590
20789361,NA,NA,2,NA,2,NA,5,5,https://www.airbnb.com/rooms/20789361
20795854,NA,Neighborhood highlights,4,NA,2,NA,5,3,https://www.airbnb.com/rooms/20795854
20801388,NA,Neighborhood highlights,2,NA,1,NA,4.8,5,https://www.airbnb.com/rooms/20801388
20801864,$114.00,Neighborhood highlights,2,1,2,1,4.87,15,https://www.airbnb.com/rooms/20801864
20802860,NA,NA,2,NA,NA,NA,5,2,https://www.airbnb.com/rooms/20802860
20811403,NA,NA,2,NA,2,NA,5,16,https://www.airbnb.com/rooms/20811403
20811420,NA,Neighborhood highlights,2,NA,NA,NA,4.67,3,https://www.airbnb.com/rooms/20811420
20812365,NA,Neighborhood highlights,5,NA,2,NA,4.77,81,https://www.airbnb.com/rooms/20812365
20812587,NA,Neighborhood highlights,2,NA,NA,NA,4.88,60,https://www.airbnb.com/rooms/20812587
20813807,$268.00,Neighborhood highlights,12,2.5,4,5,NA,0,https://www.airbnb.com/rooms/20813807
20814067,$55.00,NA,1,1,1,1,4.93,271,https://www.airbnb.com/rooms/20814067
20814478,NA,NA,2,NA,2,NA,5,1,https://www.airbnb.com/rooms/20814478
20815250,NA,NA,2,NA,2,NA,NA,0,https://www.airbnb.com/rooms/20815250
20815350,$120.00,Neighborhood highlights,2,2,1,1,NA,0,https://www.airbnb.com/rooms/20815350
20816032,$135.00,NA,4,1,2,2,4.49,43,https://www.airbnb.com/rooms/20816032
20817201,NA,Neighborhood highlights,1,NA,2,NA,4.84,128,https://www.airbnb.com/rooms/20817201
20818955,$85.00,NA,1,2,1,1,5,9,https://www.airbnb.com/rooms/20818955
20826953,NA,NA,1,NA,NA,NA,NA,0,https://www.airbnb.com/rooms/20826953
20827801,$150.00,Neighborhood highlights,2,2,1,1,4.96,27,https://www.airbnb.com/rooms/20827801
20830442,$45.00,Neighborhood highlights,2,1,1,1,4.84,51,https://www.airbnb.com/rooms/20830442
20832523,NA,Neighborhood highlights,2,NA,NA,NA,4.91,54,https://www.airbnb.com/rooms/20832523
20832768,NA,Neighborhood highlights,4,NA,1,NA,4.5,4,https://www.airbnb.com/rooms/20832768
20833958,$50.00,Neighborhood highlights,2,2,1,1,4.91,34,https://www.airbnb.com/rooms/20833958
20835909,$99.00,Neighborhood highlights,3,1,1,2,4.87,23,https://www.airbnb.com/rooms/20835909
20836787,NA,Neighborhood highlights,3,NA,1,NA,4.79,14,https://www.airbnb.com/rooms/20836787
20843601,NA,NA,2,NA,NA,NA,4.71,7,https://www.airbnb.com/rooms/20843601
20844580,$40.00,Neighborhood highlights,1,1,1,1,4.77,95,https://www.airbnb.com/rooms/20844580
20844601,NA,Neighborhood highlights,2,NA,2,NA,4.44,59,https://www.airbnb.com/rooms/20844601
20845031,$262.00,Neighborhood highlights,2,1,1,1,NA,0,https://www.airbnb.com/rooms/20845031
20849060,$110.00,Neighborhood highlights,2,1,1,1,4.96,319,https://www.airbnb.com/rooms/20849060
20857108,$200.00,Neighborhood highlights,3,1,1,2,5,2,https://www.airbnb.com/rooms/20857108
20857788,$450.00,Neighborhood highlights,5,2,2,3,5,3,https://www.airbnb.com/rooms/20857788
20858519,$133.00,NA,4,1,1,3,5,3,https://www.airbnb.com/rooms/20858519
20862285,$40.00,NA,1,1,1,1,4.68,50,https://www.airbnb.com/rooms/20862285
20870510,$75.00,NA,2,1,0,1,4.75,24,https://www.airbnb.com/rooms/20870510
20873362,NA,Neighborhood highlights,1,NA,NA,NA,5,5,https://www.airbnb.com/rooms/20873362
20874350,$200.00,Neighborhood highlights,4,1,3,2,4.76,179,https://www.airbnb.com/rooms/20874350
20881198,NA,Neighborhood highlights,2,NA,NA,NA,5,5,https://www.airbnb.com/rooms/20881198
20886432,$85.00,Neighborhood highlights,1,1,1,2,4.98,40,https://www.airbnb.com/rooms/20886432
20887028,NA,Neighborhood highlights,4,NA,2,NA,4.43,114,https://www.airbnb.com/rooms/20887028
20895434,NA,Neighborhood highlights,1,NA,2,NA,NA,0,https://www.airbnb.com/rooms/20895434
20895982,NA,NA,2,NA,NA,NA,4.73,11,https://www.airbnb.com/rooms/20895982
20896520,NA,Neighborhood highlights,1,NA,NA,NA,5,7,https://www.airbnb.com/rooms/20896520
20897863,NA,NA,2,NA,1,NA,NA,0,https://www.airbnb.com/rooms/20897863
20897952,$115.00,NA,3,1,1,2,4.75,8,https://www.airbnb.com/rooms/20897952
20899010,NA,Neighborhood highlights,2,NA,NA,NA,NA,0,https://www.airbnb.com/rooms/20899010
20900299,NA,NA,2,NA,NA,NA,NA,0,https://www.airbnb.com/rooms/20900299
20900545,NA,NA,9,NA,4,NA,4.91,103,https://www.airbnb.com/rooms/20900545
20901715,NA,NA,5,NA,3,NA,5,1,https://www.airbnb.com/rooms/20901715
20902644,NA,Neighborhood highlights,2,NA,NA,NA,4.71,7,https://www.airbnb.com/rooms/20902644
20904409,NA,Neighborhood highlights,2,NA,1,NA,4.89,235,https://www.airbnb.com/rooms/20904409
20912594,$275.00,Neighborhood highlights,6,1,2,3,4.88,148,https://www.airbnb.com/rooms/20912594
20914425,NA,Neighborhood highlights,2,NA,2,NA,5,11,https://www.airbnb.com/rooms/20914425
20914711,$360.00,NA,4,1,2,3,5,5,https://www.airbnb.com/rooms/20914711
20915909,NA,Neighborhood highlights,6,NA,2,NA,4.98,104,https://www.airbnb.com/rooms/20915909
20916311,NA,NA,2,NA,NA,NA,5,3,https://www.airbnb.com/rooms/20916311
20916679,$235.00,NA,2,1,2,1,5,7,https://www.airbnb.com/rooms/20916679
20917909,$70.00,NA,2,1,1,1,4.94,17,https://www.airbnb.com/rooms/20917909
20918850,NA,NA,3,NA,1,NA,NA,0,https://www.airbnb.com/rooms/20918850
20919726,NA,Neighborhood highlights,2,NA,2,NA,4.87,55,https://www.airbnb.com/rooms/20919726
20926888,NA,Neighborhood highlights,10,NA,5,NA,4.46,35,https://www.airbnb.com/rooms/20926888
20928429,NA,Neighborhood highlights,2,NA,NA,NA,4.77,30,https://www.airbnb.com/rooms/20928429
20932707,NA,NA,1,NA,2,NA,5,10,https://www.airbnb.com/rooms/20932707
20933293,$35.00,NA,2,1,1,1,4.82,439,https://www.airbnb.com/rooms/20933293
20933850,$70.00,Neighborhood highlights,1,2,1,1,4.76,17,https://www.airbnb.com/rooms/20933850
20934056,NA,Neighborhood highlights,3,NA,NA,NA,4.8,5,https://www.airbnb.com/rooms/20934056
20934059,$140.00,Neighborhood highlights,2,1,0,1,4.61,18,https://www.airbnb.com/rooms/20934059
20934581,NA,Neighborhood highlights,2,NA,NA,NA,NA,0,https://www.airbnb.com/rooms/20934581
20935388,$252.00,Neighborhood highlights,2,1,1,1,5,2,https://www.airbnb.com/rooms/20935388
20936537,NA,NA,1,NA,NA,NA,4,1,https://www.airbnb.com/rooms/20936537
20941086,NA,Neighborhood highlights,2,NA,1,NA,4.83,6,https://www.airbnb.com/rooms/20941086
20942352,$62.00,Neighborhood highlights,2,1,1,1,4.77,218,https://www.airbnb.com/rooms/20942352
20942873,$200.00,Neighborhood highlights,1,1,0,2,4.88,25,https://www.airbnb.com/rooms/20942873
20947070,NA,NA,2,NA,NA,NA,4.67,9,https://www.airbnb.com/rooms/20947070
20951141,$345.00,NA,4,1,2,2,4.63,49,https://www.airbnb.com/rooms/20951141
20954729,NA,Neighborhood highlights,2,NA,2,NA,5,3,https://www.airbnb.com/rooms/20954729
20957575,NA,Neighborhood highlights,1,NA,NA,NA,4.56,48,https://www.airbnb.com/rooms/20957575
20960203,$200.00,Neighborhood highlights,2,1,1,2,4.94,134,https://www.airbnb.com/rooms/20960203
20968000,NA,NA,4,NA,1,NA,5,16,https://www.airbnb.com/rooms/20968000
20969532,$88.00,Neighborhood highlights,4,1,0,1,4.88,26,https://www.airbnb.com/rooms/20969532
20970656,NA,Neighborhood highlights,5,NA,2,NA,5,4,https://www.airbnb.com/rooms/20970656
20970822,$90.00,Neighborhood highlights,2,1,0,2,4.93,644,https://www.airbnb.com/rooms/20970822
20970844,NA,Neighborhood highlights,2,NA,NA,NA,4.75,8,https://www.airbnb.com/rooms/20970844
20980756,NA,NA,1,NA,1,NA,NA,0,https://www.airbnb.com/rooms/20980756
20981954,NA,NA,2,NA,NA,NA,4.33,3,https://www.airbnb.com/rooms/20981954
20989220,$102.00,Neighborhood highlights,2,1,0,1,4.87,213,https://www.airbnb.com/rooms/20989220
20990053,$100.00,NA,2,2,1,1,4.4,25,https://www.airbnb.com/rooms/20990053
20990607,$80.00,Neighborhood highlights,2,2,1,1,4.43,23,https://www.airbnb.com/rooms/20990607
20990770,$50.00,NA,1,2,0,1,4.7,33,https://www.airbnb.com/rooms/20990770
20991704,NA,NA,2,NA,1,NA,NA,0,https://www.airbnb.com/rooms/20991704
20992027,$197.00,Neighborhood highlights,2,1,1,2,4.99,74,https://www.airbnb.com/rooms/20992027
20994206,$40.00,Neighborhood highlights,1,1,1,1,5,3,https://www.airbnb.com/rooms/20994206
20999025,$108.00,Neighborhood highlights,2,1,1,1,4.93,218,https://www.airbnb.com/rooms/20999025
21006224,NA,Neighborhood highlights,6,NA,3,NA,4.81,86,https://www.airbnb.com/rooms/21006224
21008007,NA,NA,2,NA,NA,NA,5,1,https://www.airbnb.com/rooms/21008007
21010072,NA,Neighborhood highlights,1,NA,NA,NA,4.82,62,https://www.airbnb.com/rooms/21010072
21010586,$159.00,Neighborhood highlights,2,1,1,1,4.94,33,https://www.airbnb.com/rooms/21010586
21011532,NA,NA,2,NA,1,NA,4.4,10,https://www.airbnb.com/rooms/21011532
21011623,NA,Neighborhood highlights,2,NA,1,NA,4.57,14,https://www.airbnb.com/rooms/21011623
21013416,$115.00,NA,2,2,1,1,4.5,4,https://www.airbnb.com/rooms/21013416
21014202,NA,NA,1,NA,1,NA,4.33,9,https://www.airbnb.com/rooms/21014202
21014919,NA,Neighborhood highlights,3,NA,NA,NA,4.8,5,https://www.airbnb.com/rooms/21014919
21015347,$423.00,Neighborhood highlights,10,1,3,4,4.78,124,https://www.airbnb.com/rooms/21015347
21015751,NA,NA,2,NA,NA,NA,5,5,https://www.airbnb.com/rooms/21015751
21022330,NA,NA,2,NA,1,NA,5,3,https://www.airbnb.com/rooms/21022330
21025488,$150.00,Neighborhood highlights,6,1,2,2,4.75,36,https://www.airbnb.com/rooms/21025488
21025840,NA,Neighborhood highlights,1,NA,NA,NA,5,10,https://www.airbnb.com/rooms/21025840
21029490,NA,NA,1,NA,1,NA,4,1,https://www.airbnb.com/rooms/21029490
21029655,NA,NA,2,NA,1,NA,NA,0,https://www.airbnb.com/rooms/21029655
21034242,$258.00,Neighborhood highlights,4,1,1,1,4.97,60,https://www.airbnb.com/rooms/21034242
21038471,NA,NA,4,NA,2,NA,4.29,168,https://www.airbnb.com/rooms/21038471
21038703,$114.00,Neighborhood highlights,6,1,3,3,4.6,5,https://www.airbnb.com/rooms/21038703
21041595,NA,Neighborhood highlights,2,NA,NA,NA,5,2,https://www.airbnb.com/rooms/21041595
21042534,NA,Neighborhood highlights,4,NA,1,NA,4.9,10,https://www.airbnb.com/rooms/21042534
21044649,NA,Neighborhood highlights,1,NA,2,NA,4.91,23,https://www.airbnb.com/rooms/21044649
21053432,$50.00,NA,1,1,1,1,5,5,https://www.airbnb.com/rooms/21053432
21057693,NA,NA,2,NA,1,NA,4.88,8,https://www.airbnb.com/rooms/21057693
21066041,NA,Neighborhood highlights,4,NA,2,NA,4.75,4,https://www.airbnb.com/rooms/21066041
21066611,$89.00,Neighborhood highlights,2,1,1,0,4.71,62,https://www.airbnb.com/rooms/21066611
21073975,$200.00,Neighborhood highlights,4,1,1,2,4.5,2,https://www.airbnb.com/rooms/21073975
21076625,$73.00,Neighborhood highlights,1,1,1,1,4.85,71,https://www.airbnb.com/rooms/21076625
21078963,NA,NA,1,NA,1,NA,5,1,https://www.airbnb.com/rooms/21078963
21080763,$224.00,NA,3,1,2,2,4.87,15,https://www.airbnb.com/rooms/21080763
21088999,NA,NA,3,NA,1,NA,4.69,16,https://www.airbnb.com/rooms/21088999
21089520,NA,Neighborhood highlights,5,NA,2,NA,4.86,167,https://www.airbnb.com/rooms/21089520
21090094,$65.00,Neighborhood highlights,1,1,1,1,4.6,50,https://www.airbnb.com/rooms/21090094
21091355,$100.00,NA,2,1,0,1,4.75,8,https://www.airbnb.com/rooms/21091355
21094022,NA,NA,2,NA,NA,NA,5,1,https://www.airbnb.com/rooms/21094022
21095257,NA,Neighborhood highlights,2,NA,1,NA,4.84,110,https://www.airbnb.com/rooms/21095257
21098387,NA,NA,2,NA,1,NA,NA,0,https://www.airbnb.com/rooms/21098387
21098555,$200.00,Neighborhood highlights,3,1,1,1,NA,0,https://www.airbnb.com/rooms/21098555
21098717,$180.00,Neighborhood highlights,4,1,1,1,5,5,https://www.airbnb.com/rooms/21098717
21098848,$180.00,Neighborhood highlights,4,1,1,2,4.5,2,https://www.airbnb.com/rooms/21098848
21098980,$130.00,Neighborhood highlights,1,1,0,1,4.25,4,https://www.airbnb.com/rooms/21098980
21105248,NA,NA,2,NA,2,NA,NA,0,https://www.airbnb.com/rooms/21105248
21106251,NA,Neighborhood highlights,2,NA,2,NA,4.67,9,https://www.airbnb.com/rooms/21106251
21108401,NA,Neighborhood highlights,1,NA,2,NA,4.62,45,https://www.airbnb.com/rooms/21108401
21110331,NA,NA,2,NA,1,NA,4.68,180,https://www.airbnb.com/rooms/21110331
21110408,NA,NA,2,NA,NA,NA,4.79,112,https://www.airbnb.com/rooms/21110408
21110709,$485.00,Neighborhood highlights,6,1,3,5,4.95,109,https://www.airbnb.com/rooms/21110709
21118650,NA,Neighborhood highlights,2,NA,NA,NA,5,21,https://www.airbnb.com/rooms/21118650
21118834,$275.00,Neighborhood highlights,6,2,2,4,5,17,https://www.airbnb.com/rooms/21118834
21120183,NA,NA,2,NA,1,NA,4.89,9,https://www.airbnb.com/rooms/21120183
21121438,$55.00,Neighborhood highlights,2,1,1,1,4.5,4,https://www.airbnb.com/rooms/21121438
21138554,NA,NA,1,NA,NA,NA,NA,0,https://www.airbnb.com/rooms/21138554
21139788,NA,Neighborhood highlights,2,NA,NA,NA,4.93,28,https://www.airbnb.com/rooms/21139788
21139995,NA,Neighborhood highlights,2,NA,1,NA,5,7,https://www.airbnb.com/rooms/21139995
21141576,NA,NA,2,NA,1,NA,4.83,23,https://www.airbnb.com/rooms/21141576
21148021,NA,Neighborhood highlights,2,NA,NA,NA,5,3,https://www.airbnb.com/rooms/21148021
21148292,$205.00,Neighborhood highlights,3,1,1,1,4.67,3,https://www.airbnb.com/rooms/21148292
21148829,NA,Neighborhood highlights,4,NA,2,NA,5,2,https://www.airbnb.com/rooms/21148829
21149901,NA,NA,2,NA,1,NA,5,1,https://www.airbnb.com/rooms/21149901
21151290,NA,Neighborhood highlights,2,NA,NA,NA,4.8,172,https://www.airbnb.com/rooms/21151290
21151898,NA,Neighborhood highlights,2,NA,2,NA,4.35,17,https://www.airbnb.com/rooms/21151898
21160614,NA,NA,4,NA,3,NA,4.92,12,https://www.airbnb.com/rooms/21160614
21161561,$185.00,Neighborhood highlights,4,1,2,2,4.92,106,https://www.airbnb.com/rooms/21161561
21161707,$77.00,Neighborhood highlights,2,1,1,1,4.91,158,https://www.airbnb.com/rooms/21161707
21164579,NA,NA,2,NA,4,NA,4,1,https://www.airbnb.com/rooms/21164579
21172924,NA,NA,2,NA,2,NA,4.59,34,https://www.airbnb.com/rooms/21172924
21173134,$220.00,Neighborhood highlights,2,1,2,2,4.83,66,https://www.airbnb.com/rooms/21173134
21174364,NA,NA,2,NA,NA,NA,NA,0,https://www.airbnb.com/rooms/21174364
21175036,$75.00,Neighborhood highlights,1,1,1,2,4.77,22,https://www.airbnb.com/rooms/21175036
21176110,NA,NA,2,NA,2,NA,5,5,https://www.airbnb.com/rooms/21176110
21182937,$93.00,Neighborhood highlights,5,1,2,3,4.59,182,https://www.airbnb.com/rooms/21182937
21183312,NA,NA,3,NA,1,NA,4.89,18,https://www.airbnb.com/rooms/21183312
21184173,NA,Neighborhood highlights,2,NA,NA,NA,4.74,208,https://www.airbnb.com/rooms/21184173
21188044,NA,NA,10,NA,5,NA,NA,0,https://www.airbnb.com/rooms/21188044
21188555,NA,NA,1,NA,1,NA,4,1,https://www.airbnb.com/rooms/21188555
21191264,NA,Neighborhood highlights,1,NA,NA,NA,4.64,36,https://www.airbnb.com/rooms/21191264
21192158,$130.00,Neighborhood highlights,1,1,0,1,4.57,7,https://www.airbnb.com/rooms/21192158
21192284,$140.00,Neighborhood highlights,1,1,0,1,5,4,https://www.airbnb.com/rooms/21192284
21192364,$140.00,Neighborhood highlights,1,1,0,1,5,2,https://www.airbnb.com/rooms/21192364
21192430,$140.00,Neighborhood highlights,1,1,2,2,NA,0,https://www.airbnb.com/rooms/21192430
21195408,NA,NA,2,NA,NA,NA,4.2,5,https://www.airbnb.com/rooms/21195408
21198038,NA,Neighborhood highlights,3,NA,2,NA,NA,0,https://www.airbnb.com/rooms/21198038
21199546,NA,Neighborhood highlights,5,NA,2,NA,5,9,https://www.airbnb.com/rooms/21199546
21202563,NA,Neighborhood highlights,4,NA,1,NA,NA,0,https://www.airbnb.com/rooms/21202563
21204007,NA,NA,5,NA,2,NA,5,7,https://www.airbnb.com/rooms/21204007
21204122,NA,Neighborhood highlights,1,NA,NA,NA,5,3,https://www.airbnb.com/rooms/21204122
21205650,$180.00,Neighborhood highlights,4,1,1,2,NA,0,https://www.airbnb.com/rooms/21205650
21205810,$200.00,Neighborhood highlights,3,1,1,1,5,1,https://www.airbnb.com/rooms/21205810
21205891,$200.00,Neighborhood highlights,4,1,2,3,4.77,13,https://www.airbnb.com/rooms/21205891
21206002,$180.00,Neighborhood highlights,4,1,1,3,4.67,3,https://www.airbnb.com/rooms/21206002
21206529,NA,NA,2,NA,1,NA,5,1,https://www.airbnb.com/rooms/21206529
21209950,NA,Neighborhood highlights,1,NA,1,NA,NA,0,https://www.airbnb.com/rooms/21209950
21212488,NA,Neighborhood highlights,2,NA,1,NA,5,3,https://www.airbnb.com/rooms/21212488
21213799,$35.00,NA,1,3.5,1,1,4.43,7,https://www.airbnb.com/rooms/21213799
21216288,$143.00,Neighborhood highlights,4,1,2,2,4.29,14,https://www.airbnb.com/rooms/21216288
21216917,NA,NA,2,NA,2,NA,4,2,https://www.airbnb.com/rooms/21216917
21217074,$130.00,Neighborhood highlights,1,1.5,1,2,4.9,10,https://www.airbnb.com/rooms/21217074
21218250,NA,Neighborhood highlights,3,NA,1,NA,5,2,https://www.airbnb.com/rooms/21218250
21223569,$85.00,Neighborhood highlights,2,1,1,1,4.97,63,https://www.airbnb.com/rooms/21223569
21228962,NA,Neighborhood highlights,2,NA,1,NA,5,5,https://www.airbnb.com/rooms/21228962
21230082,$512.00,Neighborhood highlights,6,1,2,3,4.85,394,https://www.airbnb.com/rooms/21230082
21230233,$170.00,Neighborhood highlights,2,1,1,1,4.94,36,https://www.airbnb.com/rooms/21230233
21230688,$130.00,Neighborhood highlights,1,1,1,2,4.92,13,https://www.airbnb.com/rooms/21230688
21239226,NA,NA,2,NA,1,NA,NA,0,https://www.airbnb.com/rooms/21239226
21239497,NA,Neighborhood highlights,4,NA,NA,NA,5,6,https://www.airbnb.com/rooms/21239497
21239885,$299.00,Neighborhood highlights,2,1,1,2,NA,0,https://www.airbnb.com/rooms/21239885
21241829,NA,Neighborhood highlights,2,NA,NA,NA,4.78,9,https://www.airbnb.com/rooms/21241829
21247657,$275.00,Neighborhood highlights,4,1,2,2,4.97,147,https://www.airbnb.com/rooms/21247657
21248835,NA,Neighborhood highlights,2,NA,NA,NA,4.8,5,https://www.airbnb.com/rooms/21248835
21249676,NA,Neighborhood highlights,2,NA,2,NA,4.73,48,https://www.airbnb.com/rooms/21249676
21253783,NA,NA,5,NA,1,NA,5,1,https://www.airbnb.com/rooms/21253783
21253972,NA,NA,2,NA,NA,NA,5,1,https://www.airbnb.com/rooms/21253972
21254023,NA,NA,1,NA,NA,NA,4.5,2,https://www.airbnb.com/rooms/21254023
21254718,NA,Neighborhood highlights,4,NA,2,NA,5,1,https://www.airbnb.com/rooms/21254718
21254856,NA,NA,1,NA,1,NA,NA,0,https://www.airbnb.com/rooms/21254856
21257726,$87.00,Neighborhood highlights,3,1,1,2,4.82,138,https://www.airbnb.com/rooms/21257726
21261549,NA,Neighborhood highlights,2,NA,NA,NA,5,10,https://www.airbnb.com/rooms/21261549
21262243,NA,Neighborhood highlights,4,NA,2,NA,5,7,https://www.airbnb.com/rooms/21262243
21263120,NA,Neighborhood highlights,4,NA,NA,NA,4.84,32,https://www.airbnb.com/rooms/21263120
21264068,NA,Neighborhood highlights,4,NA,2,NA,4.56,9,https://www.airbnb.com/rooms/21264068
21264131,NA,Neighborhood highlights,2,NA,NA,NA,4.66,116,https://www.airbnb.com/rooms/21264131
21264903,$96.00,Neighborhood highlights,1,1,0,1,4.91,23,https://www.airbnb.com/rooms/21264903
21266334,NA,Neighborhood highlights,4,NA,1,NA,4.81,157,https://www.airbnb.com/rooms/21266334
21271180,NA,NA,2,NA,NA,NA,NA,0,https://www.airbnb.com/rooms/21271180
21273425,NA,Neighborhood highlights,2,1,1,1,4.91,337,https://www.airbnb.com/rooms/21273425
21274308,$105.00,Neighborhood highlights,2,1,2,2,4.87,45,https://www.airbnb.com/rooms/21274308
21275075,$200.00,Neighborhood highlights,2,1,2,2,4.73,11,https://www.airbnb.com/rooms/21275075
21275645,NA,NA,3,NA,1,NA,5,1,https://www.airbnb.com/rooms/21275645
21275837,NA,NA,2,NA,1,NA,4.86,44,https://www.airbnb.com/rooms/21275837
21279172,NA,Neighborhood highlights,2,NA,1,NA,5,2,https://www.airbnb.com/rooms/21279172
21280280,$39.00,Neighborhood highlights,1,1,1,1,4.77,52,https://www.airbnb.com/rooms/21280280
21280552,$120.00,Neighborhood highlights,2,1,1,1,4.77,35,https://www.airbnb.com/rooms/21280552
21282439,NA,Neighborhood highlights,4,NA,1,NA,5,5,https://www.airbnb.com/rooms/21282439
21287982,NA,NA,1,NA,NA,NA,4,1,https://www.airbnb.com/rooms/21287982
21289522,NA,Neighborhood highlights,2,NA,NA,NA,4.72,75,https://www.airbnb.com/rooms/21289522
21291783,NA,Neighborhood highlights,2,NA,NA,NA,4.84,185,https://www.airbnb.com/rooms/21291783
21293326,$145.00,Neighborhood highlights,2,1,1,1,4.9,90,https://www.airbnb.com/rooms/21293326
21295182,NA,NA,2,NA,NA,NA,NA,0,https://www.airbnb.com/rooms/21295182
21295951,$65.00,Neighborhood highlights,1,1,1,1,4.97,31,https://www.airbnb.com/rooms/21295951
21296227,NA,NA,4,NA,1,NA,5,2,https://www.airbnb.com/rooms/21296227
21296249,NA,NA,2,NA,NA,NA,NA,0,https://www.airbnb.com/rooms/21296249
21296642,$304.00,NA,2,1,1,1,5,5,https://www.airbnb.com/rooms/21296642
21304935,NA,NA,2,NA,1,NA,NA,0,https://www.airbnb.com/rooms/21304935
21305125,NA,Neighborhood highlights,2,NA,NA,NA,NA,0,https://www.airbnb.com/rooms/21305125
21309659,NA,Neighborhood highlights,2,NA,1,NA,4.9,20,https://www.airbnb.com/rooms/21309659
21310073,NA,Neighborhood highlights,2,NA,1,NA,5,1,https://www.airbnb.com/rooms/21310073
21311240,$200.00,NA,5,1,2,2,4.91,127,https://www.airbnb.com/rooms/21311240
21313668,NA,Neighborhood highlights,2,NA,1,NA,4.5,2,https://www.airbnb.com/rooms/21313668
21317156,NA,Neighborhood highlights,1,NA,1,NA,NA,0,https://www.airbnb.com/rooms/21317156
21321273,NA,NA,4,NA,1,NA,NA,0,https://www.airbnb.com/rooms/21321273
21322272,NA,Neighborhood highlights,1,NA,NA,NA,4.9,10,https://www.airbnb.com/rooms/21322272
21325114,NA,NA,2,NA,1,NA,NA,0,https://www.airbnb.com/rooms/21325114
21325259,$79.00,Neighborhood highlights,2,1,1,1,4.72,140,https://www.airbnb.com/rooms/21325259
21326923,NA,Neighborhood highlights,2,NA,NA,NA,4.95,22,https://www.airbnb.com/rooms/21326923
21327327,NA,Neighborhood highlights,2,NA,NA,NA,5,4,https://www.airbnb.com/rooms/21327327
21327397,$44.00,Neighborhood highlights,1,1,1,1,4.75,65,https://www.airbnb.com/rooms/21327397
21343278,NA,NA,2,NA,NA,NA,5,1,https://www.airbnb.com/rooms/21343278
21354525,$125.00,NA,1,1,1,1,4.83,196,https://www.airbnb.com/rooms/21354525
21355005,NA,Neighborhood highlights,2,NA,NA,NA,NA,0,https://www.airbnb.com/rooms/21355005
21355102,NA,NA,3,NA,2,NA,5,7,https://www.airbnb.com/rooms/21355102
21356124,$375.00,Neighborhood highlights,4,1,2,3,5,6,https://www.airbnb.com/rooms/21356124
21357119,NA,NA,3,NA,1,NA,NA,0,https://www.airbnb.com/rooms/21357119
21358930,NA,Neighborhood highlights,2,NA,NA,NA,4.5,18,https://www.airbnb.com/rooms/21358930
21364301,NA,NA,2,NA,NA,NA,4.93,27,https://www.airbnb.com/rooms/21364301
21365379,NA,Neighborhood highlights,2,NA,NA,NA,5,2,https://www.airbnb.com/rooms/21365379
21365714,NA,Neighborhood highlights,4,NA,NA,NA,4.55,196,https://www.airbnb.com/rooms/21365714
21365786,NA,Neighborhood highlights,4,NA,1,NA,4.39,41,https://www.airbnb.com/rooms/21365786
21366268,NA,Neighborhood highlights,1,NA,NA,NA,4.95,92,https://www.airbnb.com/rooms/21366268
21366948,$395.00,Neighborhood highlights,4,1,1,1,4.92,109,https://www.airbnb.com/rooms/21366948
21368441,NA,Neighborhood highlights,1,NA,1,NA,4.93,60,https://www.airbnb.com/rooms/21368441
21369232,$40.00,Neighborhood highlights,2,1.5,1,1,4.95,57,https://www.airbnb.com/rooms/21369232
21378053,$180.00,Neighborhood highlights,4,1,1,2,4.5,4,https://www.airbnb.com/rooms/21378053
21379577,NA,Neighborhood highlights,1,NA,2,NA,NA,0,https://www.airbnb.com/rooms/21379577
21380140,$30.00,NA,1,1,1,1,4.83,12,https://www.airbnb.com/rooms/21380140
21383288,$99.00,Neighborhood highlights,5,1,1,3,4.65,49,https://www.airbnb.com/rooms/21383288
21384768,$60.00,Neighborhood highlights,2,1,1,1,4.92,119,https://www.airbnb.com/rooms/21384768
21384941,NA,Neighborhood highlights,2,NA,2,NA,NA,0,https://www.airbnb.com/rooms/21384941
21386117,NA,NA,2,NA,NA,NA,NA,0,https://www.airbnb.com/rooms/21386117
21386179,NA,Neighborhood highlights,2,NA,NA,NA,5,3,https://www.airbnb.com/rooms/21386179
21397638,NA,NA,3,NA,1,NA,4.86,7,https://www.airbnb.com/rooms/21397638
21398486,$200.00,Neighborhood highlights,2,1,1,1,5,10,https://www.airbnb.com/rooms/21398486
21404524,NA,Neighborhood highlights,8,NA,3,NA,4.93,28,https://www.airbnb.com/rooms/21404524
21405904,$71.00,Neighborhood highlights,1,1.5,1,1,5,12,https://www.airbnb.com/rooms/21405904
21407514,NA,NA,3,NA,1,NA,5,2,https://www.airbnb.com/rooms/21407514
21410257,NA,Neighborhood highlights,4,NA,2,NA,5,2,https://www.airbnb.com/rooms/21410257
21410794,$110.00,NA,1,1,1,4,4.75,4,https://www.airbnb.com/rooms/21410794
21411274,$130.00,Neighborhood highlights,2,1,0,1,4.66,88,https://www.airbnb.com/rooms/21411274
21413190,$250.00,NA,2,1,2,1,4.5,2,https://www.airbnb.com/rooms/21413190
21421478,NA,NA,5,NA,2,NA,NA,0,https://www.airbnb.com/rooms/21421478
21421657,$124.00,Neighborhood highlights,2,1,1,2,4.89,451,https://www.airbnb.com/rooms/21421657
21422090,NA,Neighborhood highlights,2,NA,NA,NA,4.67,12,https://www.airbnb.com/rooms/21422090
21424914,NA,NA,2,NA,2,NA,NA,0,https://www.airbnb.com/rooms/21424914
21427369,$178.00,Neighborhood highlights,5,1.5,1,4,4.95,295,https://www.airbnb.com/rooms/21427369
21428231,NA,NA,2,NA,1,NA,5,2,https://www.airbnb.com/rooms/21428231
21428791,NA,NA,2,NA,NA,NA,4.42,12,https://www.airbnb.com/rooms/21428791
21429062,$375.00,Neighborhood highlights,6,1.5,2,4,4.86,86,https://www.airbnb.com/rooms/21429062
21434692,NA,Neighborhood highlights,2,NA,1,NA,4.72,93,https://www.airbnb.com/rooms/21434692
21435622,NA,Neighborhood highlights,2,NA,1,NA,4.67,3,https://www.airbnb.com/rooms/21435622
21435800,$75.00,NA,4,1,0,1,4.84,208,https://www.airbnb.com/rooms/21435800
21437509,NA,Neighborhood highlights,2,NA,NA,NA,4.88,51,https://www.airbnb.com/rooms/21437509
21446922,NA,Neighborhood highlights,1,NA,3,NA,5,3,https://www.airbnb.com/rooms/21446922
21450176,NA,Neighborhood highlights,4,NA,NA,NA,4.92,25,https://www.airbnb.com/rooms/21450176
21458689,$105.00,Neighborhood highlights,4,1,2,2,4.92,153,https://www.airbnb.com/rooms/21458689
21458972,NA,Neighborhood highlights,4,NA,1,NA,5,4,https://www.airbnb.com/rooms/21458972
21460197,NA,Neighborhood highlights,1,NA,NA,NA,NA,0,https://www.airbnb.com/rooms/21460197
21461282,$75.00,Neighborhood highlights,3,1,3,4,4.61,64,https://www.airbnb.com/rooms/21461282
21461615,NA,NA,2,NA,NA,NA,5,5,https://www.airbnb.com/rooms/21461615
21461874,NA,NA,2,NA,1,NA,4.5,10,https://www.airbnb.com/rooms/21461874
21462212,NA,NA,1,NA,NA,NA,5,1,https://www.airbnb.com/rooms/21462212
21468762,NA,NA,1,NA,NA,NA,NA,0,https://www.airbnb.com/rooms/21468762
21470099,NA,NA,1,NA,NA,NA,NA,0,https://www.airbnb.com/rooms/21470099
21472364,NA,Neighborhood highlights,2,NA,1,NA,4.92,26,https://www.airbnb.com/rooms/21472364
21473222,NA,NA,2,NA,1,NA,5,4,https://www.airbnb.com/rooms/21473222
21473314,NA,NA,1,NA,NA,NA,4.36,315,https://www.airbnb.com/rooms/21473314
21473761,NA,Neighborhood highlights,3,NA,2,NA,5,2,https://www.airbnb.com/rooms/21473761
21474497,NA,Neighborhood highlights,2,NA,NA,NA,5,5,https://www.airbnb.com/rooms/21474497
21477500,$99.00,Neighborhood highlights,2,1,0,2,4.72,18,https://www.airbnb.com/rooms/21477500
21477816,NA,NA,3,NA,NA,NA,4.79,34,https://www.airbnb.com/rooms/21477816
21481778,NA,NA,3,NA,1,NA,5,1,https://www.airbnb.com/rooms/21481778
21485026,$60.00,Neighborhood highlights,1,1,1,1,5,4,https://www.airbnb.com/rooms/21485026
21487004,NA,Neighborhood highlights,4,NA,2,NA,4.82,39,https://www.airbnb.com/rooms/21487004
21488608,$121.00,Neighborhood highlights,2,1,1,3,4.91,11,https://www.airbnb.com/rooms/21488608
21490787,NA,NA,2,NA,1,NA,NA,0,https://www.airbnb.com/rooms/21490787
21496794,$51.00,Neighborhood highlights,2,1,1,1,4.9,114,https://www.airbnb.com/rooms/21496794
21499536,NA,Neighborhood highlights,2,NA,2,NA,4.86,21,https://www.airbnb.com/rooms/21499536
21501507,NA,NA,2,NA,NA,NA,NA,0,https://www.airbnb.com/rooms/21501507
21501622,$150.00,Neighborhood highlights,2,1,1,1,4.82,114,https://www.airbnb.com/rooms/21501622
21504818,NA,NA,4,NA,NA,NA,4.27,11,https://www.airbnb.com/rooms/21504818
21505197,$165.00,Neighborhood highlights,2,1,1,2,4.87,91,https://www.airbnb.com/rooms/21505197
21512977,NA,NA,1,NA,1,NA,3.5,2,https://www.airbnb.com/rooms/21512977
21515092,NA,NA,2,NA,NA,NA,5,5,https://www.airbnb.com/rooms/21515092
21518467,NA,Neighborhood highlights,6,NA,3,NA,4.9,41,https://www.airbnb.com/rooms/21518467
21518777,NA,NA,3,NA,2,NA,5,1,https://www.airbnb.com/rooms/21518777
21520497,NA,NA,4,NA,1,NA,NA,0,https://www.airbnb.com/rooms/21520497
21522562,$28.00,NA,1,1,1,1,5,1,https://www.airbnb.com/rooms/21522562
21524489,$120.00,NA,2,1,1,1,5,5,https://www.airbnb.com/rooms/21524489
21539105,NA,Neighborhood highlights,1,NA,3,NA,5,2,https://www.airbnb.com/rooms/21539105
21539835,NA,Neighborhood highlights,3,NA,1,NA,NA,0,https://www.airbnb.com/rooms/21539835
21541423,$95.00,Neighborhood highlights,2,1,1,1,4.78,149,https://www.airbnb.com/rooms/21541423
21546425,NA,Neighborhood highlights,2,NA,1,NA,5,1,https://www.airbnb.com/rooms/21546425
21548325,NA,NA,1,NA,NA,NA,5,3,https://www.airbnb.com/rooms/21548325
21549554,$117.00,Neighborhood highlights,2,1,1,1,4.97,151,https://www.airbnb.com/rooms/21549554
21550717,NA,NA,1,NA,NA,NA,NA,0,https://www.airbnb.com/rooms/21550717
21551817,$70.00,Neighborhood highlights,2,2,2,1,4.93,58,https://www.airbnb.com/rooms/21551817
21558456,NA,Neighborhood highlights,1,NA,NA,NA,4.81,21,https://www.airbnb.com/rooms/21558456
21560584,NA,Neighborhood highlights,1,NA,2,NA,5,13,https://www.airbnb.com/rooms/21560584
21563187,$150.00,Neighborhood highlights,2,1,1,1,5,1,https://www.airbnb.com/rooms/21563187
21565682,NA,NA,3,NA,1,NA,4.75,8,https://www.airbnb.com/rooms/21565682
21566103,NA,NA,2,NA,1,NA,5,6,https://www.airbnb.com/rooms/21566103
21566887,$65.00,Neighborhood highlights,2,1,1,2,4.71,101,https://www.airbnb.com/rooms/21566887
21566909,$175.00,Neighborhood highlights,4,1,2,2,4.93,122,https://www.airbnb.com/rooms/21566909
21568341,$89.00,Neighborhood highlights,2,1,1,1,5,6,https://www.airbnb.com/rooms/21568341
21569360,NA,Neighborhood highlights,4,NA,2,NA,4.58,45,https://www.airbnb.com/rooms/21569360
21570741,$145.00,Neighborhood highlights,2,1,1,1,4.73,22,https://www.airbnb.com/rooms/21570741
21577526,$80.00,NA,2,1,1,1,5,39,https://www.airbnb.com/rooms/21577526
21577856,$263.00,Neighborhood highlights,4,2,2,2,4.84,159,https://www.airbnb.com/rooms/21577856
21580765,NA,NA,1,NA,1,NA,NA,0,https://www.airbnb.com/rooms/21580765
21581457,$156.00,NA,2,2,1,1,4.99,84,https://www.airbnb.com/rooms/21581457
21583199,$165.00,Neighborhood highlights,4,1,1,1,4.55,110,https://www.airbnb.com/rooms/21583199
21583472,NA,Neighborhood highlights,2,NA,NA,NA,4.57,8,https://www.airbnb.com/rooms/21583472
21588023,NA,Neighborhood highlights,2,NA,NA,NA,4.78,85,https://www.airbnb.com/rooms/21588023
21588805,NA,Neighborhood highlights,2,NA,1,NA,4.94,31,https://www.airbnb.com/rooms/21588805
21589646,NA,Neighborhood highlights,2,NA,NA,NA,NA,0,https://www.airbnb.com/rooms/21589646
21589780,$100.00,NA,4,1,2,2,4.77,69,https://www.airbnb.com/rooms/21589780
21593310,$50.00,Neighborhood highlights,2,1.5,1,1,4.61,541,https://www.airbnb.com/rooms/21593310
21595000,$186.00,Neighborhood highlights,2,1,0,2,4.56,34,https://www.airbnb.com/rooms/21595000
21596214,NA,Neighborhood highlights,2,NA,1,NA,4.85,13,https://www.airbnb.com/rooms/21596214
21596559,$65.00,NA,2,1,1,1,4.83,70,https://www.airbnb.com/rooms/21596559
21608234,NA,NA,2,NA,1,NA,NA,0,https://www.airbnb.com/rooms/21608234
21610552,NA,NA,2,NA,NA,NA,NA,0,https://www.airbnb.com/rooms/21610552
21612043,NA,NA,2,NA,NA,NA,NA,0,https://www.airbnb.com/rooms/21612043
21618022,NA,NA,2,NA,NA,NA,4,1,https://www.airbnb.com/rooms/21618022
21618858,$70.00,Neighborhood highlights,1,1.5,1,1,4.91,152,https://www.airbnb.com/rooms/21618858
21619569,$145.00,Neighborhood highlights,11,2,3,5,4.66,286,https://www.airbnb.com/rooms/21619569
21619743,NA,NA,3,NA,1,NA,4.88,8,https://www.airbnb.com/rooms/21619743
21620322,NA,Neighborhood highlights,3,NA,1,NA,5,2,https://www.airbnb.com/rooms/21620322
21620762,$110.00,Neighborhood highlights,2,1,1,1,4.93,222,https://www.airbnb.com/rooms/21620762
21621154,NA,NA,2,NA,NA,NA,5,1,https://www.airbnb.com/rooms/21621154
21621231,NA,Neighborhood highlights,2,NA,NA,NA,5,2,https://www.airbnb.com/rooms/21621231
21621926,$81.00,Neighborhood highlights,1,1,1,1,4.48,89,https://www.airbnb.com/rooms/21621926
21622558,NA,NA,3,NA,2,NA,5,2,https://www.airbnb.com/rooms/21622558
21623610,$31.00,Neighborhood highlights,1,1,1,1,4.89,19,https://www.airbnb.com/rooms/21623610
21630186,NA,Neighborhood highlights,2,NA,NA,NA,5,5,https://www.airbnb.com/rooms/21630186
21632846,NA,Neighborhood highlights,3,NA,1,NA,4.71,42,https://www.airbnb.com/rooms/21632846
21633631,NA,Neighborhood highlights,2,NA,NA,NA,4.5,4,https://www.airbnb.com/rooms/21633631
21634979,$225.00,NA,6,1,2,3,5,21,https://www.airbnb.com/rooms/21634979
21635015,$124.00,NA,2,1,2,1,4.94,18,https://www.airbnb.com/rooms/21635015
21635603,$220.00,NA,2,1,1,1,5,7,https://www.airbnb.com/rooms/21635603
21638538,NA,Neighborhood highlights,2,NA,1,NA,4.89,46,https://www.airbnb.com/rooms/21638538
21642874,NA,Neighborhood highlights,3,NA,2,NA,NA,0,https://www.airbnb.com/rooms/21642874
21643550,$129.00,Neighborhood highlights,2,1,1,1,4.98,162,https://www.airbnb.com/rooms/21643550
21644783,$51.00,Neighborhood highlights,1,1,1,1,4.59,37,https://www.airbnb.com/rooms/21644783
21646774,$49.00,Neighborhood highlights,2,1.5,1,1,4.55,476,https://www.airbnb.com/rooms/21646774
21647076,NA,Neighborhood highlights,2,NA,NA,NA,4.5,10,https://www.airbnb.com/rooms/21647076
21647527,NA,Neighborhood highlights,4,NA,2,NA,4.11,9,https://www.airbnb.com/rooms/21647527
21647932,$80.00,Neighborhood highlights,2,1,1,1,4.63,96,https://www.airbnb.com/rooms/21647932
21648513,NA,NA,3,NA,2,NA,4.61,23,https://www.airbnb.com/rooms/21648513
21649044,NA,NA,2,NA,1,NA,NA,0,https://www.airbnb.com/rooms/21649044
21649695,NA,NA,3,NA,1,NA,4.69,26,https://www.airbnb.com/rooms/21649695
21651270,NA,NA,4,NA,1,NA,5,2,https://www.airbnb.com/rooms/21651270
21652744,NA,NA,1,NA,NA,NA,NA,0,https://www.airbnb.com/rooms/21652744
21664533,$69.00,Neighborhood highlights,1,3,1,1,4.95,19,https://www.airbnb.com/rooms/21664533
21665632,NA,NA,4,NA,2,NA,NA,0,https://www.airbnb.com/rooms/21665632
21666225,NA,Neighborhood highlights,2,NA,1,NA,NA,0,https://www.airbnb.com/rooms/21666225
21667120,NA,Neighborhood highlights,6,NA,2,NA,4.44,16,https://www.airbnb.com/rooms/21667120
21673998,NA,Neighborhood highlights,2,NA,NA,NA,4.5,6,https://www.airbnb.com/rooms/21673998
21674032,NA,NA,2,NA,1,NA,NA,0,https://www.airbnb.com/rooms/21674032
21675338,NA,NA,1,NA,NA,NA,1,1,https://www.airbnb.com/rooms/21675338
21676677,$130.00,Neighborhood highlights,2,1,1,1,5,8,https://www.airbnb.com/rooms/21676677
21677581,NA,Neighborhood highlights,4,NA,1,NA,4,1,https://www.airbnb.com/rooms/21677581
21678477,NA,Neighborhood highlights,2,NA,2,NA,4.59,41,https://www.airbnb.com/rooms/21678477
21680639,NA,Neighborhood highlights,4,NA,2,NA,5,2,https://www.airbnb.com/rooms/21680639
21680914,NA,NA,2,NA,2,NA,NA,0,https://www.airbnb.com/rooms/21680914
21682816,NA,NA,1,NA,NA,NA,NA,0,https://www.airbnb.com/rooms/21682816
21683672,NA,NA,2,NA,1,NA,NA,0,https://www.airbnb.com/rooms/21683672
21684019,NA,Neighborhood highlights,2,NA,1,NA,5,4,https://www.airbnb.com/rooms/21684019
21689998,$210.00,Neighborhood highlights,2,1,2,3,4,2,https://www.airbnb.com/rooms/21689998
21693657,NA,NA,2,NA,2,NA,5,3,https://www.airbnb.com/rooms/21693657
21694908,$219.00,Neighborhood highlights,4,1,1,2,4.93,150,https://www.airbnb.com/rooms/21694908
21695292,NA,NA,2,NA,1,NA,5,1,https://www.airbnb.com/rooms/21695292
21695415,NA,Neighborhood highlights,3,NA,1,NA,5,3,https://www.airbnb.com/rooms/21695415
21700026,NA,Neighborhood highlights,2,NA,3,NA,NA,0,https://www.airbnb.com/rooms/21700026
21700378,NA,Neighborhood highlights,1,NA,1,NA,5,28,https://www.airbnb.com/rooms/21700378
21700414,NA,Neighborhood highlights,2,NA,NA,NA,5,2,https://www.airbnb.com/rooms/21700414
21706896,NA,Neighborhood highlights,2,NA,NA,NA,NA,0,https://www.airbnb.com/rooms/21706896
21709374,NA,Neighborhood highlights,2,NA,1,NA,4,2,https://www.airbnb.com/rooms/21709374
21709727,$699.00,Neighborhood highlights,7,2.5,3,3,4.91,22,https://www.airbnb.com/rooms/21709727
21712595,NA,NA,2,NA,NA,NA,NA,0,https://www.airbnb.com/rooms/21712595
21713358,NA,NA,1,NA,NA,NA,5,11,https://www.airbnb.com/rooms/21713358
21713419,NA,NA,4,NA,2,NA,4.5,18,https://www.airbnb.com/rooms/21713419
21713551,NA,NA,3,NA,1,NA,5,1,https://www.airbnb.com/rooms/21713551
21714930,$399.00,Neighborhood highlights,8,2,4,5,4.83,71,https://www.airbnb.com/rooms/21714930
21715735,NA,Neighborhood highlights,2,NA,NA,NA,4.44,9,https://www.airbnb.com/rooms/21715735
21716772,NA,NA,2,NA,NA,NA,5,8,https://www.airbnb.com/rooms/21716772
21727418,NA,Neighborhood highlights,2,NA,NA,NA,4.89,19,https://www.airbnb.com/rooms/21727418
21727742,NA,NA,2,NA,NA,NA,4,2,https://www.airbnb.com/rooms/21727742
21727923,NA,Neighborhood highlights,4,NA,1,NA,4.57,7,https://www.airbnb.com/rooms/21727923
21728670,$100.00,Neighborhood highlights,2,1,1,1,4.8,170,https://www.airbnb.com/rooms/21728670
21729245,NA,NA,2,NA,1,NA,NA,0,https://www.airbnb.com/rooms/21729245
21730105,NA,NA,1,NA,NA,NA,NA,0,https://www.airbnb.com/rooms/21730105
21732716,$24.00,Neighborhood highlights,2,1,1,1,4.36,130,https://www.airbnb.com/rooms/21732716
21736059,NA,NA,2,NA,1,NA,NA,0,https://www.airbnb.com/rooms/21736059
21736164,NA,Neighborhood highlights,2,NA,1,NA,5,2,https://www.airbnb.com/rooms/21736164
21736598,NA,Neighborhood highlights,3,NA,3,NA,4.43,7,https://www.airbnb.com/rooms/21736598
21737389,NA,NA,2,NA,3,NA,5,2,https://www.airbnb.com/rooms/21737389
21737409,NA,NA,2,NA,1,NA,5,2,https://www.airbnb.com/rooms/21737409
21737535,NA,Neighborhood highlights,1,NA,NA,NA,NA,0,https://www.airbnb.com/rooms/21737535
21738540,NA,NA,4,NA,2,NA,5,1,https://www.airbnb.com/rooms/21738540
21740756,NA,Neighborhood highlights,1,NA,NA,NA,5,1,https://www.airbnb.com/rooms/21740756
21741106,NA,Neighborhood highlights,2,NA,1,NA,5,7,https://www.airbnb.com/rooms/21741106
21745569,$92.00,NA,2,1,1,1,4.57,21,https://www.airbnb.com/rooms/21745569
21748242,NA,NA,2,NA,1,NA,NA,0,https://www.airbnb.com/rooms/21748242
21750219,$295.00,NA,6,2,2,2,4.96,23,https://www.airbnb.com/rooms/21750219
21751275,NA,Neighborhood highlights,2,NA,1,NA,5,11,https://www.airbnb.com/rooms/21751275
21752471,NA,Neighborhood highlights,2,NA,NA,NA,5,3,https://www.airbnb.com/rooms/21752471
21752880,$310.00,Neighborhood highlights,4,2,2,2,4.79,14,https://www.airbnb.com/rooms/21752880
21754369,NA,NA,2,NA,NA,NA,NA,0,https://www.airbnb.com/rooms/21754369
21754946,NA,NA,1,NA,NA,NA,5,1,https://www.airbnb.com/rooms/21754946
21755710,$63.00,Neighborhood highlights,1,1,1,1,4.76,103,https://www.airbnb.com/rooms/21755710
21755954,NA,NA,2,NA,NA,NA,5,1,https://www.airbnb.com/rooms/21755954
21756084,NA,NA,1,NA,1,NA,5,1,https://www.airbnb.com/rooms/21756084
21762776,NA,NA,4,NA,2,NA,4.8,41,https://www.airbnb.com/rooms/21762776
21762969,NA,NA,4,NA,NA,NA,5,2,https://www.airbnb.com/rooms/21762969
21764434,NA,Neighborhood highlights,2,NA,NA,NA,5,3,https://www.airbnb.com/rooms/21764434
21764442,NA,NA,5,NA,2,NA,4.5,2,https://www.airbnb.com/rooms/21764442
21764778,NA,Neighborhood highlights,3,NA,1,NA,5,3,https://www.airbnb.com/rooms/21764778
21765895,NA,NA,3,NA,1,NA,1,1,https://www.airbnb.com/rooms/21765895
21766524,NA,Neighborhood highlights,2,NA,1,NA,4.33,3,https://www.airbnb.com/rooms/21766524
21767672,NA,Neighborhood highlights,3,NA,1,NA,4.33,3,https://www.airbnb.com/rooms/21767672
21768136,NA,Neighborhood highlights,1,NA,NA,NA,4.61,23,https://www.airbnb.com/rooms/21768136
21769638,$150.00,Neighborhood highlights,3,1,2,2,4.64,101,https://www.airbnb.com/rooms/21769638
21771006,NA,Neighborhood highlights,5,NA,3,NA,4.86,77,https://www.airbnb.com/rooms/21771006
21771169,NA,Neighborhood highlights,3,NA,1,NA,4,1,https://www.airbnb.com/rooms/21771169
21771454,NA,Neighborhood highlights,4,NA,2,NA,5,2,https://www.airbnb.com/rooms/21771454
21774455,$140.00,Neighborhood highlights,4,1,1,2,4.95,20,https://www.airbnb.com/rooms/21774455
21778446,$182.00,Neighborhood highlights,4,1,0,2,5,3,https://www.airbnb.com/rooms/21778446
21780433,NA,Neighborhood highlights,2,NA,NA,NA,5,1,https://www.airbnb.com/rooms/21780433
21781859,NA,Neighborhood highlights,4,NA,1,NA,4.94,16,https://www.airbnb.com/rooms/21781859
21783251,$210.00,Neighborhood highlights,2,1,2,2,4.79,302,https://www.airbnb.com/rooms/21783251
21783298,NA,NA,1,NA,NA,NA,NA,0,https://www.airbnb.com/rooms/21783298
21783724,NA,NA,4,NA,2,NA,4.88,8,https://www.airbnb.com/rooms/21783724
21784437,NA,Neighborhood highlights,2,NA,NA,NA,5,1,https://www.airbnb.com/rooms/21784437
21786337,NA,Neighborhood highlights,3,NA,NA,NA,4,1,https://www.airbnb.com/rooms/21786337
21786958,$258.00,Neighborhood highlights,2,1,2,2,4.84,117,https://www.airbnb.com/rooms/21786958
21787094,NA,Neighborhood highlights,6,NA,2,NA,NA,0,https://www.airbnb.com/rooms/21787094
21788734,NA,Neighborhood highlights,1,NA,NA,NA,NA,0,https://www.airbnb.com/rooms/21788734
21789193,NA,NA,4,NA,2,NA,4.75,8,https://www.airbnb.com/rooms/21789193
21802923,$75.00,Neighborhood highlights,1,1,1,1,4.69,54,https://www.airbnb.com/rooms/21802923
21804600,$93.00,Neighborhood highlights,2,1,2,2,4.82,131,https://www.airbnb.com/rooms/21804600
21804666,NA,Neighborhood highlights,2,NA,NA,NA,NA,0,https://www.airbnb.com/rooms/21804666
21806512,$160.00,Neighborhood highlights,2,1,1,1,NA,0,https://www.airbnb.com/rooms/21806512
21809773,$79.00,Neighborhood highlights,2,1,1,1,4.56,186,https://www.airbnb.com/rooms/21809773
21811459,NA,Neighborhood highlights,1,NA,NA,NA,NA,0,https://www.airbnb.com/rooms/21811459
21813179,NA,Neighborhood highlights,4,NA,NA,NA,5,1,https://www.airbnb.com/rooms/21813179
21813491,$280.00,Neighborhood highlights,2,1,1,1,4.88,24,https://www.airbnb.com/rooms/21813491
21814906,NA,NA,3,NA,1,NA,5,7,https://www.airbnb.com/rooms/21814906
21815074,$50.00,NA,2,1,1,1,4.64,39,https://www.airbnb.com/rooms/21815074
21815842,NA,NA,4,NA,2,NA,5,1,https://www.airbnb.com/rooms/21815842
21816278,NA,NA,3,NA,NA,NA,4.5,4,https://www.airbnb.com/rooms/21816278
21816519,NA,NA,2,NA,1,NA,5,19,https://www.airbnb.com/rooms/21816519
21816757,NA,Neighborhood highlights,2,NA,1,NA,4.45,11,https://www.airbnb.com/rooms/21816757
21817570,NA,Neighborhood highlights,2,NA,1,NA,4.64,14,https://www.airbnb.com/rooms/21817570
21817889,$209.00,Neighborhood highlights,6,2,3,5,4.96,135,https://www.airbnb.com/rooms/21817889
21818110,$48.00,NA,2,1,1,1,4.86,22,https://www.airbnb.com/rooms/21818110
21822611,$96.00,Neighborhood highlights,1,1,1,1,5,3,https://www.airbnb.com/rooms/21822611
21822619,NA,Neighborhood highlights,2,NA,1,NA,4.49,401,https://www.airbnb.com/rooms/21822619
21825464,NA,Neighborhood highlights,2,NA,2,NA,5,1,https://www.airbnb.com/rooms/21825464
21825897,NA,Neighborhood highlights,2,NA,NA,NA,4.25,4,https://www.airbnb.com/rooms/21825897
21826403,NA,NA,2,NA,NA,NA,NA,0,https://www.airbnb.com/rooms/21826403
21827355,NA,NA,1,NA,NA,NA,NA,0,https://www.airbnb.com/rooms/21827355
21828822,NA,Neighborhood highlights,2,NA,NA,NA,NA,0,https://www.airbnb.com/rooms/21828822
21829006,NA,Neighborhood highlights,2,NA,1,NA,5,3,https://www.airbnb.com/rooms/21829006
21833654,NA,Neighborhood highlights,1,NA,NA,NA,4.5,2,https://www.airbnb.com/rooms/21833654
21836461,NA,Neighborhood highlights,2,NA,1,NA,NA,0,https://www.airbnb.com/rooms/21836461
21836754,$65.00,Neighborhood highlights,1,1,1,1,5,21,https://www.airbnb.com/rooms/21836754
21836784,NA,Neighborhood highlights,4,NA,2,NA,NA,0,https://www.airbnb.com/rooms/21836784
21837620,NA,Neighborhood highlights,3,NA,NA,NA,5,1,https://www.airbnb.com/rooms/21837620
21838230,$89.00,Neighborhood highlights,2,1,1,2,4.93,84,https://www.airbnb.com/rooms/21838230
21839021,$90.00,Neighborhood highlights,3,1,1,1,4.69,36,https://www.airbnb.com/rooms/21839021
21839960,NA,NA,1,NA,1,NA,5,8,https://www.airbnb.com/rooms/21839960
21845187,NA,Neighborhood highlights,1,NA,NA,NA,NA,0,https://www.airbnb.com/rooms/21845187
21849942,NA,NA,2,NA,1,NA,5,1,https://www.airbnb.com/rooms/21849942
21850082,NA,Neighborhood highlights,2,NA,NA,NA,4.89,27,https://www.airbnb.com/rooms/21850082
21850364,NA,NA,2,NA,2,NA,5,3,https://www.airbnb.com/rooms/21850364
21850834,$621.00,Neighborhood highlights,2,1,2,3,4.86,29,https://www.airbnb.com/rooms/21850834
21851016,NA,Neighborhood highlights,2,NA,NA,NA,5,1,https://www.airbnb.com/rooms/21851016
21851228,$553.00,Neighborhood highlights,2,1,1,1,4.86,180,https://www.airbnb.com/rooms/21851228
21851586,$575.00,NA,2,2.5,4,5,4.85,169,https://www.airbnb.com/rooms/21851586
21851700,NA,Neighborhood highlights,2,NA,NA,NA,4.86,22,https://www.airbnb.com/rooms/21851700
21852332,$180.00,Neighborhood highlights,2,1,3,3,4.88,222,https://www.airbnb.com/rooms/21852332
21852759,$104.00,Neighborhood highlights,4,1,1,3,4.67,3,https://www.airbnb.com/rooms/21852759
21853347,$225.00,NA,4,1,2,3,4.69,216,https://www.airbnb.com/rooms/21853347
21859359,NA,Neighborhood highlights,2,NA,NA,NA,5,1,https://www.airbnb.com/rooms/21859359
21860011,NA,Neighborhood highlights,5,NA,2,NA,4.42,12,https://www.airbnb.com/rooms/21860011
21862155,$110.00,Neighborhood highlights,1,1.5,1,1,4.9,375,https://www.airbnb.com/rooms/21862155
21867440,NA,Neighborhood highlights,3,NA,1,NA,5,1,https://www.airbnb.com/rooms/21867440
21867771,NA,Neighborhood highlights,2,NA,1,NA,4,2,https://www.airbnb.com/rooms/21867771
21868116,NA,Neighborhood highlights,1,NA,1,NA,NA,0,https://www.airbnb.com/rooms/21868116
21868813,NA,NA,3,NA,1,NA,5,2,https://www.airbnb.com/rooms/21868813
21869546,NA,Neighborhood highlights,2,NA,NA,NA,5,3,https://www.airbnb.com/rooms/21869546
21870396,NA,NA,2,NA,1,NA,5,1,https://www.airbnb.com/rooms/21870396
21877805,$124.00,Neighborhood highlights,4,2,3,3,4.9,150,https://www.airbnb.com/rooms/21877805
21878080,$160.00,Neighborhood highlights,1,1,0,1,4.73,15,https://www.airbnb.com/rooms/21878080
21879760,NA,Neighborhood highlights,2,NA,1,NA,5,2,https://www.airbnb.com/rooms/21879760
21881605,NA,Neighborhood highlights,6,NA,3,NA,NA,0,https://www.airbnb.com/rooms/21881605
21881709,NA,Neighborhood highlights,2,NA,NA,NA,NA,0,https://www.airbnb.com/rooms/21881709
21882095,$225.00,Neighborhood highlights,4,1,2,2,4.75,8,https://www.airbnb.com/rooms/21882095
21885522,NA,NA,4,NA,2,NA,NA,0,https://www.airbnb.com/rooms/21885522
21885667,NA,Neighborhood highlights,1,NA,NA,NA,NA,0,https://www.airbnb.com/rooms/21885667
21889698,$50.00,Neighborhood highlights,1,1,1,1,4.5,4,https://www.airbnb.com/rooms/21889698
21891406,NA,Neighborhood highlights,1,NA,NA,NA,5,6,https://www.airbnb.com/rooms/21891406
21892596,NA,Neighborhood highlights,4,NA,NA,NA,4.92,12,https://www.airbnb.com/rooms/21892596
21893129,$130.00,Neighborhood highlights,1,1,0,1,4.78,9,https://www.airbnb.com/rooms/21893129
21895262,NA,NA,1,NA,NA,NA,NA,0,https://www.airbnb.com/rooms/21895262
21897846,$399.00,Neighborhood highlights,4,2,2,2,4.94,16,https://www.airbnb.com/rooms/21897846
21898732,NA,NA,1,NA,NA,NA,NA,0,https://www.airbnb.com/rooms/21898732
21899241,NA,NA,2,NA,NA,NA,4.5,2,https://www.airbnb.com/rooms/21899241
21899575,$136.00,Neighborhood highlights,2,1,1,2,4.95,103,https://www.airbnb.com/rooms/21899575
21901025,$106.00,Neighborhood highlights,4,0,2,1,4.77,88,https://www.airbnb.com/rooms/21901025
21906858,NA,Neighborhood highlights,2,NA,1,NA,5,2,https://www.airbnb.com/rooms/21906858
21907916,NA,NA,1,NA,1,NA,NA,0,https://www.airbnb.com/rooms/21907916
21908184,$140.00,Neighborhood highlights,1,1,0,2,5,3,https://www.airbnb.com/rooms/21908184
21909291,NA,Neighborhood highlights,4,NA,2,NA,5,2,https://www.airbnb.com/rooms/21909291
21913859,NA,Neighborhood highlights,2,NA,2,NA,5,5,https://www.airbnb.com/rooms/21913859
21920061,NA,NA,1,NA,NA,NA,4.75,4,https://www.airbnb.com/rooms/21920061
21922407,NA,NA,3,NA,1,NA,NA,0,https://www.airbnb.com/rooms/21922407
21922639,NA,Neighborhood highlights,2,NA,NA,NA,4.91,22,https://www.airbnb.com/rooms/21922639
21924815,NA,NA,1,NA,1,NA,NA,0,https://www.airbnb.com/rooms/21924815
21925948,NA,NA,2,NA,1,NA,NA,0,https://www.airbnb.com/rooms/21925948
21926279,NA,NA,4,NA,1,NA,4.25,8,https://www.airbnb.com/rooms/21926279
21931508,NA,NA,1,NA,NA,NA,4.63,76,https://www.airbnb.com/rooms/21931508
21932460,$200.00,Neighborhood highlights,1,1,0,1,5,48,https://www.airbnb.com/rooms/21932460
21932693,NA,Neighborhood highlights,2,NA,1,NA,4,1,https://www.airbnb.com/rooms/21932693
21932977,NA,NA,2,NA,1,NA,NA,0,https://www.airbnb.com/rooms/21932977
21933065,NA,Neighborhood highlights,2,NA,NA,NA,NA,0,https://www.airbnb.com/rooms/21933065
21934181,NA,Neighborhood highlights,1,NA,NA,NA,4.83,29,https://www.airbnb.com/rooms/21934181
21934601,NA,NA,2,NA,1,NA,5,1,https://www.airbnb.com/rooms/21934601
21934873,$140.00,Neighborhood highlights,1,1,0,1,4.6,5,https://www.airbnb.com/rooms/21934873
21935245,NA,NA,2,NA,2,NA,5,1,https://www.airbnb.com/rooms/21935245
21935551,NA,Neighborhood highlights,2,NA,NA,NA,5,13,https://www.airbnb.com/rooms/21935551
21935608,NA,NA,3,NA,1,NA,4.67,15,https://www.airbnb.com/rooms/21935608
21935727,NA,Neighborhood highlights,4,NA,2,NA,5,2,https://www.airbnb.com/rooms/21935727
21939817,NA,NA,2,NA,NA,NA,NA,0,https://www.airbnb.com/rooms/21939817
21942269,NA,Neighborhood highlights,2,NA,2,NA,4.67,6,https://www.airbnb.com/rooms/21942269
21943047,NA,Neighborhood highlights,1,NA,NA,NA,5,3,https://www.airbnb.com/rooms/21943047
21947012,NA,Neighborhood highlights,2,NA,NA,NA,4.79,28,https://www.airbnb.com/rooms/21947012
21948799,NA,Neighborhood highlights,2,NA,NA,NA,5,10,https://www.airbnb.com/rooms/21948799
21949305,$55.00,Neighborhood highlights,2,1,1,2,NA,0,https://www.airbnb.com/rooms/21949305
21950012,NA,NA,6,NA,3,NA,5,1,https://www.airbnb.com/rooms/21950012
21950350,NA,NA,1,NA,NA,NA,4.5,2,https://www.airbnb.com/rooms/21950350
21950963,NA,Neighborhood highlights,4,NA,1,NA,5,22,https://www.airbnb.com/rooms/21950963
21956264,$47.00,NA,2,1,1,2,4.48,134,https://www.airbnb.com/rooms/21956264
21959695,NA,NA,2,NA,1,NA,NA,0,https://www.airbnb.com/rooms/21959695
21959796,NA,NA,3,NA,1,NA,5,2,https://www.airbnb.com/rooms/21959796
21961462,NA,NA,3,NA,1,NA,5,1,https://www.airbnb.com/rooms/21961462
21963428,NA,Neighborhood highlights,2,NA,NA,NA,4.77,52,https://www.airbnb.com/rooms/21963428
21963575,NA,NA,1,NA,NA,NA,4.5,2,https://www.airbnb.com/rooms/21963575
21964596,NA,NA,4,NA,2,NA,4.9,51,https://www.airbnb.com/rooms/21964596
21965717,NA,Neighborhood highlights,4,NA,NA,NA,5,4,https://www.airbnb.com/rooms/21965717
21965948,NA,Neighborhood highlights,1,NA,NA,NA,5,6,https://www.airbnb.com/rooms/21965948
21966758,NA,NA,6,NA,4,NA,5,3,https://www.airbnb.com/rooms/21966758
21967336,NA,NA,4,NA,2,NA,5,3,https://www.airbnb.com/rooms/21967336
21967615,NA,NA,5,NA,3,NA,NA,0,https://www.airbnb.com/rooms/21967615
21967751,NA,Neighborhood highlights,2,NA,1,NA,5,3,https://www.airbnb.com/rooms/21967751
21968568,NA,Neighborhood highlights,2,NA,1,NA,NA,0,https://www.airbnb.com/rooms/21968568
21970259,NA,Neighborhood highlights,3,NA,NA,NA,4.47,77,https://www.airbnb.com/rooms/21970259
21970350,NA,NA,1,NA,1,NA,NA,0,https://www.airbnb.com/rooms/21970350
21970487,NA,Neighborhood highlights,2,NA,1,NA,4.83,139,https://www.airbnb.com/rooms/21970487
21973105,$36.00,NA,1,2,1,1,5,2,https://www.airbnb.com/rooms/21973105
21978019,NA,NA,2,NA,1,NA,4.14,7,https://www.airbnb.com/rooms/21978019
21978558,NA,Neighborhood highlights,2,NA,1,NA,5,1,https://www.airbnb.com/rooms/21978558
21979050,NA,Neighborhood highlights,5,NA,2,NA,NA,0,https://www.airbnb.com/rooms/21979050
21979898,NA,NA,2,NA,NA,NA,NA,0,https://www.airbnb.com/rooms/21979898
21980316,NA,NA,2,NA,NA,NA,NA,0,https://www.airbnb.com/rooms/21980316
21980723,NA,Neighborhood highlights,2,NA,4,NA,4.98,88,https://www.airbnb.com/rooms/21980723
21981313,NA,Neighborhood highlights,2,NA,1,NA,5,1,https://www.airbnb.com/rooms/21981313
21982223,NA,Neighborhood highlights,2,NA,1,NA,NA,0,https://www.airbnb.com/rooms/21982223
21982333,$64.00,Neighborhood highlights,4,1,0,2,4.7,91,https://www.airbnb.com/rooms/21982333
21982618,NA,NA,1,NA,1,NA,NA,0,https://www.airbnb.com/rooms/21982618
21983066,NA,NA,2,NA,1,NA,5,1,https://www.airbnb.com/rooms/21983066
21983275,NA,Neighborhood highlights,4,NA,2,NA,5,4,https://www.airbnb.com/rooms/21983275
21984342,NA,Neighborhood highlights,2,NA,1,NA,NA,0,https://www.airbnb.com/rooms/21984342
21985070,NA,NA,1,NA,NA,NA,5,1,https://www.airbnb.com/rooms/21985070
21989166,$150.00,Neighborhood highlights,4,1,2,2,4.85,99,https://www.airbnb.com/rooms/21989166
21990254,NA,Neighborhood highlights,2,NA,NA,NA,4.63,35,https://www.airbnb.com/rooms/21990254
21994561,NA,Neighborhood highlights,2,NA,NA,NA,4.5,2,https://www.airbnb.com/rooms/21994561
21995883,NA,NA,3,NA,NA,NA,5,3,https://www.airbnb.com/rooms/21995883
21996542,$475.00,Neighborhood highlights,3,1.5,2,3,NA,0,https://www.airbnb.com/rooms/21996542
21997208,NA,NA,5,NA,2,NA,NA,0,https://www.airbnb.com/rooms/21997208
22000376,NA,Neighborhood highlights,7,NA,3,NA,4.65,62,https://www.airbnb.com/rooms/22000376
22000430,NA,Neighborhood highlights,4,NA,1,NA,4.74,73,https://www.airbnb.com/rooms/22000430
22002827,NA,Neighborhood highlights,2,NA,NA,NA,5,1,https://www.airbnb.com/rooms/22002827
22004768,$125.00,Neighborhood highlights,2,1,1,1,4.45,20,https://www.airbnb.com/rooms/22004768
22005812,NA,NA,2,NA,NA,NA,4.5,18,https://www.airbnb.com/rooms/22005812
22010163,NA,NA,4,NA,2,NA,4.67,3,https://www.airbnb.com/rooms/22010163
22010343,NA,NA,3,NA,1,NA,NA,0,https://www.airbnb.com/rooms/22010343
22011311,NA,NA,2,NA,NA,NA,NA,0,https://www.airbnb.com/rooms/22011311
22015654,NA,Neighborhood highlights,3,NA,1,NA,4.67,3,https://www.airbnb.com/rooms/22015654
22017804,NA,NA,1,NA,1,NA,NA,0,https://www.airbnb.com/rooms/22017804
22019218,$85.00,Neighborhood highlights,2,1,1,1,4.83,35,https://www.airbnb.com/rooms/22019218
22019711,NA,Neighborhood highlights,3,NA,NA,NA,4.93,57,https://www.airbnb.com/rooms/22019711
22019912,NA,NA,1,NA,NA,NA,4.67,3,https://www.airbnb.com/rooms/22019912
22020696,$124.00,NA,2,1,1,2,NA,0,https://www.airbnb.com/rooms/22020696
22026830,NA,Neighborhood highlights,3,NA,2,NA,4.84,210,https://www.airbnb.com/rooms/22026830
22028251,NA,NA,1,NA,NA,NA,NA,0,https://www.airbnb.com/rooms/22028251
22028307,$600.00,NA,5,1,3,3,4.88,17,https://www.airbnb.com/rooms/22028307
22030593,NA,Neighborhood highlights,2,NA,NA,NA,5,3,https://www.airbnb.com/rooms/22030593
22031456,NA,Neighborhood highlights,6,NA,2,NA,4.61,28,https://www.airbnb.com/rooms/22031456
22031905,NA,Neighborhood highlights,2,NA,NA,NA,4.88,8,https://www.airbnb.com/rooms/22031905
22037644,NA,NA,2,NA,NA,NA,4.95,37,https://www.airbnb.com/rooms/22037644
22041636,NA,Neighborhood highlights,1,NA,NA,NA,NA,0,https://www.airbnb.com/rooms/22041636
22049875,$180.00,NA,2,1,0,1,4.96,99,https://www.airbnb.com/rooms/22049875
22050058,NA,Neighborhood highlights,2,NA,NA,NA,NA,0,https://www.airbnb.com/rooms/22050058
22050355,$119.00,Neighborhood highlights,2,1,1,2,4.92,257,https://www.airbnb.com/rooms/22050355
22050927,NA,Neighborhood highlights,3,NA,NA,NA,5,1,https://www.airbnb.com/rooms/22050927
22051488,NA,Neighborhood highlights,4,NA,NA,NA,5,1,https://www.airbnb.com/rooms/22051488
22051863,NA,NA,2,NA,1,NA,NA,0,https://www.airbnb.com/rooms/22051863
22057431,NA,NA,2,NA,NA,NA,5,2,https://www.airbnb.com/rooms/22057431
22059169,NA,Neighborhood highlights,5,NA,2,NA,5,1,https://www.airbnb.com/rooms/22059169
22059613,NA,NA,1,NA,NA,NA,NA,0,https://www.airbnb.com/rooms/22059613
22060065,NA,NA,1,NA,NA,NA,4.6,5,https://www.airbnb.com/rooms/22060065
22060924,NA,Neighborhood highlights,2,NA,NA,NA,5,1,https://www.airbnb.com/rooms/22060924
22062860,NA,NA,4,NA,2,NA,NA,0,https://www.airbnb.com/rooms/22062860
22064022,NA,NA,4,NA,1,NA,5,9,https://www.airbnb.com/rooms/22064022
22064262,$140.00,Neighborhood highlights,1,1,0,1,4.8,10,https://www.airbnb.com/rooms/22064262
22065693,$105.00,Neighborhood highlights,5,1,1,1,4.61,80,https://www.airbnb.com/rooms/22065693
22066317,NA,NA,1,NA,NA,NA,NA,0,https://www.airbnb.com/rooms/22066317
22066430,NA,NA,2,NA,NA,NA,4.71,49,https://www.airbnb.com/rooms/22066430
22066551,NA,Neighborhood highlights,1,NA,1,NA,NA,0,https://www.airbnb.com/rooms/22066551
22066865,NA,NA,2,NA,NA,NA,5,2,https://www.airbnb.com/rooms/22066865
22076359,$390.00,Neighborhood highlights,6,1.5,3,3,4.83,160,https://www.airbnb.com/rooms/22076359
22076961,$185.00,Neighborhood highlights,5,1,2,2,4.52,335,https://www.airbnb.com/rooms/22076961
22077920,NA,Neighborhood highlights,6,NA,2,NA,5,1,https://www.airbnb.com/rooms/22077920
22078463,$170.00,NA,4,1,1,3,NA,0,https://www.airbnb.com/rooms/22078463
22079387,$641.00,Neighborhood highlights,2,1,1,1,4.83,40,https://www.airbnb.com/rooms/22079387
22080281,NA,Neighborhood highlights,1,NA,NA,NA,5,1,https://www.airbnb.com/rooms/22080281
22081741,NA,Neighborhood highlights,2,NA,NA,NA,4,1,https://www.airbnb.com/rooms/22081741
22082124,NA,Neighborhood highlights,2,NA,1,NA,NA,0,https://www.airbnb.com/rooms/22082124
22082903,$98.00,Neighborhood highlights,2,1,0,1,4.71,28,https://www.airbnb.com/rooms/22082903
22084212,NA,Neighborhood highlights,2,NA,1,NA,NA,0,https://www.airbnb.com/rooms/22084212
22084321,NA,NA,2,NA,NA,NA,4.33,3,https://www.airbnb.com/rooms/22084321
22085185,NA,NA,2,NA,1,NA,NA,0,https://www.airbnb.com/rooms/22085185
22086471,NA,Neighborhood highlights,2,NA,2,NA,4.33,6,https://www.airbnb.com/rooms/22086471
22087030,$273.00,Neighborhood highlights,4,1,3,3,NA,0,https://www.airbnb.com/rooms/22087030
22087093,NA,NA,2,NA,NA,NA,4.6,15,https://www.airbnb.com/rooms/22087093
22088276,NA,Neighborhood highlights,4,NA,1,NA,4.89,9,https://www.airbnb.com/rooms/22088276
22088301,$352.00,Neighborhood highlights,6,1.5,3,3,4.84,158,https://www.airbnb.com/rooms/22088301
22088784,NA,NA,2,NA,1,NA,5,1,https://www.airbnb.com/rooms/22088784
22096182,$50.00,Neighborhood highlights,2,1.5,2,2,5,7,https://www.airbnb.com/rooms/22096182
22096640,NA,NA,2,NA,NA,NA,4,1,https://www.airbnb.com/rooms/22096640
22096731,NA,Neighborhood highlights,2,NA,NA,NA,NA,0,https://www.airbnb.com/rooms/22096731
22098435,NA,NA,1,NA,NA,NA,NA,0,https://www.airbnb.com/rooms/22098435
22100970,$113.00,NA,2,1,0,1,4.93,29,https://www.airbnb.com/rooms/22100970
22101034,$90.00,Neighborhood highlights,4,1,1,2,4.67,55,https://www.airbnb.com/rooms/22101034
22105520,NA,Neighborhood highlights,5,NA,2,NA,5,17,https://www.airbnb.com/rooms/22105520
22106002,NA,NA,1,NA,1,NA,NA,0,https://www.airbnb.com/rooms/22106002
22107368,NA,Neighborhood highlights,1,NA,NA,NA,4.67,6,https://www.airbnb.com/rooms/22107368
22107514,NA,Neighborhood highlights,3,NA,1,NA,4.69,49,https://www.airbnb.com/rooms/22107514
22107619,NA,Neighborhood highlights,4,NA,2,NA,4.79,14,https://www.airbnb.com/rooms/22107619
22108302,NA,NA,2,NA,NA,NA,NA,0,https://www.airbnb.com/rooms/22108302
22109695,NA,Neighborhood highlights,2,NA,NA,NA,NA,0,https://www.airbnb.com/rooms/22109695
22109870,$82.00,Neighborhood highlights,2,1,1,1,4.97,65,https://www.airbnb.com/rooms/22109870
22117983,NA,NA,4,NA,1,NA,NA,0,https://www.airbnb.com/rooms/22117983
22119195,$155.00,NA,3,1,3,3,5,3,https://www.airbnb.com/rooms/22119195
22119375,NA,Neighborhood highlights,1,NA,NA,NA,5,4,https://www.airbnb.com/rooms/22119375
22122470,NA,Neighborhood highlights,4,NA,2,NA,4.59,51,https://www.airbnb.com/rooms/22122470
22122723,NA,NA,1,NA,NA,NA,NA,0,https://www.airbnb.com/rooms/22122723
22125701,NA,Neighborhood highlights,1,NA,NA,NA,4.9,102,https://www.airbnb.com/rooms/22125701
22126122,NA,NA,3,NA,NA,NA,5,1,https://www.airbnb.com/rooms/22126122
22139932,NA,NA,2,NA,NA,NA,NA,0,https://www.airbnb.com/rooms/22139932
22142173,NA,Neighborhood highlights,2,NA,1,NA,NA,0,https://www.airbnb.com/rooms/22142173
22142447,NA,Neighborhood highlights,4,NA,2,NA,5,1,https://www.airbnb.com/rooms/22142447
22142575,NA,Neighborhood highlights,2,NA,1,NA,5,20,https://www.airbnb.com/rooms/22142575
22142636,$170.00,NA,2,1,1,1,4.66,58,https://www.airbnb.com/rooms/22142636
22143750,NA,Neighborhood highlights,2,NA,NA,NA,4.67,9,https://www.airbnb.com/rooms/22143750
22144662,NA,NA,2,NA,NA,NA,4.42,110,https://www.airbnb.com/rooms/22144662
22147426,NA,Neighborhood highlights,6,NA,2,NA,4.61,64,https://www.airbnb.com/rooms/22147426
22148073,$48.00,Neighborhood highlights,1,1,1,1,4.66,38,https://www.airbnb.com/rooms/22148073
22150956,NA,NA,4,NA,1,NA,NA,0,https://www.airbnb.com/rooms/22150956
22151067,NA,Neighborhood highlights,1,NA,NA,NA,1,1,https://www.airbnb.com/rooms/22151067
22151092,$48.00,Neighborhood highlights,1,1,1,1,4.76,41,https://www.airbnb.com/rooms/22151092
22151598,NA,NA,4,NA,2,NA,5,8,https://www.airbnb.com/rooms/22151598
22151798,NA,Neighborhood highlights,2,NA,1,NA,4.64,47,https://www.airbnb.com/rooms/22151798
22152232,NA,NA,2,NA,NA,NA,5,1,https://www.airbnb.com/rooms/22152232
22152785,NA,Neighborhood highlights,4,NA,2,NA,5,9,https://www.airbnb.com/rooms/22152785
22153425,NA,Neighborhood highlights,4,NA,1,NA,4.79,47,https://www.airbnb.com/rooms/22153425
22153909,NA,Neighborhood highlights,1,NA,NA,NA,5,8,https://www.airbnb.com/rooms/22153909
22154118,NA,NA,3,NA,1,NA,NA,0,https://www.airbnb.com/rooms/22154118
22157683,NA,Neighborhood highlights,3,NA,1,NA,4.8,5,https://www.airbnb.com/rooms/22157683
22157982,NA,NA,1,NA,NA,NA,NA,0,https://www.airbnb.com/rooms/22157982
22160989,NA,Neighborhood highlights,5,NA,2,NA,4.52,42,https://www.airbnb.com/rooms/22160989
22161900,NA,Neighborhood highlights,3,NA,1,NA,5,5,https://www.airbnb.com/rooms/22161900
22165797,NA,NA,2,NA,NA,NA,NA,0,https://www.airbnb.com/rooms/22165797
22167066,NA,Neighborhood highlights,2,NA,NA,NA,4.69,173,https://www.airbnb.com/rooms/22167066
22173625,$56.00,Neighborhood highlights,2,1,1,1,4.56,134,https://www.airbnb.com/rooms/22173625
22173887,NA,NA,2,NA,NA,NA,5,3,https://www.airbnb.com/rooms/22173887
22174482,NA,Neighborhood highlights,1,NA,NA,NA,5,2,https://www.airbnb.com/rooms/22174482
22175928,NA,Neighborhood highlights,2,NA,NA,NA,4.84,31,https://www.airbnb.com/rooms/22175928
22176026,NA,Neighborhood highlights,1,NA,NA,NA,4.71,7,https://www.airbnb.com/rooms/22176026
22176062,$48.00,NA,1,1,1,1,4.81,42,https://www.airbnb.com/rooms/22176062
22176068,NA,NA,4,NA,2,NA,5,1,https://www.airbnb.com/rooms/22176068
22176678,NA,NA,2,NA,1,NA,4.62,52,https://www.airbnb.com/rooms/22176678
22176782,NA,NA,2,NA,NA,NA,4.75,4,https://www.airbnb.com/rooms/22176782
22184960,NA,Neighborhood highlights,2,NA,NA,NA,4.56,55,https://www.airbnb.com/rooms/22184960
22187361,$375.00,Neighborhood highlights,2,1,1,1,4.9,40,https://www.airbnb.com/rooms/22187361
22188050,NA,NA,2,NA,1,NA,5,2,https://www.airbnb.com/rooms/22188050
22188609,NA,Neighborhood highlights,3,NA,NA,NA,4.64,42,https://www.airbnb.com/rooms/22188609
22188812,NA,Neighborhood highlights,4,NA,2,NA,5,2,https://www.airbnb.com/rooms/22188812
22191121,NA,NA,6,NA,2,NA,5,1,https://www.airbnb.com/rooms/22191121
22191302,NA,Neighborhood highlights,2,NA,NA,NA,5,1,https://www.airbnb.com/rooms/22191302
22191646,NA,NA,4,NA,1,NA,4.5,2,https://www.airbnb.com/rooms/22191646
22192417,NA,Neighborhood highlights,2,NA,1,NA,4.73,101,https://www.airbnb.com/rooms/22192417
22192616,NA,Neighborhood highlights,4,NA,2,NA,4.83,69,https://www.airbnb.com/rooms/22192616
22195204,NA,Neighborhood highlights,1,NA,1,NA,5,1,https://www.airbnb.com/rooms/22195204
22203739,NA,NA,3,NA,NA,NA,NA,0,https://www.airbnb.com/rooms/22203739
22204856,NA,NA,2,NA,1,NA,NA,0,https://www.airbnb.com/rooms/22204856
22205277,NA,NA,2,NA,NA,NA,5,1,https://www.airbnb.com/rooms/22205277
22205280,NA,Neighborhood highlights,2,NA,1,NA,4.89,47,https://www.airbnb.com/rooms/22205280
22205284,$149.00,NA,4,1,3,3,4.8,56,https://www.airbnb.com/rooms/22205284
22205619,NA,Neighborhood highlights,2,NA,2,NA,5,2,https://www.airbnb.com/rooms/22205619
22206345,NA,NA,1,NA,NA,NA,5,1,https://www.airbnb.com/rooms/22206345
22206601,NA,Neighborhood highlights,3,NA,2,NA,4,1,https://www.airbnb.com/rooms/22206601
22207978,NA,Neighborhood highlights,4,NA,1,NA,4.89,9,https://www.airbnb.com/rooms/22207978
22208315,NA,NA,1,NA,NA,NA,5,1,https://www.airbnb.com/rooms/22208315
22208373,$94.00,NA,2,1,0,1,4.58,19,https://www.airbnb.com/rooms/22208373
22209681,NA,Neighborhood highlights,2,NA,NA,NA,4,2,https://www.airbnb.com/rooms/22209681
22210721,NA,NA,4,NA,1,NA,NA,0,https://www.airbnb.com/rooms/22210721
22213508,NA,NA,4,NA,2,NA,NA,0,https://www.airbnb.com/rooms/22213508
22213572,NA,Neighborhood highlights,4,NA,2,NA,NA,0,https://www.airbnb.com/rooms/22213572
22214383,NA,Neighborhood highlights,2,NA,1,NA,5,1,https://www.airbnb.com/rooms/22214383
22214408,NA,Neighborhood highlights,2,NA,3,NA,4.5,2,https://www.airbnb.com/rooms/22214408
22214478,NA,NA,1,NA,NA,NA,4.67,3,https://www.airbnb.com/rooms/22214478
22214594,NA,NA,2,NA,NA,NA,4.17,6,https://www.airbnb.com/rooms/22214594
22224639,$131.00,Neighborhood highlights,4,1,1,1,4.89,97,https://www.airbnb.com/rooms/22224639
22227015,NA,Neighborhood highlights,4,NA,1,NA,4.71,7,https://www.airbnb.com/rooms/22227015
22229755,$96.00,Neighborhood highlights,2,1,1,2,4.48,44,https://www.airbnb.com/rooms/22229755
22231453,NA,Neighborhood highlights,2,NA,NA,NA,4.6,103,https://www.airbnb.com/rooms/22231453
22231557,NA,Neighborhood highlights,2,NA,NA,NA,4.78,54,https://www.airbnb.com/rooms/22231557
22231811,$245.00,Neighborhood highlights,2,1,1,1,4.79,53,https://www.airbnb.com/rooms/22231811
22232328,NA,Neighborhood highlights,4,NA,2,NA,NA,0,https://www.airbnb.com/rooms/22232328
22233024,NA,NA,2,NA,1,NA,4,1,https://www.airbnb.com/rooms/22233024
22238046,NA,NA,1,NA,NA,NA,NA,0,https://www.airbnb.com/rooms/22238046
22243957,NA,Neighborhood highlights,2,NA,NA,NA,5,1,https://www.airbnb.com/rooms/22243957
22244184,NA,NA,2,NA,NA,NA,4.67,3,https://www.airbnb.com/rooms/22244184
22245492,$150.00,NA,2,2,1,2,4.96,73,https://www.airbnb.com/rooms/22245492
22245972,NA,NA,1,NA,NA,NA,NA,0,https://www.airbnb.com/rooms/22245972
22246770,NA,NA,2,NA,NA,NA,NA,0,https://www.airbnb.com/rooms/22246770
22247316,NA,Neighborhood highlights,2,NA,1,NA,NA,0,https://www.airbnb.com/rooms/22247316
22249013,NA,Neighborhood highlights,1,NA,NA,NA,4.67,6,https://www.airbnb.com/rooms/22249013
22249256,NA,NA,4,NA,1,NA,NA,0,https://www.airbnb.com/rooms/22249256
22249805,NA,Neighborhood highlights,2,NA,NA,NA,4.42,24,https://www.airbnb.com/rooms/22249805
22250850,NA,NA,2,NA,1,NA,5,1,https://www.airbnb.com/rooms/22250850
22251000,NA,Neighborhood highlights,2,NA,1,NA,4.67,3,https://www.airbnb.com/rooms/22251000
22251884,$332.00,Neighborhood highlights,2,1,1,1,4.88,164,https://www.airbnb.com/rooms/22251884
22252595,NA,NA,2,NA,NA,NA,5,1,https://www.airbnb.com/rooms/22252595
22258326,$202.00,Neighborhood highlights,3,1,1,1,4.67,39,https://www.airbnb.com/rooms/22258326
22258880,NA,Neighborhood highlights,3,NA,NA,NA,5,1,https://www.airbnb.com/rooms/22258880
22259472,NA,NA,6,NA,3,NA,5,1,https://www.airbnb.com/rooms/22259472
22260331,NA,Neighborhood highlights,2,NA,1,NA,NA,0,https://www.airbnb.com/rooms/22260331
22264539,NA,NA,1,NA,NA,NA,NA,0,https://www.airbnb.com/rooms/22264539
22264586,NA,NA,2,NA,1,NA,4.5,2,https://www.airbnb.com/rooms/22264586
22266538,NA,Neighborhood highlights,2,NA,NA,NA,5,4,https://www.airbnb.com/rooms/22266538
22266609,NA,Neighborhood highlights,1,NA,2,NA,5,4,https://www.airbnb.com/rooms/22266609
22275245,NA,Neighborhood highlights,2,NA,2,NA,4.6,26,https://www.airbnb.com/rooms/22275245
22276159,$66.00,NA,2,1,1,1,4.86,14,https://www.airbnb.com/rooms/22276159
22276602,$280.00,Neighborhood highlights,2,1,1,1,4.67,3,https://www.airbnb.com/rooms/22276602
22277436,NA,Neighborhood highlights,2,NA,1,NA,4,1,https://www.airbnb.com/rooms/22277436
22277909,NA,NA,4,NA,1,NA,5,1,https://www.airbnb.com/rooms/22277909
22279816,NA,NA,1,NA,NA,NA,4.5,4,https://www.airbnb.com/rooms/22279816
22280002,NA,Neighborhood highlights,4,NA,1,NA,4.98,88,https://www.airbnb.com/rooms/22280002
22280395,NA,NA,2,NA,1,NA,4.92,52,https://www.airbnb.com/rooms/22280395
22280404,NA,NA,1,NA,NA,NA,NA,0,https://www.airbnb.com/rooms/22280404
22280432,NA,NA,1,NA,1,NA,NA,0,https://www.airbnb.com/rooms/22280432
22280482,NA,Neighborhood highlights,2,NA,1,NA,3.67,3,https://www.airbnb.com/rooms/22280482
22282513,$89.00,NA,2,1,1,1,4.82,115,https://www.airbnb.com/rooms/22282513
22288453,NA,Neighborhood highlights,1,NA,NA,NA,4.62,154,https://www.airbnb.com/rooms/22288453
22289185,$164.00,NA,4,1,1,1,4,1,https://www.airbnb.com/rooms/22289185
22290580,NA,NA,2,NA,NA,NA,5,1,https://www.airbnb.com/rooms/22290580
22294028,$59.00,Neighborhood highlights,1,1,1,2,4.74,94,https://www.airbnb.com/rooms/22294028
22294260,NA,NA,6,NA,2,NA,NA,0,https://www.airbnb.com/rooms/22294260
22295587,NA,NA,2,NA,2,NA,4,2,https://www.airbnb.com/rooms/22295587
22295591,NA,Neighborhood highlights,5,NA,3,NA,5,4,https://www.airbnb.com/rooms/22295591
22302587,NA,NA,2,NA,NA,NA,NA,0,https://www.airbnb.com/rooms/22302587
22304663,NA,NA,4,NA,2,NA,4.5,2,https://www.airbnb.com/rooms/22304663
22304757,NA,Neighborhood highlights,2,NA,1,NA,NA,0,https://www.airbnb.com/rooms/22304757
22305350,NA,Neighborhood highlights,2,NA,NA,NA,5,6,https://www.airbnb.com/rooms/22305350
22306969,NA,Neighborhood highlights,3,NA,1,NA,4.33,3,https://www.airbnb.com/rooms/22306969
22308180,NA,NA,2,NA,NA,NA,NA,0,https://www.airbnb.com/rooms/22308180
22308824,NA,NA,4,NA,1,NA,NA,0,https://www.airbnb.com/rooms/22308824
22309027,NA,Neighborhood highlights,4,NA,1,NA,NA,0,https://www.airbnb.com/rooms/22309027
22309304,NA,Neighborhood highlights,3,NA,1,NA,5,1,https://www.airbnb.com/rooms/22309304
22309568,NA,NA,1,NA,1,NA,NA,0,https://www.airbnb.com/rooms/22309568
22312886,NA,NA,2,NA,NA,NA,5,1,https://www.airbnb.com/rooms/22312886
22321322,NA,NA,3,NA,1,NA,NA,0,https://www.airbnb.com/rooms/22321322
22321716,$95.00,Neighborhood highlights,2,1,1,2,4.72,207,https://www.airbnb.com/rooms/22321716
22328208,NA,NA,1,NA,NA,NA,NA,0,https://www.airbnb.com/rooms/22328208
22330756,NA,NA,2,NA,NA,NA,4.75,8,https://www.airbnb.com/rooms/22330756
22336218,NA,Neighborhood highlights,1,NA,1,NA,4.86,14,https://www.airbnb.com/rooms/22336218
22336423,NA,NA,4,NA,NA,NA,4.12,25,https://www.airbnb.com/rooms/22336423
22337162,NA,NA,1,NA,1,NA,NA,0,https://www.airbnb.com/rooms/22337162
22338613,NA,Neighborhood highlights,3,NA,1,NA,NA,0,https://www.airbnb.com/rooms/22338613
22338852,NA,Neighborhood highlights,2,NA,NA,NA,4,2,https://www.airbnb.com/rooms/22338852
22339264,NA,Neighborhood highlights,4,NA,1,NA,4.33,3,https://www.airbnb.com/rooms/22339264
22340384,$200.00,NA,16,1.5,3,7,4.82,173,https://www.airbnb.com/rooms/22340384
22341660,NA,Neighborhood highlights,1,NA,1,NA,NA,0,https://www.airbnb.com/rooms/22341660
22341716,$86.00,NA,3,1,1,2,NA,0,https://www.airbnb.com/rooms/22341716
22342020,NA,NA,1,NA,1,NA,4,1,https://www.airbnb.com/rooms/22342020
22342911,$72.00,NA,2,4,1,1,4.56,9,https://www.airbnb.com/rooms/22342911
22343274,NA,NA,1,NA,NA,NA,NA,0,https://www.airbnb.com/rooms/22343274
22343553,NA,Neighborhood highlights,2,NA,NA,NA,5,7,https://www.airbnb.com/rooms/22343553
22343909,$127.00,Neighborhood highlights,1,1,1,1,4.98,110,https://www.airbnb.com/rooms/22343909
22344067,NA,Neighborhood highlights,4,NA,2,NA,NA,0,https://www.airbnb.com/rooms/22344067
22344483,$128.00,Neighborhood highlights,2,1,1,1,4.95,60,https://www.airbnb.com/rooms/22344483
22345693,NA,NA,2,NA,NA,NA,4.75,8,https://www.airbnb.com/rooms/22345693
22346131,$185.00,Neighborhood highlights,2,1,1,2,4.84,140,https://www.airbnb.com/rooms/22346131
22350243,$200.00,Neighborhood highlights,4,1,1,2,4.82,125,https://www.airbnb.com/rooms/22350243
22353870,NA,Neighborhood highlights,2,NA,NA,NA,5,1,https://www.airbnb.com/rooms/22353870
22354598,$160.00,Neighborhood highlights,1,1,0,1,4.88,8,https://www.airbnb.com/rooms/22354598
22355505,NA,Neighborhood highlights,1,NA,NA,NA,NA,0,https://www.airbnb.com/rooms/22355505
22356093,NA,NA,1,NA,NA,NA,NA,0,https://www.airbnb.com/rooms/22356093
22356845,NA,Neighborhood highlights,1,NA,NA,NA,4.95,187,https://www.airbnb.com/rooms/22356845
22360216,$250.00,Neighborhood highlights,1,1,1,1,5,5,https://www.airbnb.com/rooms/22360216
22360657,NA,Neighborhood highlights,2,NA,1,NA,NA,0,https://www.airbnb.com/rooms/22360657
22361657,NA,Neighborhood highlights,1,NA,NA,NA,5,1,https://www.airbnb.com/rooms/22361657
22367196,NA,Neighborhood highlights,1,NA,1,NA,NA,0,https://www.airbnb.com/rooms/22367196
22368370,NA,Neighborhood highlights,4,NA,2,NA,4.38,8,https://www.airbnb.com/rooms/22368370
22370339,$66.00,Neighborhood highlights,2,1,1,1,4,10,https://www.airbnb.com/rooms/22370339
22371868,NA,NA,3,NA,1,NA,NA,0,https://www.airbnb.com/rooms/22371868
22372893,NA,NA,2,NA,1,NA,4,2,https://www.airbnb.com/rooms/22372893
22374799,$250.00,Neighborhood highlights,2,1,2,2,4.83,42,https://www.airbnb.com/rooms/22374799
22376011,NA,NA,2,NA,NA,NA,5,2,https://www.airbnb.com/rooms/22376011
22376093,$110.00,Neighborhood highlights,4,1,1,1,4.96,167,https://www.airbnb.com/rooms/22376093
22376956,NA,Neighborhood highlights,2,NA,1,NA,5,8,https://www.airbnb.com/rooms/22376956
22381052,$40.00,NA,2,1,1,1,5,6,https://www.airbnb.com/rooms/22381052
22385672,$265.00,NA,2,2,2,2,NA,0,https://www.airbnb.com/rooms/22385672
22387499,$195.00,Neighborhood highlights,2,1,2,2,4.89,97,https://www.airbnb.com/rooms/22387499
22387975,NA,NA,1,NA,NA,NA,NA,0,https://www.airbnb.com/rooms/22387975
22389035,$58.00,Neighborhood highlights,2,1,1,1,4.85,178,https://www.airbnb.com/rooms/22389035
22392030,NA,NA,2,NA,1,NA,NA,0,https://www.airbnb.com/rooms/22392030
22393526,NA,Neighborhood highlights,2,NA,NA,NA,4.9,10,https://www.airbnb.com/rooms/22393526
22395320,NA,Neighborhood highlights,2,NA,1,NA,4.94,31,https://www.airbnb.com/rooms/22395320
22397992,NA,Neighborhood highlights,2,NA,NA,NA,4,1,https://www.airbnb.com/rooms/22397992
22401504,$170.00,Neighborhood highlights,4,1,2,4,4.82,151,https://www.airbnb.com/rooms/22401504
22406251,NA,NA,2,NA,NA,NA,4.29,7,https://www.airbnb.com/rooms/22406251
22407389,NA,Neighborhood highlights,1,NA,NA,NA,4.8,15,https://www.airbnb.com/rooms/22407389
22408527,NA,NA,1,NA,3,NA,NA,0,https://www.airbnb.com/rooms/22408527
22409073,NA,Neighborhood highlights,2,NA,1,NA,4.43,7,https://www.airbnb.com/rooms/22409073
22409377,NA,NA,2,NA,NA,NA,NA,0,https://www.airbnb.com/rooms/22409377
22409448,$195.00,Neighborhood highlights,4,1,1,2,4.93,144,https://www.airbnb.com/rooms/22409448
22409935,NA,Neighborhood highlights,3,NA,1,NA,NA,0,https://www.airbnb.com/rooms/22409935
22410359,NA,NA,2,NA,2,NA,4.6,10,https://www.airbnb.com/rooms/22410359
22411635,NA,Neighborhood highlights,2,NA,NA,NA,4.72,36,https://www.airbnb.com/rooms/22411635
22417648,NA,Neighborhood highlights,2,NA,NA,NA,4.86,86,https://www.airbnb.com/rooms/22417648
22421636,NA,Neighborhood highlights,3,NA,1,NA,4.79,158,https://www.airbnb.com/rooms/22421636
22431770,$211.00,NA,2,1,1,1,4.48,927,https://www.airbnb.com/rooms/22431770
22432497,NA,Neighborhood highlights,1,NA,3,NA,4.88,41,https://www.airbnb.com/rooms/22432497
22433764,$74.00,NA,1,1,1,1,2,2,https://www.airbnb.com/rooms/22433764
22434861,NA,NA,6,NA,3,NA,5,1,https://www.airbnb.com/rooms/22434861
22435019,$107.00,Neighborhood highlights,4,2,1,3,4.91,69,https://www.airbnb.com/rooms/22435019
22436168,NA,NA,1,NA,NA,NA,NA,0,https://www.airbnb.com/rooms/22436168
22436287,$108.00,Neighborhood highlights,3,1,1,1,4.73,15,https://www.airbnb.com/rooms/22436287
22436899,NA,NA,4,NA,1,NA,NA,0,https://www.airbnb.com/rooms/22436899
22440046,NA,Neighborhood highlights,2,NA,NA,NA,4.43,14,https://www.airbnb.com/rooms/22440046
22445948,$195.00,Neighborhood highlights,7,1,3,4,4.8,25,https://www.airbnb.com/rooms/22445948
22445969,$175.00,NA,2,1,1,1,5,18,https://www.airbnb.com/rooms/22445969
22446079,NA,Neighborhood highlights,2,NA,1,NA,4.63,8,https://www.airbnb.com/rooms/22446079
22448487,$199.00,Neighborhood highlights,2,1,1,1,4.81,27,https://www.airbnb.com/rooms/22448487
22448627,NA,Neighborhood highlights,1,NA,NA,NA,4.88,82,https://www.airbnb.com/rooms/22448627
22450143,$52.00,Neighborhood highlights,2,1,1,1,4.82,89,https://www.airbnb.com/rooms/22450143
22450373,$65.00,NA,2,1,0,2,4.86,21,https://www.airbnb.com/rooms/22450373
22452278,$192.00,Neighborhood highlights,2,1,1,1,4.96,346,https://www.airbnb.com/rooms/22452278
22452728,$85.00,NA,2,1,1,1,4.51,240,https://www.airbnb.com/rooms/22452728
22453638,NA,NA,5,NA,2,NA,5,2,https://www.airbnb.com/rooms/22453638
22454253,NA,Neighborhood highlights,5,NA,1,NA,5,3,https://www.airbnb.com/rooms/22454253
22454537,NA,NA,4,NA,NA,NA,NA,0,https://www.airbnb.com/rooms/22454537
22460607,NA,NA,2,NA,1,NA,NA,0,https://www.airbnb.com/rooms/22460607
22460669,NA,Neighborhood highlights,2,NA,NA,NA,4.91,11,https://www.airbnb.com/rooms/22460669
22462797,NA,NA,3,NA,NA,NA,5,1,https://www.airbnb.com/rooms/22462797
22463977,$113.00,Neighborhood highlights,2,1,1,1,4.95,619,https://www.airbnb.com/rooms/22463977
22465327,$319.00,Neighborhood highlights,12,2.5,5,5,4.55,20,https://www.airbnb.com/rooms/22465327
22471099,NA,Neighborhood highlights,1,NA,1,NA,NA,0,https://www.airbnb.com/rooms/22471099
22480209,$45.00,Neighborhood highlights,1,1,3,3,5,3,https://www.airbnb.com/rooms/22480209
22481246,NA,Neighborhood highlights,4,NA,1,NA,4.42,117,https://www.airbnb.com/rooms/22481246
22481840,NA,Neighborhood highlights,1,NA,1,NA,4.83,12,https://www.airbnb.com/rooms/22481840
22482376,NA,Neighborhood highlights,2,NA,NA,NA,4.67,6,https://www.airbnb.com/rooms/22482376
22483776,NA,NA,1,NA,1,NA,4.33,6,https://www.airbnb.com/rooms/22483776
22484057,NA,NA,2,NA,NA,NA,4.5,2,https://www.airbnb.com/rooms/22484057
22485658,$225.00,Neighborhood highlights,4,2,2,2,5,5,https://www.airbnb.com/rooms/22485658
22503340,NA,Neighborhood highlights,1,NA,NA,NA,4.67,9,https://www.airbnb.com/rooms/22503340
22504678,NA,Neighborhood highlights,2,NA,1,NA,NA,0,https://www.airbnb.com/rooms/22504678
22505480,NA,Neighborhood highlights,2,NA,1,NA,NA,0,https://www.airbnb.com/rooms/22505480
22512408,NA,NA,1,NA,1,NA,NA,0,https://www.airbnb.com/rooms/22512408
22514608,$107.00,NA,2,1,5,1,4.84,417,https://www.airbnb.com/rooms/22514608
22515792,$163.00,Neighborhood highlights,2,1,1,1,4.9,221,https://www.airbnb.com/rooms/22515792
22516244,NA,NA,3,NA,1,NA,4.91,11,https://www.airbnb.com/rooms/22516244
22516899,NA,NA,2,NA,NA,NA,NA,0,https://www.airbnb.com/rooms/22516899
22530764,$100.00,Neighborhood highlights,2,1,1,1,5,12,https://www.airbnb.com/rooms/22530764
22531031,$98.00,Neighborhood highlights,2,1,1,1,4.87,171,https://www.airbnb.com/rooms/22531031
22531866,NA,Neighborhood highlights,1,NA,NA,NA,4.63,8,https://www.airbnb.com/rooms/22531866
22534758,NA,Neighborhood highlights,4,NA,2,NA,5,6,https://www.airbnb.com/rooms/22534758
22545036,NA,NA,1,NA,1,NA,5,1,https://www.airbnb.com/rooms/22545036
22545284,NA,NA,4,NA,NA,NA,4.81,52,https://www.airbnb.com/rooms/22545284
22546236,NA,NA,3,NA,NA,NA,NA,0,https://www.airbnb.com/rooms/22546236
22548780,NA,NA,1,NA,NA,NA,5,1,https://www.airbnb.com/rooms/22548780
22550289,NA,Neighborhood highlights,4,NA,1,NA,4.8,10,https://www.airbnb.com/rooms/22550289
22551923,NA,Neighborhood highlights,4,NA,1,NA,5,4,https://www.airbnb.com/rooms/22551923
22567430,$136.00,NA,2,1.5,1,1,4.9,138,https://www.airbnb.com/rooms/22567430
22568389,NA,NA,1,NA,NA,NA,NA,0,https://www.airbnb.com/rooms/22568389
22570044,NA,NA,2,NA,NA,NA,5,4,https://www.airbnb.com/rooms/22570044
22574255,$55.00,Neighborhood highlights,1,1,1,1,4.95,150,https://www.airbnb.com/rooms/22574255
22578161,NA,NA,1,NA,NA,NA,NA,0,https://www.airbnb.com/rooms/22578161
22582841,$291.00,Neighborhood highlights,8,1,3,4,4.85,292,https://www.airbnb.com/rooms/22582841
22584507,NA,Neighborhood highlights,1,NA,NA,NA,NA,0,https://www.airbnb.com/rooms/22584507
22586049,NA,Neighborhood highlights,3,NA,1,NA,4.9,10,https://www.airbnb.com/rooms/22586049
22588755,$90.00,Neighborhood highlights,1,1,1,1,4.65,266,https://www.airbnb.com/rooms/22588755
22589500,NA,NA,3,NA,1,NA,5,2,https://www.airbnb.com/rooms/22589500
22601143,NA,NA,1,NA,1,NA,NA,0,https://www.airbnb.com/rooms/22601143
22601249,$200.00,Neighborhood highlights,6,1,2,4,4.49,160,https://www.airbnb.com/rooms/22601249
22602996,NA,Neighborhood highlights,2,NA,NA,NA,NA,0,https://www.airbnb.com/rooms/22602996
22609277,$95.00,NA,2,1,1,1,4.59,29,https://www.airbnb.com/rooms/22609277
22611108,NA,NA,4,NA,1,NA,NA,0,https://www.airbnb.com/rooms/22611108
22611675,NA,NA,1,NA,NA,NA,5,2,https://www.airbnb.com/rooms/22611675
22618211,NA,NA,2,NA,NA,NA,NA,0,https://www.airbnb.com/rooms/22618211
22627980,NA,Neighborhood highlights,2,NA,NA,NA,5,4,https://www.airbnb.com/rooms/22627980
22628471,NA,NA,2,NA,NA,NA,NA,0,https://www.airbnb.com/rooms/22628471
22631617,NA,Neighborhood highlights,2,NA,NA,NA,5,2,https://www.airbnb.com/rooms/22631617
22634088,$46.00,Neighborhood highlights,2,1,1,1,4.97,31,https://www.airbnb.com/rooms/22634088
22638243,NA,NA,2,NA,NA,NA,5,2,https://www.airbnb.com/rooms/22638243
22651032,$49.00,Neighborhood highlights,2,1,1,1,4.53,101,https://www.airbnb.com/rooms/22651032
22651614,NA,NA,1,NA,NA,NA,NA,0,https://www.airbnb.com/rooms/22651614
22663674,$545.00,Neighborhood highlights,2,1.5,2,3,4.94,195,https://www.airbnb.com/rooms/22663674
22665392,NA,Neighborhood highlights,4,NA,2,NA,4.89,47,https://www.airbnb.com/rooms/22665392
22671517,NA,NA,4,NA,1,NA,NA,0,https://www.airbnb.com/rooms/22671517
22683699,NA,Neighborhood highlights,4,NA,1,NA,4.18,56,https://www.airbnb.com/rooms/22683699
22683927,NA,NA,1,NA,2,NA,NA,0,https://www.airbnb.com/rooms/22683927
22685532,NA,NA,4,NA,2,NA,NA,0,https://www.airbnb.com/rooms/22685532
22688059,NA,NA,2,NA,1,NA,4.75,12,https://www.airbnb.com/rooms/22688059
22689135,NA,Neighborhood highlights,2,NA,NA,NA,4,1,https://www.airbnb.com/rooms/22689135
22691267,NA,Neighborhood highlights,3,NA,1,NA,NA,0,https://www.airbnb.com/rooms/22691267
22697211,NA,Neighborhood highlights,2,NA,NA,NA,4.92,25,https://www.airbnb.com/rooms/22697211
22699847,$115.00,Neighborhood highlights,6,1.5,2,3,4.82,49,https://www.airbnb.com/rooms/22699847
22702906,NA,Neighborhood highlights,3,NA,1,NA,5,6,https://www.airbnb.com/rooms/22702906
22702994,NA,NA,1,NA,1,NA,NA,0,https://www.airbnb.com/rooms/22702994
22703494,NA,NA,2,NA,1,NA,5,1,https://www.airbnb.com/rooms/22703494
22703920,NA,Neighborhood highlights,2,NA,3,NA,4.71,24,https://www.airbnb.com/rooms/22703920
22704069,NA,Neighborhood highlights,6,NA,2,NA,NA,0,https://www.airbnb.com/rooms/22704069
22704461,NA,NA,4,NA,1,NA,NA,0,https://www.airbnb.com/rooms/22704461
22704580,NA,NA,1,NA,NA,NA,NA,0,https://www.airbnb.com/rooms/22704580
22705115,$100.00,Neighborhood highlights,3,1,1,1,4.86,36,https://www.airbnb.com/rooms/22705115
22705822,$129.00,Neighborhood highlights,2,1,1,2,5,15,https://www.airbnb.com/rooms/22705822
22705963,NA,NA,2,NA,1,NA,NA,0,https://www.airbnb.com/rooms/22705963
22723461,NA,Neighborhood highlights,2,NA,NA,NA,4.69,16,https://www.airbnb.com/rooms/22723461
22727785,$113.00,NA,1,1,0,2,5,2,https://www.airbnb.com/rooms/22727785
22734359,NA,Neighborhood highlights,5,NA,1,NA,5,6,https://www.airbnb.com/rooms/22734359
22734483,NA,NA,2,NA,1,NA,4.6,5,https://www.airbnb.com/rooms/22734483
22734514,NA,Neighborhood highlights,2,NA,NA,NA,4.71,28,https://www.airbnb.com/rooms/22734514
22735103,NA,Neighborhood highlights,3,NA,NA,NA,4.5,4,https://www.airbnb.com/rooms/22735103
22735497,NA,Neighborhood highlights,2,NA,1,NA,4.9,10,https://www.airbnb.com/rooms/22735497
22750988,NA,NA,2,NA,1,NA,4.36,11,https://www.airbnb.com/rooms/22750988
22751177,$75.00,NA,2,4,1,1,4.45,11,https://www.airbnb.com/rooms/22751177
22751525,NA,Neighborhood highlights,1,NA,1,NA,2,1,https://www.airbnb.com/rooms/22751525
22751906,$165.00,Neighborhood highlights,5,1,2,3,4.79,117,https://www.airbnb.com/rooms/22751906
22753912,NA,Neighborhood highlights,3,NA,1,NA,4.83,18,https://www.airbnb.com/rooms/22753912
22754110,NA,NA,4,NA,1,NA,5,4,https://www.airbnb.com/rooms/22754110
22763812,NA,Neighborhood highlights,2,NA,NA,NA,4.86,7,https://www.airbnb.com/rooms/22763812
22764944,$63.00,Neighborhood highlights,2,1,1,1,4.83,137,https://www.airbnb.com/rooms/22764944
22765472,$90.00,Neighborhood highlights,2,1,0,1,4.84,55,https://www.airbnb.com/rooms/22765472
22766296,$160.00,Neighborhood highlights,3,1,0,1,4.5,2,https://www.airbnb.com/rooms/22766296
22770827,NA,Neighborhood highlights,3,NA,2,NA,4.5,76,https://www.airbnb.com/rooms/22770827
22770831,NA,NA,2,NA,NA,NA,5,19,https://www.airbnb.com/rooms/22770831
22772191,$64.00,NA,1,4,1,1,4.29,14,https://www.airbnb.com/rooms/22772191
22772570,$75.00,NA,2,4,1,1,4.5,8,https://www.airbnb.com/rooms/22772570
22772691,$46.00,Neighborhood highlights,1,1,1,1,5,17,https://www.airbnb.com/rooms/22772691
22775292,NA,Neighborhood highlights,2,NA,NA,NA,5,9,https://www.airbnb.com/rooms/22775292
22781825,NA,NA,4,NA,1,NA,NA,0,https://www.airbnb.com/rooms/22781825
22785118,$174.00,Neighborhood highlights,2,1,1,2,4.93,183,https://www.airbnb.com/rooms/22785118
22789426,NA,NA,2,NA,NA,NA,4.56,18,https://www.airbnb.com/rooms/22789426
22793472,$69.00,NA,2,1,1,1,4.79,24,https://www.airbnb.com/rooms/22793472
22793957,NA,NA,1,NA,NA,NA,4.74,19,https://www.airbnb.com/rooms/22793957
22794719,NA,Neighborhood highlights,2,NA,NA,NA,4.68,25,https://www.airbnb.com/rooms/22794719
22797978,"$3,999.00",NA,4,1,2,2,5,3,https://www.airbnb.com/rooms/22797978
22802275,NA,NA,4,NA,1,NA,NA,0,https://www.airbnb.com/rooms/22802275
22811128,NA,NA,2,NA,NA,NA,NA,0,https://www.airbnb.com/rooms/22811128
22812324,NA,Neighborhood highlights,3,NA,1,NA,4.74,47,https://www.airbnb.com/rooms/22812324
22818498,NA,NA,1,NA,NA,NA,NA,0,https://www.airbnb.com/rooms/22818498
22842124,NA,NA,2,NA,1,NA,5,5,https://www.airbnb.com/rooms/22842124
22843793,NA,Neighborhood highlights,2,NA,1,NA,5,2,https://www.airbnb.com/rooms/22843793
22846744,NA,NA,2,NA,NA,NA,4.67,3,https://www.airbnb.com/rooms/22846744
22847975,NA,NA,2,NA,1,NA,NA,0,https://www.airbnb.com/rooms/22847975
22850413,NA,Neighborhood highlights,2,NA,3,NA,NA,0,https://www.airbnb.com/rooms/22850413
22851242,$135.00,Neighborhood highlights,2,1,1,1,4.63,81,https://www.airbnb.com/rooms/22851242
22852435,$85.00,Neighborhood highlights,2,1,1,1,4.96,23,https://www.airbnb.com/rooms/22852435
22862793,NA,Neighborhood highlights,2,NA,2,NA,4.33,3,https://www.airbnb.com/rooms/22862793
22862864,NA,NA,1,NA,NA,NA,5,1,https://www.airbnb.com/rooms/22862864
22862877,$79.00,Neighborhood highlights,2,1,1,3,4.83,219,https://www.airbnb.com/rooms/22862877
22862882,NA,Neighborhood highlights,4,NA,1,NA,4.8,40,https://www.airbnb.com/rooms/22862882
22863062,NA,Neighborhood highlights,4,NA,2,NA,5,7,https://www.airbnb.com/rooms/22863062
22868847,NA,Neighborhood highlights,2,NA,NA,NA,4.67,3,https://www.airbnb.com/rooms/22868847
22869573,NA,Neighborhood highlights,2,NA,1,NA,4.91,56,https://www.airbnb.com/rooms/22869573
22878070,NA,Neighborhood highlights,5,NA,3,NA,NA,0,https://www.airbnb.com/rooms/22878070
22878715,$91.00,Neighborhood highlights,4,1,1,2,4.67,15,https://www.airbnb.com/rooms/22878715
22881110,$250.00,Neighborhood highlights,1,1,1,1,4.98,52,https://www.airbnb.com/rooms/22881110
22885310,NA,Neighborhood highlights,2,NA,NA,NA,4.54,61,https://www.airbnb.com/rooms/22885310
22887406,$150.00,Neighborhood highlights,1,1,1,1,5,22,https://www.airbnb.com/rooms/22887406
22904809,NA,NA,1,NA,1,NA,NA,0,https://www.airbnb.com/rooms/22904809
22906559,NA,NA,1,NA,NA,NA,NA,0,https://www.airbnb.com/rooms/22906559
22911635,$349.00,Neighborhood highlights,5,1.5,3,3,4.6,20,https://www.airbnb.com/rooms/22911635
22919133,NA,NA,2,NA,2,NA,4.59,22,https://www.airbnb.com/rooms/22919133
22921200,NA,NA,3,NA,1,NA,NA,0,https://www.airbnb.com/rooms/22921200
22926900,NA,Neighborhood highlights,4,NA,2,NA,NA,0,https://www.airbnb.com/rooms/22926900
22928216,NA,NA,2,NA,1,NA,5,1,https://www.airbnb.com/rooms/22928216
22928943,NA,NA,1,NA,NA,NA,4.67,9,https://www.airbnb.com/rooms/22928943
22929942,NA,NA,2,NA,1,NA,NA,0,https://www.airbnb.com/rooms/22929942
22937557,NA,Neighborhood highlights,3,NA,NA,NA,4.86,7,https://www.airbnb.com/rooms/22937557
22942669,$35.00,Neighborhood highlights,1,1,1,1,5,8,https://www.airbnb.com/rooms/22942669
22944348,$291.00,NA,6,1,2,2,4.72,440,https://www.airbnb.com/rooms/22944348
22946348,NA,Neighborhood highlights,1,NA,NA,NA,5,4,https://www.airbnb.com/rooms/22946348
22951923,$185.00,Neighborhood highlights,2,1,1,1,4.99,144,https://www.airbnb.com/rooms/22951923
22955342,NA,NA,2,NA,1,NA,NA,0,https://www.airbnb.com/rooms/22955342
22956955,NA,Neighborhood highlights,2,NA,1,NA,4.56,16,https://www.airbnb.com/rooms/22956955
22957090,NA,NA,2,NA,NA,NA,NA,0,https://www.airbnb.com/rooms/22957090
22958680,NA,NA,3,NA,1,NA,4.74,250,https://www.airbnb.com/rooms/22958680
22961758,$64.00,Neighborhood highlights,2,1,1,1,4.56,16,https://www.airbnb.com/rooms/22961758
22964396,$105.00,Neighborhood highlights,2,1,2,2,3,1,https://www.airbnb.com/rooms/22964396
22969403,NA,NA,3,NA,2,NA,NA,0,https://www.airbnb.com/rooms/22969403
22970376,NA,NA,2,NA,NA,NA,NA,0,https://www.airbnb.com/rooms/22970376
22971234,$240.00,Neighborhood highlights,2,1,2,2,NA,0,https://www.airbnb.com/rooms/22971234
22972328,NA,Neighborhood highlights,3,NA,NA,NA,4.42,24,https://www.airbnb.com/rooms/22972328
22972357,NA,NA,2,NA,1,NA,3.5,2,https://www.airbnb.com/rooms/22972357
22975958,NA,NA,2,NA,NA,NA,NA,0,https://www.airbnb.com/rooms/22975958
22978756,NA,Neighborhood highlights,3,NA,1,NA,NA,0,https://www.airbnb.com/rooms/22978756
22979825,NA,Neighborhood highlights,1,NA,1,NA,NA,0,https://www.airbnb.com/rooms/22979825
22980907,$55.00,Neighborhood highlights,2,1,1,1,4.75,245,https://www.airbnb.com/rooms/22980907
22981126,NA,NA,1,NA,1,NA,NA,0,https://www.airbnb.com/rooms/22981126
22986248,NA,Neighborhood highlights,6,NA,2,NA,4.78,9,https://www.airbnb.com/rooms/22986248
22987769,$100.00,NA,1,1,1,1,4.72,39,https://www.airbnb.com/rooms/22987769
22994960,NA,NA,2,NA,1,NA,NA,0,https://www.airbnb.com/rooms/22994960
22997928,NA,Neighborhood highlights,2,NA,1,NA,4.98,56,https://www.airbnb.com/rooms/22997928
23001611,NA,NA,3,NA,1,NA,NA,0,https://www.airbnb.com/rooms/23001611
23002312,NA,NA,4,NA,1,NA,5,13,https://www.airbnb.com/rooms/23002312
23002904,$625.00,Neighborhood highlights,5,3,3,4,4.9,30,https://www.airbnb.com/rooms/23002904
23004107,$100.00,Neighborhood highlights,2,1,1,1,5,10,https://www.airbnb.com/rooms/23004107
23005685,NA,NA,2,NA,NA,NA,NA,0,https://www.airbnb.com/rooms/23005685
23006397,NA,NA,3,NA,NA,NA,4.83,6,https://www.airbnb.com/rooms/23006397
23017281,$180.00,NA,2,1,1,1,3.75,4,https://www.airbnb.com/rooms/23017281
23017828,NA,NA,2,NA,1,NA,5,12,https://www.airbnb.com/rooms/23017828
23018280,NA,Neighborhood highlights,2,NA,NA,NA,4.87,100,https://www.airbnb.com/rooms/23018280
23019675,NA,NA,4,NA,1,NA,5,1,https://www.airbnb.com/rooms/23019675
23019746,NA,Neighborhood highlights,2,NA,1,NA,5,3,https://www.airbnb.com/rooms/23019746
23021271,$90.00,NA,4,1,1,3,4.48,164,https://www.airbnb.com/rooms/23021271
23023423,NA,NA,1,NA,NA,NA,NA,0,https://www.airbnb.com/rooms/23023423
23024065,NA,Neighborhood highlights,4,NA,1,NA,4.5,2,https://www.airbnb.com/rooms/23024065
23024146,NA,NA,1,NA,NA,NA,NA,0,https://www.airbnb.com/rooms/23024146
23027784,$130.00,Neighborhood highlights,2,1,0,1,5,6,https://www.airbnb.com/rooms/23027784
23034152,$165.00,NA,2,1,1,1,4.71,17,https://www.airbnb.com/rooms/23034152
23040115,$136.00,Neighborhood highlights,2,1,1,3,4.77,200,https://www.airbnb.com/rooms/23040115
23041312,NA,NA,3,NA,NA,NA,NA,0,https://www.airbnb.com/rooms/23041312
23045873,$240.00,Neighborhood highlights,5,1,2,2,4.94,32,https://www.airbnb.com/rooms/23045873
23052180,$50.00,NA,4,1.5,1,1,3.5,2,https://www.airbnb.com/rooms/23052180
23052964,$55.00,NA,2,1.5,1,1,4.67,6,https://www.airbnb.com/rooms/23052964
23053827,NA,Neighborhood highlights,2,NA,NA,NA,5,1,https://www.airbnb.com/rooms/23053827
23054077,NA,NA,5,NA,4,NA,NA,0,https://www.airbnb.com/rooms/23054077
23054855,$160.00,Neighborhood highlights,2,1,1,1,4.78,54,https://www.airbnb.com/rooms/23054855
23055816,NA,Neighborhood highlights,2,NA,NA,NA,5,6,https://www.airbnb.com/rooms/23055816
23056508,$85.00,NA,1,1,1,1,5,2,https://www.airbnb.com/rooms/23056508
23058456,NA,NA,2,NA,NA,NA,NA,0,https://www.airbnb.com/rooms/23058456
23059611,$150.00,Neighborhood highlights,2,1,1,1,4.82,11,https://www.airbnb.com/rooms/23059611
23060192,$100.00,Neighborhood highlights,2,1,1,1,4.83,414,https://www.airbnb.com/rooms/23060192
23060916,$250.00,NA,3,1,2,2,5,16,https://www.airbnb.com/rooms/23060916
23061070,NA,NA,2,NA,NA,NA,4.9,304,https://www.airbnb.com/rooms/23061070
23061804,$64.00,NA,1,4,1,1,4.44,9,https://www.airbnb.com/rooms/23061804
23072308,NA,Neighborhood highlights,4,NA,1,NA,4.5,10,https://www.airbnb.com/rooms/23072308
23074259,$80.00,Neighborhood highlights,1,1,0,1,4.92,13,https://www.airbnb.com/rooms/23074259
23074722,$80.00,Neighborhood highlights,1,1,1,1,5,11,https://www.airbnb.com/rooms/23074722
23076745,NA,Neighborhood highlights,2,NA,NA,NA,4,1,https://www.airbnb.com/rooms/23076745
23076968,NA,Neighborhood highlights,2,NA,NA,NA,4.31,26,https://www.airbnb.com/rooms/23076968
23077115,NA,Neighborhood highlights,2,NA,NA,NA,4.92,12,https://www.airbnb.com/rooms/23077115
23078904,NA,NA,2,NA,1,NA,NA,0,https://www.airbnb.com/rooms/23078904
23084751,NA,NA,3,NA,NA,NA,NA,0,https://www.airbnb.com/rooms/23084751
23088777,$249.00,Neighborhood highlights,2,2.5,2,3,4.96,46,https://www.airbnb.com/rooms/23088777
23090887,NA,Neighborhood highlights,6,NA,3,NA,4.86,99,https://www.airbnb.com/rooms/23090887
23091135,NA,Neighborhood highlights,3,NA,1,NA,4.88,16,https://www.airbnb.com/rooms/23091135
23092823,$160.00,NA,4,1,2,2,4.82,60,https://www.airbnb.com/rooms/23092823
23093320,NA,Neighborhood highlights,2,NA,NA,NA,5,10,https://www.airbnb.com/rooms/23093320
23097802,NA,Neighborhood highlights,2,NA,NA,NA,NA,0,https://www.airbnb.com/rooms/23097802
23100862,NA,Neighborhood highlights,2,NA,NA,NA,5,1,https://www.airbnb.com/rooms/23100862
23102299,NA,Neighborhood highlights,2,NA,NA,NA,5,1,https://www.airbnb.com/rooms/23102299
23103116,NA,NA,1,NA,1,NA,5,2,https://www.airbnb.com/rooms/23103116
23105764,$150.00,Neighborhood highlights,9,1.5,2,4,4.59,406,https://www.airbnb.com/rooms/23105764
23107316,$298.00,Neighborhood highlights,2,1,1,1,4.92,13,https://www.airbnb.com/rooms/23107316
23109329,$130.00,Neighborhood highlights,2,1,0,2,4.94,77,https://www.airbnb.com/rooms/23109329
23116453,NA,Neighborhood highlights,3,NA,2,NA,4.57,7,https://www.airbnb.com/rooms/23116453
23120142,$65.00,NA,1,1,1,1,4.88,42,https://www.airbnb.com/rooms/23120142
23120678,NA,NA,2,NA,1,NA,4,4,https://www.airbnb.com/rooms/23120678
23128067,NA,NA,2,NA,NA,NA,4.4,10,https://www.airbnb.com/rooms/23128067
23128247,NA,Neighborhood highlights,3,NA,NA,NA,4.89,38,https://www.airbnb.com/rooms/23128247
23130144,$103.00,Neighborhood highlights,2,1,1,2,4.95,189,https://www.airbnb.com/rooms/23130144
23131033,NA,Neighborhood highlights,4,NA,1,NA,5,8,https://www.airbnb.com/rooms/23131033
23131496,$380.00,Neighborhood highlights,2,1,1,1,4.76,84,https://www.airbnb.com/rooms/23131496
23139647,$285.00,Neighborhood highlights,12,2,3,3,4.56,25,https://www.airbnb.com/rooms/23139647
23144059,NA,NA,2,NA,2,NA,NA,0,https://www.airbnb.com/rooms/23144059
23147603,NA,NA,4,NA,2,NA,NA,0,https://www.airbnb.com/rooms/23147603
23147808,$189.00,Neighborhood highlights,3,1,3,0,NA,0,https://www.airbnb.com/rooms/23147808
23149791,$39.00,Neighborhood highlights,1,1,1,1,4.79,14,https://www.airbnb.com/rooms/23149791
23150033,NA,Neighborhood highlights,2,NA,2,NA,NA,0,https://www.airbnb.com/rooms/23150033
23158770,NA,NA,4,NA,2,NA,NA,0,https://www.airbnb.com/rooms/23158770
23169146,NA,NA,1,NA,NA,NA,NA,0,https://www.airbnb.com/rooms/23169146
23170592,$50.00,NA,1,1,1,1,4.67,6,https://www.airbnb.com/rooms/23170592
23177964,NA,Neighborhood highlights,2,NA,NA,NA,4.75,4,https://www.airbnb.com/rooms/23177964
23184752,$200.00,NA,2,1,1,1,4.68,28,https://www.airbnb.com/rooms/23184752
23188573,NA,Neighborhood highlights,2,NA,NA,NA,NA,0,https://www.airbnb.com/rooms/23188573
23188871,NA,Neighborhood highlights,3,NA,NA,NA,NA,0,https://www.airbnb.com/rooms/23188871
23202549,$210.00,NA,4,1,2,2,4.9,20,https://www.airbnb.com/rooms/23202549
23208314,$120.00,Neighborhood highlights,3,1,1,1,4.31,13,https://www.airbnb.com/rooms/23208314
23216187,NA,Neighborhood highlights,1,NA,NA,NA,NA,0,https://www.airbnb.com/rooms/23216187
23219361,$78.00,Neighborhood highlights,2,1,0,1,4.91,91,https://www.airbnb.com/rooms/23219361
23224129,$80.00,NA,2,1,1,1,4.8,5,https://www.airbnb.com/rooms/23224129
23230395,$115.00,Neighborhood highlights,2,1,1,1,5,7,https://www.airbnb.com/rooms/23230395
23233925,NA,Neighborhood highlights,2,NA,NA,NA,4.82,45,https://www.airbnb.com/rooms/23233925
23235101,$125.00,Neighborhood highlights,4,1,2,2,4.95,127,https://www.airbnb.com/rooms/23235101
23252265,NA,NA,3,NA,1,NA,4.5,14,https://www.airbnb.com/rooms/23252265
23256023,NA,NA,2,NA,NA,NA,4.5,2,https://www.airbnb.com/rooms/23256023
23256828,NA,NA,1,NA,NA,NA,5,4,https://www.airbnb.com/rooms/23256828
23256946,NA,NA,2,NA,NA,NA,4.5,2,https://www.airbnb.com/rooms/23256946
23258602,NA,NA,1,NA,NA,NA,NA,0,https://www.airbnb.com/rooms/23258602
23265699,$115.00,Neighborhood highlights,2,1,1,1,4.89,9,https://www.airbnb.com/rooms/23265699
23271535,NA,Neighborhood highlights,1,1,0,1,4.96,194,https://www.airbnb.com/rooms/23271535
23272588,$359.00,NA,2,1,1,1,5,6,https://www.airbnb.com/rooms/23272588
23273547,$110.00,Neighborhood highlights,1,1,1,1,5,2,https://www.airbnb.com/rooms/23273547
23273907,$50.00,NA,1,1,1,1,4.83,52,https://www.airbnb.com/rooms/23273907
23274386,NA,NA,2,NA,1,NA,4.79,14,https://www.airbnb.com/rooms/23274386
23275013,NA,NA,2,NA,1,NA,NA,0,https://www.airbnb.com/rooms/23275013
23275777,$222.00,Neighborhood highlights,2,1,2,2,4.87,187,https://www.airbnb.com/rooms/23275777
23277230,$300.00,Neighborhood highlights,4,1,2,3,4.88,183,https://www.airbnb.com/rooms/23277230
23288667,$250.00,Neighborhood highlights,4,1,3,3,4.21,19,https://www.airbnb.com/rooms/23288667
23289674,$175.00,Neighborhood highlights,2,1,1,1,4.8,97,https://www.airbnb.com/rooms/23289674
23290179,NA,NA,4,NA,1,NA,4,8,https://www.airbnb.com/rooms/23290179
23292216,NA,Neighborhood highlights,5,NA,2,NA,4.89,64,https://www.airbnb.com/rooms/23292216
23301706,$50.00,NA,1,1,1,1,4.74,42,https://www.airbnb.com/rooms/23301706
23304812,$177.00,Neighborhood highlights,2,1,1,1,4.9,42,https://www.airbnb.com/rooms/23304812
23310309,NA,Neighborhood highlights,2,NA,NA,NA,4.43,61,https://www.airbnb.com/rooms/23310309
23311374,NA,Neighborhood highlights,2,NA,NA,NA,5,12,https://www.airbnb.com/rooms/23311374
23312524,NA,NA,2,NA,NA,NA,4,2,https://www.airbnb.com/rooms/23312524
23322737,$170.00,Neighborhood highlights,2,1,1,3,5,113,https://www.airbnb.com/rooms/23322737
23327138,NA,Neighborhood highlights,2,NA,NA,NA,5,5,https://www.airbnb.com/rooms/23327138
23336877,NA,Neighborhood highlights,8,NA,3,NA,4.8,51,https://www.airbnb.com/rooms/23336877
23340718,$90.00,Neighborhood highlights,2,1,1,1,4.62,92,https://www.airbnb.com/rooms/23340718
23351120,NA,Neighborhood highlights,1,NA,NA,NA,5,4,https://www.airbnb.com/rooms/23351120
23354992,NA,NA,2,NA,1,NA,4.76,21,https://www.airbnb.com/rooms/23354992
23355382,$166.00,Neighborhood highlights,2,1,1,1,4.92,59,https://www.airbnb.com/rooms/23355382
23357738,$375.00,Neighborhood highlights,3,1,1,1,4.83,18,https://www.airbnb.com/rooms/23357738
23358593,NA,Neighborhood highlights,2,NA,1,NA,5,11,https://www.airbnb.com/rooms/23358593
23358691,NA,Neighborhood highlights,1,NA,NA,NA,5,1,https://www.airbnb.com/rooms/23358691
23359277,NA,Neighborhood highlights,2,NA,1,NA,4.35,17,https://www.airbnb.com/rooms/23359277
23360409,NA,Neighborhood highlights,2,NA,1,NA,4.95,38,https://www.airbnb.com/rooms/23360409
23369991,$99.00,Neighborhood highlights,3,1,0,2,4.93,60,https://www.airbnb.com/rooms/23369991
23376196,$145.00,Neighborhood highlights,3,1,1,2,4.93,150,https://www.airbnb.com/rooms/23376196
23376943,NA,NA,2,NA,NA,NA,NA,0,https://www.airbnb.com/rooms/23376943
23377365,NA,NA,2,NA,NA,NA,5,5,https://www.airbnb.com/rooms/23377365
23377713,NA,Neighborhood highlights,1,NA,2,NA,NA,0,https://www.airbnb.com/rooms/23377713
23388053,NA,Neighborhood highlights,2,NA,NA,NA,4.85,104,https://www.airbnb.com/rooms/23388053
23392375,NA,Neighborhood highlights,1,NA,NA,NA,4,1,https://www.airbnb.com/rooms/23392375
23393043,$99.00,Neighborhood highlights,4,1,2,3,4.82,44,https://www.airbnb.com/rooms/23393043
23413509,$98.00,NA,2,1,1,2,4.5,154,https://www.airbnb.com/rooms/23413509
23416448,$450.00,Neighborhood highlights,5,2,3,2,5,2,https://www.airbnb.com/rooms/23416448
23425584,NA,Neighborhood highlights,3,NA,1,NA,4.86,7,https://www.airbnb.com/rooms/23425584
23427160,NA,Neighborhood highlights,7,NA,2,NA,5,4,https://www.airbnb.com/rooms/23427160
23430085,NA,Neighborhood highlights,2,NA,NA,NA,NA,0,https://www.airbnb.com/rooms/23430085
23432542,$148.00,Neighborhood highlights,2,1,1,2,4.86,7,https://www.airbnb.com/rooms/23432542
23433516,NA,Neighborhood highlights,6,NA,3,NA,4,2,https://www.airbnb.com/rooms/23433516
23434788,NA,NA,1,NA,NA,NA,NA,0,https://www.airbnb.com/rooms/23434788
23435040,NA,NA,4,NA,1,NA,NA,0,https://www.airbnb.com/rooms/23435040
23435772,NA,Neighborhood highlights,2,NA,NA,NA,5,13,https://www.airbnb.com/rooms/23435772
23435916,$161.00,Neighborhood highlights,2,1,1,1,4.76,78,https://www.airbnb.com/rooms/23435916
23437204,NA,NA,5,NA,1,NA,4.66,29,https://www.airbnb.com/rooms/23437204
23437788,$132.00,Neighborhood highlights,2,1,1,2,5,8,https://www.airbnb.com/rooms/23437788
23437793,NA,Neighborhood highlights,2,NA,1,NA,4.78,192,https://www.airbnb.com/rooms/23437793
23438247,$116.00,NA,2,1,1,1,4.95,392,https://www.airbnb.com/rooms/23438247
23449282,NA,Neighborhood highlights,3,NA,1,NA,4.33,3,https://www.airbnb.com/rooms/23449282
23451337,$121.00,NA,2,1,0,1,4.8,10,https://www.airbnb.com/rooms/23451337
23454165,$175.00,Neighborhood highlights,2,1,1,1,4.97,30,https://www.airbnb.com/rooms/23454165
23455106,NA,NA,1,NA,NA,NA,5,3,https://www.airbnb.com/rooms/23455106
23456621,$85.00,Neighborhood highlights,2,1,1,1,4.76,127,https://www.airbnb.com/rooms/23456621
23466034,NA,NA,2,NA,1,NA,4.75,4,https://www.airbnb.com/rooms/23466034
23466099,NA,Neighborhood highlights,3,NA,1,NA,5,39,https://www.airbnb.com/rooms/23466099
23466360,NA,NA,1,NA,NA,NA,4.88,8,https://www.airbnb.com/rooms/23466360
23469535,$55.00,Neighborhood highlights,2,1,1,1,4.97,58,https://www.airbnb.com/rooms/23469535
23469548,NA,Neighborhood highlights,2,NA,NA,NA,4.82,17,https://www.airbnb.com/rooms/23469548
23476922,$42.00,NA,1,1.5,1,1,4.71,7,https://www.airbnb.com/rooms/23476922
23481234,$205.00,Neighborhood highlights,1,1,1,1,4.71,136,https://www.airbnb.com/rooms/23481234
23484328,NA,NA,1,NA,NA,NA,NA,0,https://www.airbnb.com/rooms/23484328
23485307,$120.00,Neighborhood highlights,2,1.5,0,2,4.62,146,https://www.airbnb.com/rooms/23485307
23489726,$67.00,NA,8,1,1,2,4.44,9,https://www.airbnb.com/rooms/23489726
23507660,NA,NA,3,NA,1,NA,NA,0,https://www.airbnb.com/rooms/23507660
23509707,$102.00,Neighborhood highlights,2,1,1,2,4.64,95,https://www.airbnb.com/rooms/23509707
23515323,NA,Neighborhood highlights,2,NA,NA,NA,NA,0,https://www.airbnb.com/rooms/23515323
23536265,$125.00,Neighborhood highlights,3,1,1,2,4.94,17,https://www.airbnb.com/rooms/23536265
23538486,$252.00,Neighborhood highlights,2,1,1,1,5,1,https://www.airbnb.com/rooms/23538486
23541451,NA,NA,4,NA,1,NA,4.49,47,https://www.airbnb.com/rooms/23541451
23545346,NA,Neighborhood highlights,2,NA,NA,NA,4.74,47,https://www.airbnb.com/rooms/23545346
23560187,NA,NA,2,NA,NA,NA,4.91,32,https://www.airbnb.com/rooms/23560187
23565676,$249.00,Neighborhood highlights,5,1,2,2,4.84,154,https://www.airbnb.com/rooms/23565676
23572577,$85.00,Neighborhood highlights,2,1,1,1,5,21,https://www.airbnb.com/rooms/23572577
23574142,NA,Neighborhood highlights,2,NA,1,NA,4.79,118,https://www.airbnb.com/rooms/23574142
23579705,$395.00,NA,2,1,1,1,5,9,https://www.airbnb.com/rooms/23579705
23581183,NA,Neighborhood highlights,5,NA,2,NA,NA,0,https://www.airbnb.com/rooms/23581183
23586315,$133.00,NA,6,2,3,4,5,1,https://www.airbnb.com/rooms/23586315
23593582,NA,Neighborhood highlights,2,NA,NA,NA,4.6,67,https://www.airbnb.com/rooms/23593582
23593842,$125.00,Neighborhood highlights,4,1,2,2,4.87,39,https://www.airbnb.com/rooms/23593842
23594177,NA,Neighborhood highlights,4,NA,1,NA,4.7,10,https://www.airbnb.com/rooms/23594177
23595013,NA,NA,2,NA,1,NA,4.87,23,https://www.airbnb.com/rooms/23595013
23597076,$110.00,Neighborhood highlights,4,1,1,4,4.89,186,https://www.airbnb.com/rooms/23597076
23597323,NA,NA,3,NA,NA,NA,NA,0,https://www.airbnb.com/rooms/23597323
23606804,$117.00,NA,2,1,1,2,4.78,83,https://www.airbnb.com/rooms/23606804
23609559,$133.00,Neighborhood highlights,2,1.5,1,1,5,8,https://www.airbnb.com/rooms/23609559
23610557,NA,NA,2,NA,NA,NA,4.9,10,https://www.airbnb.com/rooms/23610557
23612855,NA,Neighborhood highlights,4,NA,2,NA,NA,0,https://www.airbnb.com/rooms/23612855
23613174,NA,Neighborhood highlights,2,NA,NA,NA,NA,0,https://www.airbnb.com/rooms/23613174
23622168,NA,NA,3,NA,1,NA,NA,0,https://www.airbnb.com/rooms/23622168
23623267,NA,NA,4,NA,1,NA,NA,0,https://www.airbnb.com/rooms/23623267
23624930,NA,Neighborhood highlights,2,NA,NA,NA,4.88,42,https://www.airbnb.com/rooms/23624930
23627589,NA,NA,2,NA,1,NA,NA,0,https://www.airbnb.com/rooms/23627589
23629119,NA,NA,1,NA,NA,NA,NA,0,https://www.airbnb.com/rooms/23629119
23629364,NA,Neighborhood highlights,4,NA,1,NA,5,45,https://www.airbnb.com/rooms/23629364
23631288,$146.00,Neighborhood highlights,2,1,1,1,4.96,190,https://www.airbnb.com/rooms/23631288
23647298,NA,NA,2,NA,NA,NA,5,2,https://www.airbnb.com/rooms/23647298
23648504,$374.00,Neighborhood highlights,6,2,2,3,4.9,29,https://www.airbnb.com/rooms/23648504
23650008,NA,Neighborhood highlights,2,NA,NA,NA,4.75,8,https://www.airbnb.com/rooms/23650008
23650259,NA,NA,1,NA,NA,NA,5,2,https://www.airbnb.com/rooms/23650259
23650568,$145.00,Neighborhood highlights,6,1,2,4,4.89,75,https://www.airbnb.com/rooms/23650568
23651443,$160.00,NA,6,1,3,3,4.79,91,https://www.airbnb.com/rooms/23651443
23656206,$50.00,Neighborhood highlights,2,1,1,1,4.92,53,https://www.airbnb.com/rooms/23656206
23661533,$50.00,Neighborhood highlights,2,1,1,1,4.59,22,https://www.airbnb.com/rooms/23661533
23661749,NA,NA,1,NA,NA,NA,5,1,https://www.airbnb.com/rooms/23661749
23667137,NA,Neighborhood highlights,1,NA,NA,NA,4.5,4,https://www.airbnb.com/rooms/23667137
23667332,$45.00,Neighborhood highlights,2,2.5,1,1,4.86,122,https://www.airbnb.com/rooms/23667332
23668975,NA,Neighborhood highlights,2,NA,NA,NA,NA,0,https://www.airbnb.com/rooms/23668975
23669006,NA,Neighborhood highlights,6,NA,4,NA,4.88,8,https://www.airbnb.com/rooms/23669006
23669140,NA,NA,4,NA,NA,NA,4.5,2,https://www.airbnb.com/rooms/23669140
23669201,NA,Neighborhood highlights,4,NA,2,NA,NA,0,https://www.airbnb.com/rooms/23669201
23671775,NA,NA,1,NA,1,NA,NA,0,https://www.airbnb.com/rooms/23671775
23683924,$190.00,Neighborhood highlights,2,1,1,1,5,8,https://www.airbnb.com/rooms/23683924
23685538,NA,NA,2,NA,NA,NA,4.52,21,https://www.airbnb.com/rooms/23685538
23692933,$617.00,Neighborhood highlights,4,1.5,2,2,4.89,169,https://www.airbnb.com/rooms/23692933
23710983,NA,Neighborhood highlights,2,NA,NA,NA,5,8,https://www.airbnb.com/rooms/23710983
23712143,$45.00,Neighborhood highlights,2,1,1,1,4.66,250,https://www.airbnb.com/rooms/23712143
23714854,NA,Neighborhood highlights,1,NA,NA,NA,4.95,20,https://www.airbnb.com/rooms/23714854
23714915,NA,NA,1,NA,NA,NA,4,1,https://www.airbnb.com/rooms/23714915
23715974,NA,Neighborhood highlights,4,NA,1,NA,NA,0,https://www.airbnb.com/rooms/23715974
23717291,NA,NA,2,NA,NA,NA,4.87,31,https://www.airbnb.com/rooms/23717291
23718065,$70.00,Neighborhood highlights,2,1,1,3,4.76,21,https://www.airbnb.com/rooms/23718065
23723970,NA,Neighborhood highlights,1,NA,NA,NA,NA,0,https://www.airbnb.com/rooms/23723970
23726935,$88.00,Neighborhood highlights,3,1,1,2,4.88,103,https://www.airbnb.com/rooms/23726935
23727037,$175.00,Neighborhood highlights,4,1,2,2,4.79,162,https://www.airbnb.com/rooms/23727037
23727923,$170.00,Neighborhood highlights,4,1,2,2,4.86,43,https://www.airbnb.com/rooms/23727923
23728057,$199.00,Neighborhood highlights,8,1,2,4,4.81,149,https://www.airbnb.com/rooms/23728057
23728069,$100.00,NA,4,1,1,2,4.76,84,https://www.airbnb.com/rooms/23728069
23746579,$170.00,Neighborhood highlights,4,1,2,2,4.54,200,https://www.airbnb.com/rooms/23746579
23747567,$130.00,NA,2,1,1,2,4.95,59,https://www.airbnb.com/rooms/23747567
23747870,NA,NA,1,NA,NA,NA,NA,0,https://www.airbnb.com/rooms/23747870
23747957,NA,Neighborhood highlights,6,NA,2,NA,4.95,202,https://www.airbnb.com/rooms/23747957
23748179,NA,NA,2,NA,1,NA,NA,0,https://www.airbnb.com/rooms/23748179
23753775,NA,NA,1,NA,NA,NA,NA,0,https://www.airbnb.com/rooms/23753775
23756498,$175.00,Neighborhood highlights,2,1,1,1,4.81,98,https://www.airbnb.com/rooms/23756498
23760365,NA,Neighborhood highlights,2,NA,5,NA,4.81,16,https://www.airbnb.com/rooms/23760365
23761707,$69.00,Neighborhood highlights,2,1,1,1,4.76,147,https://www.airbnb.com/rooms/23761707
23763367,$140.00,Neighborhood highlights,4,1,1,3,4.79,224,https://www.airbnb.com/rooms/23763367
23763873,NA,Neighborhood highlights,1,NA,NA,NA,4.69,13,https://www.airbnb.com/rooms/23763873
23769218,$159.00,Neighborhood highlights,3,1,1,2,4.84,150,https://www.airbnb.com/rooms/23769218
23772336,NA,Neighborhood highlights,3,NA,1,NA,NA,0,https://www.airbnb.com/rooms/23772336
23772767,$125.00,Neighborhood highlights,2,1,1,3,4.79,19,https://www.airbnb.com/rooms/23772767
23780896,$80.00,NA,4,1.5,1,2,4.5,2,https://www.airbnb.com/rooms/23780896
23781939,NA,NA,4,NA,2,NA,5,1,https://www.airbnb.com/rooms/23781939
23784498,NA,Neighborhood highlights,4,NA,2,NA,4.8,52,https://www.airbnb.com/rooms/23784498
23784779,$500.00,Neighborhood highlights,6,1,2,4,4.89,233,https://www.airbnb.com/rooms/23784779
23785875,$300.00,Neighborhood highlights,8,2,4,4,4.84,120,https://www.airbnb.com/rooms/23785875
23792656,$191.00,Neighborhood highlights,5,1,2,4,4.77,263,https://www.airbnb.com/rooms/23792656
23799904,$110.00,Neighborhood highlights,2,1,1,1,4.33,6,https://www.airbnb.com/rooms/23799904
23803836,NA,NA,3,NA,1,NA,NA,0,https://www.airbnb.com/rooms/23803836
23807257,NA,Neighborhood highlights,6,NA,2,NA,4.89,45,https://www.airbnb.com/rooms/23807257
23808650,$48.00,Neighborhood highlights,2,1,1,1,4.77,75,https://www.airbnb.com/rooms/23808650
23808895,NA,NA,5,NA,2,NA,NA,0,https://www.airbnb.com/rooms/23808895
23809758,$115.00,Neighborhood highlights,2,1,1,1,4.92,38,https://www.airbnb.com/rooms/23809758
23810123,$150.00,Neighborhood highlights,4,2,2,2,4.86,7,https://www.airbnb.com/rooms/23810123
23810398,$83.00,Neighborhood highlights,2,1,1,1,4.55,58,https://www.airbnb.com/rooms/23810398
23821848,NA,NA,4,NA,1,NA,5,19,https://www.airbnb.com/rooms/23821848
23826739,NA,NA,2,NA,2,NA,4.92,24,https://www.airbnb.com/rooms/23826739
23838063,NA,Neighborhood highlights,1,NA,NA,NA,4.9,42,https://www.airbnb.com/rooms/23838063
23838400,NA,Neighborhood highlights,5,NA,1,NA,4.53,72,https://www.airbnb.com/rooms/23838400
23838734,NA,NA,2,NA,NA,NA,5,11,https://www.airbnb.com/rooms/23838734
23839013,NA,Neighborhood highlights,4,NA,2,NA,4.93,167,https://www.airbnb.com/rooms/23839013
23839337,NA,NA,3,NA,NA,NA,4.92,26,https://www.airbnb.com/rooms/23839337
23839890,$40.00,Neighborhood highlights,1,1,1,1,4.5,4,https://www.airbnb.com/rooms/23839890
23840461,$35.00,Neighborhood highlights,1,1,1,1,4.36,11,https://www.airbnb.com/rooms/23840461
23841481,$642.00,Neighborhood highlights,6,2.5,2,4,5,10,https://www.airbnb.com/rooms/23841481
23842721,$84.00,Neighborhood highlights,2,2,1,1,4.79,122,https://www.airbnb.com/rooms/23842721
23844034,$120.00,Neighborhood highlights,2,1,1,2,5,34,https://www.airbnb.com/rooms/23844034
23855529,NA,NA,6,NA,3,NA,5,3,https://www.airbnb.com/rooms/23855529
23857515,NA,NA,1,NA,NA,NA,NA,0,https://www.airbnb.com/rooms/23857515
23859834,NA,Neighborhood highlights,2,NA,NA,NA,5,1,https://www.airbnb.com/rooms/23859834
23869761,NA,NA,1,NA,NA,NA,NA,0,https://www.airbnb.com/rooms/23869761
23873057,NA,Neighborhood highlights,1,NA,1,NA,5,6,https://www.airbnb.com/rooms/23873057
23874196,$55.00,Neighborhood highlights,1,1,1,1,5,13,https://www.airbnb.com/rooms/23874196
23881522,NA,Neighborhood highlights,2,NA,NA,NA,5,8,https://www.airbnb.com/rooms/23881522
23894317,NA,NA,2,NA,NA,NA,4.73,44,https://www.airbnb.com/rooms/23894317
23901779,$120.00,NA,3,1,0,1,4.69,13,https://www.airbnb.com/rooms/23901779
23901908,NA,Neighborhood highlights,3,NA,1,NA,NA,0,https://www.airbnb.com/rooms/23901908
23901975,NA,NA,2,NA,1,NA,5,20,https://www.airbnb.com/rooms/23901975
23905542,NA,NA,2,NA,1,NA,4.78,9,https://www.airbnb.com/rooms/23905542
23918586,NA,NA,2,NA,1,NA,5,1,https://www.airbnb.com/rooms/23918586
23922304,$60.00,NA,1,4,1,1,4.3,10,https://www.airbnb.com/rooms/23922304
23923562,$300.00,NA,8,3,4,4,5,1,https://www.airbnb.com/rooms/23923562
23924234,NA,Neighborhood highlights,5,NA,2,NA,4.7,27,https://www.airbnb.com/rooms/23924234
23943945,NA,Neighborhood highlights,4,NA,1,NA,5,3,https://www.airbnb.com/rooms/23943945
23952724,NA,NA,2,NA,NA,NA,NA,0,https://www.airbnb.com/rooms/23952724
23957636,$292.00,Neighborhood highlights,7,2,3,4,NA,0,https://www.airbnb.com/rooms/23957636
23958542,$55.00,NA,2,1,1,1,4.78,51,https://www.airbnb.com/rooms/23958542
23959939,NA,Neighborhood highlights,2,NA,1,NA,NA,0,https://www.airbnb.com/rooms/23959939
23965460,NA,Neighborhood highlights,2,NA,NA,NA,4.17,6,https://www.airbnb.com/rooms/23965460
23978220,NA,NA,3,NA,NA,NA,NA,0,https://www.airbnb.com/rooms/23978220
23979192,NA,Neighborhood highlights,3,NA,1,NA,4.75,4,https://www.airbnb.com/rooms/23979192
23979686,NA,Neighborhood highlights,4,NA,2,NA,5,2,https://www.airbnb.com/rooms/23979686
23980153,NA,NA,1,NA,NA,NA,5,1,https://www.airbnb.com/rooms/23980153
23990128,NA,Neighborhood highlights,1,NA,NA,NA,4.5,2,https://www.airbnb.com/rooms/23990128
23992829,NA,NA,1,NA,1,NA,4.6,5,https://www.airbnb.com/rooms/23992829
24016962,$125.00,Neighborhood highlights,4,1,0,0,4.08,53,https://www.airbnb.com/rooms/24016962
24017521,$49.00,Neighborhood highlights,1,1,1,1,4.66,71,https://www.airbnb.com/rooms/24017521
24019698,NA,Neighborhood highlights,2,NA,NA,NA,4.67,3,https://www.airbnb.com/rooms/24019698
24021046,NA,NA,2,NA,1,NA,NA,0,https://www.airbnb.com/rooms/24021046
24022894,$110.00,NA,2,1,0,1,5,3,https://www.airbnb.com/rooms/24022894
24024721,$90.00,Neighborhood highlights,2,1,1,1,4.66,183,https://www.airbnb.com/rooms/24024721
24034953,NA,Neighborhood highlights,2,NA,1,NA,4.89,9,https://www.airbnb.com/rooms/24034953
24038899,NA,Neighborhood highlights,4,NA,1,NA,4.71,7,https://www.airbnb.com/rooms/24038899
24040279,NA,Neighborhood highlights,2,NA,NA,NA,4.83,58,https://www.airbnb.com/rooms/24040279
24042606,NA,NA,1,NA,3,NA,5,5,https://www.airbnb.com/rooms/24042606
24042844,$40.00,Neighborhood highlights,2,1,1,1,4.76,167,https://www.airbnb.com/rooms/24042844
24057583,$69.00,NA,2,1,1,1,4.24,94,https://www.airbnb.com/rooms/24057583
24059751,$60.00,NA,1,2,1,1,4.45,102,https://www.airbnb.com/rooms/24059751
24065918,NA,Neighborhood highlights,2,NA,1,NA,4.67,3,https://www.airbnb.com/rooms/24065918
24075491,NA,Neighborhood highlights,1,NA,NA,NA,NA,0,https://www.airbnb.com/rooms/24075491
24083125,$74.00,NA,1,4,1,1,4.5,12,https://www.airbnb.com/rooms/24083125
24083340,NA,Neighborhood highlights,2,NA,1,NA,5,7,https://www.airbnb.com/rooms/24083340
24083686,NA,Neighborhood highlights,2,NA,1,NA,4.5,6,https://www.airbnb.com/rooms/24083686
24083746,NA,NA,2,NA,NA,NA,4,1,https://www.airbnb.com/rooms/24083746
24086178,NA,NA,3,NA,2,NA,5,1,https://www.airbnb.com/rooms/24086178
24097816,NA,Neighborhood highlights,4,NA,1,NA,NA,0,https://www.airbnb.com/rooms/24097816
24103912,NA,NA,2,NA,NA,NA,5,1,https://www.airbnb.com/rooms/24103912
24115562,$40.00,NA,1,1,1,2,5,10,https://www.airbnb.com/rooms/24115562
24119876,$165.00,Neighborhood highlights,7,1,3,5,4.94,48,https://www.airbnb.com/rooms/24119876
24129287,NA,Neighborhood highlights,2,NA,NA,NA,4.22,18,https://www.airbnb.com/rooms/24129287
24131843,NA,Neighborhood highlights,2,NA,NA,NA,4.67,3,https://www.airbnb.com/rooms/24131843
24136172,$116.00,Neighborhood highlights,2,1,1,1,4.67,39,https://www.airbnb.com/rooms/24136172
24136557,$280.00,Neighborhood highlights,3,1,2,3,4.92,13,https://www.airbnb.com/rooms/24136557
24137748,NA,Neighborhood highlights,2,NA,NA,NA,4.83,42,https://www.airbnb.com/rooms/24137748
24137869,$334.00,Neighborhood highlights,2,1,1,1,4,1,https://www.airbnb.com/rooms/24137869
24140198,NA,NA,2,NA,1,NA,5,4,https://www.airbnb.com/rooms/24140198
24140556,NA,NA,2,NA,NA,NA,4.67,6,https://www.airbnb.com/rooms/24140556
24151237,$125.00,Neighborhood highlights,4,1,2,2,4.25,12,https://www.airbnb.com/rooms/24151237
24154729,NA,Neighborhood highlights,2,NA,1,NA,4.94,17,https://www.airbnb.com/rooms/24154729
24157013,NA,NA,2,NA,1,NA,5,7,https://www.airbnb.com/rooms/24157013
24157110,NA,NA,2,NA,NA,NA,NA,0,https://www.airbnb.com/rooms/24157110
24158806,NA,Neighborhood highlights,2,NA,NA,NA,4.77,13,https://www.airbnb.com/rooms/24158806
24162261,$130.00,Neighborhood highlights,2,1,2,2,4.92,209,https://www.airbnb.com/rooms/24162261
24171777,NA,Neighborhood highlights,4,NA,2,NA,5,4,https://www.airbnb.com/rooms/24171777
24175236,NA,Neighborhood highlights,2,NA,NA,NA,4.5,2,https://www.airbnb.com/rooms/24175236
24177410,$109.00,Neighborhood highlights,2,1,1,2,4.82,128,https://www.airbnb.com/rooms/24177410
24181763,$104.00,NA,2,1,1,1,4.88,272,https://www.airbnb.com/rooms/24181763
24186326,$360.00,Neighborhood highlights,4,1,1,2,4.83,29,https://www.airbnb.com/rooms/24186326
24186601,$125.00,NA,2,1,1,1,4.08,13,https://www.airbnb.com/rooms/24186601
24186775,$85.00,Neighborhood highlights,2,1,1,1,4.8,120,https://www.airbnb.com/rooms/24186775
24188354,$80.00,NA,2,1,0,2,5,9,https://www.airbnb.com/rooms/24188354
24199400,NA,NA,2,NA,NA,NA,5,3,https://www.airbnb.com/rooms/24199400
24200751,$366.00,Neighborhood highlights,5,1.5,2,4,4.97,208,https://www.airbnb.com/rooms/24200751
24203680,NA,Neighborhood highlights,2,NA,1,NA,5,7,https://www.airbnb.com/rooms/24203680
24206044,$125.00,Neighborhood highlights,4,1,1,3,4.92,24,https://www.airbnb.com/rooms/24206044
24226175,NA,Neighborhood highlights,2,NA,1,NA,5,23,https://www.airbnb.com/rooms/24226175
24229203,NA,Neighborhood highlights,3,NA,1,NA,4.95,19,https://www.airbnb.com/rooms/24229203
24230591,NA,NA,2,NA,1,NA,5,6,https://www.airbnb.com/rooms/24230591
24234359,NA,Neighborhood highlights,6,NA,3,NA,4.5,4,https://www.airbnb.com/rooms/24234359
24239222,NA,NA,3,NA,1,NA,NA,0,https://www.airbnb.com/rooms/24239222
24251237,NA,NA,2,NA,1,NA,4.82,11,https://www.airbnb.com/rooms/24251237
24260404,NA,NA,1,NA,2,NA,2,1,https://www.airbnb.com/rooms/24260404
24267706,NA,Neighborhood highlights,2,NA,NA,NA,4.75,219,https://www.airbnb.com/rooms/24267706
24269100,NA,NA,1,NA,NA,NA,4.73,152,https://www.airbnb.com/rooms/24269100
24269196,$125.00,Neighborhood highlights,4,1,3,3,4.81,37,https://www.airbnb.com/rooms/24269196
24276835,$128.00,Neighborhood highlights,1,1,1,1,4.83,127,https://www.airbnb.com/rooms/24276835
24282118,$115.00,Neighborhood highlights,1,1,1,1,4.64,11,https://www.airbnb.com/rooms/24282118
24288869,$136.00,Neighborhood highlights,3,2,1,1,4.32,273,https://www.airbnb.com/rooms/24288869
24299542,NA,Neighborhood highlights,2,NA,NA,NA,4.33,3,https://www.airbnb.com/rooms/24299542
24303775,NA,Neighborhood highlights,2,NA,NA,NA,NA,0,https://www.airbnb.com/rooms/24303775
24308988,NA,Neighborhood highlights,4,NA,NA,NA,5,1,https://www.airbnb.com/rooms/24308988
24312253,$100.00,Neighborhood highlights,2,2,1,1,4.97,35,https://www.airbnb.com/rooms/24312253
24312535,$15.00,Neighborhood highlights,2,2,1,1,4.97,103,https://www.airbnb.com/rooms/24312535
24326705,NA,Neighborhood highlights,1,NA,1,NA,5,2,https://www.airbnb.com/rooms/24326705
24331953,$150.00,NA,2,1,1,1,4.84,58,https://www.airbnb.com/rooms/24331953
24332080,$66.00,Neighborhood highlights,1,3,1,1,5,11,https://www.airbnb.com/rooms/24332080
24334761,$56.00,NA,1,4,1,1,3.9,10,https://www.airbnb.com/rooms/24334761
24336268,NA,NA,1,NA,1,NA,3.83,6,https://www.airbnb.com/rooms/24336268
24350254,$297.00,Neighborhood highlights,5,1,2,1,4.67,3,https://www.airbnb.com/rooms/24350254
24351719,"$1,275.00",NA,5,2,2,2,4.48,23,https://www.airbnb.com/rooms/24351719
24352967,$80.00,Neighborhood highlights,1,1,1,1,4.6,5,https://www.airbnb.com/rooms/24352967
24356861,NA,NA,4,NA,1,NA,5,6,https://www.airbnb.com/rooms/24356861
24357562,NA,Neighborhood highlights,1,NA,NA,NA,4.78,27,https://www.airbnb.com/rooms/24357562
24366897,$99.00,Neighborhood highlights,4,1,1,1,4.64,14,https://www.airbnb.com/rooms/24366897
24369857,$77.00,Neighborhood highlights,2,1,1,1,4.78,182,https://www.airbnb.com/rooms/24369857
24370001,$358.00,Neighborhood highlights,6,3,3,5,4.92,89,https://www.airbnb.com/rooms/24370001
24370400,$285.00,Neighborhood highlights,5,1,3,2,5,6,https://www.airbnb.com/rooms/24370400
24370692,NA,Neighborhood highlights,1,NA,1,NA,5,6,https://www.airbnb.com/rooms/24370692
24372429,$225.00,Neighborhood highlights,4,1,2,2,5,203,https://www.airbnb.com/rooms/24372429
24374487,NA,NA,4,NA,1,NA,5,11,https://www.airbnb.com/rooms/24374487
24376374,$150.00,Neighborhood highlights,2,2,1,1,4.88,43,https://www.airbnb.com/rooms/24376374
24380794,$150.00,Neighborhood highlights,4,1,2,2,4.69,186,https://www.airbnb.com/rooms/24380794
24397824,NA,NA,1,NA,NA,NA,4.95,21,https://www.airbnb.com/rooms/24397824
24398061,NA,Neighborhood highlights,1,NA,NA,NA,4.33,3,https://www.airbnb.com/rooms/24398061
24398725,$120.00,Neighborhood highlights,2,1,1,2,4.47,59,https://www.airbnb.com/rooms/24398725
24412104,NA,Neighborhood highlights,1,NA,1,NA,4.93,59,https://www.airbnb.com/rooms/24412104
24412681,NA,Neighborhood highlights,2,NA,1,NA,4.67,24,https://www.airbnb.com/rooms/24412681
24426631,NA,Neighborhood highlights,2,NA,1,NA,4.8,10,https://www.airbnb.com/rooms/24426631
24431407,NA,NA,2,NA,2,NA,NA,0,https://www.airbnb.com/rooms/24431407
24438437,$45.00,NA,1,1,1,1,4.79,38,https://www.airbnb.com/rooms/24438437
24448560,NA,Neighborhood highlights,1,NA,1,NA,5,1,https://www.airbnb.com/rooms/24448560
24453838,$211.00,NA,2,1,1,1,4.85,112,https://www.airbnb.com/rooms/24453838
24468390,$71.00,Neighborhood highlights,3,1,1,2,5,7,https://www.airbnb.com/rooms/24468390
24473230,$340.00,Neighborhood highlights,2,1,2,2,4.98,90,https://www.airbnb.com/rooms/24473230
24473713,$62.00,NA,1,4,1,1,4.6,10,https://www.airbnb.com/rooms/24473713
24477757,$140.00,Neighborhood highlights,1,1,1,1,4.86,21,https://www.airbnb.com/rooms/24477757
24480789,NA,Neighborhood highlights,3,NA,1,NA,4.38,26,https://www.airbnb.com/rooms/24480789
24491450,NA,Neighborhood highlights,2,NA,1,NA,4.79,19,https://www.airbnb.com/rooms/24491450
24491524,NA,Neighborhood highlights,6,NA,2,NA,4.12,51,https://www.airbnb.com/rooms/24491524
24493475,$98.00,Neighborhood highlights,5,1,2,3,4.84,25,https://www.airbnb.com/rooms/24493475
24497080,$111.00,NA,2,1,0,1,4.83,18,https://www.airbnb.com/rooms/24497080
24497152,$112.00,NA,2,1,1,1,5,9,https://www.airbnb.com/rooms/24497152
24497202,$105.00,NA,2,1,0,1,4.8,25,https://www.airbnb.com/rooms/24497202
24509757,NA,Neighborhood highlights,7,NA,3,NA,4,1,https://www.airbnb.com/rooms/24509757
24514490,NA,NA,3,NA,1,NA,4.9,69,https://www.airbnb.com/rooms/24514490
24515198,$87.00,Neighborhood highlights,2,1,1,2,4.91,215,https://www.airbnb.com/rooms/24515198
24518005,NA,NA,1,NA,NA,NA,5,1,https://www.airbnb.com/rooms/24518005
24525290,$150.00,Neighborhood highlights,3,2,2,3,4.84,123,https://www.airbnb.com/rooms/24525290
24525886,$220.00,Neighborhood highlights,2,1,1,1,4.97,119,https://www.airbnb.com/rooms/24525886
24535218,$296.00,Neighborhood highlights,2,1,1,1,2,1,https://www.airbnb.com/rooms/24535218
24538110,NA,Neighborhood highlights,5,NA,2,NA,5,3,https://www.airbnb.com/rooms/24538110
24540842,$668.00,NA,2,1,0,1,4.97,30,https://www.airbnb.com/rooms/24540842
24540935,NA,Neighborhood highlights,3,NA,1,NA,5,1,https://www.airbnb.com/rooms/24540935
24541153,$220.00,NA,3,1,1,2,4.75,24,https://www.airbnb.com/rooms/24541153
24553427,NA,NA,1,NA,NA,NA,NA,0,https://www.airbnb.com/rooms/24553427
24560314,NA,NA,3,NA,1,NA,4.8,5,https://www.airbnb.com/rooms/24560314
24561311,$100.00,NA,3,1,1,1,5,1,https://www.airbnb.com/rooms/24561311
24561322,NA,NA,2,NA,1,NA,NA,0,https://www.airbnb.com/rooms/24561322
24572398,NA,Neighborhood highlights,4,NA,1,NA,4.93,28,https://www.airbnb.com/rooms/24572398
24572885,NA,Neighborhood highlights,4,NA,2,NA,5,2,https://www.airbnb.com/rooms/24572885
24575257,NA,NA,2,NA,NA,NA,4.56,25,https://www.airbnb.com/rooms/24575257
24580129,NA,Neighborhood highlights,1,NA,NA,NA,4.9,10,https://www.airbnb.com/rooms/24580129
24580422,NA,Neighborhood highlights,2,NA,NA,NA,4.88,17,https://www.airbnb.com/rooms/24580422
24580806,$175.00,Neighborhood highlights,2,1,1,1,4.94,16,https://www.airbnb.com/rooms/24580806
24580943,NA,NA,4,1,2,2,4.86,7,https://www.airbnb.com/rooms/24580943
24582124,NA,NA,1,NA,1,NA,NA,0,https://www.airbnb.com/rooms/24582124
24582148,$300.00,NA,2,1,1,1,1,1,https://www.airbnb.com/rooms/24582148
24583029,NA,NA,2,NA,1,NA,4.4,15,https://www.airbnb.com/rooms/24583029
24583519,NA,Neighborhood highlights,2,NA,NA,NA,4.96,192,https://www.airbnb.com/rooms/24583519
24596989,$200.00,NA,2,1.5,1,2,4.71,7,https://www.airbnb.com/rooms/24596989
24599452,$85.00,Neighborhood highlights,2,1,1,2,4.74,128,https://www.airbnb.com/rooms/24599452
24600833,NA,Neighborhood highlights,2,NA,2,NA,5,2,https://www.airbnb.com/rooms/24600833
24602796,NA,NA,4,NA,1,NA,5,15,https://www.airbnb.com/rooms/24602796
24604281,$100.00,Neighborhood highlights,2,1,1,1,4.79,82,https://www.airbnb.com/rooms/24604281
24607287,NA,NA,2,NA,NA,NA,4.83,12,https://www.airbnb.com/rooms/24607287
24607378,$289.00,Neighborhood highlights,4,2,2,2,5,19,https://www.airbnb.com/rooms/24607378
24607763,$450.00,Neighborhood highlights,8,2,4,5,4.54,52,https://www.airbnb.com/rooms/24607763
24608922,NA,NA,1,NA,NA,NA,5,6,https://www.airbnb.com/rooms/24608922
24609263,$109.00,Neighborhood highlights,5,1,2,2,4.71,42,https://www.airbnb.com/rooms/24609263
24611661,$100.00,Neighborhood highlights,2,1,1,1,4.78,63,https://www.airbnb.com/rooms/24611661
24626439,NA,NA,2,NA,NA,NA,5,2,https://www.airbnb.com/rooms/24626439
24626621,$155.00,Neighborhood highlights,2,1,1,1,4.98,206,https://www.airbnb.com/rooms/24626621
24630272,NA,NA,2,NA,NA,NA,5,3,https://www.airbnb.com/rooms/24630272
24632516,$108.00,Neighborhood highlights,2,1,1,1,4.91,139,https://www.airbnb.com/rooms/24632516
24633702,$60.00,Neighborhood highlights,1,1,1,1,4.96,73,https://www.airbnb.com/rooms/24633702
24633966,$600.00,Neighborhood highlights,6,1,2,3,4.73,52,https://www.airbnb.com/rooms/24633966
24635041,NA,NA,2,NA,1,NA,5,1,https://www.airbnb.com/rooms/24635041
24635506,NA,Neighborhood highlights,1,NA,1,NA,5,1,https://www.airbnb.com/rooms/24635506
24644837,$67.00,NA,8,1,1,2,4.33,3,https://www.airbnb.com/rooms/24644837
24653197,NA,NA,2,NA,1,NA,5,1,https://www.airbnb.com/rooms/24653197
24653322,NA,Neighborhood highlights,3,NA,1,NA,4.95,74,https://www.airbnb.com/rooms/24653322
24653572,NA,NA,2,NA,NA,NA,5,1,https://www.airbnb.com/rooms/24653572
24657328,$199.00,NA,3,1,1,2,4.71,7,https://www.airbnb.com/rooms/24657328
24667053,NA,NA,1,NA,NA,NA,4,2,https://www.airbnb.com/rooms/24667053
24676594,NA,Neighborhood highlights,3,NA,NA,NA,5,4,https://www.airbnb.com/rooms/24676594
24677926,$650.00,Neighborhood highlights,7,2,3,4,4.66,210,https://www.airbnb.com/rooms/24677926
24692025,$200.00,Neighborhood highlights,3,1,1,2,4.8,147,https://www.airbnb.com/rooms/24692025
24696044,NA,Neighborhood highlights,2,NA,2,NA,3,2,https://www.airbnb.com/rooms/24696044
24698043,NA,NA,2,NA,NA,NA,5,2,https://www.airbnb.com/rooms/24698043
24699045,$187.00,Neighborhood highlights,4,2,3,5,4.48,52,https://www.airbnb.com/rooms/24699045
24699301,$249.00,Neighborhood highlights,15,2,4,8,4.74,50,https://www.airbnb.com/rooms/24699301
24699891,$60.00,NA,2,1,1,1,4.73,26,https://www.airbnb.com/rooms/24699891
24700123,$55.00,NA,2,1,1,1,4.68,120,https://www.airbnb.com/rooms/24700123
24700919,NA,Neighborhood highlights,2,NA,1,NA,4.62,117,https://www.airbnb.com/rooms/24700919
24700984,NA,Neighborhood highlights,4,NA,1,NA,4.88,8,https://www.airbnb.com/rooms/24700984
24709525,NA,NA,2,NA,1,NA,4.9,20,https://www.airbnb.com/rooms/24709525
24714137,NA,Neighborhood highlights,3,NA,1,NA,4.72,61,https://www.airbnb.com/rooms/24714137
24714264,NA,Neighborhood highlights,1,NA,NA,NA,5,4,https://www.airbnb.com/rooms/24714264
24715838,NA,Neighborhood highlights,4,NA,1,NA,5,2,https://www.airbnb.com/rooms/24715838
24727745,NA,NA,2,NA,1,NA,5,3,https://www.airbnb.com/rooms/24727745
24728012,NA,NA,2,NA,NA,NA,5,2,https://www.airbnb.com/rooms/24728012
24729169,NA,Neighborhood highlights,2,NA,1,NA,4.92,12,https://www.airbnb.com/rooms/24729169
24731641,NA,Neighborhood highlights,2,NA,1,NA,4.8,5,https://www.airbnb.com/rooms/24731641
24733275,NA,NA,1,NA,NA,NA,4.85,53,https://www.airbnb.com/rooms/24733275
24734680,NA,Neighborhood highlights,2,NA,NA,NA,4.96,28,https://www.airbnb.com/rooms/24734680
24734792,NA,Neighborhood highlights,2,NA,NA,NA,5,1,https://www.airbnb.com/rooms/24734792
24736896,$45.00,NA,2,1,1,1,4.75,124,https://www.airbnb.com/rooms/24736896
24743196,$53.00,Neighborhood highlights,2,1,1,2,4.8,44,https://www.airbnb.com/rooms/24743196
24746840,NA,Neighborhood highlights,1,NA,NA,NA,NA,0,https://www.airbnb.com/rooms/24746840
24748187,NA,Neighborhood highlights,2,NA,1,NA,4.44,9,https://www.airbnb.com/rooms/24748187
24757844,NA,Neighborhood highlights,1,NA,NA,NA,5,1,https://www.airbnb.com/rooms/24757844
24758512,NA,NA,2,NA,NA,NA,NA,0,https://www.airbnb.com/rooms/24758512
24758664,$150.00,NA,2,1,1,1,4.82,51,https://www.airbnb.com/rooms/24758664
24758883,NA,Neighborhood highlights,3,NA,NA,NA,4.33,9,https://www.airbnb.com/rooms/24758883
24779271,NA,NA,1,NA,1,NA,5,1,https://www.airbnb.com/rooms/24779271
24783060,NA,Neighborhood highlights,8,NA,3,NA,4,1,https://www.airbnb.com/rooms/24783060
24784400,$100.00,NA,2,1,0,2,NA,0,https://www.airbnb.com/rooms/24784400
24799677,NA,Neighborhood highlights,1,NA,1,NA,4.8,5,https://www.airbnb.com/rooms/24799677
24799807,$200.00,Neighborhood highlights,3,1,1,2,4.67,3,https://www.airbnb.com/rooms/24799807
24804386,NA,Neighborhood highlights,2,NA,NA,NA,4.58,12,https://www.airbnb.com/rooms/24804386
24805249,$185.00,Neighborhood highlights,2,1,1,1,5,19,https://www.airbnb.com/rooms/24805249
24806110,NA,NA,3,NA,1,NA,4.79,43,https://www.airbnb.com/rooms/24806110
24806141,NA,Neighborhood highlights,3,NA,1,NA,4.6,262,https://www.airbnb.com/rooms/24806141
24808312,NA,Neighborhood highlights,2,NA,1,NA,4.5,2,https://www.airbnb.com/rooms/24808312
24816051,$80.00,Neighborhood highlights,1,1,1,2,NA,0,https://www.airbnb.com/rooms/24816051
24821651,$35.00,NA,2,1,1,1,4.37,83,https://www.airbnb.com/rooms/24821651
24823404,$65.00,NA,2,2,1,2,4.39,148,https://www.airbnb.com/rooms/24823404
24833117,$160.00,Neighborhood highlights,2,1,2,2,4.47,117,https://www.airbnb.com/rooms/24833117
24833279,$148.00,Neighborhood highlights,1,1,1,1,4.43,14,https://www.airbnb.com/rooms/24833279
24834058,$148.00,Neighborhood highlights,1,1,1,3,4.96,28,https://www.airbnb.com/rooms/24834058
24836464,$575.00,Neighborhood highlights,2,2,2,3,4,5,https://www.airbnb.com/rooms/24836464
24845719,$250.00,Neighborhood highlights,4,2,2,2,4.89,27,https://www.airbnb.com/rooms/24845719
24851371,NA,Neighborhood highlights,2,NA,1,NA,4,1,https://www.airbnb.com/rooms/24851371
24852364,NA,NA,2,NA,NA,NA,NA,0,https://www.airbnb.com/rooms/24852364
24852797,NA,Neighborhood highlights,4,NA,2,NA,5,4,https://www.airbnb.com/rooms/24852797
24852836,NA,NA,2,NA,1,NA,NA,0,https://www.airbnb.com/rooms/24852836
24853936,$100.00,Neighborhood highlights,2,1,1,1,4.81,175,https://www.airbnb.com/rooms/24853936
24855025,NA,Neighborhood highlights,4,NA,NA,NA,4.75,4,https://www.airbnb.com/rooms/24855025
24856606,$100.00,Neighborhood highlights,4,1,1,2,4.71,178,https://www.airbnb.com/rooms/24856606
24857723,NA,Neighborhood highlights,6,NA,3,NA,NA,0,https://www.airbnb.com/rooms/24857723
24866378,$125.00,Neighborhood highlights,4,1,2,2,4.82,22,https://www.airbnb.com/rooms/24866378
24887028,NA,NA,2,NA,NA,NA,5,1,https://www.airbnb.com/rooms/24887028
24889024,$121.00,Neighborhood highlights,2,1,1,1,4.33,12,https://www.airbnb.com/rooms/24889024
24889922,NA,Neighborhood highlights,2,NA,NA,NA,4.87,15,https://www.airbnb.com/rooms/24889922
24891549,$120.00,Neighborhood highlights,2,1,1,1,4.84,80,https://www.airbnb.com/rooms/24891549
24892670,NA,NA,2,NA,NA,NA,NA,0,https://www.airbnb.com/rooms/24892670
24893488,NA,NA,2,NA,NA,NA,NA,0,https://www.airbnb.com/rooms/24893488
24893756,$95.00,Neighborhood highlights,2,1,1,3,4.83,227,https://www.airbnb.com/rooms/24893756
24894476,NA,Neighborhood highlights,2,NA,NA,NA,4.67,3,https://www.airbnb.com/rooms/24894476
24896472,NA,NA,2,NA,NA,NA,NA,0,https://www.airbnb.com/rooms/24896472
24906413,NA,Neighborhood highlights,2,NA,NA,NA,NA,0,https://www.airbnb.com/rooms/24906413
24907355,NA,NA,1,NA,1,NA,NA,0,https://www.airbnb.com/rooms/24907355
24907920,$200.00,NA,2,1,1,1,NA,0,https://www.airbnb.com/rooms/24907920
24910042,NA,Neighborhood highlights,2,NA,1,NA,5,3,https://www.airbnb.com/rooms/24910042
24910361,$295.00,NA,4,2,1,1,5,29,https://www.airbnb.com/rooms/24910361
24912129,NA,Neighborhood highlights,4,NA,1,NA,4.94,17,https://www.airbnb.com/rooms/24912129
24913510,NA,NA,3,NA,1,NA,4.89,9,https://www.airbnb.com/rooms/24913510
24915585,$190.00,Neighborhood highlights,2,1,0,2,4.88,8,https://www.airbnb.com/rooms/24915585
24916202,NA,NA,3,NA,2,NA,NA,0,https://www.airbnb.com/rooms/24916202
24916571,NA,Neighborhood highlights,2,NA,2,NA,4.97,154,https://www.airbnb.com/rooms/24916571
24919398,NA,NA,1,NA,1,NA,NA,0,https://www.airbnb.com/rooms/24919398
24919725,NA,Neighborhood highlights,2,NA,NA,NA,4.83,6,https://www.airbnb.com/rooms/24919725
24920771,$88.00,NA,2,2,1,1,4.76,71,https://www.airbnb.com/rooms/24920771
24921526,$48.00,Neighborhood highlights,2,1,1,1,4.73,166,https://www.airbnb.com/rooms/24921526
24921584,NA,NA,3,NA,NA,NA,4,3,https://www.airbnb.com/rooms/24921584
24921735,$55.00,NA,4,1,1,1,4.71,56,https://www.airbnb.com/rooms/24921735
24922519,NA,NA,2,NA,NA,NA,5,3,https://www.airbnb.com/rooms/24922519
24930848,NA,Neighborhood highlights,2,NA,1,NA,NA,0,https://www.airbnb.com/rooms/24930848
24936179,NA,Neighborhood highlights,2,NA,NA,NA,5,1,https://www.airbnb.com/rooms/24936179
24939648,NA,Neighborhood highlights,2,NA,NA,NA,4.57,35,https://www.airbnb.com/rooms/24939648
24943768,$225.00,NA,4,1,0,1,5,11,https://www.airbnb.com/rooms/24943768
24945253,$750.00,Neighborhood highlights,5,2,3,4,4.83,36,https://www.airbnb.com/rooms/24945253
24945431,$55.00,Neighborhood highlights,2,1,1,1,NA,0,https://www.airbnb.com/rooms/24945431
24945710,NA,NA,2,NA,NA,NA,5,4,https://www.airbnb.com/rooms/24945710
24946477,NA,Neighborhood highlights,1,NA,1,NA,4.5,2,https://www.airbnb.com/rooms/24946477
24947076,NA,Neighborhood highlights,8,NA,3,NA,NA,0,https://www.airbnb.com/rooms/24947076
24948017,NA,Neighborhood highlights,6,NA,2,NA,4.83,6,https://www.airbnb.com/rooms/24948017
24955805,NA,NA,2,NA,1,NA,5,1,https://www.airbnb.com/rooms/24955805
24959295,NA,Neighborhood highlights,3,NA,1,NA,5,1,https://www.airbnb.com/rooms/24959295
24960138,$417.00,Neighborhood highlights,2,1,0,1,NA,0,https://www.airbnb.com/rooms/24960138
24961967,$293.00,Neighborhood highlights,4,1,0,1,3.33,3,https://www.airbnb.com/rooms/24961967
24962971,NA,Neighborhood highlights,2,NA,NA,NA,4.92,26,https://www.airbnb.com/rooms/24962971
24963166,NA,Neighborhood highlights,2,NA,NA,NA,4.8,5,https://www.airbnb.com/rooms/24963166
24966197,NA,NA,2,NA,NA,NA,5,10,https://www.airbnb.com/rooms/24966197
24968131,$62.00,Neighborhood highlights,1,1,1,1,4.79,34,https://www.airbnb.com/rooms/24968131
24970711,NA,Neighborhood highlights,2,NA,NA,NA,5,7,https://www.airbnb.com/rooms/24970711
24970982,$220.00,Neighborhood highlights,2,1,1,1,4.9,90,https://www.airbnb.com/rooms/24970982
24983084,"$1,000.00",Neighborhood highlights,2,3,3,3,4.93,59,https://www.airbnb.com/rooms/24983084
24984762,NA,NA,6,NA,3,NA,5,2,https://www.airbnb.com/rooms/24984762
24987685,$136.00,Neighborhood highlights,6,2,3,3,4.74,58,https://www.airbnb.com/rooms/24987685
24990534,$179.00,Neighborhood highlights,4,1,2,3,4.88,56,https://www.airbnb.com/rooms/24990534
24992683,$99.00,NA,1,1.5,2,2,5,27,https://www.airbnb.com/rooms/24992683
24992835,$255.00,Neighborhood highlights,6,1,3,3,4.82,117,https://www.airbnb.com/rooms/24992835
24993467,NA,Neighborhood highlights,6,NA,3,NA,5,1,https://www.airbnb.com/rooms/24993467
24993470,$53.00,Neighborhood highlights,2,1,1,1,4.66,103,https://www.airbnb.com/rooms/24993470
24996332,$79.00,NA,1,1,1,1,4.91,526,https://www.airbnb.com/rooms/24996332
25004276,NA,NA,1,NA,1,NA,5,6,https://www.airbnb.com/rooms/25004276
25006193,NA,Neighborhood highlights,2,NA,1,NA,NA,0,https://www.airbnb.com/rooms/25006193
25007110,$48.00,Neighborhood highlights,2,1,1,1,4.59,58,https://www.airbnb.com/rooms/25007110
25012767,NA,Neighborhood highlights,1,NA,NA,NA,4,3,https://www.airbnb.com/rooms/25012767
25029794,NA,NA,5,NA,1,NA,5,4,https://www.airbnb.com/rooms/25029794
25029982,NA,Neighborhood highlights,2,NA,NA,NA,NA,0,https://www.airbnb.com/rooms/25029982
25031182,NA,NA,2,NA,1,NA,4.75,8,https://www.airbnb.com/rooms/25031182
25031840,"$1,047.00",Neighborhood highlights,7,3,3,4,5,17,https://www.airbnb.com/rooms/25031840
25033659,$176.00,Neighborhood highlights,2,1,2,2,4.85,46,https://www.airbnb.com/rooms/25033659
25033991,$379.00,NA,6,2,2,3,4.93,45,https://www.airbnb.com/rooms/25033991
25042316,$124.00,Neighborhood highlights,2,1,1,1,4.85,673,https://www.airbnb.com/rooms/25042316
25054951,NA,NA,5,NA,2,NA,NA,0,https://www.airbnb.com/rooms/25054951
25056252,NA,Neighborhood highlights,2,NA,NA,NA,NA,0,https://www.airbnb.com/rooms/25056252
25056684,NA,NA,3,NA,NA,NA,NA,0,https://www.airbnb.com/rooms/25056684
25057198,NA,Neighborhood highlights,5,NA,3,NA,NA,0,https://www.airbnb.com/rooms/25057198
25069823,NA,NA,1,NA,NA,NA,NA,0,https://www.airbnb.com/rooms/25069823
25071113,$220.00,NA,2,1.5,1,1,4.96,26,https://www.airbnb.com/rooms/25071113
25071168,$250.00,Neighborhood highlights,2,1,1,2,4.86,243,https://www.airbnb.com/rooms/25071168
25076765,NA,Neighborhood highlights,2,NA,NA,NA,4.75,8,https://www.airbnb.com/rooms/25076765
25082817,$250.00,NA,4,2,2,3,NA,0,https://www.airbnb.com/rooms/25082817
25097211,NA,NA,1,NA,NA,NA,NA,0,https://www.airbnb.com/rooms/25097211
25108878,$165.00,Neighborhood highlights,2,1,1,3,4.91,214,https://www.airbnb.com/rooms/25108878
25112819,NA,NA,4,NA,2,NA,4.77,79,https://www.airbnb.com/rooms/25112819
25124293,NA,Neighborhood highlights,3,NA,1,NA,4.67,15,https://www.airbnb.com/rooms/25124293
25125914,$257.00,Neighborhood highlights,4,2,2,2,4.67,12,https://www.airbnb.com/rooms/25125914
25132414,NA,Neighborhood highlights,2,NA,NA,NA,5,4,https://www.airbnb.com/rooms/25132414
25134311,$235.00,Neighborhood highlights,4,1,2,4,4.44,73,https://www.airbnb.com/rooms/25134311
25135206,NA,Neighborhood highlights,5,NA,2,NA,NA,0,https://www.airbnb.com/rooms/25135206
25135607,NA,Neighborhood highlights,4,NA,2,NA,5,6,https://www.airbnb.com/rooms/25135607
25137887,"$1,129.00",NA,6,2,3,5,4.9,39,https://www.airbnb.com/rooms/25137887
25138149,$290.00,Neighborhood highlights,2,1,1,1,4.73,49,https://www.airbnb.com/rooms/25138149
25138975,NA,Neighborhood highlights,6,NA,2,NA,4.44,36,https://www.airbnb.com/rooms/25138975
25140559,$49.00,NA,1,1,1,1,4.65,105,https://www.airbnb.com/rooms/25140559
25140787,$49.00,NA,1,1,1,1,4.7,87,https://www.airbnb.com/rooms/25140787
25141552,NA,Neighborhood highlights,2,NA,NA,NA,4.5,34,https://www.airbnb.com/rooms/25141552
25155302,NA,Neighborhood highlights,3,NA,NA,NA,5,8,https://www.airbnb.com/rooms/25155302
25157160,NA,NA,1,NA,1,NA,4,1,https://www.airbnb.com/rooms/25157160
25163519,$170.00,Neighborhood highlights,2,1,1,1,4.73,60,https://www.airbnb.com/rooms/25163519
25167819,NA,NA,4,NA,2,NA,4.73,11,https://www.airbnb.com/rooms/25167819
25168678,NA,NA,2,NA,NA,NA,NA,0,https://www.airbnb.com/rooms/25168678
25180572,NA,Neighborhood highlights,3,NA,NA,NA,NA,0,https://www.airbnb.com/rooms/25180572
25182363,$80.00,NA,2,1,0,2,4.79,14,https://www.airbnb.com/rooms/25182363
25183213,NA,Neighborhood highlights,3,NA,NA,NA,4.63,8,https://www.airbnb.com/rooms/25183213
25187461,NA,NA,6,NA,2,NA,5,7,https://www.airbnb.com/rooms/25187461
25187576,$49.00,NA,2,1,1,1,4.84,151,https://www.airbnb.com/rooms/25187576
25188064,$250.00,Neighborhood highlights,2,1,1,1,4.94,95,https://www.airbnb.com/rooms/25188064
25188424,$105.00,Neighborhood highlights,2,1,1,1,5,10,https://www.airbnb.com/rooms/25188424
25193004,$120.00,NA,2,1,1,1,4.87,23,https://www.airbnb.com/rooms/25193004
25205768,NA,Neighborhood highlights,2,NA,1,NA,5,3,https://www.airbnb.com/rooms/25205768
25206790,NA,Neighborhood highlights,4,NA,2,NA,NA,0,https://www.airbnb.com/rooms/25206790
25212748,NA,Neighborhood highlights,2,NA,NA,NA,5,48,https://www.airbnb.com/rooms/25212748
25221993,$222.00,Neighborhood highlights,2,1,1,1,4.89,35,https://www.airbnb.com/rooms/25221993
25226807,NA,Neighborhood highlights,2,NA,1,NA,4.94,17,https://www.airbnb.com/rooms/25226807
25227326,NA,NA,2,NA,1,NA,5,18,https://www.airbnb.com/rooms/25227326
25231230,NA,NA,1,NA,1,NA,4,7,https://www.airbnb.com/rooms/25231230
25232008,$158.00,Neighborhood highlights,1,1,1,1,5,1,https://www.airbnb.com/rooms/25232008
25234732,$129.00,NA,4,1,1,2,4.41,17,https://www.airbnb.com/rooms/25234732
25235760,$43.00,NA,1,1,1,1,5,1,https://www.airbnb.com/rooms/25235760
25251220,$131.00,NA,2,1,1,1,5,3,https://www.airbnb.com/rooms/25251220
25255024,$110.00,Neighborhood highlights,4,1,2,2,4.92,154,https://www.airbnb.com/rooms/25255024
25263845,NA,NA,2,NA,NA,NA,4.25,4,https://www.airbnb.com/rooms/25263845
25264664,"$1,500.00",Neighborhood highlights,8,2.5,4,8,5,4,https://www.airbnb.com/rooms/25264664
25274961,$125.00,Neighborhood highlights,1,1,1,1,4.75,4,https://www.airbnb.com/rooms/25274961
25277702,$275.00,NA,2,1,1,1,4.5,2,https://www.airbnb.com/rooms/25277702
25280641,NA,Neighborhood highlights,2,NA,1,NA,5,6,https://www.airbnb.com/rooms/25280641
25284006,NA,Neighborhood highlights,3,NA,1,NA,4.85,73,https://www.airbnb.com/rooms/25284006
25285159,NA,NA,2,NA,NA,NA,5,5,https://www.airbnb.com/rooms/25285159
25289848,NA,NA,4,NA,2,NA,5,4,https://www.airbnb.com/rooms/25289848
25293702,NA,NA,2,NA,NA,NA,4.55,20,https://www.airbnb.com/rooms/25293702
25293994,NA,NA,2,NA,1,NA,5,6,https://www.airbnb.com/rooms/25293994
25294851,$85.00,NA,2,1,1,1,4.96,49,https://www.airbnb.com/rooms/25294851
25296394,$195.00,Neighborhood highlights,4,1.5,1,1,5,5,https://www.airbnb.com/rooms/25296394
25313204,$89.00,Neighborhood highlights,6,1,2,3,4.63,177,https://www.airbnb.com/rooms/25313204
25313748,NA,Neighborhood highlights,5,NA,1,NA,4.92,24,https://www.airbnb.com/rooms/25313748
25315860,NA,Neighborhood highlights,2,NA,NA,NA,5,8,https://www.airbnb.com/rooms/25315860
25316571,NA,NA,2,NA,1,NA,5,2,https://www.airbnb.com/rooms/25316571
25317793,$60.00,Neighborhood highlights,1,1,1,1,4.85,52,https://www.airbnb.com/rooms/25317793
25319136,$375.00,Neighborhood highlights,7,2,2,3,4.95,84,https://www.airbnb.com/rooms/25319136
25321050,$35.00,NA,1,2,1,1,5,2,https://www.airbnb.com/rooms/25321050
25325029,NA,Neighborhood highlights,2,NA,NA,NA,4.85,20,https://www.airbnb.com/rooms/25325029
25328184,$200.00,Neighborhood highlights,4,1,2,2,4.91,152,https://www.airbnb.com/rooms/25328184
25340524,$343.00,Neighborhood highlights,2,1,1,1,4.93,90,https://www.airbnb.com/rooms/25340524
25342124,NA,Neighborhood highlights,2,NA,NA,NA,4.88,203,https://www.airbnb.com/rooms/25342124
25346963,$314.00,Neighborhood highlights,6,2,2,2,4.88,257,https://www.airbnb.com/rooms/25346963
25348369,NA,Neighborhood highlights,1,NA,NA,NA,NA,0,https://www.airbnb.com/rooms/25348369
25350875,$220.00,Neighborhood highlights,5,2,3,3,4.68,183,https://www.airbnb.com/rooms/25350875
25355282,NA,NA,1,NA,NA,NA,4.79,19,https://www.airbnb.com/rooms/25355282
25356602,NA,Neighborhood highlights,2,NA,NA,NA,4.29,7,https://www.airbnb.com/rooms/25356602
25369739,$201.00,Neighborhood highlights,6,1,2,3,4.9,202,https://www.airbnb.com/rooms/25369739
25371790,$250.00,Neighborhood highlights,3,1,2,2,4.84,88,https://www.airbnb.com/rooms/25371790
25374003,NA,Neighborhood highlights,1,NA,NA,NA,5,4,https://www.airbnb.com/rooms/25374003
25379703,NA,Neighborhood highlights,2,NA,1,NA,4.8,74,https://www.airbnb.com/rooms/25379703
25416257,NA,Neighborhood highlights,16,NA,NA,NA,NA,0,https://www.airbnb.com/rooms/25416257
25416424,NA,Neighborhood highlights,2,NA,1,NA,4.6,5,https://www.airbnb.com/rooms/25416424
25421873,NA,Neighborhood highlights,1,NA,NA,NA,NA,0,https://www.airbnb.com/rooms/25421873
25422338,NA,NA,6,NA,3,NA,NA,0,https://www.airbnb.com/rooms/25422338
25425106,$120.00,NA,2,1,1,1,4.6,5,https://www.airbnb.com/rooms/25425106
25443451,$240.00,Neighborhood highlights,2,1,1,1,4.64,14,https://www.airbnb.com/rooms/25443451
25448433,$60.00,Neighborhood highlights,2,1,1,1,4.82,45,https://www.airbnb.com/rooms/25448433
25456714,$131.00,Neighborhood highlights,4,1,2,2,4.95,19,https://www.airbnb.com/rooms/25456714
25458237,$200.00,Neighborhood highlights,3,1,1,2,5,32,https://www.airbnb.com/rooms/25458237
25471574,$59.00,Neighborhood highlights,1,1,1,2,4.79,57,https://www.airbnb.com/rooms/25471574
25475518,NA,Neighborhood highlights,1,NA,1,NA,4.89,98,https://www.airbnb.com/rooms/25475518
25475944,$30.00,Neighborhood highlights,1,1,1,1,4.8,61,https://www.airbnb.com/rooms/25475944
25476838,$130.00,Neighborhood highlights,2,1,1,2,5,47,https://www.airbnb.com/rooms/25476838
25483095,NA,NA,3,NA,NA,NA,4,1,https://www.airbnb.com/rooms/25483095
25484398,NA,Neighborhood highlights,2,NA,1,NA,5,3,https://www.airbnb.com/rooms/25484398
25484515,NA,Neighborhood highlights,4,NA,1,NA,5,10,https://www.airbnb.com/rooms/25484515
25486302,$104.00,NA,2,1,0,1,5,13,https://www.airbnb.com/rooms/25486302
25488542,NA,Neighborhood highlights,2,NA,NA,NA,5,6,https://www.airbnb.com/rooms/25488542
25489369,$506.00,Neighborhood highlights,6,2,3,5,5,9,https://www.airbnb.com/rooms/25489369
25491908,NA,Neighborhood highlights,1,NA,NA,NA,4.88,8,https://www.airbnb.com/rooms/25491908
25492095,NA,NA,1,NA,4,NA,NA,0,https://www.airbnb.com/rooms/25492095
25492295,NA,Neighborhood highlights,5,NA,1,NA,4.76,50,https://www.airbnb.com/rooms/25492295
25503835,$71.00,Neighborhood highlights,2,1,1,1,4.85,171,https://www.airbnb.com/rooms/25503835
25506725,$201.00,Neighborhood highlights,1,1,1,1,5,1,https://www.airbnb.com/rooms/25506725
25508055,NA,Neighborhood highlights,4,NA,2,NA,5,9,https://www.airbnb.com/rooms/25508055
25510480,NA,NA,3,NA,NA,NA,5,2,https://www.airbnb.com/rooms/25510480
25511717,NA,NA,4,NA,1,NA,NA,0,https://www.airbnb.com/rooms/25511717
25515856,NA,Neighborhood highlights,3,NA,1,NA,NA,0,https://www.airbnb.com/rooms/25515856
25517197,NA,NA,6,NA,3,NA,5,9,https://www.airbnb.com/rooms/25517197
25517407,NA,Neighborhood highlights,1,NA,NA,NA,4.64,22,https://www.airbnb.com/rooms/25517407
25518572,$79.00,Neighborhood highlights,3,1,1,4,4.83,42,https://www.airbnb.com/rooms/25518572
25519328,"$2,250.00",Neighborhood highlights,4,1.5,2,5,5,8,https://www.airbnb.com/rooms/25519328
25519971,NA,NA,1,NA,NA,NA,NA,0,https://www.airbnb.com/rooms/25519971
25534630,NA,Neighborhood highlights,4,NA,2,NA,4.7,76,https://www.airbnb.com/rooms/25534630
25535697,NA,NA,6,NA,2,NA,NA,0,https://www.airbnb.com/rooms/25535697
25537456,$118.00,Neighborhood highlights,2,1,0,1,4.89,9,https://www.airbnb.com/rooms/25537456
25540851,NA,Neighborhood highlights,6,NA,4,NA,NA,0,https://www.airbnb.com/rooms/25540851
25543393,$299.00,Neighborhood highlights,4,1,3,3,4.78,73,https://www.airbnb.com/rooms/25543393
25552076,$200.00,Neighborhood highlights,4,1,2,2,4.5,171,https://www.airbnb.com/rooms/25552076
25554120,NA,NA,2,NA,1,NA,4.78,27,https://www.airbnb.com/rooms/25554120
25571627,$140.00,Neighborhood highlights,6,1.5,3,4,4.76,120,https://www.airbnb.com/rooms/25571627
25582365,NA,NA,4,NA,1,NA,NA,0,https://www.airbnb.com/rooms/25582365
25587778,$75.00,NA,2,1,1,1,4.73,145,https://www.airbnb.com/rooms/25587778
25589726,NA,Neighborhood highlights,3,NA,1,NA,4,1,https://www.airbnb.com/rooms/25589726
25614818,NA,NA,4,NA,1,NA,NA,0,https://www.airbnb.com/rooms/25614818
25619849,$160.00,Neighborhood highlights,2,2,1,1,4.83,35,https://www.airbnb.com/rooms/25619849
25626152,$51.00,Neighborhood highlights,1,1,1,1,4.83,121,https://www.airbnb.com/rooms/25626152
25638322,NA,Neighborhood highlights,1,NA,NA,NA,5,1,https://www.airbnb.com/rooms/25638322
25669472,$95.00,Neighborhood highlights,2,1,1,1,4.83,70,https://www.airbnb.com/rooms/25669472
25673898,NA,Neighborhood highlights,2,NA,NA,NA,4.75,4,https://www.airbnb.com/rooms/25673898
25674371,$112.00,Neighborhood highlights,2,1,1,1,4.84,263,https://www.airbnb.com/rooms/25674371
25677480,NA,NA,1,NA,NA,NA,5,7,https://www.airbnb.com/rooms/25677480
25677571,$700.00,Neighborhood highlights,8,2.5,3,5,4.95,20,https://www.airbnb.com/rooms/25677571
25678522,$242.00,Neighborhood highlights,3,1,1,1,4.97,33,https://www.airbnb.com/rooms/25678522
25681484,$110.00,Neighborhood highlights,2,1,1,1,4.63,8,https://www.airbnb.com/rooms/25681484
25689024,$84.00,Neighborhood highlights,4,1,2,3,4.73,104,https://www.airbnb.com/rooms/25689024
25710052,NA,NA,2,NA,NA,NA,4.6,5,https://www.airbnb.com/rooms/25710052
25719557,NA,NA,6,NA,2,NA,4.75,12,https://www.airbnb.com/rooms/25719557
25719757,NA,Neighborhood highlights,2,NA,1,NA,5,3,https://www.airbnb.com/rooms/25719757
25727611,$98.00,Neighborhood highlights,1,1,1,1,5,13,https://www.airbnb.com/rooms/25727611
25734018,$448.00,Neighborhood highlights,2,2,2,3,4.96,265,https://www.airbnb.com/rooms/25734018
25745070,NA,Neighborhood highlights,2,NA,2,NA,4.67,3,https://www.airbnb.com/rooms/25745070
25745372,NA,Neighborhood highlights,2,NA,1,NA,4.79,14,https://www.airbnb.com/rooms/25745372
25745458,NA,Neighborhood highlights,4,NA,2,NA,5,1,https://www.airbnb.com/rooms/25745458
25746584,NA,Neighborhood highlights,3,NA,1,NA,4.56,39,https://www.airbnb.com/rooms/25746584
25771285,$60.00,Neighborhood highlights,1,1,1,1,4.75,40,https://www.airbnb.com/rooms/25771285
25774787,NA,Neighborhood highlights,2,NA,1,NA,4.94,34,https://www.airbnb.com/rooms/25774787
25775969,NA,NA,2,NA,NA,NA,5,3,https://www.airbnb.com/rooms/25775969
25779152,$74.00,Neighborhood highlights,4,1,1,1,4.8,74,https://www.airbnb.com/rooms/25779152
25779937,$47.00,Neighborhood highlights,1,1,1,1,4.8,15,https://www.airbnb.com/rooms/25779937
25781295,$42.00,Neighborhood highlights,2,1,1,1,4.65,84,https://www.airbnb.com/rooms/25781295
25781535,$93.00,Neighborhood highlights,2,1,1,1,4.67,108,https://www.airbnb.com/rooms/25781535
25782818,$129.00,NA,1,1,0,1,4.88,25,https://www.airbnb.com/rooms/25782818
25784618,NA,Neighborhood highlights,2,NA,2,NA,4.94,17,https://www.airbnb.com/rooms/25784618
25798517,NA,Neighborhood highlights,2,NA,NA,NA,4.81,77,https://www.airbnb.com/rooms/25798517
25798995,NA,NA,2,NA,NA,NA,4,4,https://www.airbnb.com/rooms/25798995
25802121,$115.00,Neighborhood highlights,3,1,0,1,4.82,22,https://www.airbnb.com/rooms/25802121
25804387,NA,Neighborhood highlights,1,NA,NA,NA,NA,0,https://www.airbnb.com/rooms/25804387
25804768,NA,Neighborhood highlights,4,NA,2,NA,4.6,20,https://www.airbnb.com/rooms/25804768
25807815,$36.00,NA,1,1,1,1,5,2,https://www.airbnb.com/rooms/25807815
25812079,$75.00,Neighborhood highlights,4,1,2,2,4.12,17,https://www.airbnb.com/rooms/25812079
25812700,$650.00,Neighborhood highlights,9,2,5,8,4.77,90,https://www.airbnb.com/rooms/25812700
25812971,$200.00,Neighborhood highlights,4,1,0,1,4.82,11,https://www.airbnb.com/rooms/25812971
25813796,$60.00,Neighborhood highlights,2,1,1,1,4.57,47,https://www.airbnb.com/rooms/25813796
25823670,$284.00,Neighborhood highlights,2,1,0,1,5,1,https://www.airbnb.com/rooms/25823670
25830323,NA,Neighborhood highlights,1,1,1,1,3.86,7,https://www.airbnb.com/rooms/25830323
25834338,NA,Neighborhood highlights,2,NA,1,NA,4.63,19,https://www.airbnb.com/rooms/25834338
25834425,NA,NA,2,NA,NA,NA,5,1,https://www.airbnb.com/rooms/25834425
25837024,$80.00,Neighborhood highlights,1,1,1,1,4.95,22,https://www.airbnb.com/rooms/25837024
25838887,$158.00,NA,2,1,1,1,4.6,183,https://www.airbnb.com/rooms/25838887
25838923,$135.00,Neighborhood highlights,2,1,1,1,4.55,285,https://www.airbnb.com/rooms/25838923
25839759,NA,Neighborhood highlights,2,NA,1,NA,4.86,14,https://www.airbnb.com/rooms/25839759
25841637,$159.00,NA,2,1,1,2,4.48,245,https://www.airbnb.com/rooms/25841637
25842433,$93.00,Neighborhood highlights,1,1,1,1,4.98,145,https://www.airbnb.com/rooms/25842433
25860068,$56.00,Neighborhood highlights,1,1,1,1,3.86,7,https://www.airbnb.com/rooms/25860068
25867636,NA,Neighborhood highlights,2,NA,1,NA,NA,0,https://www.airbnb.com/rooms/25867636
25870448,NA,NA,4,NA,3,NA,NA,0,https://www.airbnb.com/rooms/25870448
25870840,NA,Neighborhood highlights,3,NA,1,NA,4.67,6,https://www.airbnb.com/rooms/25870840
25871075,NA,Neighborhood highlights,3,NA,2,NA,4,1,https://www.airbnb.com/rooms/25871075
25871304,$46.00,Neighborhood highlights,1,1,1,1,4.73,11,https://www.airbnb.com/rooms/25871304
25883016,"$2,000.00",NA,2,0.5,1,1,NA,0,https://www.airbnb.com/rooms/25883016
25885278,$100.00,NA,2,1,1,1,4.52,25,https://www.airbnb.com/rooms/25885278
25887818,NA,NA,2,NA,1,NA,4.69,13,https://www.airbnb.com/rooms/25887818
25892653,NA,NA,3,NA,1,NA,4.8,5,https://www.airbnb.com/rooms/25892653
25892765,NA,Neighborhood highlights,2,NA,1,NA,4.88,26,https://www.airbnb.com/rooms/25892765
25895132,NA,Neighborhood highlights,2,NA,NA,NA,4.77,22,https://www.airbnb.com/rooms/25895132
25904988,$275.00,Neighborhood highlights,4,3.5,3,3,NA,0,https://www.airbnb.com/rooms/25904988
25905991,NA,Neighborhood highlights,7,NA,3,NA,5,9,https://www.airbnb.com/rooms/25905991
25909160,NA,NA,1,NA,3,NA,4.13,8,https://www.airbnb.com/rooms/25909160
25909161,$125.00,Neighborhood highlights,2,1,1,2,5,37,https://www.airbnb.com/rooms/25909161
25911322,NA,Neighborhood highlights,2,NA,NA,NA,5,20,https://www.airbnb.com/rooms/25911322
25912647,NA,Neighborhood highlights,1,NA,NA,NA,5,2,https://www.airbnb.com/rooms/25912647
25914515,NA,NA,2,NA,NA,NA,5,1,https://www.airbnb.com/rooms/25914515
25917853,$114.00,Neighborhood highlights,4,1,0,2,4.97,92,https://www.airbnb.com/rooms/25917853
25940097,"$1,150.00",Neighborhood highlights,8,3.5,5,4,5,28,https://www.airbnb.com/rooms/25940097
25941426,$239.00,Neighborhood highlights,1,2,1,1,NA,0,https://www.airbnb.com/rooms/25941426
25943177,$50.00,Neighborhood highlights,3,1,1,3,4.79,86,https://www.airbnb.com/rooms/25943177
25943635,NA,NA,1,NA,1,NA,NA,0,https://www.airbnb.com/rooms/25943635
25944038,$65.00,Neighborhood highlights,1,1,1,1,4.71,14,https://www.airbnb.com/rooms/25944038
25944708,$75.00,NA,2,4,1,1,5,5,https://www.airbnb.com/rooms/25944708
25946015,NA,Neighborhood highlights,2,NA,1,NA,4.67,3,https://www.airbnb.com/rooms/25946015
25948697,NA,Neighborhood highlights,3,NA,NA,NA,NA,0,https://www.airbnb.com/rooms/25948697
25949359,NA,Neighborhood highlights,2,NA,1,NA,5,1,https://www.airbnb.com/rooms/25949359
25961778,NA,Neighborhood highlights,6,NA,4,NA,NA,0,https://www.airbnb.com/rooms/25961778
25963570,$145.00,Neighborhood highlights,2,1,0,1,4.75,369,https://www.airbnb.com/rooms/25963570
25967331,NA,NA,2,NA,NA,NA,5,8,https://www.airbnb.com/rooms/25967331
25970374,$164.00,Neighborhood highlights,2,1,0,1,4.71,28,https://www.airbnb.com/rooms/25970374
25971027,NA,NA,1,NA,NA,NA,5,2,https://www.airbnb.com/rooms/25971027
25972171,NA,NA,2,NA,NA,NA,NA,0,https://www.airbnb.com/rooms/25972171
25972861,$105.00,Neighborhood highlights,2,1,1,1,4.85,224,https://www.airbnb.com/rooms/25972861
25980294,NA,Neighborhood highlights,2,NA,NA,NA,4.86,29,https://www.airbnb.com/rooms/25980294
25982839,NA,Neighborhood highlights,4,NA,1,NA,4.94,94,https://www.airbnb.com/rooms/25982839
25997748,$340.00,Neighborhood highlights,2,1,1,1,4.57,28,https://www.airbnb.com/rooms/25997748
25997937,$498.00,Neighborhood highlights,2,1,1,2,4.31,13,https://www.airbnb.com/rooms/25997937
25998057,NA,NA,6,NA,3,NA,NA,0,https://www.airbnb.com/rooms/25998057
26000019,$45.00,NA,2,1,1,1,4.57,98,https://www.airbnb.com/rooms/26000019
26002246,$100.00,Neighborhood highlights,2,1,0,1,4.88,8,https://www.airbnb.com/rooms/26002246
26004664,NA,Neighborhood highlights,5,NA,2,NA,5,3,https://www.airbnb.com/rooms/26004664
26005975,NA,NA,2,NA,NA,NA,NA,0,https://www.airbnb.com/rooms/26005975
26006376,$67.00,Neighborhood highlights,1,1,1,1,NA,0,https://www.airbnb.com/rooms/26006376
26010424,$85.00,NA,4,1,1,2,4.75,158,https://www.airbnb.com/rooms/26010424
26013177,$146.00,Neighborhood highlights,2,1,1,2,4.95,313,https://www.airbnb.com/rooms/26013177
26025308,NA,Neighborhood highlights,1,NA,NA,NA,5,1,https://www.airbnb.com/rooms/26025308
26025770,NA,Neighborhood highlights,8,NA,4,NA,NA,0,https://www.airbnb.com/rooms/26025770
26026904,$91.00,Neighborhood highlights,1,1,1,1,4.95,176,https://www.airbnb.com/rooms/26026904
26032155,NA,Neighborhood highlights,4,NA,1,NA,4.71,17,https://www.airbnb.com/rooms/26032155
26036438,NA,Neighborhood highlights,5,NA,1,NA,4.66,29,https://www.airbnb.com/rooms/26036438
26038825,$195.00,Neighborhood highlights,2,1,1,2,4.96,158,https://www.airbnb.com/rooms/26038825
26038936,NA,NA,1,NA,2,NA,4.83,6,https://www.airbnb.com/rooms/26038936
26040453,$120.00,NA,2,1,1,1,4.91,294,https://www.airbnb.com/rooms/26040453
26043558,$230.00,Neighborhood highlights,2,1,1,2,4.8,61,https://www.airbnb.com/rooms/26043558
26050704,NA,NA,2,NA,NA,NA,NA,0,https://www.airbnb.com/rooms/26050704
26053340,NA,Neighborhood highlights,1,NA,1,NA,4.8,56,https://www.airbnb.com/rooms/26053340
26055709,$79.00,Neighborhood highlights,3,1,1,2,4.8,238,https://www.airbnb.com/rooms/26055709
26057878,NA,Neighborhood highlights,6,NA,2,NA,4.97,31,https://www.airbnb.com/rooms/26057878
26058634,$219.00,NA,2,1,1,1,4.7,10,https://www.airbnb.com/rooms/26058634
26063230,$310.00,Neighborhood highlights,10,1,4,5,4.74,186,https://www.airbnb.com/rooms/26063230
26064779,$45.00,Neighborhood highlights,2,1,1,1,4.81,91,https://www.airbnb.com/rooms/26064779
26085355,NA,NA,4,NA,1,NA,5,1,https://www.airbnb.com/rooms/26085355
26093497,$950.00,Neighborhood highlights,8,4.5,5,5,5,5,https://www.airbnb.com/rooms/26093497
26108084,NA,Neighborhood highlights,1,NA,NA,NA,NA,0,https://www.airbnb.com/rooms/26108084
26110466,$100.00,Neighborhood highlights,2,1,1,1,4.76,175,https://www.airbnb.com/rooms/26110466
26121109,NA,Neighborhood highlights,2,NA,1,NA,4.71,7,https://www.airbnb.com/rooms/26121109
26125053,NA,Neighborhood highlights,4,NA,2,NA,5,1,https://www.airbnb.com/rooms/26125053
26126894,NA,NA,5,NA,3,NA,5,3,https://www.airbnb.com/rooms/26126894
26127726,NA,NA,4,NA,2,NA,4,7,https://www.airbnb.com/rooms/26127726
26127981,$590.00,Neighborhood highlights,5,1,2,2,4.67,6,https://www.airbnb.com/rooms/26127981
26129308,NA,Neighborhood highlights,2,NA,NA,NA,4.85,13,https://www.airbnb.com/rooms/26129308
26131183,NA,Neighborhood highlights,2,NA,NA,NA,4.88,8,https://www.airbnb.com/rooms/26131183
26131606,$116.00,NA,2,1,0,1,5,5,https://www.airbnb.com/rooms/26131606
26131794,$124.00,NA,2,1,0,1,5,13,https://www.airbnb.com/rooms/26131794
26134638,NA,NA,2,NA,1,NA,5,5,https://www.airbnb.com/rooms/26134638
26135711,NA,NA,2,NA,NA,NA,NA,0,https://www.airbnb.com/rooms/26135711
26136583,NA,Neighborhood highlights,4,NA,2,NA,5,2,https://www.airbnb.com/rooms/26136583
26137379,$50.00,Neighborhood highlights,2,1,1,2,4.67,67,https://www.airbnb.com/rooms/26137379
26138483,NA,NA,2,NA,1,NA,5,2,https://www.airbnb.com/rooms/26138483
26138702,NA,Neighborhood highlights,2,NA,NA,NA,NA,0,https://www.airbnb.com/rooms/26138702
26139590,NA,Neighborhood highlights,5,NA,NA,NA,4.25,4,https://www.airbnb.com/rooms/26139590
26149494,$250.00,Neighborhood highlights,2,1,1,1,5,42,https://www.airbnb.com/rooms/26149494
26151366,NA,Neighborhood highlights,1,NA,NA,NA,5,1,https://www.airbnb.com/rooms/26151366
26157426,$899.00,NA,2,1,1,1,5,14,https://www.airbnb.com/rooms/26157426
26159891,NA,Neighborhood highlights,4,NA,2,NA,4.8,5,https://www.airbnb.com/rooms/26159891
26163413,$82.00,NA,2,4,1,2,4.71,7,https://www.airbnb.com/rooms/26163413
26164606,NA,NA,3,NA,NA,NA,4.29,28,https://www.airbnb.com/rooms/26164606
26165109,$200.00,Neighborhood highlights,5,1,2,2,5,2,https://www.airbnb.com/rooms/26165109
26167182,$350.00,Neighborhood highlights,4,1,0,2,4.74,166,https://www.airbnb.com/rooms/26167182
26183173,NA,NA,3,NA,1,NA,5,1,https://www.airbnb.com/rooms/26183173
26190559,NA,NA,5,NA,NA,NA,NA,0,https://www.airbnb.com/rooms/26190559
26190785,NA,NA,2,NA,NA,NA,4.89,9,https://www.airbnb.com/rooms/26190785
26198112,NA,Neighborhood highlights,8,NA,2,NA,NA,0,https://www.airbnb.com/rooms/26198112
26217642,$149.00,NA,2,1,2,2,5,4,https://www.airbnb.com/rooms/26217642
26221105,$60.00,Neighborhood highlights,2,1,1,1,5,7,https://www.airbnb.com/rooms/26221105
26221423,NA,Neighborhood highlights,6,NA,2,NA,4.9,83,https://www.airbnb.com/rooms/26221423
26225021,NA,Neighborhood highlights,2,NA,NA,NA,4.34,47,https://www.airbnb.com/rooms/26225021
26228457,$88.00,Neighborhood highlights,1,1.5,1,1,4.71,38,https://www.airbnb.com/rooms/26228457
26229979,NA,Neighborhood highlights,4,NA,2,NA,4,3,https://www.airbnb.com/rooms/26229979
26232008,NA,NA,2,NA,1,NA,5,5,https://www.airbnb.com/rooms/26232008
26235873,$80.00,Neighborhood highlights,4,1,1,2,4.81,31,https://www.airbnb.com/rooms/26235873
26240434,NA,NA,2,NA,NA,NA,NA,0,https://www.airbnb.com/rooms/26240434
26249051,$275.00,Neighborhood highlights,2,1,1,1,NA,0,https://www.airbnb.com/rooms/26249051
26249544,$151.00,Neighborhood highlights,2,1,1,1,4.89,119,https://www.airbnb.com/rooms/26249544
26250476,NA,NA,2,NA,1,NA,5,3,https://www.airbnb.com/rooms/26250476
26251173,NA,Neighborhood highlights,1,NA,NA,NA,NA,0,https://www.airbnb.com/rooms/26251173
26251408,NA,NA,2,NA,1,NA,NA,0,https://www.airbnb.com/rooms/26251408
26254270,NA,Neighborhood highlights,3,NA,1,NA,5,1,https://www.airbnb.com/rooms/26254270
26257823,NA,Neighborhood highlights,2,NA,NA,NA,4.93,46,https://www.airbnb.com/rooms/26257823
26270554,NA,Neighborhood highlights,3,NA,1,NA,NA,0,https://www.airbnb.com/rooms/26270554
26271462,NA,Neighborhood highlights,5,NA,3,NA,4.5,2,https://www.airbnb.com/rooms/26271462
26272989,NA,Neighborhood highlights,4,NA,2,NA,5,1,https://www.airbnb.com/rooms/26272989
26274490,$45.00,Neighborhood highlights,2,1,1,3,4.54,28,https://www.airbnb.com/rooms/26274490
26277801,NA,Neighborhood highlights,5,NA,1,NA,NA,0,https://www.airbnb.com/rooms/26277801
26278372,NA,Neighborhood highlights,4,NA,1,NA,4.69,13,https://www.airbnb.com/rooms/26278372
26280662,NA,Neighborhood highlights,3,NA,NA,NA,4.33,3,https://www.airbnb.com/rooms/26280662
26283982,NA,Neighborhood highlights,2,NA,1,NA,5,2,https://www.airbnb.com/rooms/26283982
26291721,NA,Neighborhood highlights,2,NA,1,NA,5,6,https://www.airbnb.com/rooms/26291721
26294354,NA,Neighborhood highlights,2,NA,NA,NA,4.79,146,https://www.airbnb.com/rooms/26294354
26295421,$50.00,Neighborhood highlights,3,1,1,3,4.52,62,https://www.airbnb.com/rooms/26295421
26295433,NA,NA,3,NA,1,NA,NA,0,https://www.airbnb.com/rooms/26295433
26295450,NA,Neighborhood highlights,2,NA,NA,NA,4.5,2,https://www.airbnb.com/rooms/26295450
26297631,$145.00,Neighborhood highlights,3,1,1,2,4.7,97,https://www.airbnb.com/rooms/26297631
26301985,$95.00,Neighborhood highlights,4,1,2,3,4.91,64,https://www.airbnb.com/rooms/26301985
26304163,NA,Neighborhood highlights,4,NA,2,NA,5,3,https://www.airbnb.com/rooms/26304163
26313558,NA,Neighborhood highlights,4,NA,2,NA,4.95,19,https://www.airbnb.com/rooms/26313558
26324904,NA,NA,3,NA,1,NA,4.5,4,https://www.airbnb.com/rooms/26324904
26327452,$75.00,NA,2,1,1,1,4.75,4,https://www.airbnb.com/rooms/26327452
26327565,$55.00,Neighborhood highlights,1,1,1,1,4.86,73,https://www.airbnb.com/rooms/26327565
26331103,$45.00,Neighborhood highlights,1,1,1,1,4.91,22,https://www.airbnb.com/rooms/26331103
26332468,$255.00,Neighborhood highlights,5,1,3,4,4.98,287,https://www.airbnb.com/rooms/26332468
26333975,$174.00,Neighborhood highlights,3,1,1,1,5,8,https://www.airbnb.com/rooms/26333975
26344667,NA,Neighborhood highlights,2,NA,NA,NA,4.5,4,https://www.airbnb.com/rooms/26344667
26350983,NA,NA,4,NA,1,NA,NA,0,https://www.airbnb.com/rooms/26350983
26351621,NA,Neighborhood highlights,3,NA,1,NA,4.82,11,https://www.airbnb.com/rooms/26351621
26352096,NA,Neighborhood highlights,2,NA,NA,NA,4.91,11,https://www.airbnb.com/rooms/26352096
26357145,$180.00,Neighborhood highlights,3,1,1,2,5,2,https://www.airbnb.com/rooms/26357145
26357357,NA,Neighborhood highlights,6,NA,2,NA,4.86,65,https://www.airbnb.com/rooms/26357357
26357377,$200.00,Neighborhood highlights,3,1,1,3,4.83,6,https://www.airbnb.com/rooms/26357377
26357960,NA,NA,2,NA,1,NA,NA,0,https://www.airbnb.com/rooms/26357960
26358694,NA,NA,2,NA,1,NA,4.53,15,https://www.airbnb.com/rooms/26358694
26361306,$109.00,NA,3,1,0,2,4.77,62,https://www.airbnb.com/rooms/26361306
26362898,NA,NA,1,NA,1,NA,NA,0,https://www.airbnb.com/rooms/26362898
26370425,NA,Neighborhood highlights,3,NA,1,NA,5,2,https://www.airbnb.com/rooms/26370425
26387184,NA,Neighborhood highlights,2,NA,2,NA,4.78,9,https://www.airbnb.com/rooms/26387184
26387674,$120.00,Neighborhood highlights,2,1,2,2,4.77,133,https://www.airbnb.com/rooms/26387674
26388810,NA,NA,3,NA,2,NA,NA,0,https://www.airbnb.com/rooms/26388810
26391060,NA,Neighborhood highlights,2,NA,NA,NA,4.85,26,https://www.airbnb.com/rooms/26391060
26394592,NA,Neighborhood highlights,2,NA,2,NA,5,14,https://www.airbnb.com/rooms/26394592
26395296,$125.00,Neighborhood highlights,2,1,1,1,4.87,15,https://www.airbnb.com/rooms/26395296
26398257,$101.00,Neighborhood highlights,4,1,1,2,4.91,45,https://www.airbnb.com/rooms/26398257
26398428,NA,NA,2,NA,NA,NA,NA,0,https://www.airbnb.com/rooms/26398428
26398894,$199.00,Neighborhood highlights,11,2,3,7,4.75,36,https://www.airbnb.com/rooms/26398894
26416651,NA,Neighborhood highlights,2,NA,NA,NA,4.75,4,https://www.airbnb.com/rooms/26416651
26420017,NA,NA,3,NA,1,NA,5,1,https://www.airbnb.com/rooms/26420017
26421624,NA,NA,2,NA,NA,NA,4.61,57,https://www.airbnb.com/rooms/26421624
26422113,$37.00,NA,1,1,3,3,4.79,14,https://www.airbnb.com/rooms/26422113
26425943,NA,NA,2,NA,1,NA,5,5,https://www.airbnb.com/rooms/26425943
26430182,NA,Neighborhood highlights,4,NA,3,NA,NA,0,https://www.airbnb.com/rooms/26430182
26448665,NA,NA,2,NA,NA,NA,5,1,https://www.airbnb.com/rooms/26448665
26449881,$411.00,Neighborhood highlights,4,1,1,1,4.89,55,https://www.airbnb.com/rooms/26449881
26450631,$179.00,Neighborhood highlights,7,1,3,4,4.82,236,https://www.airbnb.com/rooms/26450631
26452047,$60.00,NA,2,1,1,1,3.67,3,https://www.airbnb.com/rooms/26452047
26456925,$51.00,Neighborhood highlights,1,1,1,1,4.63,8,https://www.airbnb.com/rooms/26456925
26458835,NA,NA,1,NA,1,NA,NA,0,https://www.airbnb.com/rooms/26458835
26465413,NA,Neighborhood highlights,2,NA,NA,NA,5,8,https://www.airbnb.com/rooms/26465413
26471867,NA,Neighborhood highlights,4,NA,2,NA,4.88,51,https://www.airbnb.com/rooms/26471867
26473275,NA,Neighborhood highlights,2,NA,1,NA,5,10,https://www.airbnb.com/rooms/26473275
26473576,NA,Neighborhood highlights,2,NA,NA,NA,4.57,7,https://www.airbnb.com/rooms/26473576
26475612,$135.00,Neighborhood highlights,2,1,0,1,4.66,277,https://www.airbnb.com/rooms/26475612
26476238,NA,NA,2,NA,NA,NA,4.6,5,https://www.airbnb.com/rooms/26476238
26476892,$90.00,Neighborhood highlights,2,1,1,1,4.88,172,https://www.airbnb.com/rooms/26476892
26487650,NA,Neighborhood highlights,2,NA,1,NA,4.63,8,https://www.airbnb.com/rooms/26487650
26488707,NA,Neighborhood highlights,2,NA,NA,NA,4.91,22,https://www.airbnb.com/rooms/26488707
26489146,$89.00,Neighborhood highlights,2,1,1,1,4.67,9,https://www.airbnb.com/rooms/26489146
26489955,$107.00,Neighborhood highlights,1,1,1,1,5,42,https://www.airbnb.com/rooms/26489955
26494242,NA,Neighborhood highlights,2,NA,1,NA,4.86,7,https://www.airbnb.com/rooms/26494242
26496330,NA,NA,1,NA,NA,NA,5,1,https://www.airbnb.com/rooms/26496330
26496505,"$1,800.00",Neighborhood highlights,2,1,1,1,4.77,222,https://www.airbnb.com/rooms/26496505
26496511,$220.00,NA,2,1,0,1,5,2,https://www.airbnb.com/rooms/26496511
26516462,$68.00,Neighborhood highlights,2,1,1,2,5,8,https://www.airbnb.com/rooms/26516462
26518547,$92.00,Neighborhood highlights,2,1,1,1,4.75,4,https://www.airbnb.com/rooms/26518547
26520216,NA,NA,3,NA,1,NA,4.57,7,https://www.airbnb.com/rooms/26520216
26522949,NA,Neighborhood highlights,4,NA,1,NA,4.75,12,https://www.airbnb.com/rooms/26522949
26524625,NA,NA,2,NA,NA,NA,4.5,4,https://www.airbnb.com/rooms/26524625
26526269,NA,Neighborhood highlights,2,NA,NA,NA,5,2,https://www.airbnb.com/rooms/26526269
26528032,NA,Neighborhood highlights,1,NA,NA,NA,4,1,https://www.airbnb.com/rooms/26528032
26554937,$150.00,Neighborhood highlights,3,1,2,3,4.9,87,https://www.airbnb.com/rooms/26554937
26555992,NA,Neighborhood highlights,3,NA,1,NA,5,8,https://www.airbnb.com/rooms/26555992
26557266,NA,Neighborhood highlights,2,NA,NA,NA,NA,0,https://www.airbnb.com/rooms/26557266
26558970,$100.00,Neighborhood highlights,14,1,3,7,4.57,108,https://www.airbnb.com/rooms/26558970
26559313,$499.00,Neighborhood highlights,6,1,2,2,4.89,56,https://www.airbnb.com/rooms/26559313
26560159,$126.00,Neighborhood highlights,2,1,1,1,4.83,23,https://www.airbnb.com/rooms/26560159
26571486,NA,NA,1,NA,NA,NA,5,1,https://www.airbnb.com/rooms/26571486
26571706,NA,NA,4,NA,NA,NA,NA,0,https://www.airbnb.com/rooms/26571706
26590931,NA,NA,2,NA,1,NA,4.86,7,https://www.airbnb.com/rooms/26590931
26597692,NA,Neighborhood highlights,2,NA,10,NA,5,4,https://www.airbnb.com/rooms/26597692
26599244,NA,NA,2,NA,10,NA,NA,0,https://www.airbnb.com/rooms/26599244
26602263,$59.00,Neighborhood highlights,2,1,1,1,4.09,122,https://www.airbnb.com/rooms/26602263
26604019,NA,Neighborhood highlights,2,NA,1,NA,NA,0,https://www.airbnb.com/rooms/26604019
26607493,NA,NA,1,NA,NA,NA,5,1,https://www.airbnb.com/rooms/26607493
26609429,NA,Neighborhood highlights,2,NA,NA,NA,4.6,5,https://www.airbnb.com/rooms/26609429
26632496,NA,Neighborhood highlights,3,NA,NA,NA,4.88,25,https://www.airbnb.com/rooms/26632496
26639925,$50.00,Neighborhood highlights,2,1,1,1,4.52,100,https://www.airbnb.com/rooms/26639925
26641779,$350.00,NA,2,1,2,2,4.94,124,https://www.airbnb.com/rooms/26641779
26645876,NA,NA,2,NA,1,NA,4.33,3,https://www.airbnb.com/rooms/26645876
26655705,$170.00,Neighborhood highlights,6,1,2,4,4.91,140,https://www.airbnb.com/rooms/26655705
26659521,$100.00,Neighborhood highlights,3,1,1,1,NA,0,https://www.airbnb.com/rooms/26659521
26660828,$150.00,NA,2,1,1,1,5,4,https://www.airbnb.com/rooms/26660828
26662711,NA,NA,2,NA,NA,NA,4.83,6,https://www.airbnb.com/rooms/26662711
26663094,NA,Neighborhood highlights,2,NA,1,NA,4.33,6,https://www.airbnb.com/rooms/26663094
26670812,NA,NA,2,NA,1,NA,5,1,https://www.airbnb.com/rooms/26670812
26679556,NA,NA,2,NA,NA,NA,5,2,https://www.airbnb.com/rooms/26679556
26682755,$159.00,Neighborhood highlights,3,1,1,2,4.94,156,https://www.airbnb.com/rooms/26682755
26691677,NA,Neighborhood highlights,1,NA,NA,NA,4.75,4,https://www.airbnb.com/rooms/26691677
26693195,NA,Neighborhood highlights,2,NA,NA,NA,4.81,105,https://www.airbnb.com/rooms/26693195
26717141,$58.00,Neighborhood highlights,2,1,1,1,4.56,300,https://www.airbnb.com/rooms/26717141
26741585,$97.00,Neighborhood highlights,1,1,1,1,4.97,323,https://www.airbnb.com/rooms/26741585
26741642,$248.00,Neighborhood highlights,7,1,3,4,4.91,55,https://www.airbnb.com/rooms/26741642
26743587,$155.00,Neighborhood highlights,4,1,1,1,4.91,35,https://www.airbnb.com/rooms/26743587
26743923,NA,NA,4,NA,1,NA,4.66,449,https://www.airbnb.com/rooms/26743923
26744053,NA,NA,1,NA,1,NA,NA,0,https://www.airbnb.com/rooms/26744053
26747129,NA,Neighborhood highlights,1,NA,1,NA,4.4,5,https://www.airbnb.com/rooms/26747129
26747248,$150.00,Neighborhood highlights,2,1,1,2,4.82,92,https://www.airbnb.com/rooms/26747248
26747409,NA,Neighborhood highlights,2,NA,NA,NA,NA,0,https://www.airbnb.com/rooms/26747409
26750461,NA,Neighborhood highlights,1,NA,NA,NA,NA,0,https://www.airbnb.com/rooms/26750461
26753414,NA,Neighborhood highlights,2,NA,1,NA,5,25,https://www.airbnb.com/rooms/26753414
26770455,NA,NA,1,NA,1,NA,NA,0,https://www.airbnb.com/rooms/26770455
26771366,$48.00,Neighborhood highlights,1,1,1,1,4.25,4,https://www.airbnb.com/rooms/26771366
26774653,NA,Neighborhood highlights,2,NA,1,NA,4.71,7,https://www.airbnb.com/rooms/26774653
26779818,NA,Neighborhood highlights,3,NA,1,NA,4.38,8,https://www.airbnb.com/rooms/26779818
26786964,$140.00,Neighborhood highlights,4,1,0,2,4.94,140,https://www.airbnb.com/rooms/26786964
26788437,NA,Neighborhood highlights,2,NA,NA,NA,4.73,33,https://www.airbnb.com/rooms/26788437
26803556,$140.00,Neighborhood highlights,2,1,2,2,4.96,80,https://www.airbnb.com/rooms/26803556
26803876,NA,Neighborhood highlights,2,NA,1,NA,4.93,14,https://www.airbnb.com/rooms/26803876
26805201,NA,Neighborhood highlights,1,NA,NA,NA,5,6,https://www.airbnb.com/rooms/26805201
26808322,NA,Neighborhood highlights,2,NA,NA,NA,4.75,64,https://www.airbnb.com/rooms/26808322
26809805,NA,Neighborhood highlights,1,NA,NA,NA,4.75,4,https://www.airbnb.com/rooms/26809805
26810466,NA,Neighborhood highlights,4,NA,1,NA,5,2,https://www.airbnb.com/rooms/26810466
26812324,NA,Neighborhood highlights,3,NA,1,NA,5,14,https://www.airbnb.com/rooms/26812324
26812606,NA,Neighborhood highlights,3,NA,NA,NA,4.95,22,https://www.airbnb.com/rooms/26812606
26813575,NA,NA,4,NA,1,NA,4,2,https://www.airbnb.com/rooms/26813575
26813610,$43.00,Neighborhood highlights,1,2,1,1,4.75,12,https://www.airbnb.com/rooms/26813610
26814616,NA,Neighborhood highlights,3,NA,1,NA,4.5,2,https://www.airbnb.com/rooms/26814616
26814741,NA,Neighborhood highlights,5,NA,2,NA,NA,0,https://www.airbnb.com/rooms/26814741
26814854,NA,Neighborhood highlights,5,NA,2,NA,NA,0,https://www.airbnb.com/rooms/26814854
26835960,$137.00,NA,2,1,1,1,4.77,31,https://www.airbnb.com/rooms/26835960
26837124,NA,Neighborhood highlights,4,NA,1,NA,5,1,https://www.airbnb.com/rooms/26837124
26837834,$146.00,NA,2,1,1,4,4.33,45,https://www.airbnb.com/rooms/26837834
26839660,NA,NA,3,NA,1,NA,NA,0,https://www.airbnb.com/rooms/26839660
26841647,NA,Neighborhood highlights,6,NA,4,NA,4,3,https://www.airbnb.com/rooms/26841647
26842735,$187.00,Neighborhood highlights,4,1,0,2,4.74,219,https://www.airbnb.com/rooms/26842735
26845561,$175.00,NA,4,1,3,4,4.86,144,https://www.airbnb.com/rooms/26845561
26846907,NA,NA,2,NA,1,NA,5,1,https://www.airbnb.com/rooms/26846907
26865836,$190.00,NA,3,1,1,1,NA,0,https://www.airbnb.com/rooms/26865836
26867170,$350.00,NA,6,2,2,4,NA,0,https://www.airbnb.com/rooms/26867170
26867635,"$1,000.00",NA,12,4.5,2,9,NA,0,https://www.airbnb.com/rooms/26867635
26871230,NA,Neighborhood highlights,2,NA,1,NA,5,16,https://www.airbnb.com/rooms/26871230
26874326,$48.00,Neighborhood highlights,2,1,1,2,4.71,21,https://www.airbnb.com/rooms/26874326
26874462,$160.00,Neighborhood highlights,2,1,0,1,4.85,213,https://www.airbnb.com/rooms/26874462
26874813,NA,Neighborhood highlights,2,NA,NA,NA,4.7,10,https://www.airbnb.com/rooms/26874813
26876289,$366.00,Neighborhood highlights,5,1.5,2,4,4.94,193,https://www.airbnb.com/rooms/26876289
26877276,NA,NA,1,NA,1,NA,4.67,9,https://www.airbnb.com/rooms/26877276
26889078,NA,NA,6,NA,1,NA,4.91,91,https://www.airbnb.com/rooms/26889078
26890426,NA,NA,2,NA,NA,NA,4.79,14,https://www.airbnb.com/rooms/26890426
26890649,NA,NA,4,NA,2,NA,4.5,2,https://www.airbnb.com/rooms/26890649
26892245,NA,NA,1,NA,NA,NA,5,2,https://www.airbnb.com/rooms/26892245
26895166,NA,Neighborhood highlights,1,NA,1,NA,4.96,28,https://www.airbnb.com/rooms/26895166
26896131,NA,NA,3,NA,1,NA,4.75,4,https://www.airbnb.com/rooms/26896131
26897328,$249.00,Neighborhood highlights,5,1.5,3,3,5,7,https://www.airbnb.com/rooms/26897328
26897821,NA,NA,2,NA,1,NA,4.71,14,https://www.airbnb.com/rooms/26897821
26898028,NA,NA,2,NA,NA,NA,4.71,7,https://www.airbnb.com/rooms/26898028
26900640,$40.00,Neighborhood highlights,2,1,1,1,4.17,6,https://www.airbnb.com/rooms/26900640
26914676,NA,Neighborhood highlights,2,NA,2,NA,5,7,https://www.airbnb.com/rooms/26914676
26916664,$75.00,Neighborhood highlights,3,1,1,1,4.59,54,https://www.airbnb.com/rooms/26916664
26916746,NA,NA,2,NA,NA,NA,4.62,26,https://www.airbnb.com/rooms/26916746
26924026,$100.00,NA,4,1,1,3,NA,0,https://www.airbnb.com/rooms/26924026
26925980,$55.00,Neighborhood highlights,1,1,1,1,4.74,198,https://www.airbnb.com/rooms/26925980
26943105,NA,Neighborhood highlights,2,NA,NA,NA,4.71,7,https://www.airbnb.com/rooms/26943105
26948562,NA,NA,4,NA,2,NA,5,8,https://www.airbnb.com/rooms/26948562
26949336,NA,NA,1,NA,1,NA,NA,0,https://www.airbnb.com/rooms/26949336
26953399,$501.00,Neighborhood highlights,3,1,1,1,4.88,8,https://www.airbnb.com/rooms/26953399
26953727,$375.00,Neighborhood highlights,3,1,0,1,4.8,41,https://www.airbnb.com/rooms/26953727
26953759,$286.00,Neighborhood highlights,2,1,0,1,3,3,https://www.airbnb.com/rooms/26953759
26954041,$688.00,Neighborhood highlights,5,1,2,2,4.6,88,https://www.airbnb.com/rooms/26954041
26982403,$280.00,Neighborhood highlights,2,1,1,1,4.67,3,https://www.airbnb.com/rooms/26982403
26983183,NA,Neighborhood highlights,4,NA,1,NA,5,2,https://www.airbnb.com/rooms/26983183
26987448,NA,Neighborhood highlights,2,NA,1,NA,4.95,19,https://www.airbnb.com/rooms/26987448
26988903,NA,NA,3,NA,1,NA,4.5,2,https://www.airbnb.com/rooms/26988903
26989176,$90.00,Neighborhood highlights,1,1.5,1,1,5,12,https://www.airbnb.com/rooms/26989176
26991656,$815.00,Neighborhood highlights,3,1,1,1,5,1,https://www.airbnb.com/rooms/26991656
26993244,NA,Neighborhood highlights,5,NA,2,NA,5,8,https://www.airbnb.com/rooms/26993244
27002075,NA,NA,2,NA,NA,NA,4.57,14,https://www.airbnb.com/rooms/27002075
27015594,$333.00,Neighborhood highlights,2,1,0,2,4.69,13,https://www.airbnb.com/rooms/27015594
27016931,$55.00,Neighborhood highlights,1,1,1,1,4.72,18,https://www.airbnb.com/rooms/27016931
27019732,$169.00,Neighborhood highlights,2,1,1,2,4.73,114,https://www.airbnb.com/rooms/27019732
27023307,NA,Neighborhood highlights,2,NA,1,NA,4.85,13,https://www.airbnb.com/rooms/27023307
27029402,NA,NA,2,NA,NA,NA,4.43,14,https://www.airbnb.com/rooms/27029402
27029894,NA,NA,2,NA,NA,NA,4.42,57,https://www.airbnb.com/rooms/27029894
27030076,NA,NA,2,NA,2,NA,5,6,https://www.airbnb.com/rooms/27030076
27032162,NA,Neighborhood highlights,3,NA,1,NA,4.91,152,https://www.airbnb.com/rooms/27032162
27053726,NA,Neighborhood highlights,3,NA,2,NA,5,2,https://www.airbnb.com/rooms/27053726
27054756,$150.00,Neighborhood highlights,2,1,1,1,4.94,31,https://www.airbnb.com/rooms/27054756
27056608,NA,NA,4,NA,1,NA,NA,0,https://www.airbnb.com/rooms/27056608
27057790,$45.00,Neighborhood highlights,2,2,1,1,5,5,https://www.airbnb.com/rooms/27057790
27061752,NA,Neighborhood highlights,1,NA,NA,NA,5,2,https://www.airbnb.com/rooms/27061752
27061895,NA,NA,4,NA,1,NA,5,6,https://www.airbnb.com/rooms/27061895
27064423,NA,NA,2,NA,1,NA,5,1,https://www.airbnb.com/rooms/27064423
27065834,NA,Neighborhood highlights,2,NA,1,NA,5,3,https://www.airbnb.com/rooms/27065834
27067463,$52.00,Neighborhood highlights,1,1,1,1,5,9,https://www.airbnb.com/rooms/27067463
27082137,$60.00,NA,2,1,1,1,NA,0,https://www.airbnb.com/rooms/27082137
27085643,NA,Neighborhood highlights,2,NA,1,NA,5,5,https://www.airbnb.com/rooms/27085643
27087566,NA,Neighborhood highlights,4,NA,2,NA,4.5,2,https://www.airbnb.com/rooms/27087566
27088022,$210.00,NA,8,2.5,4,6,4.56,52,https://www.airbnb.com/rooms/27088022
27088254,$101.00,Neighborhood highlights,2,1,1,2,4.86,189,https://www.airbnb.com/rooms/27088254
27088944,NA,Neighborhood highlights,2,NA,NA,NA,4.69,13,https://www.airbnb.com/rooms/27088944
27089135,NA,Neighborhood highlights,2,NA,NA,NA,4.78,9,https://www.airbnb.com/rooms/27089135
27089541,NA,Neighborhood highlights,1,NA,NA,NA,5,11,https://www.airbnb.com/rooms/27089541
27110090,NA,NA,1,NA,NA,NA,5,1,https://www.airbnb.com/rooms/27110090
27113697,$39.00,Neighborhood highlights,1,2,1,1,4.08,13,https://www.airbnb.com/rooms/27113697
27131400,NA,NA,7,NA,4,NA,5,1,https://www.airbnb.com/rooms/27131400
27132347,NA,Neighborhood highlights,8,NA,4,NA,4,3,https://www.airbnb.com/rooms/27132347
27134257,$55.00,Neighborhood highlights,2,1,1,1,4.33,6,https://www.airbnb.com/rooms/27134257
27136639,$80.00,Neighborhood highlights,3,1,3,3,5,8,https://www.airbnb.com/rooms/27136639
27137651,$179.00,NA,1,1,0,1,4.7,27,https://www.airbnb.com/rooms/27137651
27141013,$75.00,Neighborhood highlights,3,1,1,2,4.91,68,https://www.airbnb.com/rooms/27141013
27141191,NA,Neighborhood highlights,1,NA,NA,NA,5,3,https://www.airbnb.com/rooms/27141191
27157649,NA,NA,2,NA,NA,NA,4.5,2,https://www.airbnb.com/rooms/27157649
27159664,NA,Neighborhood highlights,1,NA,4,NA,5,2,https://www.airbnb.com/rooms/27159664
27160354,NA,Neighborhood highlights,2,NA,1,NA,4.86,7,https://www.airbnb.com/rooms/27160354
27161183,NA,Neighborhood highlights,6,NA,3,NA,4.69,16,https://www.airbnb.com/rooms/27161183
27164116,NA,Neighborhood highlights,2,NA,NA,NA,4.56,16,https://www.airbnb.com/rooms/27164116
27166074,$65.00,Neighborhood highlights,1,0,1,1,NA,0,https://www.airbnb.com/rooms/27166074
27166833,$115.00,Neighborhood highlights,5,1,2,2,3,2,https://www.airbnb.com/rooms/27166833
27166904,NA,Neighborhood highlights,2,NA,NA,NA,5,1,https://www.airbnb.com/rooms/27166904
27192720,$350.00,Neighborhood highlights,2,1,1,1,5,65,https://www.airbnb.com/rooms/27192720
27197193,NA,Neighborhood highlights,1,NA,1,NA,4.36,14,https://www.airbnb.com/rooms/27197193
27200105,$395.00,Neighborhood highlights,4,1.5,2,2,4.84,19,https://www.airbnb.com/rooms/27200105
27203333,NA,Neighborhood highlights,4,NA,5,NA,5,2,https://www.airbnb.com/rooms/27203333
27211525,$61.00,Neighborhood highlights,1,1,1,1,4.8,95,https://www.airbnb.com/rooms/27211525
27225628,NA,NA,1,NA,NA,NA,4.5,2,https://www.airbnb.com/rooms/27225628
27225643,$53.00,Neighborhood highlights,1,1,1,1,4.47,17,https://www.airbnb.com/rooms/27225643
27225784,NA,NA,2,NA,NA,NA,4.8,5,https://www.airbnb.com/rooms/27225784
27227269,NA,Neighborhood highlights,2,NA,NA,NA,4.71,7,https://www.airbnb.com/rooms/27227269
27230758,NA,Neighborhood highlights,2,NA,1,NA,4.72,18,https://www.airbnb.com/rooms/27230758
27235864,NA,Neighborhood highlights,2,NA,NA,NA,4.8,15,https://www.airbnb.com/rooms/27235864
27262079,$95.00,Neighborhood highlights,2,1,2,5,4.91,208,https://www.airbnb.com/rooms/27262079
27266217,NA,NA,4,NA,2,NA,NA,0,https://www.airbnb.com/rooms/27266217
27278546,NA,Neighborhood highlights,2,NA,1,NA,5,10,https://www.airbnb.com/rooms/27278546
27278924,NA,Neighborhood highlights,1,NA,1,NA,NA,0,https://www.airbnb.com/rooms/27278924
27279139,NA,Neighborhood highlights,5,NA,2,NA,4.89,28,https://www.airbnb.com/rooms/27279139
27287372,$350.00,NA,3,1,1,1,5,9,https://www.airbnb.com/rooms/27287372
27287501,NA,Neighborhood highlights,1,NA,NA,NA,4.25,4,https://www.airbnb.com/rooms/27287501
27291497,$380.00,Neighborhood highlights,6,2.5,3,5,4.91,99,https://www.airbnb.com/rooms/27291497
27292217,NA,NA,3,NA,1,NA,NA,0,https://www.airbnb.com/rooms/27292217
27295492,$80.00,Neighborhood highlights,2,1,1,1,4.59,69,https://www.airbnb.com/rooms/27295492
27301758,NA,Neighborhood highlights,4,NA,3,NA,NA,0,https://www.airbnb.com/rooms/27301758
27308432,$156.00,Neighborhood highlights,4,1,1,2,4.99,84,https://www.airbnb.com/rooms/27308432
27312147,NA,Neighborhood highlights,1,NA,NA,NA,3.57,7,https://www.airbnb.com/rooms/27312147
27312914,$102.00,Neighborhood highlights,2,1,1,1,4.88,264,https://www.airbnb.com/rooms/27312914
27314650,$118.00,Neighborhood highlights,2,1,1,1,4.91,253,https://www.airbnb.com/rooms/27314650
27326744,$45.00,NA,2,1,1,1,4.69,87,https://www.airbnb.com/rooms/27326744
27328415,NA,Neighborhood highlights,2,NA,NA,NA,4.67,3,https://www.airbnb.com/rooms/27328415
27329048,$56.00,Neighborhood highlights,1,1,1,1,5,6,https://www.airbnb.com/rooms/27329048
27334148,NA,NA,4,NA,3,NA,5,3,https://www.airbnb.com/rooms/27334148
27336179,$55.00,Neighborhood highlights,1,1,1,1,5,28,https://www.airbnb.com/rooms/27336179
27338033,NA,NA,2,NA,NA,NA,4.59,39,https://www.airbnb.com/rooms/27338033
27338569,$214.00,Neighborhood highlights,2,1,1,1,4.96,48,https://www.airbnb.com/rooms/27338569
27343189,$71.00,Neighborhood highlights,2,1,1,1,4.77,154,https://www.airbnb.com/rooms/27343189
27357537,NA,NA,2,NA,NA,NA,4,5,https://www.airbnb.com/rooms/27357537
27359696,$60.00,Neighborhood highlights,4,1,1,2,4.73,44,https://www.airbnb.com/rooms/27359696
27359897,$58.00,Neighborhood highlights,2,1,1,1,4.83,70,https://www.airbnb.com/rooms/27359897
27361377,$105.00,NA,2,1,1,1,5,1,https://www.airbnb.com/rooms/27361377
27361805,NA,NA,1,NA,NA,NA,5,2,https://www.airbnb.com/rooms/27361805
27362309,NA,Neighborhood highlights,1,NA,NA,NA,NA,0,https://www.airbnb.com/rooms/27362309
27365146,$124.00,Neighborhood highlights,4,1,3,3,4.81,43,https://www.airbnb.com/rooms/27365146
27369599,"$2,000.00",Neighborhood highlights,4,1,1,2,4.5,8,https://www.airbnb.com/rooms/27369599
27371581,$181.00,Neighborhood highlights,4,1,2,3,4.95,110,https://www.airbnb.com/rooms/27371581
27375052,$100.00,Neighborhood highlights,8,1,2,6,4.78,122,https://www.airbnb.com/rooms/27375052
27389647,NA,NA,2,NA,NA,NA,5,6,https://www.airbnb.com/rooms/27389647
27393151,NA,NA,2,NA,1,NA,3.75,4,https://www.airbnb.com/rooms/27393151
27394897,$95.00,Neighborhood highlights,4,1,1,3,4.91,45,https://www.airbnb.com/rooms/27394897
27395171,$102.00,Neighborhood highlights,2,1,1,1,4.86,202,https://www.airbnb.com/rooms/27395171
27398972,NA,NA,3,NA,NA,NA,NA,0,https://www.airbnb.com/rooms/27398972
27406558,NA,Neighborhood highlights,4,NA,2,NA,4.83,6,https://www.airbnb.com/rooms/27406558
27409329,$80.00,Neighborhood highlights,2,1,1,1,4.72,64,https://www.airbnb.com/rooms/27409329
27416658,$140.00,Neighborhood highlights,6,1,2,2,5,4,https://www.airbnb.com/rooms/27416658
27426767,NA,NA,3,NA,NA,NA,4.83,30,https://www.airbnb.com/rooms/27426767
27427289,$150.00,Neighborhood highlights,2,1,1,1,5,2,https://www.airbnb.com/rooms/27427289
27429253,$37.00,Neighborhood highlights,1,1,1,1,4,4,https://www.airbnb.com/rooms/27429253
27429817,$159.00,Neighborhood highlights,3,1,1,2,4.96,156,https://www.airbnb.com/rooms/27429817
27430644,$50.00,Neighborhood highlights,2,1,1,1,4.62,215,https://www.airbnb.com/rooms/27430644
27431313,NA,Neighborhood highlights,4,NA,1,NA,5,4,https://www.airbnb.com/rooms/27431313
27434658,NA,NA,2,NA,NA,NA,5,1,https://www.airbnb.com/rooms/27434658
27436322,NA,NA,2,NA,NA,NA,NA,0,https://www.airbnb.com/rooms/27436322
27437662,NA,NA,2,NA,1,NA,NA,0,https://www.airbnb.com/rooms/27437662
27454904,$225.00,NA,4,1.5,0,2,4.86,78,https://www.airbnb.com/rooms/27454904
27455308,NA,Neighborhood highlights,2,NA,NA,NA,4.97,107,https://www.airbnb.com/rooms/27455308
27458304,$133.00,Neighborhood highlights,2,1,0,1,4.8,5,https://www.airbnb.com/rooms/27458304
27464651,NA,Neighborhood highlights,2,NA,NA,NA,4.89,9,https://www.airbnb.com/rooms/27464651
27468927,NA,Neighborhood highlights,2,NA,NA,NA,4.8,142,https://www.airbnb.com/rooms/27468927
27470574,NA,NA,2,NA,NA,NA,5,2,https://www.airbnb.com/rooms/27470574
27470676,$106.00,Neighborhood highlights,2,1,0,1,5,9,https://www.airbnb.com/rooms/27470676
27477710,$89.00,Neighborhood highlights,4,1,2,2,4.79,243,https://www.airbnb.com/rooms/27477710
27480436,NA,NA,2,NA,1,NA,5,1,https://www.airbnb.com/rooms/27480436
27482124,NA,NA,2,NA,NA,NA,4.83,6,https://www.airbnb.com/rooms/27482124
27482592,NA,NA,2,NA,1,NA,4.67,3,https://www.airbnb.com/rooms/27482592
27483961,$130.00,Neighborhood highlights,1,1.5,1,1,4.83,12,https://www.airbnb.com/rooms/27483961
27488806,NA,Neighborhood highlights,1,NA,NA,NA,4.88,154,https://www.airbnb.com/rooms/27488806
27489188,NA,Neighborhood highlights,3,NA,1,NA,4.8,5,https://www.airbnb.com/rooms/27489188
27489247,NA,Neighborhood highlights,3,NA,1,NA,4.38,8,https://www.airbnb.com/rooms/27489247
27491393,NA,Neighborhood highlights,2,NA,NA,NA,4.72,116,https://www.airbnb.com/rooms/27491393
27491585,NA,NA,2,NA,NA,NA,4,8,https://www.airbnb.com/rooms/27491585
27498398,$406.00,Neighborhood highlights,6,1.5,2,4,4.99,121,https://www.airbnb.com/rooms/27498398
27499097,$65.00,NA,2,1,1,1,4.79,168,https://www.airbnb.com/rooms/27499097
27501755,NA,NA,4,NA,1,NA,5,1,https://www.airbnb.com/rooms/27501755
27503062,$36.00,Neighborhood highlights,2,1,1,1,4.6,25,https://www.airbnb.com/rooms/27503062
27504048,NA,Neighborhood highlights,2,NA,1,NA,5,1,https://www.airbnb.com/rooms/27504048
27506090,NA,NA,2,NA,3,NA,NA,0,https://www.airbnb.com/rooms/27506090
27506095,NA,Neighborhood highlights,1,NA,1,NA,5,4,https://www.airbnb.com/rooms/27506095
27506113,NA,NA,3,NA,2,NA,NA,0,https://www.airbnb.com/rooms/27506113
27506443,NA,Neighborhood highlights,3,NA,NA,NA,NA,0,https://www.airbnb.com/rooms/27506443
27507561,NA,NA,5,NA,1,NA,4.89,9,https://www.airbnb.com/rooms/27507561
27508803,NA,Neighborhood highlights,2,NA,NA,NA,5,8,https://www.airbnb.com/rooms/27508803
27509983,NA,Neighborhood highlights,1,NA,NA,NA,NA,0,https://www.airbnb.com/rooms/27509983
27518599,$195.00,Neighborhood highlights,4,2,2,3,4.94,121,https://www.airbnb.com/rooms/27518599
27519196,$95.00,Neighborhood highlights,2,1,1,2,4.53,15,https://www.airbnb.com/rooms/27519196
27521122,NA,NA,2,NA,NA,NA,4,2,https://www.airbnb.com/rooms/27521122
27523631,$55.00,Neighborhood highlights,2,1,1,1,4.52,21,https://www.airbnb.com/rooms/27523631
27526504,NA,Neighborhood highlights,3,NA,1,NA,4.88,26,https://www.airbnb.com/rooms/27526504
27527118,NA,NA,2,NA,1,NA,5,4,https://www.airbnb.com/rooms/27527118
27527506,NA,Neighborhood highlights,1,NA,NA,NA,4,1,https://www.airbnb.com/rooms/27527506
27527902,NA,Neighborhood highlights,2,NA,1,NA,4.98,137,https://www.airbnb.com/rooms/27527902
27528305,$295.00,Neighborhood highlights,2,1,1,1,4.97,117,https://www.airbnb.com/rooms/27528305
27528620,NA,NA,2,NA,NA,NA,4.5,8,https://www.airbnb.com/rooms/27528620
27528935,NA,NA,2,NA,NA,NA,4.67,12,https://www.airbnb.com/rooms/27528935
27529129,NA,NA,2,NA,NA,NA,4.67,9,https://www.airbnb.com/rooms/27529129
27529325,NA,NA,2,NA,NA,NA,5,11,https://www.airbnb.com/rooms/27529325
27529655,$112.00,Neighborhood highlights,2,1,1,1,4.89,160,https://www.airbnb.com/rooms/27529655
27540102,NA,Neighborhood highlights,2,NA,1,NA,5,15,https://www.airbnb.com/rooms/27540102
27542205,NA,Neighborhood highlights,2,NA,NA,NA,4.89,36,https://www.airbnb.com/rooms/27542205
27542642,NA,Neighborhood highlights,4,NA,2,NA,4.74,54,https://www.airbnb.com/rooms/27542642
27544905,NA,Neighborhood highlights,3,NA,1,NA,4.93,15,https://www.airbnb.com/rooms/27544905
27551715,$160.00,Neighborhood highlights,3,1,2,3,4.83,30,https://www.airbnb.com/rooms/27551715
27552868,$268.00,NA,2,1,0,1,5,1,https://www.airbnb.com/rooms/27552868
27557992,NA,NA,1,NA,1,NA,4.92,36,https://www.airbnb.com/rooms/27557992
27567414,NA,NA,2,NA,NA,NA,NA,0,https://www.airbnb.com/rooms/27567414
27569888,$113.00,Neighborhood highlights,2,1,1,1,4.97,70,https://www.airbnb.com/rooms/27569888
27570074,$375.00,Neighborhood highlights,2,1,3,3,4.9,183,https://www.airbnb.com/rooms/27570074
27570295,$113.00,NA,2,1,1,1,4.73,11,https://www.airbnb.com/rooms/27570295
27570485,$115.00,NA,2,1,1,1,4.64,11,https://www.airbnb.com/rooms/27570485
27580964,NA,Neighborhood highlights,2,NA,NA,NA,5,7,https://www.airbnb.com/rooms/27580964
27581016,NA,Neighborhood highlights,2,NA,NA,NA,4.59,79,https://www.airbnb.com/rooms/27581016
27584957,$70.00,Neighborhood highlights,2,1,1,1,5,2,https://www.airbnb.com/rooms/27584957
27585318,NA,Neighborhood highlights,2,NA,NA,NA,4.7,10,https://www.airbnb.com/rooms/27585318
27585912,$60.00,Neighborhood highlights,2,1,1,1,5,4,https://www.airbnb.com/rooms/27585912
27593335,NA,NA,4,NA,1,NA,5,4,https://www.airbnb.com/rooms/27593335
27598707,NA,NA,1,NA,1,NA,4.38,328,https://www.airbnb.com/rooms/27598707
27603561,NA,Neighborhood highlights,2,NA,1,NA,4,5,https://www.airbnb.com/rooms/27603561
27604639,NA,NA,2,NA,1,NA,4.61,67,https://www.airbnb.com/rooms/27604639
27606552,$69.00,Neighborhood highlights,1,1,3,1,4.81,26,https://www.airbnb.com/rooms/27606552
27608063,$120.00,NA,2,1,1,2,NA,0,https://www.airbnb.com/rooms/27608063
27609132,NA,NA,3,NA,NA,NA,NA,0,https://www.airbnb.com/rooms/27609132
27609355,$38.00,Neighborhood highlights,1,1,1,1,3.33,3,https://www.airbnb.com/rooms/27609355
27610245,$130.00,Neighborhood highlights,3,1,1,1,4.97,77,https://www.airbnb.com/rooms/27610245
27610367,$120.00,Neighborhood highlights,2,1,1,1,4.85,40,https://www.airbnb.com/rooms/27610367
27611047,$206.00,Neighborhood highlights,2,1,1,4,5,1,https://www.airbnb.com/rooms/27611047
27612876,$112.00,Neighborhood highlights,2,1,1,1,4.88,171,https://www.airbnb.com/rooms/27612876
27620424,$145.00,NA,2,1,2,4,4.72,47,https://www.airbnb.com/rooms/27620424
27622210,$180.00,NA,2,1,1,1,4.88,40,https://www.airbnb.com/rooms/27622210
27623260,NA,Neighborhood highlights,3,NA,1,NA,5,6,https://www.airbnb.com/rooms/27623260
27623360,NA,NA,3,NA,NA,NA,4.67,3,https://www.airbnb.com/rooms/27623360
27627627,NA,NA,4,NA,2,NA,4.61,23,https://www.airbnb.com/rooms/27627627
27628195,NA,Neighborhood highlights,2,NA,1,NA,5,1,https://www.airbnb.com/rooms/27628195
27635012,NA,Neighborhood highlights,3,NA,1,NA,4.72,29,https://www.airbnb.com/rooms/27635012
27637065,$331.00,Neighborhood highlights,2,1,1,1,4.91,231,https://www.airbnb.com/rooms/27637065
27653304,NA,NA,2,NA,1,NA,NA,0,https://www.airbnb.com/rooms/27653304
27657926,NA,Neighborhood highlights,2,NA,1,NA,5,2,https://www.airbnb.com/rooms/27657926
27658203,$95.00,Neighborhood highlights,1,1,1,1,4.95,196,https://www.airbnb.com/rooms/27658203
27672277,NA,Neighborhood highlights,7,NA,3,NA,4.69,13,https://www.airbnb.com/rooms/27672277
27675173,NA,Neighborhood highlights,2,NA,1,NA,4.91,11,https://www.airbnb.com/rooms/27675173
27678012,NA,NA,1,NA,NA,NA,4.5,2,https://www.airbnb.com/rooms/27678012
27678632,NA,NA,1,NA,1,NA,NA,0,https://www.airbnb.com/rooms/27678632
27681714,NA,NA,2,NA,1,NA,4.76,68,https://www.airbnb.com/rooms/27681714
27682112,$393.00,Neighborhood highlights,2,1,1,1,4.76,25,https://www.airbnb.com/rooms/27682112
27684910,NA,NA,2,NA,2,NA,NA,0,https://www.airbnb.com/rooms/27684910
27693410,NA,Neighborhood highlights,2,NA,1,NA,4.79,151,https://www.airbnb.com/rooms/27693410
27693532,NA,Neighborhood highlights,3,NA,1,NA,4.88,40,https://www.airbnb.com/rooms/27693532
27697284,$165.00,Neighborhood highlights,4,1,2,2,4.96,142,https://www.airbnb.com/rooms/27697284
27697402,$95.00,Neighborhood highlights,1,1,1,1,4.79,19,https://www.airbnb.com/rooms/27697402
27699052,NA,NA,1,NA,NA,NA,NA,0,https://www.airbnb.com/rooms/27699052
27700366,NA,Neighborhood highlights,4,NA,1,NA,4.25,4,https://www.airbnb.com/rooms/27700366
27702171,$65.00,Neighborhood highlights,1,1,1,1,5,1,https://www.airbnb.com/rooms/27702171
27703016,NA,NA,2,NA,1,NA,4.89,9,https://www.airbnb.com/rooms/27703016
27703666,$123.00,Neighborhood highlights,4,1,1,1,4.91,58,https://www.airbnb.com/rooms/27703666
27705293,$110.00,NA,2,1,0,2,4.82,147,https://www.airbnb.com/rooms/27705293
27706737,$130.00,NA,1,1,1,2,NA,0,https://www.airbnb.com/rooms/27706737
27710264,NA,NA,6,NA,2,NA,5,2,https://www.airbnb.com/rooms/27710264
27712922,$180.00,Neighborhood highlights,6,1,2,4,4.59,100,https://www.airbnb.com/rooms/27712922
27714862,$135.00,Neighborhood highlights,4,1,1,2,4.92,477,https://www.airbnb.com/rooms/27714862
27724217,NA,Neighborhood highlights,2,NA,NA,NA,4.83,24,https://www.airbnb.com/rooms/27724217
27730757,NA,Neighborhood highlights,5,NA,2,NA,4.96,46,https://www.airbnb.com/rooms/27730757
27731269,$185.00,Neighborhood highlights,2,1,1,2,4.9,176,https://www.airbnb.com/rooms/27731269
27731372,NA,NA,2,NA,1,NA,4.38,8,https://www.airbnb.com/rooms/27731372
27732746,NA,Neighborhood highlights,4,NA,1,NA,NA,0,https://www.airbnb.com/rooms/27732746
27733195,NA,NA,2,NA,NA,NA,4.17,6,https://www.airbnb.com/rooms/27733195
27736140,NA,NA,4,NA,2,NA,NA,0,https://www.airbnb.com/rooms/27736140
27746387,NA,Neighborhood highlights,4,NA,2,NA,5,2,https://www.airbnb.com/rooms/27746387
27754773,NA,Neighborhood highlights,3,NA,NA,NA,4.63,62,https://www.airbnb.com/rooms/27754773
27756639,$55.00,NA,2,1,1,1,4.71,24,https://www.airbnb.com/rooms/27756639
27758562,NA,Neighborhood highlights,3,NA,NA,NA,4.47,79,https://www.airbnb.com/rooms/27758562
27759146,NA,Neighborhood highlights,1,NA,NA,NA,4.61,122,https://www.airbnb.com/rooms/27759146
27763793,NA,NA,3,NA,1,NA,4.96,26,https://www.airbnb.com/rooms/27763793
27776926,NA,Neighborhood highlights,1,NA,NA,NA,4.5,4,https://www.airbnb.com/rooms/27776926
27781833,$85.00,Neighborhood highlights,2,1,1,1,4.8,65,https://www.airbnb.com/rooms/27781833
27782948,$85.00,NA,2,1,1,1,4.77,78,https://www.airbnb.com/rooms/27782948
27783586,$80.00,NA,1,1,1,1,4.82,233,https://www.airbnb.com/rooms/27783586
27784542,NA,Neighborhood highlights,5,NA,2,NA,5,17,https://www.airbnb.com/rooms/27784542
27785327,$120.00,Neighborhood highlights,2,1,1,1,4.92,12,https://www.airbnb.com/rooms/27785327
27785672,NA,Neighborhood highlights,6,NA,3,NA,4.87,31,https://www.airbnb.com/rooms/27785672
27788826,NA,NA,4,NA,NA,NA,5,3,https://www.airbnb.com/rooms/27788826
27795695,NA,Neighborhood highlights,5,NA,2,NA,4.77,13,https://www.airbnb.com/rooms/27795695
27803575,$193.00,Neighborhood highlights,2,1,1,1,4.83,30,https://www.airbnb.com/rooms/27803575
27807509,NA,Neighborhood highlights,4,NA,1,NA,4.71,101,https://www.airbnb.com/rooms/27807509
27807645,NA,NA,1,NA,NA,NA,5,1,https://www.airbnb.com/rooms/27807645
27808176,$90.00,Neighborhood highlights,1,1,0,1,4.75,4,https://www.airbnb.com/rooms/27808176
27810603,$270.00,NA,2,1,1,1,4.77,13,https://www.airbnb.com/rooms/27810603
27823763,$400.00,Neighborhood highlights,6,1,2,4,4.93,160,https://www.airbnb.com/rooms/27823763
27827110,NA,NA,1,NA,1,NA,4.6,5,https://www.airbnb.com/rooms/27827110
27829177,$99.00,Neighborhood highlights,1,1,1,1,4.63,24,https://www.airbnb.com/rooms/27829177
27835546,NA,Neighborhood highlights,2,NA,1,NA,4.2,5,https://www.airbnb.com/rooms/27835546
27839683,NA,NA,2,NA,1,NA,4,2,https://www.airbnb.com/rooms/27839683
27840206,NA,Neighborhood highlights,2,NA,NA,NA,5,2,https://www.airbnb.com/rooms/27840206
27854483,NA,Neighborhood highlights,2,NA,1,NA,5,3,https://www.airbnb.com/rooms/27854483
27866657,$73.00,Neighborhood highlights,2,1,1,1,4.8,374,https://www.airbnb.com/rooms/27866657
27871248,NA,Neighborhood highlights,2,NA,1,NA,NA,0,https://www.airbnb.com/rooms/27871248
27874237,$150.00,NA,3,1,2,2,5,4,https://www.airbnb.com/rooms/27874237
27875757,NA,Neighborhood highlights,1,NA,NA,NA,4.92,13,https://www.airbnb.com/rooms/27875757
27876238,NA,Neighborhood highlights,2,NA,NA,NA,4.83,12,https://www.airbnb.com/rooms/27876238
27876346,NA,Neighborhood highlights,4,NA,2,NA,5,10,https://www.airbnb.com/rooms/27876346
27891791,$129.00,Neighborhood highlights,2,1,2,6,4.88,80,https://www.airbnb.com/rooms/27891791
27905233,NA,Neighborhood highlights,2,NA,NA,NA,NA,0,https://www.airbnb.com/rooms/27905233
27906043,NA,NA,2,NA,NA,NA,4.33,3,https://www.airbnb.com/rooms/27906043
27906346,NA,NA,2,NA,NA,NA,4.75,4,https://www.airbnb.com/rooms/27906346
27906875,$350.00,Neighborhood highlights,3,2,2,2,NA,0,https://www.airbnb.com/rooms/27906875
27909345,$145.00,Neighborhood highlights,2,1.5,2,2,4.89,46,https://www.airbnb.com/rooms/27909345
27910595,$80.00,Neighborhood highlights,2,1,1,1,4.8,236,https://www.airbnb.com/rooms/27910595
27911463,NA,Neighborhood highlights,2,NA,NA,NA,4.83,18,https://www.airbnb.com/rooms/27911463
27919104,$128.00,Neighborhood highlights,2,1,1,1,4.89,28,https://www.airbnb.com/rooms/27919104
27922561,NA,NA,1,NA,NA,NA,4.91,32,https://www.airbnb.com/rooms/27922561
27923071,$50.00,Neighborhood highlights,1,1,1,1,4.71,17,https://www.airbnb.com/rooms/27923071
27923577,$399.00,Neighborhood highlights,16,4,7,14,4.95,94,https://www.airbnb.com/rooms/27923577
27924639,NA,Neighborhood highlights,4,NA,1,NA,5,5,https://www.airbnb.com/rooms/27924639
27928809,$270.00,NA,2,1,1,1,4.82,11,https://www.airbnb.com/rooms/27928809
27933214,$150.00,Neighborhood highlights,2,1,1,1,4.8,147,https://www.airbnb.com/rooms/27933214
27933916,$38.00,Neighborhood highlights,2,1,1,1,3.5,4,https://www.airbnb.com/rooms/27933916
27935275,NA,Neighborhood highlights,10,NA,5,NA,4.89,45,https://www.airbnb.com/rooms/27935275
27936288,NA,NA,2,NA,1,NA,4.28,29,https://www.airbnb.com/rooms/27936288
27941636,NA,Neighborhood highlights,2,NA,NA,NA,NA,0,https://www.airbnb.com/rooms/27941636
27948294,NA,Neighborhood highlights,8,NA,5,NA,4.96,69,https://www.airbnb.com/rooms/27948294
27949503,NA,Neighborhood highlights,2,NA,1,NA,4.79,14,https://www.airbnb.com/rooms/27949503
27952742,$62.00,Neighborhood highlights,2,1,1,1,4.85,137,https://www.airbnb.com/rooms/27952742
27955820,NA,Neighborhood highlights,4,NA,1,NA,4.64,14,https://www.airbnb.com/rooms/27955820
27956689,NA,Neighborhood highlights,2,NA,NA,NA,4.33,6,https://www.airbnb.com/rooms/27956689
27958130,NA,Neighborhood highlights,1,NA,NA,NA,5,1,https://www.airbnb.com/rooms/27958130
27965802,NA,NA,1,NA,NA,NA,4.83,23,https://www.airbnb.com/rooms/27965802
27966667,$266.00,Neighborhood highlights,4,1,2,3,4.89,90,https://www.airbnb.com/rooms/27966667
27967600,$58.00,Neighborhood highlights,1,2,1,1,4.67,18,https://www.airbnb.com/rooms/27967600
27967621,$104.00,Neighborhood highlights,2,1,0,2,4.92,198,https://www.airbnb.com/rooms/27967621
27978240,NA,Neighborhood highlights,2,NA,NA,NA,4.31,13,https://www.airbnb.com/rooms/27978240
27981955,NA,Neighborhood highlights,3,NA,1,NA,4.86,7,https://www.airbnb.com/rooms/27981955
27984123,NA,NA,2,NA,NA,NA,5,3,https://www.airbnb.com/rooms/27984123
27987152,$80.00,Neighborhood highlights,1,1,1,1,4.57,7,https://www.airbnb.com/rooms/27987152
27988990,NA,Neighborhood highlights,2,NA,1,NA,4,2,https://www.airbnb.com/rooms/27988990
28001559,$129.00,Neighborhood highlights,4,1,1,1,4.77,193,https://www.airbnb.com/rooms/28001559
28004429,NA,Neighborhood highlights,4,NA,2,NA,5,4,https://www.airbnb.com/rooms/28004429
28009721,$110.00,Neighborhood highlights,2,1,1,1,5,16,https://www.airbnb.com/rooms/28009721
28011594,$125.00,Neighborhood highlights,2,1,1,1,4.99,241,https://www.airbnb.com/rooms/28011594
28012756,NA,NA,1,NA,NA,NA,NA,0,https://www.airbnb.com/rooms/28012756
28012942,NA,Neighborhood highlights,2,NA,NA,NA,4.77,84,https://www.airbnb.com/rooms/28012942
28014366,NA,Neighborhood highlights,3,NA,1,NA,4.8,5,https://www.airbnb.com/rooms/28014366
28014842,$104.00,Neighborhood highlights,4,1,1,2,4.64,25,https://www.airbnb.com/rooms/28014842
28015516,$60.00,Neighborhood highlights,2,1,1,1,4.57,30,https://www.airbnb.com/rooms/28015516
28021392,NA,NA,4,NA,1,NA,5,1,https://www.airbnb.com/rooms/28021392
28033814,NA,Neighborhood highlights,3,NA,NA,NA,4.33,3,https://www.airbnb.com/rooms/28033814
28041818,$40.00,Neighborhood highlights,2,1,1,2,4.57,223,https://www.airbnb.com/rooms/28041818
28042014,$40.00,Neighborhood highlights,2,1,1,2,4.61,135,https://www.airbnb.com/rooms/28042014
28042224,$140.00,Neighborhood highlights,2,1,1,1,4.99,89,https://www.airbnb.com/rooms/28042224
28046416,NA,NA,2,NA,1,NA,4.29,7,https://www.airbnb.com/rooms/28046416
28049456,NA,NA,1,NA,1,NA,NA,0,https://www.airbnb.com/rooms/28049456
28050688,NA,NA,2,NA,NA,NA,4.57,7,https://www.airbnb.com/rooms/28050688
28053907,NA,Neighborhood highlights,2,NA,NA,NA,4.79,33,https://www.airbnb.com/rooms/28053907
28054212,$130.00,Neighborhood highlights,2,1,1,1,4.88,41,https://www.airbnb.com/rooms/28054212
28067870,NA,NA,2,NA,NA,NA,NA,0,https://www.airbnb.com/rooms/28067870
28070872,NA,NA,1,NA,NA,NA,NA,0,https://www.airbnb.com/rooms/28070872
28078505,NA,NA,2,NA,1,NA,5,2,https://www.airbnb.com/rooms/28078505
28082095,$145.00,Neighborhood highlights,2,1,1,2,4.96,141,https://www.airbnb.com/rooms/28082095
28082234,NA,NA,2,NA,NA,NA,5,1,https://www.airbnb.com/rooms/28082234
28084157,$112.00,Neighborhood highlights,2,1,1,1,4.85,230,https://www.airbnb.com/rooms/28084157
28085121,$120.00,Neighborhood highlights,3,1,1,2,4.6,5,https://www.airbnb.com/rooms/28085121
28096425,NA,Neighborhood highlights,2,NA,1,NA,5,5,https://www.airbnb.com/rooms/28096425
28100131,$311.00,Neighborhood highlights,5,1.5,2,2,4.86,76,https://www.airbnb.com/rooms/28100131
28100549,$42.00,NA,1,1,1,1,4.83,6,https://www.airbnb.com/rooms/28100549
28101132,NA,Neighborhood highlights,4,NA,1,NA,4.5,2,https://www.airbnb.com/rooms/28101132
28102752,NA,Neighborhood highlights,2,NA,NA,NA,4.14,14,https://www.airbnb.com/rooms/28102752
28105430,NA,Neighborhood highlights,2,NA,NA,NA,4.5,2,https://www.airbnb.com/rooms/28105430
28108773,$150.00,Neighborhood highlights,4,1,1,3,4.9,10,https://www.airbnb.com/rooms/28108773
28121595,$183.00,Neighborhood highlights,4,1,1,2,4.96,28,https://www.airbnb.com/rooms/28121595
28129565,NA,Neighborhood highlights,5,NA,2,NA,4.87,31,https://www.airbnb.com/rooms/28129565
28129768,NA,NA,2,NA,NA,NA,4.6,15,https://www.airbnb.com/rooms/28129768
28130502,$112.00,Neighborhood highlights,1,1,1,1,4.95,182,https://www.airbnb.com/rooms/28130502
28131065,$300.00,Neighborhood highlights,6,2,3,6,4.76,109,https://www.airbnb.com/rooms/28131065
28132020,NA,Neighborhood highlights,4,NA,1,NA,NA,0,https://www.airbnb.com/rooms/28132020
28132057,NA,Neighborhood highlights,3,NA,1,NA,NA,0,https://www.airbnb.com/rooms/28132057
28132121,NA,Neighborhood highlights,3,NA,1,NA,NA,0,https://www.airbnb.com/rooms/28132121
28132190,NA,Neighborhood highlights,3,NA,1,NA,NA,0,https://www.airbnb.com/rooms/28132190
28132224,NA,Neighborhood highlights,4,NA,1,NA,4,1,https://www.airbnb.com/rooms/28132224
28132251,NA,Neighborhood highlights,2,NA,1,NA,5,1,https://www.airbnb.com/rooms/28132251
28132293,NA,Neighborhood highlights,2,NA,1,NA,NA,0,https://www.airbnb.com/rooms/28132293
28132314,NA,Neighborhood highlights,2,NA,1,NA,5,1,https://www.airbnb.com/rooms/28132314
28133007,NA,NA,1,NA,1,NA,NA,0,https://www.airbnb.com/rooms/28133007
28133596,NA,Neighborhood highlights,2,NA,NA,NA,4.47,19,https://www.airbnb.com/rooms/28133596
28135177,NA,Neighborhood highlights,2,NA,NA,NA,5,3,https://www.airbnb.com/rooms/28135177
28136160,$145.00,NA,2,2,2,2,5,9,https://www.airbnb.com/rooms/28136160
28137157,NA,Neighborhood highlights,1,NA,NA,NA,4.75,4,https://www.airbnb.com/rooms/28137157
28137623,NA,NA,1,NA,NA,NA,5,3,https://www.airbnb.com/rooms/28137623
28138470,$99.00,Neighborhood highlights,4,1,1,3,4.91,75,https://www.airbnb.com/rooms/28138470
28149715,$68.00,NA,1,1,1,1,5,2,https://www.airbnb.com/rooms/28149715
28151027,$46.00,Neighborhood highlights,2,1,1,1,4.84,110,https://www.airbnb.com/rooms/28151027
28152851,NA,Neighborhood highlights,2,NA,NA,NA,4.5,2,https://www.airbnb.com/rooms/28152851
28155197,$116.00,NA,3,1,1,2,4.83,89,https://www.airbnb.com/rooms/28155197
28161643,NA,NA,2,NA,1,NA,NA,0,https://www.airbnb.com/rooms/28161643
28162058,$210.00,Neighborhood highlights,4,1.5,2,3,4.87,38,https://www.airbnb.com/rooms/28162058
28164678,NA,NA,2,NA,1,NA,5,12,https://www.airbnb.com/rooms/28164678
28165121,$82.00,Neighborhood highlights,1,1,1,1,4.95,131,https://www.airbnb.com/rooms/28165121
28177443,$199.00,Neighborhood highlights,2,1,1,1,4.56,9,https://www.airbnb.com/rooms/28177443
28180748,NA,Neighborhood highlights,2,NA,1,NA,4.93,15,https://www.airbnb.com/rooms/28180748
28181243,NA,Neighborhood highlights,3,NA,1,NA,5,2,https://www.airbnb.com/rooms/28181243
28181575,$165.00,Neighborhood highlights,2,1,1,1,NA,0,https://www.airbnb.com/rooms/28181575
28181827,NA,NA,2,NA,1,NA,4.82,11,https://www.airbnb.com/rooms/28181827
28184001,$68.00,Neighborhood highlights,2,1,1,1,4.68,28,https://www.airbnb.com/rooms/28184001
28184199,NA,NA,1,NA,NA,NA,5,3,https://www.airbnb.com/rooms/28184199
28185576,$150.00,NA,1,1,1,1,5,2,https://www.airbnb.com/rooms/28185576
28188131,$91.00,Neighborhood highlights,2,1,1,1,4.78,103,https://www.airbnb.com/rooms/28188131
28195740,NA,NA,6,NA,2,NA,4.76,17,https://www.airbnb.com/rooms/28195740
28197084,NA,NA,4,NA,1,NA,4.8,5,https://www.airbnb.com/rooms/28197084
28200288,$347.00,NA,6,1,1,3,4.21,96,https://www.airbnb.com/rooms/28200288
28201587,$80.00,NA,1,1,1,1,4,1,https://www.airbnb.com/rooms/28201587
28202825,NA,NA,14,NA,3,NA,4.63,96,https://www.airbnb.com/rooms/28202825
28206135,$55.00,Neighborhood highlights,1,1,1,1,4.78,23,https://www.airbnb.com/rooms/28206135
28208166,$150.00,NA,3,1,0,2,5,11,https://www.airbnb.com/rooms/28208166
28216267,NA,Neighborhood highlights,3,NA,1,NA,NA,0,https://www.airbnb.com/rooms/28216267
28220182,$83.00,Neighborhood highlights,1,1,1,1,4.63,32,https://www.airbnb.com/rooms/28220182
28221653,NA,Neighborhood highlights,2,NA,NA,NA,5,11,https://www.airbnb.com/rooms/28221653
28223260,NA,NA,4,NA,1,NA,NA,0,https://www.airbnb.com/rooms/28223260
28230753,NA,Neighborhood highlights,2,NA,NA,NA,4.58,12,https://www.airbnb.com/rooms/28230753
28240916,NA,Neighborhood highlights,2,NA,NA,NA,4.56,25,https://www.airbnb.com/rooms/28240916
28250448,$94.00,NA,2,1,1,2,4.79,77,https://www.airbnb.com/rooms/28250448
28250925,NA,Neighborhood highlights,2,NA,NA,NA,4.94,17,https://www.airbnb.com/rooms/28250925
28253864,NA,Neighborhood highlights,2,NA,1,NA,4.86,7,https://www.airbnb.com/rooms/28253864
28256958,NA,NA,2,NA,NA,NA,NA,0,https://www.airbnb.com/rooms/28256958
28270998,NA,NA,4,NA,2,NA,4.94,17,https://www.airbnb.com/rooms/28270998
28272634,NA,Neighborhood highlights,4,NA,NA,NA,4.58,62,https://www.airbnb.com/rooms/28272634
28277122,NA,Neighborhood highlights,2,NA,2,NA,4.5,2,https://www.airbnb.com/rooms/28277122
28277212,$40.00,NA,2,1,1,1,4.67,55,https://www.airbnb.com/rooms/28277212
28277480,NA,Neighborhood highlights,2,NA,NA,NA,4.67,51,https://www.airbnb.com/rooms/28277480
28284019,NA,Neighborhood highlights,4,NA,1,NA,4.8,5,https://www.airbnb.com/rooms/28284019
28290447,NA,Neighborhood highlights,2,NA,1,NA,4.82,17,https://www.airbnb.com/rooms/28290447
28298437,NA,Neighborhood highlights,2,NA,NA,NA,4.8,10,https://www.airbnb.com/rooms/28298437
28312177,$140.00,Neighborhood highlights,3,1,1,3,4.87,126,https://www.airbnb.com/rooms/28312177
28313356,NA,Neighborhood highlights,2,NA,NA,NA,NA,0,https://www.airbnb.com/rooms/28313356
28314777,$60.00,Neighborhood highlights,2,1,2,2,4.5,118,https://www.airbnb.com/rooms/28314777
28316936,NA,NA,1,NA,NA,NA,4.73,33,https://www.airbnb.com/rooms/28316936
28324221,$190.00,Neighborhood highlights,2,1,1,2,4.9,31,https://www.airbnb.com/rooms/28324221
28329004,$119.00,Neighborhood highlights,2,1,1,2,5,26,https://www.airbnb.com/rooms/28329004
28333941,NA,Neighborhood highlights,2,NA,NA,NA,5,4,https://www.airbnb.com/rooms/28333941
28334760,$149.00,Neighborhood highlights,2,1.5,1,1,4.99,194,https://www.airbnb.com/rooms/28334760
28335031,NA,NA,2,NA,NA,NA,4.86,7,https://www.airbnb.com/rooms/28335031
28339611,NA,NA,2,NA,1,NA,5,1,https://www.airbnb.com/rooms/28339611
28339747,NA,NA,2,NA,NA,NA,5,1,https://www.airbnb.com/rooms/28339747
28340136,NA,NA,2,NA,NA,NA,4.5,4,https://www.airbnb.com/rooms/28340136
28340434,NA,NA,2,NA,NA,NA,5,3,https://www.airbnb.com/rooms/28340434
28340606,NA,Neighborhood highlights,2,NA,NA,NA,5,4,https://www.airbnb.com/rooms/28340606
28343300,NA,NA,4,NA,2,NA,5,1,https://www.airbnb.com/rooms/28343300
28346019,NA,NA,2,NA,NA,NA,4,2,https://www.airbnb.com/rooms/28346019
28346829,$41.00,Neighborhood highlights,1,1,1,1,4.71,185,https://www.airbnb.com/rooms/28346829
28358001,NA,Neighborhood highlights,4,NA,1,NA,4.9,21,https://www.airbnb.com/rooms/28358001
28359897,$150.00,Neighborhood highlights,8,1,2,5,4.86,139,https://www.airbnb.com/rooms/28359897
28360016,NA,Neighborhood highlights,3,NA,1,NA,4.85,75,https://www.airbnb.com/rooms/28360016
28368678,$145.00,Neighborhood highlights,2,1.5,1,2,4.98,200,https://www.airbnb.com/rooms/28368678
28369307,NA,Neighborhood highlights,2,NA,NA,NA,4.7,56,https://www.airbnb.com/rooms/28369307
28369552,$294.00,Neighborhood highlights,4,1.5,2,3,5,37,https://www.airbnb.com/rooms/28369552
28369648,NA,Neighborhood highlights,2,NA,NA,NA,4,1,https://www.airbnb.com/rooms/28369648
28379264,$149.00,Neighborhood highlights,2,1,1,1,4.9,187,https://www.airbnb.com/rooms/28379264
28385105,$154.00,Neighborhood highlights,4,1,2,2,4.94,18,https://www.airbnb.com/rooms/28385105
28387362,NA,NA,2,NA,NA,NA,5,4,https://www.airbnb.com/rooms/28387362
28389715,$133.00,Neighborhood highlights,2,1.5,1,1,4.86,154,https://www.airbnb.com/rooms/28389715
28389772,NA,Neighborhood highlights,4,NA,NA,NA,5,47,https://www.airbnb.com/rooms/28389772
28389782,$619.00,NA,2,1,0,1,5,2,https://www.airbnb.com/rooms/28389782
28390400,NA,NA,1,NA,NA,NA,NA,0,https://www.airbnb.com/rooms/28390400
28391512,$74.00,Neighborhood highlights,2,1,1,1,4.77,128,https://www.airbnb.com/rooms/28391512
28406990,NA,Neighborhood highlights,3,NA,1,NA,4.67,6,https://www.airbnb.com/rooms/28406990
28408938,$225.00,NA,2,1,1,1,4.76,17,https://www.airbnb.com/rooms/28408938
28411594,NA,NA,2,NA,NA,NA,5,2,https://www.airbnb.com/rooms/28411594
28412322,$100.00,Neighborhood highlights,4,1,2,2,4.68,106,https://www.airbnb.com/rooms/28412322
28417682,$42.00,Neighborhood highlights,2,1,1,1,4.62,76,https://www.airbnb.com/rooms/28417682
28418722,NA,Neighborhood highlights,4,NA,1,NA,4,44,https://www.airbnb.com/rooms/28418722
28426648,"$1,103.00",Neighborhood highlights,6,2,3,3,4.98,196,https://www.airbnb.com/rooms/28426648
28427324,NA,Neighborhood highlights,2,NA,NA,NA,5,2,https://www.airbnb.com/rooms/28427324
28431690,NA,Neighborhood highlights,6,NA,1,NA,4,2,https://www.airbnb.com/rooms/28431690
28431924,$401.00,Neighborhood highlights,6,1.5,1,1,5,1,https://www.airbnb.com/rooms/28431924
28432725,NA,Neighborhood highlights,3,NA,1,NA,5,1,https://www.airbnb.com/rooms/28432725
28433202,$36.00,Neighborhood highlights,1,1,1,1,4.76,68,https://www.airbnb.com/rooms/28433202
28436441,NA,Neighborhood highlights,2,NA,1,NA,4.14,7,https://www.airbnb.com/rooms/28436441
28437669,NA,Neighborhood highlights,4,NA,2,NA,5,4,https://www.airbnb.com/rooms/28437669
28438216,$586.00,Neighborhood highlights,6,1,2,2,4.58,19,https://www.airbnb.com/rooms/28438216
28438408,NA,Neighborhood highlights,2,NA,NA,NA,4.83,12,https://www.airbnb.com/rooms/28438408
28438751,$91.00,Neighborhood highlights,3,1,1,1,4.53,296,https://www.airbnb.com/rooms/28438751
28454118,NA,Neighborhood highlights,4,NA,1,NA,4.83,6,https://www.airbnb.com/rooms/28454118
28459635,NA,NA,2,NA,NA,NA,4.33,3,https://www.airbnb.com/rooms/28459635
28461316,NA,NA,4,NA,2,NA,4.5,2,https://www.airbnb.com/rooms/28461316
28462811,$85.00,Neighborhood highlights,3,1,1,1,4.81,204,https://www.airbnb.com/rooms/28462811
28483571,$230.00,Neighborhood highlights,8,1,3,5,4.79,117,https://www.airbnb.com/rooms/28483571
28489062,$219.00,Neighborhood highlights,5,1,2,3,4.97,101,https://www.airbnb.com/rooms/28489062
28491645,NA,Neighborhood highlights,1,NA,NA,NA,4.78,55,https://www.airbnb.com/rooms/28491645
28494807,$84.00,Neighborhood highlights,1,1,1,2,4.87,23,https://www.airbnb.com/rooms/28494807
28497028,$135.00,Neighborhood highlights,2,1,1,1,4.67,27,https://www.airbnb.com/rooms/28497028
28500619,$300.00,Neighborhood highlights,4,2,2,4,4.8,64,https://www.airbnb.com/rooms/28500619
28506359,NA,NA,5,NA,2,NA,4.7,37,https://www.airbnb.com/rooms/28506359
28506595,NA,NA,2,NA,1,NA,NA,0,https://www.airbnb.com/rooms/28506595
28513774,$139.00,Neighborhood highlights,4,2,2,2,4.71,161,https://www.airbnb.com/rooms/28513774
28514974,NA,Neighborhood highlights,1,NA,9,NA,5,5,https://www.airbnb.com/rooms/28514974
28517278,NA,Neighborhood highlights,2,NA,NA,NA,4.64,28,https://www.airbnb.com/rooms/28517278
28518077,$75.00,NA,3,1,1,2,4.7,10,https://www.airbnb.com/rooms/28518077
28519623,NA,NA,2,NA,NA,NA,4.86,124,https://www.airbnb.com/rooms/28519623
28519821,NA,NA,1,NA,NA,NA,4.67,3,https://www.airbnb.com/rooms/28519821
28526676,NA,Neighborhood highlights,2,NA,NA,NA,4.65,74,https://www.airbnb.com/rooms/28526676
28534405,NA,NA,1,NA,1,NA,NA,0,https://www.airbnb.com/rooms/28534405
28536037,NA,Neighborhood highlights,2,NA,NA,NA,5,1,https://www.airbnb.com/rooms/28536037
28536219,NA,NA,2,NA,NA,NA,5,8,https://www.airbnb.com/rooms/28536219
28538516,NA,Neighborhood highlights,2,NA,NA,NA,4.45,11,https://www.airbnb.com/rooms/28538516
28539464,$575.00,NA,4,1,2,2,4.78,18,https://www.airbnb.com/rooms/28539464
28541768,$39.00,NA,1,1.5,1,1,4.92,38,https://www.airbnb.com/rooms/28541768
28559951,NA,Neighborhood highlights,2,NA,NA,NA,4.69,89,https://www.airbnb.com/rooms/28559951
28560765,$66.00,Neighborhood highlights,2,1.5,1,2,4.96,52,https://www.airbnb.com/rooms/28560765
28560837,$255.00,Neighborhood highlights,4,1,2,2,4.81,186,https://www.airbnb.com/rooms/28560837
28561195,NA,NA,4,NA,2,NA,5,1,https://www.airbnb.com/rooms/28561195
28561620,NA,Neighborhood highlights,2,NA,NA,NA,4.52,44,https://www.airbnb.com/rooms/28561620
28561904,$250.00,Neighborhood highlights,2,1,1,1,4.83,40,https://www.airbnb.com/rooms/28561904
28565170,NA,Neighborhood highlights,2,NA,NA,NA,4.36,45,https://www.airbnb.com/rooms/28565170
28567040,$55.00,Neighborhood highlights,3,1,1,1,4.43,7,https://www.airbnb.com/rooms/28567040
28581130,NA,Neighborhood highlights,2,NA,1,NA,5,4,https://www.airbnb.com/rooms/28581130
28584877,NA,Neighborhood highlights,2,NA,NA,NA,4.75,4,https://www.airbnb.com/rooms/28584877
28585982,NA,NA,2,NA,2,NA,NA,0,https://www.airbnb.com/rooms/28585982
28587071,$50.00,Neighborhood highlights,1,1,1,1,4.91,114,https://www.airbnb.com/rooms/28587071
28600360,$70.00,Neighborhood highlights,2,1,1,1,4.59,133,https://www.airbnb.com/rooms/28600360
28602842,$499.00,Neighborhood highlights,4,1,2,4,NA,0,https://www.airbnb.com/rooms/28602842
28606263,NA,Neighborhood highlights,3,NA,1,NA,NA,0,https://www.airbnb.com/rooms/28606263
28607153,NA,Neighborhood highlights,2,NA,NA,NA,5,5,https://www.airbnb.com/rooms/28607153
28609762,NA,Neighborhood highlights,2,NA,NA,NA,NA,0,https://www.airbnb.com/rooms/28609762
28610383,NA,Neighborhood highlights,5,NA,2,NA,4.93,14,https://www.airbnb.com/rooms/28610383
28611271,NA,Neighborhood highlights,2,NA,1,NA,4.83,40,https://www.airbnb.com/rooms/28611271
28614707,NA,NA,2,NA,1,NA,5,4,https://www.airbnb.com/rooms/28614707
28626504,$67.00,Neighborhood highlights,2,1.5,1,1,4.98,41,https://www.airbnb.com/rooms/28626504
28629956,$70.00,Neighborhood highlights,2,1.5,1,1,5,43,https://www.airbnb.com/rooms/28629956
28631715,NA,NA,5,NA,2,NA,4.6,5,https://www.airbnb.com/rooms/28631715
28635035,$76.00,Neighborhood highlights,4,1,1,2,4.51,65,https://www.airbnb.com/rooms/28635035
28635863,$400.00,NA,4,1,1,2,NA,0,https://www.airbnb.com/rooms/28635863
28647979,$65.00,NA,2,1,1,1,4.75,4,https://www.airbnb.com/rooms/28647979
28663593,NA,Neighborhood highlights,2,NA,NA,NA,4.4,5,https://www.airbnb.com/rooms/28663593
28664899,NA,Neighborhood highlights,2,NA,NA,NA,4.59,59,https://www.airbnb.com/rooms/28664899
28667823,$93.00,Neighborhood highlights,2,1,1,1,4.91,65,https://www.airbnb.com/rooms/28667823
28668546,$43.00,Neighborhood highlights,1,2,1,1,4.55,20,https://www.airbnb.com/rooms/28668546
28670390,$65.00,NA,2,1,1,1,NA,0,https://www.airbnb.com/rooms/28670390
28671495,$61.00,NA,2,1,1,1,4.6,5,https://www.airbnb.com/rooms/28671495
28684892,$271.00,Neighborhood highlights,2,1,1,1,NA,0,https://www.airbnb.com/rooms/28684892
28692232,NA,Neighborhood highlights,3,NA,NA,NA,4.68,97,https://www.airbnb.com/rooms/28692232
28692626,NA,Neighborhood highlights,2,NA,2,NA,4.76,25,https://www.airbnb.com/rooms/28692626
28697997,$61.00,NA,2,1,1,1,4.71,7,https://www.airbnb.com/rooms/28697997
28699232,$65.00,NA,2,1,1,1,5,6,https://www.airbnb.com/rooms/28699232
28699654,$65.00,NA,2,1,1,1,5,3,https://www.airbnb.com/rooms/28699654
28715332,$847.00,Neighborhood highlights,5,1,2,2,4.97,106,https://www.airbnb.com/rooms/28715332
28715589,NA,Neighborhood highlights,2,NA,2,NA,4.8,15,https://www.airbnb.com/rooms/28715589
28716187,NA,Neighborhood highlights,1,NA,NA,NA,4.67,15,https://www.airbnb.com/rooms/28716187
28719621,NA,Neighborhood highlights,7,NA,2,NA,4.42,12,https://www.airbnb.com/rooms/28719621
28722807,NA,Neighborhood highlights,4,NA,3,NA,4.75,57,https://www.airbnb.com/rooms/28722807
28730126,NA,Neighborhood highlights,2,NA,NA,NA,NA,0,https://www.airbnb.com/rooms/28730126
28730581,$135.00,Neighborhood highlights,2,1,1,1,4.98,82,https://www.airbnb.com/rooms/28730581
28731208,NA,Neighborhood highlights,6,NA,4,NA,5,4,https://www.airbnb.com/rooms/28731208
28733777,NA,Neighborhood highlights,2,NA,NA,NA,NA,0,https://www.airbnb.com/rooms/28733777
28734298,$290.00,NA,2,1,1,1,4.8,5,https://www.airbnb.com/rooms/28734298
28734987,$134.00,Neighborhood highlights,4,2,2,2,NA,0,https://www.airbnb.com/rooms/28734987
28751496,NA,Neighborhood highlights,5,NA,2,NA,4.55,11,https://www.airbnb.com/rooms/28751496
28754650,NA,Neighborhood highlights,4,NA,1,NA,4.57,30,https://www.airbnb.com/rooms/28754650
28757780,NA,Neighborhood highlights,2,NA,1,NA,4.92,12,https://www.airbnb.com/rooms/28757780
28757927,NA,NA,2,NA,NA,NA,4.86,7,https://www.airbnb.com/rooms/28757927
28760070,$119.00,NA,4,2,1,6,4.8,5,https://www.airbnb.com/rooms/28760070
28760750,NA,NA,2,NA,1,NA,NA,0,https://www.airbnb.com/rooms/28760750
28763093,NA,Neighborhood highlights,2,NA,NA,NA,5,10,https://www.airbnb.com/rooms/28763093
28777520,$74.00,Neighborhood highlights,2,1,1,1,NA,0,https://www.airbnb.com/rooms/28777520
28778214,$135.00,NA,2,1,0,2,4.63,16,https://www.airbnb.com/rooms/28778214
28779900,$46.00,Neighborhood highlights,1,2,1,1,4.47,17,https://www.airbnb.com/rooms/28779900
28782669,$40.00,Neighborhood highlights,1,1,1,1,4.93,44,https://www.airbnb.com/rooms/28782669
28784319,NA,NA,2,NA,NA,NA,NA,0,https://www.airbnb.com/rooms/28784319
28785091,$75.00,NA,2,1,1,1,4.75,4,https://www.airbnb.com/rooms/28785091
28785361,$541.00,Neighborhood highlights,6,1,2,2,4.64,36,https://www.airbnb.com/rooms/28785361
28786315,$47.00,Neighborhood highlights,1,2,5,5,4.61,18,https://www.airbnb.com/rooms/28786315
28786900,$50.00,Neighborhood highlights,1,2,5,5,5,4,https://www.airbnb.com/rooms/28786900
28803718,NA,NA,2,NA,NA,NA,5,7,https://www.airbnb.com/rooms/28803718
28809045,NA,Neighborhood highlights,1,NA,NA,NA,NA,0,https://www.airbnb.com/rooms/28809045
28811035,NA,NA,4,NA,NA,NA,NA,0,https://www.airbnb.com/rooms/28811035
28811363,$37.00,NA,2,1,1,1,4.5,32,https://www.airbnb.com/rooms/28811363
28812837,NA,NA,4,NA,1,NA,5,1,https://www.airbnb.com/rooms/28812837
28817364,$70.00,Neighborhood highlights,3,1,0,2,4.74,118,https://www.airbnb.com/rooms/28817364
28831635,NA,NA,2,NA,1,NA,4.6,5,https://www.airbnb.com/rooms/28831635
28833807,$140.00,Neighborhood highlights,2,1,1,1,4.75,16,https://www.airbnb.com/rooms/28833807
28834703,$303.00,Neighborhood highlights,2,1,1,1,4.93,460,https://www.airbnb.com/rooms/28834703
28835678,NA,NA,2,NA,1,NA,4.25,4,https://www.airbnb.com/rooms/28835678
28838673,$411.00,Neighborhood highlights,5,2,2,2,4.96,227,https://www.airbnb.com/rooms/28838673
28838875,NA,NA,4,NA,2,NA,4.75,8,https://www.airbnb.com/rooms/28838875
28840281,NA,Neighborhood highlights,2,NA,NA,NA,NA,0,https://www.airbnb.com/rooms/28840281
28843143,NA,Neighborhood highlights,2,NA,1,NA,4.94,16,https://www.airbnb.com/rooms/28843143
28849818,NA,Neighborhood highlights,2,NA,1,NA,NA,0,https://www.airbnb.com/rooms/28849818
28859648,$90.00,Neighborhood highlights,1,1,1,1,5,2,https://www.airbnb.com/rooms/28859648
28861629,$125.00,Neighborhood highlights,1,1,1,1,4.85,33,https://www.airbnb.com/rooms/28861629
28867268,NA,Neighborhood highlights,1,NA,NA,NA,5,4,https://www.airbnb.com/rooms/28867268
28867577,$149.00,Neighborhood highlights,2,1,1,2,4.91,149,https://www.airbnb.com/rooms/28867577
28872377,$40.00,Neighborhood highlights,2,1,1,1,4.38,13,https://www.airbnb.com/rooms/28872377
28891043,NA,NA,4,NA,2,NA,4.52,46,https://www.airbnb.com/rooms/28891043
28891434,$175.00,Neighborhood highlights,4,1,2,4,4.95,219,https://www.airbnb.com/rooms/28891434
28891558,NA,Neighborhood highlights,2,NA,NA,NA,4.43,7,https://www.airbnb.com/rooms/28891558
28896148,$120.00,NA,2,1,1,1,4.84,51,https://www.airbnb.com/rooms/28896148
28896237,NA,Neighborhood highlights,4,NA,NA,NA,4.96,23,https://www.airbnb.com/rooms/28896237
28897533,$40.00,Neighborhood highlights,1,1,1,1,4.4,5,https://www.airbnb.com/rooms/28897533
28897932,$110.00,Neighborhood highlights,2,1,1,2,4.92,78,https://www.airbnb.com/rooms/28897932
28901045,NA,Neighborhood highlights,2,NA,NA,NA,5,9,https://www.airbnb.com/rooms/28901045
28901091,$199.00,Neighborhood highlights,3,1,1,1,4.93,180,https://www.airbnb.com/rooms/28901091
28901111,NA,NA,1,NA,1,NA,NA,0,https://www.airbnb.com/rooms/28901111
28908658,NA,Neighborhood highlights,1,NA,NA,NA,3.5,2,https://www.airbnb.com/rooms/28908658
28910899,NA,NA,1,NA,NA,NA,4,1,https://www.airbnb.com/rooms/28910899
28911775,$130.00,Neighborhood highlights,2,1,1,1,4.96,54,https://www.airbnb.com/rooms/28911775
28911830,$299.00,Neighborhood highlights,10,2.5,2,2,5,2,https://www.airbnb.com/rooms/28911830
28911924,NA,Neighborhood highlights,2,NA,NA,NA,4.77,119,https://www.airbnb.com/rooms/28911924
28912358,$70.00,NA,2,1,1,1,4.65,103,https://www.airbnb.com/rooms/28912358
28912768,NA,Neighborhood highlights,2,NA,1,NA,4.8,5,https://www.airbnb.com/rooms/28912768
28920018,$115.00,Neighborhood highlights,2,1,0,1,4.64,56,https://www.airbnb.com/rooms/28920018
28931117,NA,NA,2,NA,1,NA,4,2,https://www.airbnb.com/rooms/28931117
28932466,$120.00,Neighborhood highlights,2,1,1,1,5,9,https://www.airbnb.com/rooms/28932466
28936557,NA,Neighborhood highlights,2,NA,NA,NA,4.88,16,https://www.airbnb.com/rooms/28936557
28936795,$38.00,Neighborhood highlights,1,1,1,1,4.8,5,https://www.airbnb.com/rooms/28936795
28937377,$100.00,NA,2,1,0,1,4.17,6,https://www.airbnb.com/rooms/28937377
28940279,NA,NA,2,NA,2,NA,NA,0,https://www.airbnb.com/rooms/28940279
28940952,$54.00,Neighborhood highlights,2,2,2,1,4.69,148,https://www.airbnb.com/rooms/28940952
28941589,NA,NA,6,NA,3,NA,NA,0,https://www.airbnb.com/rooms/28941589
28941614,$65.00,Neighborhood highlights,2,2,2,1,4.72,126,https://www.airbnb.com/rooms/28941614
28941808,$54.00,Neighborhood highlights,2,2,2,1,4.77,122,https://www.airbnb.com/rooms/28941808
28952972,$679.00,NA,4,2,1,2,4.88,8,https://www.airbnb.com/rooms/28952972
28961919,$90.00,Neighborhood highlights,3,2,2,1,4.85,20,https://www.airbnb.com/rooms/28961919
28964081,NA,Neighborhood highlights,5,NA,2,NA,5,1,https://www.airbnb.com/rooms/28964081
28964397,NA,Neighborhood highlights,1,NA,NA,NA,4.93,14,https://www.airbnb.com/rooms/28964397
28965609,$249.00,NA,4,1,2,2,4.96,46,https://www.airbnb.com/rooms/28965609
28966707,NA,NA,2,NA,NA,NA,4.83,6,https://www.airbnb.com/rooms/28966707
28972637,$100.00,Neighborhood highlights,4,1,2,2,4.67,6,https://www.airbnb.com/rooms/28972637
28976484,$159.00,Neighborhood highlights,1,1,1,1,5,22,https://www.airbnb.com/rooms/28976484
28978328,NA,NA,1,NA,NA,NA,NA,0,https://www.airbnb.com/rooms/28978328
28979690,NA,NA,1,NA,NA,NA,NA,0,https://www.airbnb.com/rooms/28979690
28982349,NA,Neighborhood highlights,2,NA,1,NA,4.33,6,https://www.airbnb.com/rooms/28982349
28986807,$71.00,Neighborhood highlights,1,1,1,1,4.78,9,https://www.airbnb.com/rooms/28986807
28987503,NA,NA,2,NA,NA,NA,5,3,https://www.airbnb.com/rooms/28987503
28989914,NA,Neighborhood highlights,2,NA,NA,NA,5,46,https://www.airbnb.com/rooms/28989914
28991221,$175.00,Neighborhood highlights,2,3,1,1,5,12,https://www.airbnb.com/rooms/28991221
28992518,NA,NA,3,NA,1,NA,4.64,11,https://www.airbnb.com/rooms/28992518
29008767,$142.00,Neighborhood highlights,2,1,1,1,4.98,49,https://www.airbnb.com/rooms/29008767
29008812,NA,Neighborhood highlights,1,NA,NA,NA,5,4,https://www.airbnb.com/rooms/29008812
29012259,$70.00,NA,1,1,2,1,5,5,https://www.airbnb.com/rooms/29012259
29015079,$135.00,Neighborhood highlights,2,1,1,1,4.88,60,https://www.airbnb.com/rooms/29015079
29016112,$95.00,Neighborhood highlights,2,1,1,2,4.72,172,https://www.airbnb.com/rooms/29016112
29016146,$159.00,Neighborhood highlights,4,1,2,2,4.91,32,https://www.airbnb.com/rooms/29016146
29016907,$55.00,Neighborhood highlights,1,1,1,1,4.84,44,https://www.airbnb.com/rooms/29016907
29025649,$93.00,Neighborhood highlights,3,1,1,1,4.4,15,https://www.airbnb.com/rooms/29025649
29025777,NA,NA,2,NA,1,NA,5,4,https://www.airbnb.com/rooms/29025777
29031435,NA,Neighborhood highlights,2,NA,NA,NA,5,3,https://www.airbnb.com/rooms/29031435
29036763,NA,Neighborhood highlights,2,NA,NA,NA,5,2,https://www.airbnb.com/rooms/29036763
29037588,NA,NA,5,NA,1,NA,4.18,34,https://www.airbnb.com/rooms/29037588
29038655,$80.00,Neighborhood highlights,1,1,1,1,4.94,33,https://www.airbnb.com/rooms/29038655
29041626,$90.00,Neighborhood highlights,2,1,1,1,4,3,https://www.airbnb.com/rooms/29041626
29054576,$190.00,NA,2,1,1,1,4.88,24,https://www.airbnb.com/rooms/29054576
29054973,$150.00,Neighborhood highlights,3,1,1,2,4.78,59,https://www.airbnb.com/rooms/29054973
29056566,NA,Neighborhood highlights,5,NA,2,NA,4.83,35,https://www.airbnb.com/rooms/29056566
29058075,$209.00,Neighborhood highlights,2,1.5,1,1,4.67,6,https://www.airbnb.com/rooms/29058075
29058736,NA,Neighborhood highlights,2,NA,NA,NA,4.91,65,https://www.airbnb.com/rooms/29058736
29074233,$105.00,Neighborhood highlights,4,1,1,1,4.61,256,https://www.airbnb.com/rooms/29074233
29076107,$45.00,Neighborhood highlights,1,1,1,1,NA,0,https://www.airbnb.com/rooms/29076107
29079912,$145.00,Neighborhood highlights,2,1,1,1,4.94,16,https://www.airbnb.com/rooms/29079912
29082734,NA,Neighborhood highlights,1,NA,1,NA,NA,0,https://www.airbnb.com/rooms/29082734
29083751,NA,Neighborhood highlights,2,NA,2,NA,4.28,32,https://www.airbnb.com/rooms/29083751
29093302,NA,Neighborhood highlights,1,NA,NA,NA,5,3,https://www.airbnb.com/rooms/29093302
29095078,NA,Neighborhood highlights,2,NA,2,NA,4.89,9,https://www.airbnb.com/rooms/29095078
29095217,$109.00,Neighborhood highlights,6,1,2,4,4.77,75,https://www.airbnb.com/rooms/29095217
29097472,$360.00,NA,5,2,3,3,5,7,https://www.airbnb.com/rooms/29097472
29102760,$49.00,Neighborhood highlights,4,1,1,2,4.65,101,https://www.airbnb.com/rooms/29102760
29103450,NA,NA,2,NA,NA,NA,5,3,https://www.airbnb.com/rooms/29103450
29104053,$98.00,Neighborhood highlights,2,1,0,2,5,4,https://www.airbnb.com/rooms/29104053
29105563,$99.00,Neighborhood highlights,4,1,1,2,4.79,48,https://www.airbnb.com/rooms/29105563
29117696,NA,Neighborhood highlights,2,NA,1,NA,NA,0,https://www.airbnb.com/rooms/29117696
29119411,NA,Neighborhood highlights,2,NA,NA,NA,4.79,14,https://www.airbnb.com/rooms/29119411
29124414,$225.00,Neighborhood highlights,4,1,2,2,4.74,19,https://www.airbnb.com/rooms/29124414
29124476,$57.00,Neighborhood highlights,2,1,1,1,4.76,206,https://www.airbnb.com/rooms/29124476
29125444,NA,NA,3,NA,1,NA,NA,0,https://www.airbnb.com/rooms/29125444
29126674,NA,Neighborhood highlights,2,NA,NA,NA,4.92,13,https://www.airbnb.com/rooms/29126674
29131447,NA,NA,1,NA,1,NA,5,5,https://www.airbnb.com/rooms/29131447
29135220,NA,Neighborhood highlights,4,NA,1,NA,4.89,9,https://www.airbnb.com/rooms/29135220
29144832,NA,Neighborhood highlights,4,NA,1,NA,5,10,https://www.airbnb.com/rooms/29144832
29148293,$230.00,NA,2,1,0,2,4.95,100,https://www.airbnb.com/rooms/29148293
29148550,$105.00,NA,2,1,0,1,4.89,18,https://www.airbnb.com/rooms/29148550
29149377,$250.00,NA,4,1,1,2,5,2,https://www.airbnb.com/rooms/29149377
29149612,NA,Neighborhood highlights,2,NA,NA,NA,4.93,43,https://www.airbnb.com/rooms/29149612
29152320,$107.00,Neighborhood highlights,2,1,1,2,4.55,38,https://www.airbnb.com/rooms/29152320
29155895,$300.00,Neighborhood highlights,2,1,1,1,4.83,171,https://www.airbnb.com/rooms/29155895
29158689,$350.00,NA,9,1,3,4,4.87,63,https://www.airbnb.com/rooms/29158689
29167257,$175.00,Neighborhood highlights,2,1,2,2,4.88,155,https://www.airbnb.com/rooms/29167257
29168569,$61.00,NA,2,1,1,1,5,7,https://www.airbnb.com/rooms/29168569
29170235,$61.00,NA,2,1,1,1,4.83,6,https://www.airbnb.com/rooms/29170235
29176205,NA,Neighborhood highlights,4,NA,NA,NA,NA,0,https://www.airbnb.com/rooms/29176205
29181449,NA,Neighborhood highlights,1,NA,1,NA,5,2,https://www.airbnb.com/rooms/29181449
29184626,$150.00,Neighborhood highlights,2,1,1,1,4.74,180,https://www.airbnb.com/rooms/29184626
29202087,NA,Neighborhood highlights,4,NA,2,NA,5,11,https://www.airbnb.com/rooms/29202087
29213886,NA,Neighborhood highlights,2,NA,NA,NA,5,7,https://www.airbnb.com/rooms/29213886
29214672,NA,NA,2,NA,1,NA,NA,0,https://www.airbnb.com/rooms/29214672
29215541,NA,NA,4,NA,1,NA,4,4,https://www.airbnb.com/rooms/29215541
29225417,NA,Neighborhood highlights,2,NA,1,NA,5,1,https://www.airbnb.com/rooms/29225417
29231943,NA,NA,2,NA,NA,NA,5,3,https://www.airbnb.com/rooms/29231943
29234058,NA,Neighborhood highlights,1,NA,1,NA,NA,0,https://www.airbnb.com/rooms/29234058
29237220,"$1,191.00",Neighborhood highlights,4,2,2,2,5,29,https://www.airbnb.com/rooms/29237220
29237561,NA,NA,2,NA,1,NA,5,7,https://www.airbnb.com/rooms/29237561
29237852,NA,Neighborhood highlights,1,NA,NA,NA,4.7,10,https://www.airbnb.com/rooms/29237852
29242564,NA,Neighborhood highlights,2,NA,NA,NA,4.96,52,https://www.airbnb.com/rooms/29242564
29242599,NA,Neighborhood highlights,5,NA,2,NA,4.97,30,https://www.airbnb.com/rooms/29242599
29253322,NA,NA,2,NA,NA,NA,4.54,13,https://www.airbnb.com/rooms/29253322
29256134,NA,Neighborhood highlights,2,NA,NA,NA,5,9,https://www.airbnb.com/rooms/29256134
29256229,$110.00,Neighborhood highlights,4,1,2,2,4.73,77,https://www.airbnb.com/rooms/29256229
29256358,$110.00,NA,3,1,0,2,4.89,174,https://www.airbnb.com/rooms/29256358
29259580,NA,Neighborhood highlights,5,NA,1,NA,5,26,https://www.airbnb.com/rooms/29259580
29260051,$80.00,Neighborhood highlights,2,1,0,1,4.79,224,https://www.airbnb.com/rooms/29260051
29269102,$92.00,NA,2,1,1,2,4.95,20,https://www.airbnb.com/rooms/29269102
29275537,NA,Neighborhood highlights,2,NA,1,NA,5,7,https://www.airbnb.com/rooms/29275537
29278439,$130.00,Neighborhood highlights,1,1,1,1,4.97,34,https://www.airbnb.com/rooms/29278439
29280869,NA,NA,2,NA,2,NA,4.54,28,https://www.airbnb.com/rooms/29280869
29281407,"$1,656.00",Neighborhood highlights,7,3.5,4,6,4.74,19,https://www.airbnb.com/rooms/29281407
29283634,NA,NA,5,NA,1,NA,5,4,https://www.airbnb.com/rooms/29283634
29298335,NA,NA,2,NA,NA,NA,4.93,15,https://www.airbnb.com/rooms/29298335
29301889,NA,NA,2,NA,NA,NA,5,6,https://www.airbnb.com/rooms/29301889
29302018,NA,Neighborhood highlights,4,NA,6,NA,NA,0,https://www.airbnb.com/rooms/29302018
29303036,NA,Neighborhood highlights,1,NA,NA,NA,5,6,https://www.airbnb.com/rooms/29303036
29303103,NA,NA,2,NA,NA,NA,NA,0,https://www.airbnb.com/rooms/29303103
29307957,NA,NA,1,NA,NA,NA,4.71,14,https://www.airbnb.com/rooms/29307957
29313128,NA,NA,2,NA,1,NA,1,1,https://www.airbnb.com/rooms/29313128
29313881,NA,NA,2,NA,NA,NA,4.8,10,https://www.airbnb.com/rooms/29313881
29327591,$426.00,Neighborhood highlights,2,1,1,1,NA,0,https://www.airbnb.com/rooms/29327591
29329780,$100.00,Neighborhood highlights,4,1,1,1,NA,0,https://www.airbnb.com/rooms/29329780
29331191,$242.00,Neighborhood highlights,2,1,1,1,5,2,https://www.airbnb.com/rooms/29331191
29331513,$57.00,Neighborhood highlights,1,1,1,1,5,16,https://www.airbnb.com/rooms/29331513
29333330,NA,Neighborhood highlights,2,NA,NA,NA,5,15,https://www.airbnb.com/rooms/29333330
29336346,$145.00,Neighborhood highlights,2,1,1,2,4.85,95,https://www.airbnb.com/rooms/29336346
29336922,NA,NA,6,NA,2,NA,4.69,13,https://www.airbnb.com/rooms/29336922
29338253,NA,NA,2,NA,NA,NA,NA,0,https://www.airbnb.com/rooms/29338253
29338399,NA,NA,2,NA,NA,NA,NA,0,https://www.airbnb.com/rooms/29338399
29338559,$75.00,Neighborhood highlights,1,1,1,1,4.84,19,https://www.airbnb.com/rooms/29338559
29340028,$107.00,Neighborhood highlights,1,1,1,1,5,7,https://www.airbnb.com/rooms/29340028
29341918,NA,NA,2,NA,NA,NA,4.65,31,https://www.airbnb.com/rooms/29341918
29351570,$165.00,Neighborhood highlights,4,1,2,2,4.6,10,https://www.airbnb.com/rooms/29351570
29356679,$85.00,Neighborhood highlights,2,1,1,1,4.85,59,https://www.airbnb.com/rooms/29356679
29358344,$249.00,NA,8,1.5,3,4,NA,0,https://www.airbnb.com/rooms/29358344
29359092,$48.00,NA,1,1,1,2,4.69,94,https://www.airbnb.com/rooms/29359092
29361650,$180.00,Neighborhood highlights,2,1,1,1,NA,0,https://www.airbnb.com/rooms/29361650
29381358,NA,NA,4,NA,NA,NA,NA,0,https://www.airbnb.com/rooms/29381358
29384622,NA,Neighborhood highlights,2,NA,1,NA,4.79,56,https://www.airbnb.com/rooms/29384622
29385308,$160.00,Neighborhood highlights,2,1,1,1,4.64,11,https://www.airbnb.com/rooms/29385308
29391852,$70.00,Neighborhood highlights,2,1,1,1,4.85,94,https://www.airbnb.com/rooms/29391852
29392426,$125.00,NA,3,1,1,1,5,1,https://www.airbnb.com/rooms/29392426
29393808,NA,Neighborhood highlights,2,NA,1,NA,5,16,https://www.airbnb.com/rooms/29393808
29411649,NA,Neighborhood highlights,1,NA,1,NA,4.67,3,https://www.airbnb.com/rooms/29411649
29412402,$49.00,NA,1,1,1,1,4.79,14,https://www.airbnb.com/rooms/29412402
29413438,NA,Neighborhood highlights,2,NA,1,NA,5,1,https://www.airbnb.com/rooms/29413438
29414633,NA,NA,1,NA,NA,NA,NA,0,https://www.airbnb.com/rooms/29414633
29416543,NA,Neighborhood highlights,2,NA,NA,NA,NA,0,https://www.airbnb.com/rooms/29416543
29416565,$295.00,Neighborhood highlights,2,1,1,1,4.83,12,https://www.airbnb.com/rooms/29416565
29422942,NA,Neighborhood highlights,6,NA,2,NA,4.68,94,https://www.airbnb.com/rooms/29422942
29431738,$180.00,Neighborhood highlights,2,0,0,0,4.89,9,https://www.airbnb.com/rooms/29431738
29435698,NA,Neighborhood highlights,3,NA,1,NA,4.94,17,https://www.airbnb.com/rooms/29435698
29452507,NA,NA,2,NA,1,NA,5,1,https://www.airbnb.com/rooms/29452507
29453268,NA,NA,2,NA,2,NA,NA,0,https://www.airbnb.com/rooms/29453268
29455559,NA,NA,2,NA,1,NA,NA,0,https://www.airbnb.com/rooms/29455559
29455932,NA,NA,2,NA,1,NA,4.4,5,https://www.airbnb.com/rooms/29455932
29480988,NA,Neighborhood highlights,2,NA,NA,NA,NA,0,https://www.airbnb.com/rooms/29480988
29487347,NA,Neighborhood highlights,3,NA,2,NA,4.9,124,https://www.airbnb.com/rooms/29487347
29488512,NA,Neighborhood highlights,3,NA,1,NA,5,6,https://www.airbnb.com/rooms/29488512
29491529,NA,Neighborhood highlights,4,NA,2,NA,5,1,https://www.airbnb.com/rooms/29491529
29492316,NA,Neighborhood highlights,4,NA,1,NA,4.4,15,https://www.airbnb.com/rooms/29492316
29495273,NA,Neighborhood highlights,6,NA,2,NA,NA,0,https://www.airbnb.com/rooms/29495273
29495933,$385.00,Neighborhood highlights,3,1,1,1,4.95,116,https://www.airbnb.com/rooms/29495933
29505792,NA,Neighborhood highlights,1,NA,1,NA,4.1,21,https://www.airbnb.com/rooms/29505792
29509877,$309.00,NA,6,1,0,3,4.27,124,https://www.airbnb.com/rooms/29509877
29513249,NA,Neighborhood highlights,1,NA,1,NA,NA,0,https://www.airbnb.com/rooms/29513249
29514309,$193.00,NA,2,1,1,1,4.4,5,https://www.airbnb.com/rooms/29514309
29515670,$275.00,Neighborhood highlights,4,1,1,2,4.94,49,https://www.airbnb.com/rooms/29515670
29515916,NA,Neighborhood highlights,2,NA,NA,NA,5,11,https://www.airbnb.com/rooms/29515916
29516095,NA,Neighborhood highlights,4,NA,1,NA,4.84,73,https://www.airbnb.com/rooms/29516095
29519083,NA,Neighborhood highlights,2,NA,6,NA,4.82,17,https://www.airbnb.com/rooms/29519083
29520126,NA,NA,4,NA,2,NA,NA,0,https://www.airbnb.com/rooms/29520126
29522531,NA,Neighborhood highlights,2,NA,NA,NA,4.4,15,https://www.airbnb.com/rooms/29522531
29535295,NA,Neighborhood highlights,3,NA,1,NA,5,29,https://www.airbnb.com/rooms/29535295
29539252,NA,NA,2,NA,1,NA,NA,0,https://www.airbnb.com/rooms/29539252
29541214,$170.00,NA,2,1,1,1,4.78,64,https://www.airbnb.com/rooms/29541214
29543433,NA,Neighborhood highlights,4,NA,1,NA,4.69,13,https://www.airbnb.com/rooms/29543433
29546132,NA,Neighborhood highlights,4,NA,1,NA,5,10,https://www.airbnb.com/rooms/29546132
29546402,NA,NA,4,NA,1,NA,NA,0,https://www.airbnb.com/rooms/29546402
29549783,NA,Neighborhood highlights,6,NA,3,NA,4.6,102,https://www.airbnb.com/rooms/29549783
29550259,NA,Neighborhood highlights,2,NA,NA,NA,4.52,89,https://www.airbnb.com/rooms/29550259
29565064,NA,NA,6,NA,2,NA,NA,0,https://www.airbnb.com/rooms/29565064
29567201,$176.00,NA,5,2,1,3,NA,0,https://www.airbnb.com/rooms/29567201
29567482,$275.00,Neighborhood highlights,2,1,1,2,4.95,59,https://www.airbnb.com/rooms/29567482
29570523,NA,Neighborhood highlights,4,NA,1,NA,4.68,40,https://www.airbnb.com/rooms/29570523
29575293,$109.00,Neighborhood highlights,2,1,1,1,4.85,294,https://www.airbnb.com/rooms/29575293
29584983,NA,NA,2,NA,NA,NA,4.75,4,https://www.airbnb.com/rooms/29584983
29585551,$90.00,Neighborhood highlights,3,1,1,2,4.79,116,https://www.airbnb.com/rooms/29585551
29586511,NA,Neighborhood highlights,2,NA,NA,NA,4.98,52,https://www.airbnb.com/rooms/29586511
29590847,NA,Neighborhood highlights,2,NA,NA,NA,5,2,https://www.airbnb.com/rooms/29590847
29592296,$318.00,NA,6,1,0,3,4.43,214,https://www.airbnb.com/rooms/29592296
29592768,$95.00,Neighborhood highlights,2,1,1,1,4.81,478,https://www.airbnb.com/rooms/29592768
29617415,$13.00,Neighborhood highlights,1,1,1,1,4,5,https://www.airbnb.com/rooms/29617415
29628681,NA,NA,2,NA,1,NA,4.5,2,https://www.airbnb.com/rooms/29628681
29629048,NA,Neighborhood highlights,2,NA,1,NA,5,1,https://www.airbnb.com/rooms/29629048
29630939,NA,NA,3,NA,1,NA,5,3,https://www.airbnb.com/rooms/29630939
29631258,NA,Neighborhood highlights,1,NA,NA,NA,4.91,23,https://www.airbnb.com/rooms/29631258
29631729,NA,Neighborhood highlights,2,NA,NA,NA,4.93,54,https://www.airbnb.com/rooms/29631729
29634211,$150.00,NA,4,1,2,2,4.72,58,https://www.airbnb.com/rooms/29634211
29635253,$65.00,Neighborhood highlights,1,1,1,1,4.88,51,https://www.airbnb.com/rooms/29635253
29651529,$131.00,Neighborhood highlights,2,1,1,2,4.9,323,https://www.airbnb.com/rooms/29651529
29653480,$51.00,Neighborhood highlights,1,1,1,1,5,1,https://www.airbnb.com/rooms/29653480
29653847,$269.00,Neighborhood highlights,6,1,2,2,4.95,63,https://www.airbnb.com/rooms/29653847
29654321,$226.00,Neighborhood highlights,2,1,1,1,4.84,70,https://www.airbnb.com/rooms/29654321
29655436,NA,NA,2,NA,1,NA,NA,0,https://www.airbnb.com/rooms/29655436
29657991,NA,NA,3,NA,1,NA,4.79,19,https://www.airbnb.com/rooms/29657991
29658021,$60.00,Neighborhood highlights,1,1,1,2,5,1,https://www.airbnb.com/rooms/29658021
29659322,$70.00,Neighborhood highlights,1,1,1,1,5,42,https://www.airbnb.com/rooms/29659322
29661457,NA,NA,2,NA,1,NA,4,1,https://www.airbnb.com/rooms/29661457
29674246,NA,Neighborhood highlights,4,NA,2,NA,NA,0,https://www.airbnb.com/rooms/29674246
29677672,NA,Neighborhood highlights,2,NA,1,NA,5,5,https://www.airbnb.com/rooms/29677672
29681004,NA,Neighborhood highlights,2,NA,NA,NA,5,3,https://www.airbnb.com/rooms/29681004
29683293,NA,Neighborhood highlights,2,NA,NA,NA,5,13,https://www.airbnb.com/rooms/29683293
29683957,NA,NA,4,NA,NA,NA,5,3,https://www.airbnb.com/rooms/29683957
29684573,$100.00,Neighborhood highlights,2,1,1,1,4.95,147,https://www.airbnb.com/rooms/29684573
29686576,NA,NA,2,NA,1,NA,4.78,69,https://www.airbnb.com/rooms/29686576
29686857,$95.00,NA,4,1,2,2,4.95,55,https://www.airbnb.com/rooms/29686857
29698179,NA,Neighborhood highlights,2,NA,1,NA,4.53,19,https://www.airbnb.com/rooms/29698179
29700761,NA,Neighborhood highlights,4,NA,2,NA,4.93,28,https://www.airbnb.com/rooms/29700761
29701465,NA,NA,6,NA,3,NA,5,1,https://www.airbnb.com/rooms/29701465
29701921,NA,NA,5,NA,2,NA,4.36,11,https://www.airbnb.com/rooms/29701921
29702007,$140.00,Neighborhood highlights,2,1,2,1,4.8,25,https://www.airbnb.com/rooms/29702007
29704561,$433.00,NA,2,1,1,1,4.92,37,https://www.airbnb.com/rooms/29704561
29730504,$106.00,NA,4,1,1,1,5,3,https://www.airbnb.com/rooms/29730504
29731625,NA,Neighborhood highlights,3,NA,1,NA,4.9,10,https://www.airbnb.com/rooms/29731625
29733748,NA,NA,2,NA,1,NA,4.5,12,https://www.airbnb.com/rooms/29733748
29740134,NA,NA,1,NA,NA,NA,NA,0,https://www.airbnb.com/rooms/29740134
29740171,NA,Neighborhood highlights,2,NA,NA,NA,4.58,12,https://www.airbnb.com/rooms/29740171
29754946,NA,NA,2,NA,NA,NA,4.76,29,https://www.airbnb.com/rooms/29754946
29758221,NA,NA,2,NA,NA,NA,5,6,https://www.airbnb.com/rooms/29758221
29760740,NA,NA,2,NA,NA,NA,4.8,5,https://www.airbnb.com/rooms/29760740
29760980,$298.00,NA,3,1,1,2,4,1,https://www.airbnb.com/rooms/29760980
29761272,NA,NA,4,NA,NA,NA,NA,0,https://www.airbnb.com/rooms/29761272
29775040,$133.00,Neighborhood highlights,2,1,1,1,4.96,109,https://www.airbnb.com/rooms/29775040
29776313,NA,Neighborhood highlights,2,NA,1,NA,5,10,https://www.airbnb.com/rooms/29776313
29780863,NA,Neighborhood highlights,2,NA,NA,NA,4.87,23,https://www.airbnb.com/rooms/29780863
29781403,$200.00,Neighborhood highlights,6,1.5,2,2,4.44,101,https://www.airbnb.com/rooms/29781403
29782186,NA,NA,2,NA,NA,NA,NA,0,https://www.airbnb.com/rooms/29782186
29794270,$99.00,Neighborhood highlights,2,1,1,1,4.54,13,https://www.airbnb.com/rooms/29794270
29794702,NA,Neighborhood highlights,3,NA,1,NA,4.83,23,https://www.airbnb.com/rooms/29794702
29797971,NA,NA,2,NA,NA,NA,NA,0,https://www.airbnb.com/rooms/29797971
29798872,NA,Neighborhood highlights,2,NA,NA,NA,4.25,16,https://www.airbnb.com/rooms/29798872
29799125,NA,NA,3,NA,1,NA,NA,0,https://www.airbnb.com/rooms/29799125
29800110,$195.00,NA,2,1,2,2,4.98,128,https://www.airbnb.com/rooms/29800110
29800915,$59.00,NA,2,1,1,2,4.26,62,https://www.airbnb.com/rooms/29800915
29800927,NA,NA,4,NA,1,NA,NA,0,https://www.airbnb.com/rooms/29800927
29804246,NA,Neighborhood highlights,2,1,1,1,4.98,248,https://www.airbnb.com/rooms/29804246
29814549,$78.00,Neighborhood highlights,2,1,0,2,4.83,221,https://www.airbnb.com/rooms/29814549
29821998,NA,Neighborhood highlights,2,NA,1,NA,4,3,https://www.airbnb.com/rooms/29821998
29824343,NA,NA,2,NA,1,NA,5,14,https://www.airbnb.com/rooms/29824343
29825394,NA,Neighborhood highlights,1,NA,NA,NA,5,8,https://www.airbnb.com/rooms/29825394
29825681,NA,Neighborhood highlights,2,NA,2,NA,NA,0,https://www.airbnb.com/rooms/29825681
29825825,NA,Neighborhood highlights,4,NA,2,NA,4.8,5,https://www.airbnb.com/rooms/29825825
29827530,NA,Neighborhood highlights,4,NA,1,NA,4.9,10,https://www.airbnb.com/rooms/29827530
29828333,NA,Neighborhood highlights,6,NA,2,NA,4.67,15,https://www.airbnb.com/rooms/29828333
29828445,NA,Neighborhood highlights,2,NA,1,NA,4.67,9,https://www.airbnb.com/rooms/29828445
29829066,NA,Neighborhood highlights,6,NA,2,NA,4.78,69,https://www.airbnb.com/rooms/29829066
29831517,$78.00,Neighborhood highlights,2,1,1,1,4.86,367,https://www.airbnb.com/rooms/29831517
29834691,NA,NA,4,NA,1,NA,3.75,4,https://www.airbnb.com/rooms/29834691
29835159,NA,Neighborhood highlights,3,NA,1,NA,4.86,7,https://www.airbnb.com/rooms/29835159
29844533,NA,Neighborhood highlights,3,NA,1,NA,5,2,https://www.airbnb.com/rooms/29844533
29847492,$123.00,Neighborhood highlights,3,1,0,2,5,9,https://www.airbnb.com/rooms/29847492
29850004,NA,NA,3,NA,1,NA,NA,0,https://www.airbnb.com/rooms/29850004
29851718,$845.00,Neighborhood highlights,6,3,3,4,NA,0,https://www.airbnb.com/rooms/29851718
29851985,NA,Neighborhood highlights,2,NA,NA,NA,5,1,https://www.airbnb.com/rooms/29851985
29855796,NA,NA,2,NA,NA,NA,NA,0,https://www.airbnb.com/rooms/29855796
29858182,NA,Neighborhood highlights,3,NA,NA,NA,4.76,59,https://www.airbnb.com/rooms/29858182
29858919,NA,Neighborhood highlights,4,NA,2,NA,5,5,https://www.airbnb.com/rooms/29858919
29858941,NA,Neighborhood highlights,5,NA,2,NA,4.33,43,https://www.airbnb.com/rooms/29858941
29874717,NA,NA,2,NA,NA,NA,NA,0,https://www.airbnb.com/rooms/29874717
29877195,NA,NA,2,NA,1,NA,NA,0,https://www.airbnb.com/rooms/29877195
29877448,$245.00,Neighborhood highlights,4,1,2,3,4.83,6,https://www.airbnb.com/rooms/29877448
29878723,NA,Neighborhood highlights,4,NA,2,NA,4.95,41,https://www.airbnb.com/rooms/29878723
29879085,NA,NA,4,NA,NA,NA,4.5,18,https://www.airbnb.com/rooms/29879085
29880813,NA,Neighborhood highlights,1,NA,1,NA,NA,0,https://www.airbnb.com/rooms/29880813
29881973,NA,NA,1,NA,NA,NA,5,4,https://www.airbnb.com/rooms/29881973
29883990,NA,Neighborhood highlights,1,NA,NA,NA,4.78,9,https://www.airbnb.com/rooms/29883990
29884003,NA,NA,2,NA,NA,NA,4.88,8,https://www.airbnb.com/rooms/29884003
29885196,$216.00,Neighborhood highlights,4,1,2,3,4.75,8,https://www.airbnb.com/rooms/29885196
29889800,$150.00,Neighborhood highlights,7,1,1,2,4.79,14,https://www.airbnb.com/rooms/29889800
29893519,NA,NA,2,NA,NA,NA,4.27,11,https://www.airbnb.com/rooms/29893519
29897019,$200.00,Neighborhood highlights,2,2,2,2,4.94,162,https://www.airbnb.com/rooms/29897019
29897123,$150.00,NA,2,1,1,1,4.59,34,https://www.airbnb.com/rooms/29897123
29897445,NA,NA,1,NA,1,NA,NA,0,https://www.airbnb.com/rooms/29897445
29897911,$179.00,Neighborhood highlights,3,1,1,2,4.18,22,https://www.airbnb.com/rooms/29897911
29898471,NA,Neighborhood highlights,6,NA,2,NA,5,6,https://www.airbnb.com/rooms/29898471
29901044,$230.00,Neighborhood highlights,5,1.5,2,3,5,1,https://www.airbnb.com/rooms/29901044
29903897,$50.00,NA,1,1,1,1,4.88,91,https://www.airbnb.com/rooms/29903897
29904305,$45.00,Neighborhood highlights,1,1,1,1,4.96,67,https://www.airbnb.com/rooms/29904305
29904478,$41.00,Neighborhood highlights,1,1,1,1,4.89,61,https://www.airbnb.com/rooms/29904478
29905155,$125.00,Neighborhood highlights,1,1,1,1,5,137,https://www.airbnb.com/rooms/29905155
29906233,NA,NA,2,NA,NA,NA,NA,0,https://www.airbnb.com/rooms/29906233
29906282,$105.00,Neighborhood highlights,2,1,1,1,4.64,200,https://www.airbnb.com/rooms/29906282
29907089,NA,Neighborhood highlights,2,NA,NA,NA,4.82,11,https://www.airbnb.com/rooms/29907089
29907852,NA,NA,5,NA,3,NA,4.5,18,https://www.airbnb.com/rooms/29907852
29908937,$233.00,Neighborhood highlights,3,1,1,2,4.82,49,https://www.airbnb.com/rooms/29908937
29909077,NA,Neighborhood highlights,2,NA,NA,NA,4.33,3,https://www.airbnb.com/rooms/29909077
29921568,NA,Neighborhood highlights,1,NA,NA,NA,4.33,6,https://www.airbnb.com/rooms/29921568
29922930,NA,NA,2,NA,1,NA,NA,0,https://www.airbnb.com/rooms/29922930
29923198,NA,Neighborhood highlights,2,NA,1,NA,NA,0,https://www.airbnb.com/rooms/29923198
29923252,NA,Neighborhood highlights,1,NA,NA,NA,5,4,https://www.airbnb.com/rooms/29923252
29923522,NA,NA,2,NA,1,NA,5,1,https://www.airbnb.com/rooms/29923522
29923537,NA,NA,2,NA,1,NA,NA,0,https://www.airbnb.com/rooms/29923537
29923555,"$1,000.00",NA,4,1,1,2,NA,0,https://www.airbnb.com/rooms/29923555
29923582,NA,NA,4,NA,1,NA,NA,0,https://www.airbnb.com/rooms/29923582
29923599,NA,NA,4,NA,NA,NA,5,1,https://www.airbnb.com/rooms/29923599
29923619,NA,NA,2,NA,NA,NA,NA,0,https://www.airbnb.com/rooms/29923619
29923634,NA,NA,4,NA,NA,NA,4,1,https://www.airbnb.com/rooms/29923634
29923654,NA,NA,4,NA,NA,NA,NA,0,https://www.airbnb.com/rooms/29923654
29923697,NA,NA,4,NA,1,NA,5,1,https://www.airbnb.com/rooms/29923697
29929095,$85.00,Neighborhood highlights,2,1,0,1,4.73,26,https://www.airbnb.com/rooms/29929095
29929702,$140.00,NA,5,2,3,3,4.81,155,https://www.airbnb.com/rooms/29929702
29935981,$800.00,Neighborhood highlights,4,2,3,3,5,11,https://www.airbnb.com/rooms/29935981
29937451,$121.00,Neighborhood highlights,2,1,1,2,4.9,78,https://www.airbnb.com/rooms/29937451
29939030,NA,NA,4,NA,1,NA,NA,0,https://www.airbnb.com/rooms/29939030
29942196,$92.00,Neighborhood highlights,4,1,2,2,4.77,75,https://www.airbnb.com/rooms/29942196
29942321,NA,NA,3,NA,1,NA,4.88,8,https://www.airbnb.com/rooms/29942321
29943061,$116.00,Neighborhood highlights,2,1,1,1,4.88,129,https://www.airbnb.com/rooms/29943061
29943455,NA,Neighborhood highlights,2,NA,NA,NA,5,3,https://www.airbnb.com/rooms/29943455
29944183,NA,NA,2,NA,NA,NA,NA,0,https://www.airbnb.com/rooms/29944183
29944408,$38.00,Neighborhood highlights,1,1,1,1,4.63,8,https://www.airbnb.com/rooms/29944408
29945781,NA,Neighborhood highlights,3,NA,1,NA,NA,0,https://www.airbnb.com/rooms/29945781
29946757,$60.00,Neighborhood highlights,2,1,1,1,5,2,https://www.airbnb.com/rooms/29946757
29956865,NA,NA,2,NA,NA,NA,4,1,https://www.airbnb.com/rooms/29956865
29958350,NA,NA,4,NA,2,NA,4.83,6,https://www.airbnb.com/rooms/29958350
29960000,$300.00,Neighborhood highlights,2,1,1,1,4.89,37,https://www.airbnb.com/rooms/29960000
29963540,NA,Neighborhood highlights,2,NA,NA,NA,5,1,https://www.airbnb.com/rooms/29963540
29963575,$55.00,Neighborhood highlights,2,1,1,1,4.83,112,https://www.airbnb.com/rooms/29963575
29964050,NA,Neighborhood highlights,3,NA,1,NA,5,4,https://www.airbnb.com/rooms/29964050
29964348,"$3,600.00",NA,2,1,0,1,NA,0,https://www.airbnb.com/rooms/29964348
29964495,NA,Neighborhood highlights,4,NA,2,NA,5,1,https://www.airbnb.com/rooms/29964495
29965041,NA,NA,2,NA,NA,NA,4.8,15,https://www.airbnb.com/rooms/29965041
29966192,NA,Neighborhood highlights,2,NA,NA,NA,4.36,22,https://www.airbnb.com/rooms/29966192
29967433,$45.00,Neighborhood highlights,1,1,1,1,4.78,74,https://www.airbnb.com/rooms/29967433
29967770,NA,Neighborhood highlights,2,NA,2,NA,5,7,https://www.airbnb.com/rooms/29967770
29968121,$85.00,NA,2,1,1,1,NA,0,https://www.airbnb.com/rooms/29968121
29968478,NA,NA,2,NA,NA,NA,4.6,10,https://www.airbnb.com/rooms/29968478
29981728,NA,Neighborhood highlights,3,NA,1,NA,4,2,https://www.airbnb.com/rooms/29981728
29981890,NA,NA,3,NA,1,NA,4.21,52,https://www.airbnb.com/rooms/29981890
29982192,NA,NA,3,NA,1,NA,5,1,https://www.airbnb.com/rooms/29982192
29987700,NA,NA,4,NA,1,NA,5,3,https://www.airbnb.com/rooms/29987700
29990168,$135.00,NA,8,1,1,2,4.67,9,https://www.airbnb.com/rooms/29990168
29993012,$110.00,Neighborhood highlights,3,1,0,2,4.94,18,https://www.airbnb.com/rooms/29993012
29994675,NA,Neighborhood highlights,2,NA,NA,NA,4.18,11,https://www.airbnb.com/rooms/29994675
29995668,NA,Neighborhood highlights,2,NA,NA,NA,4.67,6,https://www.airbnb.com/rooms/29995668
29995977,NA,NA,2,NA,NA,NA,NA,0,https://www.airbnb.com/rooms/29995977
30003335,$60.00,Neighborhood highlights,2,0,1,1,4.95,20,https://www.airbnb.com/rooms/30003335
30003453,$175.00,Neighborhood highlights,4,1,1,2,4.79,129,https://www.airbnb.com/rooms/30003453
30006770,$290.00,Neighborhood highlights,2,1,1,1,NA,0,https://www.airbnb.com/rooms/30006770
30006962,$309.00,Neighborhood highlights,2,1,1,1,5,1,https://www.airbnb.com/rooms/30006962
30012164,NA,Neighborhood highlights,6,NA,3,NA,5,12,https://www.airbnb.com/rooms/30012164
30012632,NA,Neighborhood highlights,2,NA,NA,NA,5,2,https://www.airbnb.com/rooms/30012632
30015658,NA,Neighborhood highlights,2,NA,NA,NA,4.51,39,https://www.airbnb.com/rooms/30015658
30018946,NA,Neighborhood highlights,6,NA,2,NA,NA,0,https://www.airbnb.com/rooms/30018946
30019180,NA,Neighborhood highlights,3,NA,1,NA,4.45,11,https://www.airbnb.com/rooms/30019180
30021540,$63.00,NA,2,1,1,1,5,1,https://www.airbnb.com/rooms/30021540
30021914,$80.00,Neighborhood highlights,2,1,1,2,4.79,121,https://www.airbnb.com/rooms/30021914
30023607,NA,NA,2,NA,NA,NA,4,1,https://www.airbnb.com/rooms/30023607
30031616,$331.00,Neighborhood highlights,2,1,1,1,3,1,https://www.airbnb.com/rooms/30031616
30033284,$277.00,Neighborhood highlights,2,1,1,1,NA,0,https://www.airbnb.com/rooms/30033284
30034070,$269.00,NA,3,1,0,2,4.2,84,https://www.airbnb.com/rooms/30034070
30041537,NA,Neighborhood highlights,2,NA,NA,NA,4.84,80,https://www.airbnb.com/rooms/30041537
30043083,NA,Neighborhood highlights,1,NA,NA,NA,4.64,14,https://www.airbnb.com/rooms/30043083
30043966,$149.00,Neighborhood highlights,6,1,2,4,4.52,99,https://www.airbnb.com/rooms/30043966
30046573,$180.00,Neighborhood highlights,4,1.5,1,2,4.81,190,https://www.airbnb.com/rooms/30046573
30046737,NA,Neighborhood highlights,3,NA,1,NA,4.66,100,https://www.airbnb.com/rooms/30046737
30053410,$65.00,Neighborhood highlights,1,1,1,2,5,1,https://www.airbnb.com/rooms/30053410
30058948,$85.00,NA,2,1,1,1,4.86,44,https://www.airbnb.com/rooms/30058948
30059270,NA,NA,1,NA,NA,NA,NA,0,https://www.airbnb.com/rooms/30059270
30059328,NA,NA,4,NA,1,NA,4.8,5,https://www.airbnb.com/rooms/30059328
30062040,NA,Neighborhood highlights,2,NA,NA,NA,NA,0,https://www.airbnb.com/rooms/30062040
30062210,NA,Neighborhood highlights,1,NA,NA,NA,4,1,https://www.airbnb.com/rooms/30062210
30062478,NA,Neighborhood highlights,1,NA,1,NA,4.88,26,https://www.airbnb.com/rooms/30062478
30064021,NA,Neighborhood highlights,2,NA,1,NA,5,1,https://www.airbnb.com/rooms/30064021
30066459,NA,NA,2,NA,1,NA,NA,0,https://www.airbnb.com/rooms/30066459
30068059,NA,Neighborhood highlights,2,NA,1,NA,4.97,33,https://www.airbnb.com/rooms/30068059
30069091,NA,Neighborhood highlights,2,NA,NA,NA,NA,0,https://www.airbnb.com/rooms/30069091
30069635,NA,NA,2,NA,NA,NA,5,4,https://www.airbnb.com/rooms/30069635
30071646,NA,Neighborhood highlights,2,NA,NA,NA,4.5,4,https://www.airbnb.com/rooms/30071646
30071972,NA,NA,2,NA,NA,NA,4.5,2,https://www.airbnb.com/rooms/30071972
30083825,NA,Neighborhood highlights,2,NA,1,NA,NA,0,https://www.airbnb.com/rooms/30083825
30084269,$120.00,Neighborhood highlights,2,1,1,1,4.8,15,https://www.airbnb.com/rooms/30084269
30087377,$450.00,NA,2,1,1,1,5,32,https://www.airbnb.com/rooms/30087377
30088310,NA,Neighborhood highlights,2,NA,NA,NA,4.67,3,https://www.airbnb.com/rooms/30088310
30088906,NA,Neighborhood highlights,2,NA,1,NA,NA,0,https://www.airbnb.com/rooms/30088906
30089134,NA,Neighborhood highlights,5,NA,3,NA,4.28,32,https://www.airbnb.com/rooms/30089134
30089412,$257.00,Neighborhood highlights,5,1,2,3,4.91,150,https://www.airbnb.com/rooms/30089412
30089955,NA,Neighborhood highlights,3,NA,1,NA,4,1,https://www.airbnb.com/rooms/30089955
30091313,$65.00,NA,2,1,1,1,4.87,45,https://www.airbnb.com/rooms/30091313
30091911,NA,Neighborhood highlights,2,NA,1,NA,4.89,28,https://www.airbnb.com/rooms/30091911
30096719,$97.00,Neighborhood highlights,2,1,1,0,4.75,303,https://www.airbnb.com/rooms/30096719
30101694,NA,NA,1,NA,1,NA,NA,0,https://www.airbnb.com/rooms/30101694
30104723,$186.00,Neighborhood highlights,2,1,1,1,4.79,28,https://www.airbnb.com/rooms/30104723
30105137,$140.00,Neighborhood highlights,4,1,1,3,4.69,51,https://www.airbnb.com/rooms/30105137
30106162,NA,NA,1,NA,1,NA,5,1,https://www.airbnb.com/rooms/30106162
30106990,$199.00,Neighborhood highlights,2,1,1,1,4.08,24,https://www.airbnb.com/rooms/30106990
30107262,$150.00,Neighborhood highlights,3,1,0,2,4.73,33,https://www.airbnb.com/rooms/30107262
30108247,NA,Neighborhood highlights,4,NA,NA,NA,5,1,https://www.airbnb.com/rooms/30108247
30109916,$100.00,Neighborhood highlights,4,1,1,2,4.96,283,https://www.airbnb.com/rooms/30109916
30112494,NA,Neighborhood highlights,3,NA,1,NA,5,4,https://www.airbnb.com/rooms/30112494
30113594,NA,Neighborhood highlights,2,NA,1,NA,5,1,https://www.airbnb.com/rooms/30113594
30120427,NA,Neighborhood highlights,2,NA,1,NA,5,2,https://www.airbnb.com/rooms/30120427
30121473,NA,Neighborhood highlights,1,NA,NA,NA,5,1,https://www.airbnb.com/rooms/30121473
30122033,NA,Neighborhood highlights,4,NA,1,NA,5,1,https://www.airbnb.com/rooms/30122033
30123494,NA,Neighborhood highlights,4,NA,2,NA,5,1,https://www.airbnb.com/rooms/30123494
30125523,$160.00,Neighborhood highlights,1,1,0,1,4.78,9,https://www.airbnb.com/rooms/30125523
30125569,NA,NA,1,NA,NA,NA,NA,0,https://www.airbnb.com/rooms/30125569
30125704,$160.00,Neighborhood highlights,1,1,0,1,4.25,8,https://www.airbnb.com/rooms/30125704
30126274,NA,Neighborhood highlights,2,NA,1,NA,5,2,https://www.airbnb.com/rooms/30126274
30129959,NA,NA,2,NA,NA,NA,4.5,2,https://www.airbnb.com/rooms/30129959
30132508,$178.00,Neighborhood highlights,2,1,1,2,4.88,268,https://www.airbnb.com/rooms/30132508
30143717,NA,NA,4,NA,2,NA,5,5,https://www.airbnb.com/rooms/30143717
30152177,NA,Neighborhood highlights,3,NA,NA,NA,NA,0,https://www.airbnb.com/rooms/30152177
30154255,$345.00,NA,2,1,1,1,5,24,https://www.airbnb.com/rooms/30154255
30156697,$143.00,Neighborhood highlights,2,1,1,2,4.7,50,https://www.airbnb.com/rooms/30156697
30158061,NA,Neighborhood highlights,2,NA,NA,NA,NA,0,https://www.airbnb.com/rooms/30158061
30159356,NA,Neighborhood highlights,1,NA,1,NA,NA,0,https://www.airbnb.com/rooms/30159356
30162689,$300.00,Neighborhood highlights,7,1,1,4,NA,0,https://www.airbnb.com/rooms/30162689
30169107,$111.00,Neighborhood highlights,2,1,1,1,4.9,123,https://www.airbnb.com/rooms/30169107
30173864,NA,NA,4,NA,NA,NA,5,3,https://www.airbnb.com/rooms/30173864
30174397,$98.00,Neighborhood highlights,2,2,1,1,4.77,30,https://www.airbnb.com/rooms/30174397
30175521,NA,NA,1,NA,NA,NA,4.67,3,https://www.airbnb.com/rooms/30175521
30175606,$60.00,NA,2,1,1,1,NA,0,https://www.airbnb.com/rooms/30175606
30182137,$64.00,NA,2,1,1,1,4.88,16,https://www.airbnb.com/rooms/30182137
30183115,NA,Neighborhood highlights,2,NA,1,NA,5,3,https://www.airbnb.com/rooms/30183115
30183428,NA,Neighborhood highlights,3,NA,1,NA,4.61,41,https://www.airbnb.com/rooms/30183428
30184570,NA,Neighborhood highlights,2,NA,NA,NA,5,1,https://www.airbnb.com/rooms/30184570
30186549,NA,NA,4,NA,1,NA,4.86,207,https://www.airbnb.com/rooms/30186549
30187850,NA,Neighborhood highlights,2,NA,1,NA,4,1,https://www.airbnb.com/rooms/30187850
30198546,NA,Neighborhood highlights,2,NA,NA,NA,4.91,35,https://www.airbnb.com/rooms/30198546
30200473,NA,Neighborhood highlights,1,NA,NA,NA,4.75,4,https://www.airbnb.com/rooms/30200473
30201476,$379.00,Neighborhood highlights,2,1,0,1,4.5,2,https://www.airbnb.com/rooms/30201476
30206047,"$1,000.00",Neighborhood highlights,5,2,3,4,5,4,https://www.airbnb.com/rooms/30206047
30210441,NA,NA,2,NA,1,NA,NA,0,https://www.airbnb.com/rooms/30210441
30212741,$39.00,Neighborhood highlights,1,1,1,1,5,2,https://www.airbnb.com/rooms/30212741
30213232,$40.00,Neighborhood highlights,1,1,1,1,4.6,5,https://www.airbnb.com/rooms/30213232
30213410,NA,Neighborhood highlights,1,NA,NA,NA,4.4,5,https://www.airbnb.com/rooms/30213410
30215130,NA,NA,3,NA,1,NA,5,2,https://www.airbnb.com/rooms/30215130
30225895,$111.00,NA,2,1,1,1,4.43,7,https://www.airbnb.com/rooms/30225895
30227054,NA,Neighborhood highlights,4,NA,1,NA,5,7,https://www.airbnb.com/rooms/30227054
30229561,NA,Neighborhood highlights,2,NA,NA,NA,4.58,26,https://www.airbnb.com/rooms/30229561
30229988,NA,NA,2,NA,NA,NA,4,1,https://www.airbnb.com/rooms/30229988
30231026,NA,Neighborhood highlights,4,NA,NA,NA,4.6,5,https://www.airbnb.com/rooms/30231026
30234773,NA,NA,2,NA,NA,NA,4,1,https://www.airbnb.com/rooms/30234773
30236202,$59.00,Neighborhood highlights,5,1,2,3,4.36,143,https://www.airbnb.com/rooms/30236202
30244166,NA,Neighborhood highlights,2,NA,1,NA,4.4,10,https://www.airbnb.com/rooms/30244166
30249168,NA,Neighborhood highlights,3,NA,1,NA,5,2,https://www.airbnb.com/rooms/30249168
30252034,$85.00,NA,2,1,1,1,4.96,233,https://www.airbnb.com/rooms/30252034
30252158,NA,Neighborhood highlights,4,NA,NA,NA,NA,0,https://www.airbnb.com/rooms/30252158
30254229,$168.00,Neighborhood highlights,8,2,3,4,4.94,202,https://www.airbnb.com/rooms/30254229
30255625,NA,Neighborhood highlights,2,NA,NA,NA,4.78,9,https://www.airbnb.com/rooms/30255625
30255663,NA,Neighborhood highlights,2,NA,NA,NA,4.75,8,https://www.airbnb.com/rooms/30255663
30264393,NA,Neighborhood highlights,2,NA,NA,NA,4.57,152,https://www.airbnb.com/rooms/30264393
30264512,$37.00,Neighborhood highlights,2,1,1,1,4.47,133,https://www.airbnb.com/rooms/30264512
30265098,NA,Neighborhood highlights,2,NA,NA,NA,5,2,https://www.airbnb.com/rooms/30265098
30268825,$150.00,NA,2,1,0,1,4.94,17,https://www.airbnb.com/rooms/30268825
30274568,NA,Neighborhood highlights,2,NA,NA,NA,5,2,https://www.airbnb.com/rooms/30274568
30279712,$123.00,Neighborhood highlights,2,1,1,1,4.89,105,https://www.airbnb.com/rooms/30279712
30283940,NA,NA,2,NA,NA,NA,5,4,https://www.airbnb.com/rooms/30283940
30285772,NA,Neighborhood highlights,2,NA,NA,NA,4.75,12,https://www.airbnb.com/rooms/30285772
30286646,$223.00,Neighborhood highlights,4,1,2,2,5,5,https://www.airbnb.com/rooms/30286646
30291283,$150.00,Neighborhood highlights,2,1,1,1,4.5,8,https://www.airbnb.com/rooms/30291283
30292232,NA,Neighborhood highlights,3,NA,1,NA,4.5,2,https://www.airbnb.com/rooms/30292232
30294304,NA,Neighborhood highlights,2,NA,NA,NA,4.75,4,https://www.airbnb.com/rooms/30294304
30308289,$275.00,Neighborhood highlights,2,1,0,1,4.98,57,https://www.airbnb.com/rooms/30308289
30311099,NA,Neighborhood highlights,2,NA,1,NA,NA,0,https://www.airbnb.com/rooms/30311099
30312525,NA,Neighborhood highlights,1,NA,NA,NA,NA,0,https://www.airbnb.com/rooms/30312525
30314761,$98.00,Neighborhood highlights,2,1,1,1,4.91,44,https://www.airbnb.com/rooms/30314761
30314819,NA,NA,1,NA,NA,NA,NA,0,https://www.airbnb.com/rooms/30314819
30315087,NA,Neighborhood highlights,3,NA,1,NA,5,1,https://www.airbnb.com/rooms/30315087
30318594,NA,Neighborhood highlights,2,NA,NA,NA,4.67,3,https://www.airbnb.com/rooms/30318594
30321542,NA,Neighborhood highlights,8,NA,3,NA,5,1,https://www.airbnb.com/rooms/30321542
30322497,NA,NA,3,NA,NA,NA,5,1,https://www.airbnb.com/rooms/30322497
30324051,NA,NA,5,NA,7,NA,5,1,https://www.airbnb.com/rooms/30324051
30324225,NA,NA,2,NA,NA,NA,5,2,https://www.airbnb.com/rooms/30324225
30324273,NA,Neighborhood highlights,6,NA,2,NA,NA,0,https://www.airbnb.com/rooms/30324273
30325586,NA,NA,2,NA,NA,NA,5,4,https://www.airbnb.com/rooms/30325586
30326749,$140.00,Neighborhood highlights,4,1,1,3,4.78,9,https://www.airbnb.com/rooms/30326749
30330519,NA,Neighborhood highlights,2,NA,NA,NA,4.71,7,https://www.airbnb.com/rooms/30330519
30337531,$120.00,Neighborhood highlights,2,1,1,1,4.42,33,https://www.airbnb.com/rooms/30337531
30338113,NA,Neighborhood highlights,4,NA,2,NA,4,4,https://www.airbnb.com/rooms/30338113
30347034,NA,Neighborhood highlights,2,NA,1,NA,NA,0,https://www.airbnb.com/rooms/30347034
30349066,$150.00,Neighborhood highlights,2,1,1,1,5,8,https://www.airbnb.com/rooms/30349066
30350359,NA,Neighborhood highlights,2,NA,NA,NA,5,2,https://www.airbnb.com/rooms/30350359
30352010,$290.00,NA,4,2,2,2,NA,0,https://www.airbnb.com/rooms/30352010
30352862,NA,NA,1,NA,NA,NA,NA,0,https://www.airbnb.com/rooms/30352862
30354304,NA,NA,2,NA,NA,NA,5,5,https://www.airbnb.com/rooms/30354304
30355532,$104.00,Neighborhood highlights,4,1,1,2,4.7,23,https://www.airbnb.com/rooms/30355532
30361847,$121.00,NA,2,1,1,1,5,20,https://www.airbnb.com/rooms/30361847
30367011,NA,Neighborhood highlights,1,NA,NA,NA,4.5,4,https://www.airbnb.com/rooms/30367011
30367591,NA,NA,1,NA,1,NA,NA,0,https://www.airbnb.com/rooms/30367591
30369751,NA,NA,2,NA,NA,NA,5,1,https://www.airbnb.com/rooms/30369751
30369889,NA,Neighborhood highlights,2,NA,1,NA,NA,0,https://www.airbnb.com/rooms/30369889
30370565,NA,NA,2,NA,NA,NA,5,2,https://www.airbnb.com/rooms/30370565
30373102,NA,Neighborhood highlights,2,NA,NA,NA,4.5,2,https://www.airbnb.com/rooms/30373102
30373480,NA,Neighborhood highlights,4,NA,2,NA,4.81,48,https://www.airbnb.com/rooms/30373480
30374290,NA,Neighborhood highlights,1,NA,NA,NA,4.88,17,https://www.airbnb.com/rooms/30374290
30374563,NA,Neighborhood highlights,2,NA,1,NA,4.75,24,https://www.airbnb.com/rooms/30374563
30376416,NA,Neighborhood highlights,2,NA,NA,NA,4.63,16,https://www.airbnb.com/rooms/30376416
30378211,NA,NA,1,NA,NA,NA,NA,0,https://www.airbnb.com/rooms/30378211
30378982,$335.00,Neighborhood highlights,2,1,1,1,4.99,126,https://www.airbnb.com/rooms/30378982
30387064,$522.00,Neighborhood highlights,2,1,1,1,NA,0,https://www.airbnb.com/rooms/30387064
30387132,$244.00,Neighborhood highlights,2,1,0,1,5,1,https://www.airbnb.com/rooms/30387132
30387196,$339.00,Neighborhood highlights,2,1,1,1,NA,0,https://www.airbnb.com/rooms/30387196
30387218,$362.00,Neighborhood highlights,2,1,1,1,NA,0,https://www.airbnb.com/rooms/30387218
30387263,$320.00,Neighborhood highlights,2,1,1,1,NA,0,https://www.airbnb.com/rooms/30387263
30387351,$241.00,Neighborhood highlights,2,1,1,1,3,1,https://www.airbnb.com/rooms/30387351
30387377,$406.00,Neighborhood highlights,2,1,1,1,4,1,https://www.airbnb.com/rooms/30387377
30387425,$317.00,Neighborhood highlights,2,1,1,1,4,1,https://www.airbnb.com/rooms/30387425
30387445,$338.00,Neighborhood highlights,2,1,1,1,NA,0,https://www.airbnb.com/rooms/30387445
30387495,$367.00,Neighborhood highlights,2,1,1,1,5,1,https://www.airbnb.com/rooms/30387495
30387553,$338.00,Neighborhood highlights,2,1,1,1,NA,0,https://www.airbnb.com/rooms/30387553
30387648,$241.00,Neighborhood highlights,2,1,0,1,NA,0,https://www.airbnb.com/rooms/30387648
30387820,$241.00,Neighborhood highlights,2,1,0,1,4,1,https://www.airbnb.com/rooms/30387820
30387838,$334.00,Neighborhood highlights,2,1,1,1,5,1,https://www.airbnb.com/rooms/30387838
30387856,$465.00,Neighborhood highlights,2,1,1,1,2,1,https://www.airbnb.com/rooms/30387856
30387885,$365.00,Neighborhood highlights,2,1,1,1,NA,0,https://www.airbnb.com/rooms/30387885
30387916,$365.00,Neighborhood highlights,2,1,0,1,5,1,https://www.airbnb.com/rooms/30387916
30387983,$497.00,Neighborhood highlights,4,2,2,2,NA,0,https://www.airbnb.com/rooms/30387983
30388011,$320.00,Neighborhood highlights,2,1,1,1,NA,0,https://www.airbnb.com/rooms/30388011
30388079,$380.00,Neighborhood highlights,2,1,1,1,4.5,2,https://www.airbnb.com/rooms/30388079
30388225,$466.00,Neighborhood highlights,2,1,1,1,NA,0,https://www.airbnb.com/rooms/30388225
30388313,$381.00,Neighborhood highlights,4,1.5,2,2,NA,0,https://www.airbnb.com/rooms/30388313
30388449,$467.00,Neighborhood highlights,2,1,1,1,NA,0,https://www.airbnb.com/rooms/30388449
30388528,$224.00,Neighborhood highlights,2,1,0,1,NA,0,https://www.airbnb.com/rooms/30388528
30388552,$214.00,Neighborhood highlights,2,1,0,1,NA,0,https://www.airbnb.com/rooms/30388552
30388587,$218.00,Neighborhood highlights,2,1,1,1,NA,0,https://www.airbnb.com/rooms/30388587
30388750,$276.00,Neighborhood highlights,2,1,1,1,5,2,https://www.airbnb.com/rooms/30388750
30388944,NA,Neighborhood highlights,2,NA,1,NA,NA,0,https://www.airbnb.com/rooms/30388944
30388999,$377.00,Neighborhood highlights,2,1,0,1,NA,0,https://www.airbnb.com/rooms/30388999
30389066,$462.00,Neighborhood highlights,2,1,1,1,5,1,https://www.airbnb.com/rooms/30389066
30389115,$345.00,Neighborhood highlights,2,1,1,1,NA,0,https://www.airbnb.com/rooms/30389115
30389147,$500.00,Neighborhood highlights,2,1,1,1,5,1,https://www.airbnb.com/rooms/30389147
30389192,$271.00,Neighborhood highlights,2,1,0,1,5,2,https://www.airbnb.com/rooms/30389192
30389263,$285.00,Neighborhood highlights,2,1,1,1,5,2,https://www.airbnb.com/rooms/30389263
30389280,$307.00,Neighborhood highlights,2,1,1,1,NA,0,https://www.airbnb.com/rooms/30389280
30389441,$324.00,Neighborhood highlights,2,1,0,1,NA,0,https://www.airbnb.com/rooms/30389441
30389608,$333.00,Neighborhood highlights,2,1,1,1,NA,0,https://www.airbnb.com/rooms/30389608
30391955,NA,Neighborhood highlights,2,NA,1,NA,NA,0,https://www.airbnb.com/rooms/30391955
30392649,$309.00,Neighborhood highlights,2,1,1,1,4,1,https://www.airbnb.com/rooms/30392649
30392677,$297.00,Neighborhood highlights,2,1,1,1,NA,0,https://www.airbnb.com/rooms/30392677
30392780,$209.00,Neighborhood highlights,2,1,0,1,NA,0,https://www.airbnb.com/rooms/30392780
30392806,$281.00,Neighborhood highlights,2,1,1,1,NA,0,https://www.airbnb.com/rooms/30392806
30392834,$342.00,Neighborhood highlights,2,1,0,1,NA,0,https://www.airbnb.com/rooms/30392834
30392874,$306.00,Neighborhood highlights,2,1,1,1,3,1,https://www.airbnb.com/rooms/30392874
30392909,$268.00,Neighborhood highlights,2,1,0,1,NA,0,https://www.airbnb.com/rooms/30392909
30392930,$363.00,Neighborhood highlights,2,1,1,1,5,1,https://www.airbnb.com/rooms/30392930
30392986,$343.00,Neighborhood highlights,2,1,1,1,NA,0,https://www.airbnb.com/rooms/30392986
30393018,$302.00,Neighborhood highlights,2,1,1,1,NA,0,https://www.airbnb.com/rooms/30393018
30393045,$271.00,Neighborhood highlights,2,1,1,1,NA,0,https://www.airbnb.com/rooms/30393045
30393171,$243.00,Neighborhood highlights,2,1,0,1,4,1,https://www.airbnb.com/rooms/30393171
30393194,$465.00,Neighborhood highlights,2,1,1,1,NA,0,https://www.airbnb.com/rooms/30393194
30393286,$531.00,Neighborhood highlights,4,2,2,2,NA,0,https://www.airbnb.com/rooms/30393286
30393322,$330.00,Neighborhood highlights,2,1,1,1,NA,0,https://www.airbnb.com/rooms/30393322
30393377,$365.00,Neighborhood highlights,2,1,1,1,4.5,4,https://www.airbnb.com/rooms/30393377
30393414,$259.00,Neighborhood highlights,2,1,1,1,NA,0,https://www.airbnb.com/rooms/30393414
30393427,NA,NA,1,NA,1,NA,NA,0,https://www.airbnb.com/rooms/30393427
30393497,$367.00,Neighborhood highlights,2,1,1,1,NA,0,https://www.airbnb.com/rooms/30393497
30393555,$527.00,Neighborhood highlights,4,1.5,2,2,NA,0,https://www.airbnb.com/rooms/30393555
30393583,$335.00,Neighborhood highlights,2,1,1,1,NA,0,https://www.airbnb.com/rooms/30393583
30393609,$215.00,Neighborhood highlights,2,1,0,1,5,1,https://www.airbnb.com/rooms/30393609
30393638,$278.00,Neighborhood highlights,2,1,0,1,NA,0,https://www.airbnb.com/rooms/30393638
30393689,$369.00,Neighborhood highlights,2,1,1,1,NA,0,https://www.airbnb.com/rooms/30393689
30393759,$378.00,Neighborhood highlights,2,1,0,1,NA,0,https://www.airbnb.com/rooms/30393759
30393798,NA,Neighborhood highlights,3,NA,1,NA,NA,0,https://www.airbnb.com/rooms/30393798
30393882,$260.00,Neighborhood highlights,2,1,0,1,NA,0,https://www.airbnb.com/rooms/30393882
30393896,$279.00,Neighborhood highlights,2,1,1,1,NA,0,https://www.airbnb.com/rooms/30393896
30393998,$244.00,Neighborhood highlights,2,1,1,1,2,1,https://www.airbnb.com/rooms/30393998
30394053,$274.00,Neighborhood highlights,2,1,1,1,NA,0,https://www.airbnb.com/rooms/30394053
30394071,$501.00,Neighborhood highlights,4,1,2,2,5,2,https://www.airbnb.com/rooms/30394071
30394133,$198.00,Neighborhood highlights,2,1,0,1,4,2,https://www.airbnb.com/rooms/30394133
30394203,NA,Neighborhood highlights,2,NA,1,NA,NA,0,https://www.airbnb.com/rooms/30394203
30394274,$328.00,Neighborhood highlights,2,1,1,1,NA,0,https://www.airbnb.com/rooms/30394274
30394340,$224.00,Neighborhood highlights,2,1,0,1,5,1,https://www.airbnb.com/rooms/30394340
30394380,$434.00,Neighborhood highlights,2,1,1,1,NA,0,https://www.airbnb.com/rooms/30394380
30394403,$250.00,Neighborhood highlights,2,1,0,1,NA,0,https://www.airbnb.com/rooms/30394403
30394467,$338.00,Neighborhood highlights,2,1,1,1,NA,0,https://www.airbnb.com/rooms/30394467
30394494,$365.00,Neighborhood highlights,2,1,1,1,NA,0,https://www.airbnb.com/rooms/30394494
30394541,$352.00,Neighborhood highlights,2,1,1,1,NA,0,https://www.airbnb.com/rooms/30394541
30394622,$480.00,Neighborhood highlights,2,1,1,1,5,1,https://www.airbnb.com/rooms/30394622
30396953,$140.00,Neighborhood highlights,4,1,0,2,4.96,160,https://www.airbnb.com/rooms/30396953
30398373,$330.00,Neighborhood highlights,2,1,1,2,4.84,19,https://www.airbnb.com/rooms/30398373
30398938,$277.00,NA,4,1,0,3,4.28,140,https://www.airbnb.com/rooms/30398938
30400465,$145.00,Neighborhood highlights,2,1,1,1,4.91,80,https://www.airbnb.com/rooms/30400465
30400945,NA,Neighborhood highlights,2,NA,NA,NA,5,1,https://www.airbnb.com/rooms/30400945
30401429,NA,Neighborhood highlights,2,NA,NA,NA,4.82,79,https://www.airbnb.com/rooms/30401429
30415541,$175.00,Neighborhood highlights,3,2,2,2,4.56,43,https://www.airbnb.com/rooms/30415541
30417877,$50.00,Neighborhood highlights,1,1,1,1,4.88,95,https://www.airbnb.com/rooms/30417877
30421561,$318.00,Neighborhood highlights,2,1,1,1,5,1,https://www.airbnb.com/rooms/30421561
30421730,NA,NA,4,NA,2,NA,NA,0,https://www.airbnb.com/rooms/30421730
30421742,NA,NA,2,NA,NA,NA,4.73,60,https://www.airbnb.com/rooms/30421742
30421981,$350.00,Neighborhood highlights,2,1,1,1,5,3,https://www.airbnb.com/rooms/30421981
30423106,$109.00,NA,2,1,1,1,4.93,487,https://www.airbnb.com/rooms/30423106
30425416,$40.00,NA,1,1,1,1,4.56,9,https://www.airbnb.com/rooms/30425416
30425770,$250.00,Neighborhood highlights,2,1.5,1,1,4.75,146,https://www.airbnb.com/rooms/30425770
30426001,NA,Neighborhood highlights,2,NA,NA,NA,4.57,92,https://www.airbnb.com/rooms/30426001
30430747,$99.00,Neighborhood highlights,2,1,0,3,3.64,14,https://www.airbnb.com/rooms/30430747
30437094,NA,NA,4,NA,2,NA,NA,0,https://www.airbnb.com/rooms/30437094
30437291,NA,NA,1,NA,NA,NA,5,1,https://www.airbnb.com/rooms/30437291
30438251,NA,NA,1,NA,1,NA,5,2,https://www.airbnb.com/rooms/30438251
30439073,$400.00,Neighborhood highlights,3,2,2,2,4,1,https://www.airbnb.com/rooms/30439073
30439246,NA,Neighborhood highlights,2,NA,NA,NA,4.93,151,https://www.airbnb.com/rooms/30439246
30439398,NA,Neighborhood highlights,2,NA,NA,NA,4.5,6,https://www.airbnb.com/rooms/30439398
30441377,NA,Neighborhood highlights,1,NA,NA,NA,5,2,https://www.airbnb.com/rooms/30441377
30441489,$179.00,NA,3,1,1,1,4.5,8,https://www.airbnb.com/rooms/30441489
30442257,NA,Neighborhood highlights,3,NA,1,NA,4,2,https://www.airbnb.com/rooms/30442257
30442333,$159.00,Neighborhood highlights,4,1,2,4,4.97,86,https://www.airbnb.com/rooms/30442333
30443030,NA,Neighborhood highlights,4,NA,2,NA,5,15,https://www.airbnb.com/rooms/30443030
30444003,NA,Neighborhood highlights,4,NA,1,NA,NA,0,https://www.airbnb.com/rooms/30444003
30444773,NA,NA,2,NA,1,NA,4.9,20,https://www.airbnb.com/rooms/30444773
30445410,NA,NA,2,NA,NA,NA,5,8,https://www.airbnb.com/rooms/30445410
30447204,$469.00,Neighborhood highlights,7,2.5,3,4,4.97,79,https://www.airbnb.com/rooms/30447204
30449111,$99.00,NA,2,1,0,0,4.75,8,https://www.airbnb.com/rooms/30449111
30451593,NA,Neighborhood highlights,1,NA,NA,NA,5,6,https://www.airbnb.com/rooms/30451593
30459160,NA,NA,4,NA,2,NA,5,1,https://www.airbnb.com/rooms/30459160
30465706,$69.00,Neighborhood highlights,1,3,1,1,5,26,https://www.airbnb.com/rooms/30465706
30465758,$90.00,Neighborhood highlights,2,1,1,1,4.82,197,https://www.airbnb.com/rooms/30465758
30466053,NA,NA,3,NA,2,NA,5,1,https://www.airbnb.com/rooms/30466053
30468550,NA,NA,4,NA,1,NA,4.92,24,https://www.airbnb.com/rooms/30468550
30469069,$212.00,Neighborhood highlights,2,1,1,1,4.97,33,https://www.airbnb.com/rooms/30469069
30470947,$68.00,Neighborhood highlights,2,1,1,1,4.75,16,https://www.airbnb.com/rooms/30470947
30472685,$110.00,Neighborhood highlights,4,1,2,2,4.73,22,https://www.airbnb.com/rooms/30472685
30474972,$75.00,Neighborhood highlights,1,2,1,1,4.87,38,https://www.airbnb.com/rooms/30474972
30476455,$229.00,Neighborhood highlights,1,1,1,2,5,8,https://www.airbnb.com/rooms/30476455
30476876,NA,Neighborhood highlights,3,NA,1,NA,4.93,121,https://www.airbnb.com/rooms/30476876
30477526,$150.00,NA,2,1,0,1,4.67,24,https://www.airbnb.com/rooms/30477526
30483899,NA,NA,4,NA,2,NA,NA,0,https://www.airbnb.com/rooms/30483899
30489218,NA,NA,2,NA,1,NA,4.43,7,https://www.airbnb.com/rooms/30489218
30494093,$149.00,Neighborhood highlights,4,1,1,2,4.95,125,https://www.airbnb.com/rooms/30494093
30497529,NA,NA,2,NA,1,NA,4.74,19,https://www.airbnb.com/rooms/30497529
30499109,$195.00,Neighborhood highlights,3,1,2,3,5,1,https://www.airbnb.com/rooms/30499109
30501956,$115.00,Neighborhood highlights,3,1,1,3,4.87,76,https://www.airbnb.com/rooms/30501956
30504780,NA,Neighborhood highlights,3,NA,NA,NA,4.8,5,https://www.airbnb.com/rooms/30504780
30504880,$350.00,NA,16,0.5,2,1,4.33,3,https://www.airbnb.com/rooms/30504880
30506672,NA,Neighborhood highlights,4,NA,1,NA,5,1,https://www.airbnb.com/rooms/30506672
30506799,NA,Neighborhood highlights,3,NA,1,NA,5,2,https://www.airbnb.com/rooms/30506799
30507545,NA,Neighborhood highlights,4,NA,2,NA,4.87,15,https://www.airbnb.com/rooms/30507545
30507928,NA,Neighborhood highlights,2,NA,NA,NA,NA,0,https://www.airbnb.com/rooms/30507928
30509757,NA,Neighborhood highlights,2,NA,NA,NA,5,2,https://www.airbnb.com/rooms/30509757
30510228,$335.00,Neighborhood highlights,4,1,1,1,4.95,19,https://www.airbnb.com/rooms/30510228
30511096,$46.00,Neighborhood highlights,2,1,1,1,4.67,30,https://www.airbnb.com/rooms/30511096
30511301,$189.00,NA,4,1,2,1,4.82,34,https://www.airbnb.com/rooms/30511301
30514043,$66.00,Neighborhood highlights,1,1,1,1,4.67,9,https://www.airbnb.com/rooms/30514043
30514166,NA,Neighborhood highlights,1,NA,NA,NA,4.5,4,https://www.airbnb.com/rooms/30514166
30514401,NA,NA,2,NA,NA,NA,4.35,54,https://www.airbnb.com/rooms/30514401
30521015,NA,Neighborhood highlights,3,NA,1,NA,4.74,68,https://www.airbnb.com/rooms/30521015
30522970,NA,NA,2,NA,1,NA,NA,0,https://www.airbnb.com/rooms/30522970
30525544,NA,Neighborhood highlights,2,NA,1,NA,4.18,11,https://www.airbnb.com/rooms/30525544
30526468,NA,NA,3,NA,1,NA,5,8,https://www.airbnb.com/rooms/30526468
30527403,NA,Neighborhood highlights,4,NA,2,NA,4,4,https://www.airbnb.com/rooms/30527403
30527994,$96.00,Neighborhood highlights,2,1,1,1,4.85,52,https://www.airbnb.com/rooms/30527994
30528541,NA,NA,1,NA,1,NA,NA,0,https://www.airbnb.com/rooms/30528541
30530044,$85.00,NA,1,1,0,1,1.5,2,https://www.airbnb.com/rooms/30530044
30531163,NA,NA,2,NA,NA,NA,NA,0,https://www.airbnb.com/rooms/30531163
30531246,$213.00,Neighborhood highlights,2,1,1,1,4.8,35,https://www.airbnb.com/rooms/30531246
30531695,NA,NA,2,NA,NA,NA,5,2,https://www.airbnb.com/rooms/30531695
30533385,NA,Neighborhood highlights,1,NA,1,NA,4.36,11,https://www.airbnb.com/rooms/30533385
30535905,NA,Neighborhood highlights,2,NA,1,NA,4,1,https://www.airbnb.com/rooms/30535905
30537134,$98.00,NA,2,1,1,1,4.77,150,https://www.airbnb.com/rooms/30537134
30537221,NA,Neighborhood highlights,6,NA,2,NA,5,1,https://www.airbnb.com/rooms/30537221
30537849,$250.00,Neighborhood highlights,4,1,1,2,5,30,https://www.airbnb.com/rooms/30537849
30539229,NA,Neighborhood highlights,2,NA,1,NA,NA,0,https://www.airbnb.com/rooms/30539229
30539307,$150.00,Neighborhood highlights,2,1,1,1,4.75,84,https://www.airbnb.com/rooms/30539307
30541504,NA,NA,2,NA,NA,NA,5,1,https://www.airbnb.com/rooms/30541504
30551807,NA,NA,3,NA,NA,NA,4.83,6,https://www.airbnb.com/rooms/30551807
30554810,NA,NA,3,NA,2,NA,5,1,https://www.airbnb.com/rooms/30554810
30557569,NA,NA,2,NA,1,NA,NA,0,https://www.airbnb.com/rooms/30557569
30557920,$72.00,NA,2,1,0,2,4.39,296,https://www.airbnb.com/rooms/30557920
30558081,$200.00,Neighborhood highlights,5,1,2,2,4.82,11,https://www.airbnb.com/rooms/30558081
30558219,NA,Neighborhood highlights,2,NA,1,NA,4.75,4,https://www.airbnb.com/rooms/30558219
30559544,NA,Neighborhood highlights,2,NA,NA,NA,5,3,https://www.airbnb.com/rooms/30559544
30559819,$200.00,Neighborhood highlights,4,1.5,2,2,5,3,https://www.airbnb.com/rooms/30559819
30561958,NA,NA,2,NA,NA,NA,5,3,https://www.airbnb.com/rooms/30561958
30565063,NA,Neighborhood highlights,2,NA,NA,NA,4.83,6,https://www.airbnb.com/rooms/30565063
30565107,$99.00,Neighborhood highlights,15,1,4,9,4.43,89,https://www.airbnb.com/rooms/30565107
30567064,NA,NA,7,NA,3,NA,5,5,https://www.airbnb.com/rooms/30567064
30570342,$75.00,Neighborhood highlights,2,1,1,1,4.77,124,https://www.airbnb.com/rooms/30570342
30582797,NA,NA,2,NA,NA,NA,5,1,https://www.airbnb.com/rooms/30582797
30584470,NA,Neighborhood highlights,1,NA,1,NA,5,4,https://www.airbnb.com/rooms/30584470
30584948,NA,NA,2,NA,NA,NA,NA,0,https://www.airbnb.com/rooms/30584948
30584992,$250.00,Neighborhood highlights,2,1,1,1,4.73,51,https://www.airbnb.com/rooms/30584992
30585315,$135.00,NA,4,1,1,2,4.82,28,https://www.airbnb.com/rooms/30585315
30586563,NA,Neighborhood highlights,1,NA,1,NA,5,10,https://www.airbnb.com/rooms/30586563
30587740,$101.00,Neighborhood highlights,2,1,1,1,4.84,88,https://www.airbnb.com/rooms/30587740
30588468,$89.00,Neighborhood highlights,1,1,1,1,4.58,19,https://www.airbnb.com/rooms/30588468
30588700,NA,NA,4,NA,1,NA,5,14,https://www.airbnb.com/rooms/30588700
30589636,NA,NA,4,NA,2,NA,NA,0,https://www.airbnb.com/rooms/30589636
30591478,$135.00,NA,2,1,1,1,4.69,16,https://www.airbnb.com/rooms/30591478
30593915,$99.00,NA,2,1,1,1,4.59,143,https://www.airbnb.com/rooms/30593915
30594172,$89.00,NA,2,1,1,1,4.74,159,https://www.airbnb.com/rooms/30594172
30597460,NA,Neighborhood highlights,1,NA,1,NA,NA,0,https://www.airbnb.com/rooms/30597460
30627356,$280.00,Neighborhood highlights,4,2,2,2,5,23,https://www.airbnb.com/rooms/30627356
30661174,NA,NA,2,NA,1,NA,5,2,https://www.airbnb.com/rooms/30661174
30662063,$211.00,Neighborhood highlights,2,1,0,1,4.97,204,https://www.airbnb.com/rooms/30662063
30670056,NA,Neighborhood highlights,5,NA,1,NA,4.93,14,https://www.airbnb.com/rooms/30670056
30672441,NA,NA,1,NA,1,NA,NA,0,https://www.airbnb.com/rooms/30672441
30674463,NA,NA,5,NA,2,NA,4,2,https://www.airbnb.com/rooms/30674463
30675435,$199.00,Neighborhood highlights,2,1,1,1,4.33,55,https://www.airbnb.com/rooms/30675435
30675713,NA,Neighborhood highlights,2,NA,NA,NA,5,15,https://www.airbnb.com/rooms/30675713
30677434,$80.00,Neighborhood highlights,2,1,1,1,4.93,59,https://www.airbnb.com/rooms/30677434
30681498,$68.00,NA,2,1,0,2,4.72,164,https://www.airbnb.com/rooms/30681498
30685870,$69.00,Neighborhood highlights,2,2,1,1,4.85,96,https://www.airbnb.com/rooms/30685870
30686973,$200.00,Neighborhood highlights,5,1,1,3,4.97,64,https://www.airbnb.com/rooms/30686973
30687132,NA,Neighborhood highlights,4,NA,1,NA,NA,0,https://www.airbnb.com/rooms/30687132
30690149,NA,NA,3,NA,1,NA,4.71,7,https://www.airbnb.com/rooms/30690149
30691909,NA,NA,4,NA,1,NA,5,2,https://www.airbnb.com/rooms/30691909
30694626,NA,Neighborhood highlights,3,NA,2,NA,4.69,13,https://www.airbnb.com/rooms/30694626
30694693,NA,NA,2,NA,NA,NA,4.9,10,https://www.airbnb.com/rooms/30694693
30694973,$58.00,Neighborhood highlights,2,1,1,1,5,4,https://www.airbnb.com/rooms/30694973
30695144,$450.00,Neighborhood highlights,2,1,2,1,4.76,17,https://www.airbnb.com/rooms/30695144
30695780,NA,Neighborhood highlights,2,NA,NA,NA,5,18,https://www.airbnb.com/rooms/30695780
30699302,$79.00,NA,1,1,1,1,5,3,https://www.airbnb.com/rooms/30699302
30700892,$80.00,Neighborhood highlights,2,1,1,1,4.76,41,https://www.airbnb.com/rooms/30700892
30701853,NA,Neighborhood highlights,2,NA,NA,NA,4.84,37,https://www.airbnb.com/rooms/30701853
30702161,$80.00,Neighborhood highlights,2,1,1,1,4.81,48,https://www.airbnb.com/rooms/30702161
30702384,$140.00,Neighborhood highlights,6,1,2,2,5,2,https://www.airbnb.com/rooms/30702384
30705353,NA,Neighborhood highlights,2,NA,1,NA,4.93,108,https://www.airbnb.com/rooms/30705353
30706240,NA,NA,4,NA,2,NA,5,2,https://www.airbnb.com/rooms/30706240
30708846,NA,NA,2,NA,NA,NA,5,8,https://www.airbnb.com/rooms/30708846
30712222,NA,Neighborhood highlights,4,NA,1,NA,4.67,3,https://www.airbnb.com/rooms/30712222
30712682,NA,NA,2,NA,1,NA,5,12,https://www.airbnb.com/rooms/30712682
30713613,NA,Neighborhood highlights,6,NA,2,NA,4.92,93,https://www.airbnb.com/rooms/30713613
30715104,NA,NA,2,NA,1,NA,4.5,2,https://www.airbnb.com/rooms/30715104
30715819,NA,NA,2,NA,2,NA,NA,0,https://www.airbnb.com/rooms/30715819
30716128,$58.00,Neighborhood highlights,1,1,1,1,4.7,10,https://www.airbnb.com/rooms/30716128
30716621,NA,Neighborhood highlights,2,NA,NA,NA,4.83,6,https://www.airbnb.com/rooms/30716621
30717086,$35.00,Neighborhood highlights,2,1,1,1,4.53,34,https://www.airbnb.com/rooms/30717086
30717527,$170.00,NA,6,1,2,3,4.81,36,https://www.airbnb.com/rooms/30717527
30718403,$53.00,Neighborhood highlights,4,1,1,2,4.48,83,https://www.airbnb.com/rooms/30718403
30718736,NA,Neighborhood highlights,2,NA,NA,NA,5,2,https://www.airbnb.com/rooms/30718736
30731674,NA,NA,2,NA,NA,NA,5,1,https://www.airbnb.com/rooms/30731674
30735480,NA,Neighborhood highlights,6,NA,NA,NA,NA,0,https://www.airbnb.com/rooms/30735480
30736279,$303.00,Neighborhood highlights,2,1,0,1,NA,0,https://www.airbnb.com/rooms/30736279
30737182,NA,Neighborhood highlights,6,NA,1,NA,4.18,22,https://www.airbnb.com/rooms/30737182
30737643,NA,NA,2,NA,1,NA,NA,0,https://www.airbnb.com/rooms/30737643
30739988,NA,Neighborhood highlights,2,NA,NA,NA,4.33,3,https://www.airbnb.com/rooms/30739988
30741070,NA,NA,1,NA,NA,NA,NA,0,https://www.airbnb.com/rooms/30741070
30745402,NA,NA,2,NA,NA,NA,5,1,https://www.airbnb.com/rooms/30745402
30745429,NA,NA,1,NA,NA,NA,NA,0,https://www.airbnb.com/rooms/30745429
30746536,NA,NA,1,NA,NA,NA,5,1,https://www.airbnb.com/rooms/30746536
30747260,NA,Neighborhood highlights,1,NA,1,NA,5,1,https://www.airbnb.com/rooms/30747260
30748041,NA,Neighborhood highlights,2,NA,NA,NA,4.97,173,https://www.airbnb.com/rooms/30748041
30748302,NA,Neighborhood highlights,6,NA,2,NA,5,4,https://www.airbnb.com/rooms/30748302
30749685,NA,Neighborhood highlights,1,NA,NA,NA,NA,0,https://www.airbnb.com/rooms/30749685
30756898,$61.00,Neighborhood highlights,1,1,1,1,4.94,17,https://www.airbnb.com/rooms/30756898
30759388,NA,Neighborhood highlights,4,NA,1,NA,NA,0,https://www.airbnb.com/rooms/30759388
30761885,NA,Neighborhood highlights,2,NA,NA,NA,4.9,10,https://www.airbnb.com/rooms/30761885
30762826,NA,Neighborhood highlights,4,NA,1,NA,4.84,31,https://www.airbnb.com/rooms/30762826
30762861,$37.00,Neighborhood highlights,1,1,1,1,5,3,https://www.airbnb.com/rooms/30762861
30764476,$172.00,Neighborhood highlights,4,1,2,3,4.58,12,https://www.airbnb.com/rooms/30764476
30764990,$173.00,Neighborhood highlights,2,1,1,1,4.48,33,https://www.airbnb.com/rooms/30764990
30766643,$139.00,Neighborhood highlights,3,1,1,1,4.47,15,https://www.airbnb.com/rooms/30766643
30767659,$324.00,NA,6,1,0,3,4.39,152,https://www.airbnb.com/rooms/30767659
30768008,NA,Neighborhood highlights,10,NA,4,NA,4.5,4,https://www.airbnb.com/rooms/30768008
30768969,NA,Neighborhood highlights,2,NA,1,NA,NA,0,https://www.airbnb.com/rooms/30768969
30769129,$255.00,Neighborhood highlights,2,1,2,3,4.87,87,https://www.airbnb.com/rooms/30769129
30770830,NA,Neighborhood highlights,2,NA,1,NA,4.95,21,https://www.airbnb.com/rooms/30770830
30786156,$200.00,Neighborhood highlights,4,1,2,3,4.9,177,https://www.airbnb.com/rooms/30786156
30788330,$290.00,NA,4,1,1,2,4.56,32,https://www.airbnb.com/rooms/30788330
30792215,NA,NA,2,NA,1,NA,5,1,https://www.airbnb.com/rooms/30792215
30793033,$70.00,Neighborhood highlights,3,1,1,1,4.65,75,https://www.airbnb.com/rooms/30793033
30795672,$36.00,Neighborhood highlights,1,0,1,2,4.66,41,https://www.airbnb.com/rooms/30795672
30797115,NA,Neighborhood highlights,2,NA,NA,NA,4.33,3,https://www.airbnb.com/rooms/30797115
30799325,NA,Neighborhood highlights,1,NA,NA,NA,4,1,https://www.airbnb.com/rooms/30799325
30799727,NA,NA,1,NA,NA,NA,NA,0,https://www.airbnb.com/rooms/30799727
30801197,NA,Neighborhood highlights,6,NA,NA,NA,4.98,41,https://www.airbnb.com/rooms/30801197
30801449,$52.00,Neighborhood highlights,1,1,1,1,5,10,https://www.airbnb.com/rooms/30801449
30811789,$116.00,Neighborhood highlights,4,1,1,4,4.83,12,https://www.airbnb.com/rooms/30811789
30816092,NA,NA,2,NA,1,NA,5,4,https://www.airbnb.com/rooms/30816092
30817133,$349.00,NA,2,1,1,1,5,2,https://www.airbnb.com/rooms/30817133
30818914,NA,Neighborhood highlights,4,NA,2,NA,5,1,https://www.airbnb.com/rooms/30818914
30819919,NA,NA,1,NA,NA,NA,5,2,https://www.airbnb.com/rooms/30819919
30822664,NA,Neighborhood highlights,2,NA,1,NA,5,21,https://www.airbnb.com/rooms/30822664
30822815,$160.00,Neighborhood highlights,2,1,1,1,4.79,47,https://www.airbnb.com/rooms/30822815
30823647,NA,NA,1,NA,NA,NA,NA,0,https://www.airbnb.com/rooms/30823647
30824853,$400.00,Neighborhood highlights,6,2,2,3,4.87,172,https://www.airbnb.com/rooms/30824853
30842198,$110.00,NA,4,1,1,2,4.95,20,https://www.airbnb.com/rooms/30842198
30852793,NA,Neighborhood highlights,2,NA,NA,NA,5,1,https://www.airbnb.com/rooms/30852793
30853694,NA,Neighborhood highlights,3,NA,1,NA,4,2,https://www.airbnb.com/rooms/30853694
30855904,NA,Neighborhood highlights,3,NA,1,NA,5,2,https://www.airbnb.com/rooms/30855904
30856384,NA,Neighborhood highlights,2,NA,NA,NA,NA,0,https://www.airbnb.com/rooms/30856384
30856398,$70.00,Neighborhood highlights,1,1,1,1,4.91,23,https://www.airbnb.com/rooms/30856398
30857971,NA,Neighborhood highlights,3,NA,1,NA,5,4,https://www.airbnb.com/rooms/30857971
30875053,$350.00,Neighborhood highlights,6,1,1,4,4.5,4,https://www.airbnb.com/rooms/30875053
30882631,NA,NA,2,NA,NA,NA,5,3,https://www.airbnb.com/rooms/30882631
30882745,NA,Neighborhood highlights,2,NA,NA,NA,NA,0,https://www.airbnb.com/rooms/30882745
30884570,$100.00,Neighborhood highlights,1,1,0,1,4.67,3,https://www.airbnb.com/rooms/30884570
30885792,NA,NA,1,NA,1,NA,5,1,https://www.airbnb.com/rooms/30885792
30898965,NA,Neighborhood highlights,2,NA,NA,NA,5,2,https://www.airbnb.com/rooms/30898965
30904692,NA,NA,1,NA,1,NA,5,1,https://www.airbnb.com/rooms/30904692
30906210,NA,NA,4,NA,1,NA,5,1,https://www.airbnb.com/rooms/30906210
30908416,NA,Neighborhood highlights,1,NA,NA,NA,4.67,3,https://www.airbnb.com/rooms/30908416
30909031,$84.00,Neighborhood highlights,3,1,2,2,5,3,https://www.airbnb.com/rooms/30909031
30909287,NA,NA,2,NA,NA,NA,5,8,https://www.airbnb.com/rooms/30909287
30911300,NA,NA,2,NA,NA,NA,5,18,https://www.airbnb.com/rooms/30911300
30912539,NA,NA,10,NA,4,NA,4.75,4,https://www.airbnb.com/rooms/30912539
30912652,NA,Neighborhood highlights,3,NA,1,NA,5,1,https://www.airbnb.com/rooms/30912652
30913799,NA,Neighborhood highlights,2,NA,NA,NA,4.78,9,https://www.airbnb.com/rooms/30913799
30915351,$160.00,Neighborhood highlights,6,1,2,3,4.4,5,https://www.airbnb.com/rooms/30915351
30927844,NA,NA,1,NA,4,NA,NA,0,https://www.airbnb.com/rooms/30927844
30929724,NA,Neighborhood highlights,3,NA,1,NA,4.67,12,https://www.airbnb.com/rooms/30929724
30932198,NA,Neighborhood highlights,2,NA,NA,NA,4.38,13,https://www.airbnb.com/rooms/30932198
30932236,$269.00,Neighborhood highlights,8,1,2,3,4.8,101,https://www.airbnb.com/rooms/30932236
30935679,NA,NA,1,NA,1,NA,NA,0,https://www.airbnb.com/rooms/30935679
30937756,$392.00,Neighborhood highlights,2,1,1,1,4.28,25,https://www.airbnb.com/rooms/30937756
30938219,NA,Neighborhood highlights,5,NA,3,NA,NA,0,https://www.airbnb.com/rooms/30938219
30938582,NA,Neighborhood highlights,1,NA,1,NA,NA,0,https://www.airbnb.com/rooms/30938582
30938864,$75.00,Neighborhood highlights,1,1,1,1,5,4,https://www.airbnb.com/rooms/30938864
30940484,NA,Neighborhood highlights,2,NA,NA,NA,5,1,https://www.airbnb.com/rooms/30940484
30940831,NA,Neighborhood highlights,2,NA,NA,NA,5,1,https://www.airbnb.com/rooms/30940831
30950513,"$1,199.00",Neighborhood highlights,4,1,1,2,5,10,https://www.airbnb.com/rooms/30950513
30952275,NA,Neighborhood highlights,1,NA,NA,NA,5,2,https://www.airbnb.com/rooms/30952275
30953535,NA,Neighborhood highlights,2,NA,1,NA,5,1,https://www.airbnb.com/rooms/30953535
30954420,NA,NA,4,NA,2,NA,NA,0,https://www.airbnb.com/rooms/30954420
30954828,NA,NA,3,NA,1,NA,5,1,https://www.airbnb.com/rooms/30954828
30955422,NA,Neighborhood highlights,2,NA,1,NA,NA,0,https://www.airbnb.com/rooms/30955422
30956743,NA,Neighborhood highlights,2,NA,1,NA,5,2,https://www.airbnb.com/rooms/30956743
30958980,NA,Neighborhood highlights,1,NA,1,NA,5,1,https://www.airbnb.com/rooms/30958980
30979146,NA,Neighborhood highlights,2,NA,7,NA,4.57,7,https://www.airbnb.com/rooms/30979146
30980172,NA,Neighborhood highlights,2,NA,1,NA,NA,0,https://www.airbnb.com/rooms/30980172
30980752,NA,Neighborhood highlights,4,NA,2,NA,5,1,https://www.airbnb.com/rooms/30980752
30981245,NA,Neighborhood highlights,3,NA,1,NA,5,2,https://www.airbnb.com/rooms/30981245
30981877,$70.00,Neighborhood highlights,1,1,1,1,4.73,15,https://www.airbnb.com/rooms/30981877
30999134,$50.00,Neighborhood highlights,2,1,2,0,4.66,110,https://www.airbnb.com/rooms/30999134
31000783,$40.00,Neighborhood highlights,2,1,1,1,NA,0,https://www.airbnb.com/rooms/31000783
31000800,$49.00,Neighborhood highlights,2,1,1,1,4,1,https://www.airbnb.com/rooms/31000800
31001555,$899.00,NA,2,1,1,1,5,5,https://www.airbnb.com/rooms/31001555
31001961,$76.00,Neighborhood highlights,2,1,1,1,4.96,254,https://www.airbnb.com/rooms/31001961
31002413,NA,NA,3,NA,NA,NA,4.5,2,https://www.airbnb.com/rooms/31002413
31019621,"$1,999.00",Neighborhood highlights,6,2,2,3,5,15,https://www.airbnb.com/rooms/31019621
31036861,NA,Neighborhood highlights,6,NA,3,NA,5,4,https://www.airbnb.com/rooms/31036861
31036903,NA,Neighborhood highlights,1,NA,NA,NA,NA,0,https://www.airbnb.com/rooms/31036903
31038331,$290.00,Neighborhood highlights,2,1,0,1,NA,0,https://www.airbnb.com/rooms/31038331
31038347,$353.00,Neighborhood highlights,2,1,1,1,NA,0,https://www.airbnb.com/rooms/31038347
31038390,NA,Neighborhood highlights,2,NA,1,NA,NA,0,https://www.airbnb.com/rooms/31038390
31039770,NA,Neighborhood highlights,1,NA,NA,NA,5,1,https://www.airbnb.com/rooms/31039770
31040919,NA,Neighborhood highlights,2,NA,1,NA,4.73,15,https://www.airbnb.com/rooms/31040919
31042032,NA,Neighborhood highlights,2,NA,NA,NA,4.78,9,https://www.airbnb.com/rooms/31042032
31042303,NA,Neighborhood highlights,2,NA,NA,NA,4.55,11,https://www.airbnb.com/rooms/31042303
31042613,NA,Neighborhood highlights,1,NA,NA,NA,5,1,https://www.airbnb.com/rooms/31042613
31042971,NA,NA,1,NA,NA,NA,NA,0,https://www.airbnb.com/rooms/31042971
31043221,NA,Neighborhood highlights,1,NA,NA,NA,5,2,https://www.airbnb.com/rooms/31043221
31043762,NA,Neighborhood highlights,3,NA,NA,NA,4,18,https://www.airbnb.com/rooms/31043762
31044749,NA,Neighborhood highlights,2,NA,NA,NA,4.92,12,https://www.airbnb.com/rooms/31044749
31052694,$384.00,Neighborhood highlights,2,1,1,1,5,27,https://www.airbnb.com/rooms/31052694
31053180,$549.00,Neighborhood highlights,5,1,2,2,5,8,https://www.airbnb.com/rooms/31053180
31053208,NA,Neighborhood highlights,2,NA,NA,NA,4.58,57,https://www.airbnb.com/rooms/31053208
31053535,NA,Neighborhood highlights,1,NA,NA,NA,5,2,https://www.airbnb.com/rooms/31053535
31054566,NA,Neighborhood highlights,2,NA,1,NA,NA,0,https://www.airbnb.com/rooms/31054566
31057348,$249.00,Neighborhood highlights,3,1,1,2,4.45,29,https://www.airbnb.com/rooms/31057348
31057368,NA,NA,4,NA,2,NA,5,1,https://www.airbnb.com/rooms/31057368
31057603,NA,NA,4,NA,2,NA,NA,0,https://www.airbnb.com/rooms/31057603
31058888,NA,Neighborhood highlights,4,NA,1,NA,4.57,14,https://www.airbnb.com/rooms/31058888
31058909,$364.00,Neighborhood highlights,6,2,3,3,3.57,7,https://www.airbnb.com/rooms/31058909
31060046,NA,Neighborhood highlights,2,NA,1,NA,5,3,https://www.airbnb.com/rooms/31060046
31070935,NA,NA,1,NA,NA,NA,NA,0,https://www.airbnb.com/rooms/31070935
31074354,$55.00,NA,2,1,1,1,4.91,168,https://www.airbnb.com/rooms/31074354
31074425,$73.00,Neighborhood highlights,2,1,1,1,4.73,55,https://www.airbnb.com/rooms/31074425
31075308,$125.00,Neighborhood highlights,2,1,1,1,4.5,38,https://www.airbnb.com/rooms/31075308
31076667,NA,Neighborhood highlights,4,NA,1,NA,5,7,https://www.airbnb.com/rooms/31076667
31082686,$83.00,Neighborhood highlights,2,1,2,2,4.38,16,https://www.airbnb.com/rooms/31082686
31084737,$582.00,Neighborhood highlights,4,1,2,2,NA,0,https://www.airbnb.com/rooms/31084737
31085028,$218.00,Neighborhood highlights,5,1,2,3,4.76,54,https://www.airbnb.com/rooms/31085028
31085213,NA,Neighborhood highlights,2,NA,1,NA,4.06,51,https://www.airbnb.com/rooms/31085213
31085554,$150.00,Neighborhood highlights,3,2,2,3,4.83,65,https://www.airbnb.com/rooms/31085554
31085679,$65.00,Neighborhood highlights,2,1,1,1,4.57,28,https://www.airbnb.com/rooms/31085679
31087285,NA,Neighborhood highlights,5,NA,1,NA,4.8,10,https://www.airbnb.com/rooms/31087285
31094549,NA,Neighborhood highlights,2,NA,1,NA,4.75,4,https://www.airbnb.com/rooms/31094549
31095373,$65.00,Neighborhood highlights,1,1,1,1,5,6,https://www.airbnb.com/rooms/31095373
31097104,NA,Neighborhood highlights,4,NA,1,NA,5,2,https://www.airbnb.com/rooms/31097104
31099129,NA,NA,2,NA,NA,NA,4.8,5,https://www.airbnb.com/rooms/31099129
31101814,$114.00,Neighborhood highlights,2,1,1,2,5,6,https://www.airbnb.com/rooms/31101814
31103559,NA,Neighborhood highlights,1,NA,NA,NA,4.67,18,https://www.airbnb.com/rooms/31103559
31106666,$51.00,Neighborhood highlights,2,1,1,1,4.21,34,https://www.airbnb.com/rooms/31106666
31106961,NA,NA,1,NA,NA,NA,NA,0,https://www.airbnb.com/rooms/31106961
31119799,$55.00,Neighborhood highlights,2,1,1,1,4,7,https://www.airbnb.com/rooms/31119799
31120812,NA,NA,1,NA,1,NA,NA,0,https://www.airbnb.com/rooms/31120812
31120894,NA,Neighborhood highlights,2,NA,NA,NA,5,2,https://www.airbnb.com/rooms/31120894
31121209,$62.00,Neighborhood highlights,1,1,1,1,4.79,173,https://www.airbnb.com/rooms/31121209
31121555,NA,NA,2,NA,NA,NA,4.97,38,https://www.airbnb.com/rooms/31121555
31122836,NA,NA,2,NA,3,NA,5,2,https://www.airbnb.com/rooms/31122836
31123021,NA,NA,3,NA,1,NA,5,4,https://www.airbnb.com/rooms/31123021
31124462,NA,NA,2,NA,NA,NA,5,1,https://www.airbnb.com/rooms/31124462
31127267,NA,Neighborhood highlights,2,NA,NA,NA,4.89,9,https://www.airbnb.com/rooms/31127267
31127402,NA,Neighborhood highlights,3,NA,NA,NA,NA,0,https://www.airbnb.com/rooms/31127402
31127529,$52.00,Neighborhood highlights,2,1,1,1,4.56,39,https://www.airbnb.com/rooms/31127529
31127742,$779.00,Neighborhood highlights,6,1.5,1,2,5,1,https://www.airbnb.com/rooms/31127742
31128175,NA,NA,1,NA,1,NA,NA,0,https://www.airbnb.com/rooms/31128175
31129115,$150.00,Neighborhood highlights,2,1,0,0,4.67,316,https://www.airbnb.com/rooms/31129115
31135051,NA,Neighborhood highlights,1,NA,NA,NA,4.29,7,https://www.airbnb.com/rooms/31135051
31136603,$150.00,Neighborhood highlights,2,1,0,1,5,11,https://www.airbnb.com/rooms/31136603
31143377,NA,Neighborhood highlights,2,NA,NA,NA,5,5,https://www.airbnb.com/rooms/31143377
31144445,$55.00,Neighborhood highlights,1,1,1,1,4.21,29,https://www.airbnb.com/rooms/31144445
31146186,$90.00,Neighborhood highlights,1,1,1,1,5,4,https://www.airbnb.com/rooms/31146186
31148287,NA,NA,2,NA,1,NA,NA,0,https://www.airbnb.com/rooms/31148287
31150305,$265.00,Neighborhood highlights,2,1,1,2,4.38,13,https://www.airbnb.com/rooms/31150305
31153044,NA,NA,2,NA,NA,NA,NA,0,https://www.airbnb.com/rooms/31153044
31163666,$118.00,Neighborhood highlights,4,1,1,1,4.82,105,https://www.airbnb.com/rooms/31163666
31165085,$200.00,Neighborhood highlights,6,1,3,3,4.88,17,https://www.airbnb.com/rooms/31165085
31166982,NA,Neighborhood highlights,2,NA,NA,NA,4.78,9,https://www.airbnb.com/rooms/31166982
31172569,NA,NA,2,NA,1,NA,NA,0,https://www.airbnb.com/rooms/31172569
31172584,NA,Neighborhood highlights,2,NA,2,NA,5,5,https://www.airbnb.com/rooms/31172584
31176662,NA,Neighborhood highlights,4,NA,1,NA,4.75,4,https://www.airbnb.com/rooms/31176662
31176669,NA,Neighborhood highlights,2,NA,NA,NA,NA,0,https://www.airbnb.com/rooms/31176669
31177983,NA,NA,1,NA,NA,NA,NA,0,https://www.airbnb.com/rooms/31177983
31178588,$125.00,NA,2,1,1,1,4,12,https://www.airbnb.com/rooms/31178588
31183826,$114.00,Neighborhood highlights,2,1,1,1,4.74,35,https://www.airbnb.com/rooms/31183826
31188063,NA,Neighborhood highlights,4,NA,1,NA,4.55,11,https://www.airbnb.com/rooms/31188063
31188378,$199.00,Neighborhood highlights,2,1,4,1,4.14,14,https://www.airbnb.com/rooms/31188378
31193461,$80.00,Neighborhood highlights,2,1,1,1,4.75,12,https://www.airbnb.com/rooms/31193461
31194309,NA,NA,3,NA,1,NA,NA,0,https://www.airbnb.com/rooms/31194309
31201815,$222.00,Neighborhood highlights,2,1,1,3,4.95,57,https://www.airbnb.com/rooms/31201815
31204536,$149.00,Neighborhood highlights,2,1,1,5,4.72,98,https://www.airbnb.com/rooms/31204536
31205946,NA,Neighborhood highlights,1,NA,NA,NA,4.53,51,https://www.airbnb.com/rooms/31205946
31206698,$130.00,Neighborhood highlights,6,1.5,2,3,4.88,16,https://www.airbnb.com/rooms/31206698
31208865,NA,Neighborhood highlights,2,NA,NA,NA,4.71,31,https://www.airbnb.com/rooms/31208865
31209182,NA,NA,1,NA,1,NA,NA,0,https://www.airbnb.com/rooms/31209182
31211176,NA,NA,2,NA,1,NA,5,18,https://www.airbnb.com/rooms/31211176
31211375,NA,Neighborhood highlights,2,NA,1,NA,4.78,60,https://www.airbnb.com/rooms/31211375
31211385,NA,NA,2,NA,NA,NA,5,3,https://www.airbnb.com/rooms/31211385
31212456,$91.00,NA,2,1,1,2,4.94,118,https://www.airbnb.com/rooms/31212456
31212571,$215.00,Neighborhood highlights,2,1,1,2,5,5,https://www.airbnb.com/rooms/31212571
31214157,NA,Neighborhood highlights,2,NA,NA,NA,4.91,11,https://www.airbnb.com/rooms/31214157
31216136,$88.00,Neighborhood highlights,1,1,2,1,5,11,https://www.airbnb.com/rooms/31216136
31216852,$230.00,NA,2,1,0,2,4.93,14,https://www.airbnb.com/rooms/31216852
31218310,$65.00,Neighborhood highlights,2,1.5,1,1,4.84,231,https://www.airbnb.com/rooms/31218310
31219800,NA,Neighborhood highlights,1,NA,NA,NA,4.5,10,https://www.airbnb.com/rooms/31219800
31220573,NA,NA,5,NA,2,NA,NA,0,https://www.airbnb.com/rooms/31220573
31220645,NA,Neighborhood highlights,5,NA,2,NA,5,4,https://www.airbnb.com/rooms/31220645
31221559,$40.00,Neighborhood highlights,2,1,1,3,4.89,161,https://www.airbnb.com/rooms/31221559
31223352,$209.00,Neighborhood highlights,6,1.5,2,4,4.81,26,https://www.airbnb.com/rooms/31223352
31224224,$70.00,NA,2,1,2,1,4.8,56,https://www.airbnb.com/rooms/31224224
31231904,$100.00,Neighborhood highlights,2,1.5,1,2,4.7,37,https://www.airbnb.com/rooms/31231904
31234360,NA,Neighborhood highlights,1,NA,1,NA,NA,0,https://www.airbnb.com/rooms/31234360
31236046,$89.00,NA,4,1,2,2,4.95,22,https://www.airbnb.com/rooms/31236046
31237124,NA,Neighborhood highlights,2,NA,NA,NA,4,1,https://www.airbnb.com/rooms/31237124
31237303,$90.00,Neighborhood highlights,2,1,1,1,4.67,15,https://www.airbnb.com/rooms/31237303
31238549,NA,Neighborhood highlights,7,NA,3,NA,5,1,https://www.airbnb.com/rooms/31238549
31247718,NA,NA,2,NA,1,NA,NA,0,https://www.airbnb.com/rooms/31247718
31255156,NA,NA,1,NA,NA,NA,NA,0,https://www.airbnb.com/rooms/31255156
31255471,$204.00,Neighborhood highlights,4,1,2,3,4.82,22,https://www.airbnb.com/rooms/31255471
31262486,NA,Neighborhood highlights,2,NA,NA,NA,5,1,https://www.airbnb.com/rooms/31262486
31269703,NA,Neighborhood highlights,3,NA,1,NA,4.21,24,https://www.airbnb.com/rooms/31269703
31277426,$225.00,Neighborhood highlights,6,1.5,3,4,4.83,208,https://www.airbnb.com/rooms/31277426
31286946,NA,Neighborhood highlights,1,NA,NA,NA,5,1,https://www.airbnb.com/rooms/31286946
31290477,$223.00,Neighborhood highlights,15,2,0,0,4.78,23,https://www.airbnb.com/rooms/31290477
31290728,NA,NA,3,NA,1,NA,NA,0,https://www.airbnb.com/rooms/31290728
31291730,NA,Neighborhood highlights,2,NA,1,NA,4.13,52,https://www.airbnb.com/rooms/31291730
31292343,NA,Neighborhood highlights,2,NA,NA,NA,5,1,https://www.airbnb.com/rooms/31292343
31292757,$249.00,Neighborhood highlights,3,1,1,2,4.06,18,https://www.airbnb.com/rooms/31292757
31293625,$75.00,Neighborhood highlights,2,1,1,2,4.75,20,https://www.airbnb.com/rooms/31293625
31294395,NA,Neighborhood highlights,2,NA,NA,NA,4.78,9,https://www.airbnb.com/rooms/31294395
31301754,$62.00,Neighborhood highlights,1,1,1,1,4.81,64,https://www.airbnb.com/rooms/31301754
31304303,NA,Neighborhood highlights,3,NA,NA,NA,4.76,25,https://www.airbnb.com/rooms/31304303
31304312,NA,Neighborhood highlights,2,NA,NA,NA,NA,0,https://www.airbnb.com/rooms/31304312
31305551,NA,Neighborhood highlights,3,NA,1,NA,NA,0,https://www.airbnb.com/rooms/31305551
31311422,$196.00,NA,3,1,1,2,4.88,49,https://www.airbnb.com/rooms/31311422
31313105,$201.00,Neighborhood highlights,6,1,3,4,4.85,163,https://www.airbnb.com/rooms/31313105
31313806,$74.00,Neighborhood highlights,2,1,1,1,4.89,108,https://www.airbnb.com/rooms/31313806
31313987,NA,Neighborhood highlights,2,NA,1,NA,NA,0,https://www.airbnb.com/rooms/31313987
31315168,NA,Neighborhood highlights,2,NA,NA,NA,4.92,24,https://www.airbnb.com/rooms/31315168
31315936,NA,NA,2,NA,1,NA,4.5,2,https://www.airbnb.com/rooms/31315936
31316889,$389.00,Neighborhood highlights,4,1,2,2,4.73,63,https://www.airbnb.com/rooms/31316889
31317744,$160.00,Neighborhood highlights,2,1,1,3,4.93,71,https://www.airbnb.com/rooms/31317744
31319380,NA,NA,4,NA,1,NA,NA,0,https://www.airbnb.com/rooms/31319380
31322232,$110.00,NA,2,1,1,1,4.7,23,https://www.airbnb.com/rooms/31322232
31332746,NA,NA,1,NA,NA,NA,NA,0,https://www.airbnb.com/rooms/31332746
31333074,$118.00,Neighborhood highlights,4,1,0,0,4.92,158,https://www.airbnb.com/rooms/31333074
31336375,NA,NA,2,NA,NA,NA,NA,0,https://www.airbnb.com/rooms/31336375
31339496,$349.00,Neighborhood highlights,6,1,2,3,4.98,155,https://www.airbnb.com/rooms/31339496
31339600,NA,NA,2,NA,NA,NA,5,3,https://www.airbnb.com/rooms/31339600
31340539,NA,Neighborhood highlights,3,NA,NA,NA,5,2,https://www.airbnb.com/rooms/31340539
31340666,$125.00,Neighborhood highlights,2,1,1,1,4.92,13,https://www.airbnb.com/rooms/31340666
31340743,NA,NA,4,NA,NA,NA,NA,0,https://www.airbnb.com/rooms/31340743
31358401,NA,Neighborhood highlights,2,NA,NA,NA,4.81,21,https://www.airbnb.com/rooms/31358401
31358547,NA,Neighborhood highlights,2,NA,NA,NA,NA,0,https://www.airbnb.com/rooms/31358547
31358785,$120.00,Neighborhood highlights,2,1,1,1,4.72,18,https://www.airbnb.com/rooms/31358785
31359053,NA,Neighborhood highlights,4,NA,2,NA,4.93,40,https://www.airbnb.com/rooms/31359053
31362276,NA,NA,4,NA,1,NA,NA,0,https://www.airbnb.com/rooms/31362276
31379967,NA,Neighborhood highlights,6,NA,2,NA,4.61,33,https://www.airbnb.com/rooms/31379967
31380037,NA,NA,1,NA,NA,NA,NA,0,https://www.airbnb.com/rooms/31380037
31382465,$118.00,Neighborhood highlights,2,1,1,2,4.86,239,https://www.airbnb.com/rooms/31382465
31383493,NA,NA,1,NA,1,NA,NA,0,https://www.airbnb.com/rooms/31383493
31390350,NA,Neighborhood highlights,2,NA,NA,NA,NA,0,https://www.airbnb.com/rooms/31390350
31409073,NA,Neighborhood highlights,4,NA,NA,NA,5,1,https://www.airbnb.com/rooms/31409073
31414558,NA,Neighborhood highlights,2,NA,1,NA,5,7,https://www.airbnb.com/rooms/31414558
31414856,NA,Neighborhood highlights,2,NA,1,NA,5,1,https://www.airbnb.com/rooms/31414856
31420503,NA,NA,2,NA,1,NA,4.56,9,https://www.airbnb.com/rooms/31420503
31434819,NA,Neighborhood highlights,1,NA,NA,NA,5,23,https://www.airbnb.com/rooms/31434819
31435773,$207.00,Neighborhood highlights,2,1,0,1,4,1,https://www.airbnb.com/rooms/31435773
31439428,NA,NA,10,NA,NA,NA,NA,0,https://www.airbnb.com/rooms/31439428
31445273,$62.00,Neighborhood highlights,2,1.5,4,1,4.63,104,https://www.airbnb.com/rooms/31445273
31457396,$67.00,Neighborhood highlights,1,1,1,1,4.97,79,https://www.airbnb.com/rooms/31457396
31458142,NA,NA,2,NA,NA,NA,5,3,https://www.airbnb.com/rooms/31458142
31459245,NA,NA,3,NA,NA,NA,NA,0,https://www.airbnb.com/rooms/31459245
31459394,$141.00,NA,3,2,1,1,4.33,6,https://www.airbnb.com/rooms/31459394
31466176,$118.00,Neighborhood highlights,2,1,1,1,4.93,164,https://www.airbnb.com/rooms/31466176
31467888,NA,Neighborhood highlights,3,NA,1,NA,4.83,6,https://www.airbnb.com/rooms/31467888
31470227,NA,Neighborhood highlights,3,NA,1,NA,4.58,31,https://www.airbnb.com/rooms/31470227
31473340,$69.00,Neighborhood highlights,2,1,1,2,4.78,127,https://www.airbnb.com/rooms/31473340
31474126,NA,Neighborhood highlights,2,NA,1,NA,4.75,4,https://www.airbnb.com/rooms/31474126
31474431,$93.00,NA,2,1,1,1,4.64,69,https://www.airbnb.com/rooms/31474431
31474638,$93.00,NA,2,1,1,1,4.84,51,https://www.airbnb.com/rooms/31474638
31476497,$90.00,Neighborhood highlights,2,1.5,1,1,4.85,153,https://www.airbnb.com/rooms/31476497
31490659,NA,Neighborhood highlights,4,NA,2,NA,4.52,27,https://www.airbnb.com/rooms/31490659
31493229,NA,Neighborhood highlights,1,NA,NA,NA,5,1,https://www.airbnb.com/rooms/31493229
31494679,NA,NA,2,NA,1,NA,4,1,https://www.airbnb.com/rooms/31494679
31507738,NA,NA,3,NA,1,NA,4.44,9,https://www.airbnb.com/rooms/31507738
31511563,$929.00,Neighborhood highlights,5,2,3,10,5,26,https://www.airbnb.com/rooms/31511563
31513692,$47.00,Neighborhood highlights,1,1,1,1,4.65,40,https://www.airbnb.com/rooms/31513692
31514475,$55.00,Neighborhood highlights,1,1,1,1,5,6,https://www.airbnb.com/rooms/31514475
31518329,NA,NA,2,NA,1,NA,NA,0,https://www.airbnb.com/rooms/31518329
31521732,$179.00,Neighborhood highlights,2,1,1,1,4.7,20,https://www.airbnb.com/rooms/31521732
31530711,$275.00,Neighborhood highlights,2,1.5,2,2,5,30,https://www.airbnb.com/rooms/31530711
31533518,$250.00,Neighborhood highlights,3,1,1,1,5,1,https://www.airbnb.com/rooms/31533518
31534487,NA,Neighborhood highlights,2,NA,NA,NA,4.74,114,https://www.airbnb.com/rooms/31534487
31537701,$257.00,Neighborhood highlights,2,1,1,1,5,2,https://www.airbnb.com/rooms/31537701
31539511,$100.00,Neighborhood highlights,4,1,2,2,4.81,236,https://www.airbnb.com/rooms/31539511
31540573,NA,Neighborhood highlights,2,NA,NA,NA,5,4,https://www.airbnb.com/rooms/31540573
31542692,NA,NA,3,NA,1,NA,4.94,34,https://www.airbnb.com/rooms/31542692
31543246,$90.00,Neighborhood highlights,3,1,1,2,4.78,9,https://www.airbnb.com/rooms/31543246
31543550,NA,Neighborhood highlights,2,NA,7,NA,NA,0,https://www.airbnb.com/rooms/31543550
31549470,$258.00,Neighborhood highlights,2,1,0,1,NA,0,https://www.airbnb.com/rooms/31549470
31557451,NA,Neighborhood highlights,2,NA,1,NA,5,15,https://www.airbnb.com/rooms/31557451
31560410,NA,Neighborhood highlights,3,NA,NA,NA,4.67,15,https://www.airbnb.com/rooms/31560410
31562978,NA,NA,6,NA,3,NA,NA,0,https://www.airbnb.com/rooms/31562978
31564614,$71.00,Neighborhood highlights,2,1.5,1,1,4.69,105,https://www.airbnb.com/rooms/31564614
31565043,NA,Neighborhood highlights,2,NA,1,NA,NA,0,https://www.airbnb.com/rooms/31565043
31566176,NA,NA,2,NA,NA,NA,NA,0,https://www.airbnb.com/rooms/31566176
31568673,NA,Neighborhood highlights,1,NA,NA,NA,NA,0,https://www.airbnb.com/rooms/31568673
31569502,NA,Neighborhood highlights,3,NA,1,NA,NA,0,https://www.airbnb.com/rooms/31569502
31582797,$119.00,Neighborhood highlights,6,1.5,1,3,5,131,https://www.airbnb.com/rooms/31582797
31584089,$308.00,Neighborhood highlights,2,1,1,1,NA,0,https://www.airbnb.com/rooms/31584089
31596199,NA,Neighborhood highlights,7,NA,4,NA,5,6,https://www.airbnb.com/rooms/31596199
31596519,NA,Neighborhood highlights,4,NA,2,NA,5,3,https://www.airbnb.com/rooms/31596519
31599728,NA,NA,2,NA,1,NA,5,4,https://www.airbnb.com/rooms/31599728
31600379,$105.00,Neighborhood highlights,3,1,2,2,4.88,32,https://www.airbnb.com/rooms/31600379
31600930,NA,NA,4,NA,2,NA,NA,0,https://www.airbnb.com/rooms/31600930
31602882,$120.00,NA,2,1,1,1,4.6,20,https://www.airbnb.com/rooms/31602882
31612381,$55.00,Neighborhood highlights,1,1,2,0,5,2,https://www.airbnb.com/rooms/31612381
31614670,$50.00,Neighborhood highlights,2,1,1,1,4.81,27,https://www.airbnb.com/rooms/31614670
31617479,$65.00,Neighborhood highlights,1,1,1,0,5,2,https://www.airbnb.com/rooms/31617479
31620173,NA,Neighborhood highlights,4,NA,1,NA,5,6,https://www.airbnb.com/rooms/31620173
31622448,$183.00,Neighborhood highlights,2,1,1,2,4.82,60,https://www.airbnb.com/rooms/31622448
31624317,$170.00,Neighborhood highlights,5,1,2,3,4.87,82,https://www.airbnb.com/rooms/31624317
31626662,$300.00,Neighborhood highlights,2,1,0,2,4.56,86,https://www.airbnb.com/rooms/31626662
31626920,NA,Neighborhood highlights,2,NA,NA,NA,4.33,3,https://www.airbnb.com/rooms/31626920
31663848,$450.00,Neighborhood highlights,2,1,1,1,4.98,64,https://www.airbnb.com/rooms/31663848
31665138,NA,Neighborhood highlights,3,NA,1,NA,5,3,https://www.airbnb.com/rooms/31665138
31667621,$241.00,Neighborhood highlights,6,1,0,3,4.61,195,https://www.airbnb.com/rooms/31667621
31668461,$150.00,Neighborhood highlights,6,1,2,5,4.62,278,https://www.airbnb.com/rooms/31668461
31668481,NA,Neighborhood highlights,2,NA,1,NA,5,6,https://www.airbnb.com/rooms/31668481
31669717,NA,Neighborhood highlights,3,NA,1,NA,5,1,https://www.airbnb.com/rooms/31669717
31670625,NA,Neighborhood highlights,4,NA,NA,NA,4.8,5,https://www.airbnb.com/rooms/31670625
31670943,$69.00,Neighborhood highlights,2,1,1,1,4.95,21,https://www.airbnb.com/rooms/31670943
31681846,NA,Neighborhood highlights,4,NA,3,NA,5,3,https://www.airbnb.com/rooms/31681846
31682228,NA,Neighborhood highlights,1,NA,1,NA,4.8,5,https://www.airbnb.com/rooms/31682228
31684570,NA,Neighborhood highlights,2,NA,1,NA,5,9,https://www.airbnb.com/rooms/31684570
31687149,NA,NA,2,NA,1,NA,4.63,8,https://www.airbnb.com/rooms/31687149
31687693,NA,NA,2,NA,1,NA,NA,0,https://www.airbnb.com/rooms/31687693
31695085,NA,Neighborhood highlights,2,NA,NA,NA,4.73,40,https://www.airbnb.com/rooms/31695085
31697123,$89.00,Neighborhood highlights,4,1,1,2,4.74,232,https://www.airbnb.com/rooms/31697123
31707961,NA,Neighborhood highlights,1,NA,NA,NA,5,1,https://www.airbnb.com/rooms/31707961
31713858,NA,NA,2,NA,NA,NA,4.73,45,https://www.airbnb.com/rooms/31713858
31714168,NA,NA,7,NA,1,NA,4.81,32,https://www.airbnb.com/rooms/31714168
31715312,$208.00,Neighborhood highlights,5,1,0,3,4.62,219,https://www.airbnb.com/rooms/31715312
31716191,NA,Neighborhood highlights,2,NA,NA,NA,NA,0,https://www.airbnb.com/rooms/31716191
31717837,$124.00,NA,2,1,2,3,5,7,https://www.airbnb.com/rooms/31717837
31722021,$200.00,NA,2,1,1,1,4.27,11,https://www.airbnb.com/rooms/31722021
31726939,$376.00,Neighborhood highlights,2,1,1,1,5,1,https://www.airbnb.com/rooms/31726939
31728112,NA,NA,1,NA,NA,NA,5,1,https://www.airbnb.com/rooms/31728112
31732450,$55.00,Neighborhood highlights,2,1,1,1,4.94,17,https://www.airbnb.com/rooms/31732450
31743178,NA,Neighborhood highlights,2,NA,NA,NA,5,8,https://www.airbnb.com/rooms/31743178
31758029,NA,Neighborhood highlights,4,NA,2,NA,4.86,7,https://www.airbnb.com/rooms/31758029
31760509,$95.00,Neighborhood highlights,2,1,1,1,4.96,84,https://www.airbnb.com/rooms/31760509
31760941,$125.00,Neighborhood highlights,4,1,1,3,4.87,111,https://www.airbnb.com/rooms/31760941
31761417,NA,Neighborhood highlights,3,NA,2,NA,5,2,https://www.airbnb.com/rooms/31761417
31764572,NA,Neighborhood highlights,5,NA,3,NA,4.5,2,https://www.airbnb.com/rooms/31764572
31794109,$298.00,Neighborhood highlights,2,1,0,1,NA,0,https://www.airbnb.com/rooms/31794109
31800683,NA,Neighborhood highlights,6,NA,2,NA,5,1,https://www.airbnb.com/rooms/31800683
31802796,NA,NA,2,NA,2,NA,NA,0,https://www.airbnb.com/rooms/31802796
31809534,$75.00,Neighborhood highlights,1,1,1,2,4.75,12,https://www.airbnb.com/rooms/31809534
31823858,NA,Neighborhood highlights,3,NA,NA,NA,4.89,45,https://www.airbnb.com/rooms/31823858
31828528,NA,NA,2,NA,NA,NA,4.33,3,https://www.airbnb.com/rooms/31828528
31832773,NA,Neighborhood highlights,2,NA,NA,NA,4.56,9,https://www.airbnb.com/rooms/31832773
31832966,NA,NA,2,NA,1,NA,4.13,8,https://www.airbnb.com/rooms/31832966
31834161,$45.00,Neighborhood highlights,1,1,1,1,4,3,https://www.airbnb.com/rooms/31834161
31834190,$150.00,Neighborhood highlights,2,1,1,2,4.88,193,https://www.airbnb.com/rooms/31834190
31835627,NA,Neighborhood highlights,2,NA,NA,NA,NA,0,https://www.airbnb.com/rooms/31835627
31836311,NA,Neighborhood highlights,1,NA,NA,NA,5,4,https://www.airbnb.com/rooms/31836311
31839994,$192.00,Neighborhood highlights,6,2,2,3,4.78,193,https://www.airbnb.com/rooms/31839994
31847270,NA,NA,1,NA,NA,NA,5,3,https://www.airbnb.com/rooms/31847270
31854564,$125.00,Neighborhood highlights,2,1,1,1,4.66,62,https://www.airbnb.com/rooms/31854564
31856192,$105.00,Neighborhood highlights,2,1,1,1,4.93,111,https://www.airbnb.com/rooms/31856192
31857171,NA,Neighborhood highlights,4,NA,1,NA,5,1,https://www.airbnb.com/rooms/31857171
31857472,$81.00,Neighborhood highlights,2,1,1,2,4.74,43,https://www.airbnb.com/rooms/31857472
31859909,$48.00,Neighborhood highlights,2,1,1,1,4.86,28,https://www.airbnb.com/rooms/31859909
31861671,$109.00,Neighborhood highlights,2,1,1,2,4.69,35,https://www.airbnb.com/rooms/31861671
31866402,$295.00,Neighborhood highlights,6,1.5,3,5,NA,0,https://www.airbnb.com/rooms/31866402
31878988,NA,Neighborhood highlights,3,1,0,4,5,26,https://www.airbnb.com/rooms/31878988
31879887,NA,Neighborhood highlights,4,NA,1,NA,4.71,28,https://www.airbnb.com/rooms/31879887
31881052,$89.00,Neighborhood highlights,2,1,1,1,4.47,182,https://www.airbnb.com/rooms/31881052
31881336,$51.00,Neighborhood highlights,2,1,1,1,4.8,20,https://www.airbnb.com/rooms/31881336
31884696,NA,Neighborhood highlights,2,NA,NA,NA,4,6,https://www.airbnb.com/rooms/31884696
31885563,NA,Neighborhood highlights,1,NA,NA,NA,5,1,https://www.airbnb.com/rooms/31885563
31885991,$65.00,NA,1,1,1,1,4.33,3,https://www.airbnb.com/rooms/31885991
31894643,NA,NA,2,NA,1,NA,5,2,https://www.airbnb.com/rooms/31894643
31897516,NA,Neighborhood highlights,8,NA,2,NA,4.71,7,https://www.airbnb.com/rooms/31897516
31898478,NA,NA,2,NA,NA,NA,4.67,15,https://www.airbnb.com/rooms/31898478
31898630,NA,Neighborhood highlights,2,NA,NA,NA,5,1,https://www.airbnb.com/rooms/31898630
31901835,NA,Neighborhood highlights,1,NA,NA,NA,NA,0,https://www.airbnb.com/rooms/31901835
31905458,NA,NA,1,NA,NA,NA,NA,0,https://www.airbnb.com/rooms/31905458
31913609,$230.00,Neighborhood highlights,3,1,2,3,4.95,107,https://www.airbnb.com/rooms/31913609
31918252,NA,Neighborhood highlights,2,NA,NA,NA,4.75,4,https://www.airbnb.com/rooms/31918252
31920388,NA,Neighborhood highlights,2,NA,1,NA,5,2,https://www.airbnb.com/rooms/31920388
31924097,NA,Neighborhood highlights,4,NA,NA,NA,4.56,70,https://www.airbnb.com/rooms/31924097
31925075,$105.00,NA,2,1,1,1,4.6,10,https://www.airbnb.com/rooms/31925075
31929176,NA,Neighborhood highlights,4,NA,2,NA,5,19,https://www.airbnb.com/rooms/31929176
31931117,NA,Neighborhood highlights,5,NA,1,NA,4.89,64,https://www.airbnb.com/rooms/31931117
31931665,$120.00,NA,2,1,1,1,NA,0,https://www.airbnb.com/rooms/31931665
31932152,$220.00,NA,6,2,3,3,4.82,100,https://www.airbnb.com/rooms/31932152
31933373,$176.00,Neighborhood highlights,4,1,3,4,4.87,122,https://www.airbnb.com/rooms/31933373
31950380,NA,Neighborhood highlights,2,NA,1,NA,4.77,13,https://www.airbnb.com/rooms/31950380
31951675,NA,NA,2,NA,1,NA,4.75,8,https://www.airbnb.com/rooms/31951675
31957975,$119.00,Neighborhood highlights,4,1,1,1,4.63,155,https://www.airbnb.com/rooms/31957975
31958064,NA,NA,1,NA,4,NA,NA,0,https://www.airbnb.com/rooms/31958064
31961126,$156.00,Neighborhood highlights,2,1,1,2,4.74,158,https://www.airbnb.com/rooms/31961126
31963324,NA,NA,1,NA,NA,NA,NA,0,https://www.airbnb.com/rooms/31963324
31964045,$51.00,Neighborhood highlights,1,1,1,1,4.85,13,https://www.airbnb.com/rooms/31964045
31978518,$380.00,Neighborhood highlights,3,1,1,1,4.93,89,https://www.airbnb.com/rooms/31978518
31978555,$350.00,NA,4,1,2,2,4.9,79,https://www.airbnb.com/rooms/31978555
31980644,NA,Neighborhood highlights,2,NA,NA,NA,4.5,4,https://www.airbnb.com/rooms/31980644
31980794,$480.00,Neighborhood highlights,4,1.5,0,2,4.95,37,https://www.airbnb.com/rooms/31980794
31982293,$130.00,Neighborhood highlights,2,1,1,1,4.8,40,https://www.airbnb.com/rooms/31982293
31990505,NA,Neighborhood highlights,1,NA,1,NA,5,4,https://www.airbnb.com/rooms/31990505
31991634,NA,NA,1,NA,NA,NA,4.92,24,https://www.airbnb.com/rooms/31991634
31994735,$289.00,Neighborhood highlights,6,1,2,6,4.81,21,https://www.airbnb.com/rooms/31994735
32008192,NA,Neighborhood highlights,4,NA,2,NA,NA,0,https://www.airbnb.com/rooms/32008192
32012464,$125.00,Neighborhood highlights,4,1,2,4,4.96,47,https://www.airbnb.com/rooms/32012464
32013622,NA,NA,2,NA,2,NA,NA,0,https://www.airbnb.com/rooms/32013622
32016639,NA,Neighborhood highlights,3,NA,1,NA,4.9,73,https://www.airbnb.com/rooms/32016639
32018402,NA,NA,2,NA,NA,NA,NA,0,https://www.airbnb.com/rooms/32018402
32020853,NA,Neighborhood highlights,2,NA,NA,NA,5,4,https://www.airbnb.com/rooms/32020853
32035609,NA,Neighborhood highlights,7,NA,3,NA,4.79,47,https://www.airbnb.com/rooms/32035609
32036822,$68.00,Neighborhood highlights,3,1,1,1,4.88,187,https://www.airbnb.com/rooms/32036822
32037535,$165.00,Neighborhood highlights,4,1,1,2,4.92,89,https://www.airbnb.com/rooms/32037535
32039742,NA,Neighborhood highlights,1,NA,NA,NA,NA,0,https://www.airbnb.com/rooms/32039742
32040351,NA,Neighborhood highlights,1,NA,NA,NA,NA,0,https://www.airbnb.com/rooms/32040351
32042721,NA,Neighborhood highlights,3,NA,1,NA,4.44,16,https://www.airbnb.com/rooms/32042721
32044146,NA,NA,2,NA,2,NA,4.5,2,https://www.airbnb.com/rooms/32044146
32050071,NA,Neighborhood highlights,2,NA,1,NA,5,2,https://www.airbnb.com/rooms/32050071
32050230,NA,Neighborhood highlights,2,NA,1,NA,NA,0,https://www.airbnb.com/rooms/32050230
32050419,NA,Neighborhood highlights,5,NA,2,NA,4.88,8,https://www.airbnb.com/rooms/32050419
32062843,$130.00,Neighborhood highlights,4,1,2,2,4.71,56,https://www.airbnb.com/rooms/32062843
32064131,NA,NA,3,NA,NA,NA,4.56,9,https://www.airbnb.com/rooms/32064131
32064705,NA,Neighborhood highlights,2,NA,NA,NA,4.92,13,https://www.airbnb.com/rooms/32064705
32081249,$98.00,Neighborhood highlights,6,1,2,3,4.84,38,https://www.airbnb.com/rooms/32081249
32086758,NA,Neighborhood highlights,5,NA,1,NA,4.48,52,https://www.airbnb.com/rooms/32086758
32088018,$200.00,Neighborhood highlights,1,1.5,0,2,4.82,11,https://www.airbnb.com/rooms/32088018
32089161,NA,Neighborhood highlights,1,NA,NA,NA,NA,0,https://www.airbnb.com/rooms/32089161
32095900,$40.00,Neighborhood highlights,1,1,1,0,NA,0,https://www.airbnb.com/rooms/32095900
32102590,$301.00,NA,6,1,0,3,4.33,154,https://www.airbnb.com/rooms/32102590
32107065,NA,NA,2,NA,1,NA,NA,0,https://www.airbnb.com/rooms/32107065
32108317,$129.00,Neighborhood highlights,2,1,1,1,4.76,45,https://www.airbnb.com/rooms/32108317
32113235,$350.00,Neighborhood highlights,4,1,1,1,4.77,64,https://www.airbnb.com/rooms/32113235
32113817,NA,Neighborhood highlights,2,NA,NA,NA,4.95,58,https://www.airbnb.com/rooms/32113817
32137481,"$1,139.00",Neighborhood highlights,10,2,5,8,4.96,69,https://www.airbnb.com/rooms/32137481
32165536,NA,Neighborhood highlights,2,NA,1,NA,4.75,4,https://www.airbnb.com/rooms/32165536
32165550,NA,Neighborhood highlights,4,NA,NA,NA,4.51,103,https://www.airbnb.com/rooms/32165550
32166264,NA,Neighborhood highlights,1,NA,3,NA,5,2,https://www.airbnb.com/rooms/32166264
32166672,NA,NA,2,NA,NA,NA,4.88,8,https://www.airbnb.com/rooms/32166672
32171100,$112.00,Neighborhood highlights,2,1,1,1,4.9,150,https://www.airbnb.com/rooms/32171100
32171104,NA,Neighborhood highlights,6,NA,1,NA,NA,0,https://www.airbnb.com/rooms/32171104
32185689,NA,Neighborhood highlights,2,NA,NA,NA,5,5,https://www.airbnb.com/rooms/32185689
32185974,NA,Neighborhood highlights,5,NA,1,NA,NA,0,https://www.airbnb.com/rooms/32185974
32186503,NA,Neighborhood highlights,6,NA,2,NA,NA,0,https://www.airbnb.com/rooms/32186503
32189288,$293.00,NA,2,1,1,2,4.97,32,https://www.airbnb.com/rooms/32189288
32189706,NA,Neighborhood highlights,2,NA,NA,NA,NA,0,https://www.airbnb.com/rooms/32189706
32190231,NA,Neighborhood highlights,4,NA,1,NA,NA,0,https://www.airbnb.com/rooms/32190231
32190629,NA,Neighborhood highlights,2,NA,NA,NA,5,12,https://www.airbnb.com/rooms/32190629
32206003,$37.00,Neighborhood highlights,1,1,1,1,4.8,5,https://www.airbnb.com/rooms/32206003
32214585,NA,Neighborhood highlights,1,NA,NA,NA,NA,0,https://www.airbnb.com/rooms/32214585
32222756,NA,Neighborhood highlights,1,NA,NA,NA,5,13,https://www.airbnb.com/rooms/32222756
32234674,$341.00,Neighborhood highlights,2,1,0,1,NA,0,https://www.airbnb.com/rooms/32234674
32235802,NA,Neighborhood highlights,2,NA,1,NA,4.33,15,https://www.airbnb.com/rooms/32235802
32238694,$525.00,Neighborhood highlights,5,1,2,3,4.58,175,https://www.airbnb.com/rooms/32238694
32238933,NA,Neighborhood highlights,2,NA,1,NA,4.89,9,https://www.airbnb.com/rooms/32238933
32241239,$140.00,Neighborhood highlights,6,1,2,2,4.17,23,https://www.airbnb.com/rooms/32241239
32241276,$93.00,Neighborhood highlights,4,1,2,4,5,2,https://www.airbnb.com/rooms/32241276
32242139,$217.00,Neighborhood highlights,2,1,1,2,4.89,76,https://www.airbnb.com/rooms/32242139
32244865,NA,Neighborhood highlights,2,NA,9,NA,4.63,8,https://www.airbnb.com/rooms/32244865
32260219,NA,NA,4,NA,1,NA,NA,0,https://www.airbnb.com/rooms/32260219
32264646,NA,NA,2,NA,1,NA,4.33,6,https://www.airbnb.com/rooms/32264646
32268149,NA,Neighborhood highlights,3,NA,1,NA,5,3,https://www.airbnb.com/rooms/32268149
32284162,$175.00,Neighborhood highlights,4,1,2,2,4.82,140,https://www.airbnb.com/rooms/32284162
32284910,$60.00,Neighborhood highlights,1,1,1,1,4.82,507,https://www.airbnb.com/rooms/32284910
32285578,NA,NA,3,NA,3,NA,NA,0,https://www.airbnb.com/rooms/32285578
32287174,$195.00,Neighborhood highlights,4,1,1,3,5,92,https://www.airbnb.com/rooms/32287174
32291264,$500.00,Neighborhood highlights,4,1,1,2,NA,0,https://www.airbnb.com/rooms/32291264
32292954,$49.00,Neighborhood highlights,3,1,1,2,4.66,68,https://www.airbnb.com/rooms/32292954
32297005,NA,Neighborhood highlights,6,NA,2,NA,4.6,114,https://www.airbnb.com/rooms/32297005
32306605,$417.00,Neighborhood highlights,4,2,2,2,NA,0,https://www.airbnb.com/rooms/32306605
32308471,NA,NA,1,NA,NA,NA,NA,0,https://www.airbnb.com/rooms/32308471
32311383,$75.00,Neighborhood highlights,1,1,5,1,4.79,14,https://www.airbnb.com/rooms/32311383
32315112,NA,Neighborhood highlights,4,NA,2,NA,5,5,https://www.airbnb.com/rooms/32315112
32316672,NA,NA,4,NA,NA,NA,NA,0,https://www.airbnb.com/rooms/32316672
32317602,NA,Neighborhood highlights,4,NA,2,NA,4.51,47,https://www.airbnb.com/rooms/32317602
32326698,NA,Neighborhood highlights,3,NA,1,NA,4.92,12,https://www.airbnb.com/rooms/32326698
32327326,NA,Neighborhood highlights,2,NA,1,NA,4.5,6,https://www.airbnb.com/rooms/32327326
32327466,NA,Neighborhood highlights,2,NA,NA,NA,4.8,5,https://www.airbnb.com/rooms/32327466
32332890,$170.00,Neighborhood highlights,2,1.5,1,1,4.9,21,https://www.airbnb.com/rooms/32332890
32334635,$130.00,Neighborhood highlights,2,1,0,1,5,2,https://www.airbnb.com/rooms/32334635
32336400,$209.00,NA,5,1,1,1,4.47,19,https://www.airbnb.com/rooms/32336400
32338134,NA,Neighborhood highlights,3,NA,1,NA,4.71,7,https://www.airbnb.com/rooms/32338134
32342247,$370.00,Neighborhood highlights,2,1,1,1,4.88,17,https://www.airbnb.com/rooms/32342247
32343097,NA,Neighborhood highlights,2,NA,1,NA,4.8,5,https://www.airbnb.com/rooms/32343097
32347622,$378.00,Neighborhood highlights,4,1.5,2,2,5,1,https://www.airbnb.com/rooms/32347622
32354513,$128.00,Neighborhood highlights,3,1,0,2,4.65,250,https://www.airbnb.com/rooms/32354513
32356850,NA,Neighborhood highlights,2,NA,1,NA,5,9,https://www.airbnb.com/rooms/32356850
32364753,NA,Neighborhood highlights,2,NA,NA,NA,5,3,https://www.airbnb.com/rooms/32364753
32381021,NA,Neighborhood highlights,2,NA,1,NA,5,17,https://www.airbnb.com/rooms/32381021
32381165,$525.00,Neighborhood highlights,12,2,5,8,4.76,82,https://www.airbnb.com/rooms/32381165
32382542,$75.00,Neighborhood highlights,1,1,1,1,5,29,https://www.airbnb.com/rooms/32382542
32383114,$75.00,Neighborhood highlights,1,1,1,1,4.92,25,https://www.airbnb.com/rooms/32383114
32386511,$249.00,Neighborhood highlights,4,1,1,1,NA,0,https://www.airbnb.com/rooms/32386511
32392636,$175.00,Neighborhood highlights,4,1,1,2,4.64,11,https://www.airbnb.com/rooms/32392636
32399523,$314.00,Neighborhood highlights,2,1.5,1,1,NA,0,https://www.airbnb.com/rooms/32399523
32403772,NA,Neighborhood highlights,2,NA,1,NA,4.67,6,https://www.airbnb.com/rooms/32403772
32406729,NA,Neighborhood highlights,1,NA,NA,NA,5,5,https://www.airbnb.com/rooms/32406729
32406935,$210.00,Neighborhood highlights,4,1,3,3,4.65,127,https://www.airbnb.com/rooms/32406935
32419542,NA,Neighborhood highlights,2,NA,NA,NA,4.54,24,https://www.airbnb.com/rooms/32419542
32423962,NA,Neighborhood highlights,1,NA,NA,NA,3.75,4,https://www.airbnb.com/rooms/32423962
32427478,NA,NA,4,NA,1,NA,5,2,https://www.airbnb.com/rooms/32427478
32441769,NA,NA,1,NA,NA,NA,4.87,15,https://www.airbnb.com/rooms/32441769
32448749,$180.00,Neighborhood highlights,4,2,1,6,4.92,13,https://www.airbnb.com/rooms/32448749
32450788,$100.00,Neighborhood highlights,3,1,2,2,4.86,35,https://www.airbnb.com/rooms/32450788
32454559,NA,Neighborhood highlights,2,NA,1,NA,5,1,https://www.airbnb.com/rooms/32454559
32463707,NA,Neighborhood highlights,2,NA,1,NA,NA,0,https://www.airbnb.com/rooms/32463707
32466614,NA,Neighborhood highlights,1,NA,NA,NA,4.83,6,https://www.airbnb.com/rooms/32466614
32468788,NA,Neighborhood highlights,3,NA,1,NA,5,1,https://www.airbnb.com/rooms/32468788
32470327,NA,Neighborhood highlights,2,NA,1,NA,NA,0,https://www.airbnb.com/rooms/32470327
32470732,NA,Neighborhood highlights,1,NA,NA,NA,3.5,2,https://www.airbnb.com/rooms/32470732
32474951,$250.00,Neighborhood highlights,5,1.5,2,2,4.7,27,https://www.airbnb.com/rooms/32474951
32476606,NA,Neighborhood highlights,1,NA,NA,NA,NA,0,https://www.airbnb.com/rooms/32476606
32492270,NA,Neighborhood highlights,2,NA,NA,NA,4.51,85,https://www.airbnb.com/rooms/32492270
32493320,NA,Neighborhood highlights,2,NA,NA,NA,NA,0,https://www.airbnb.com/rooms/32493320
32494107,NA,Neighborhood highlights,2,NA,NA,NA,4.74,66,https://www.airbnb.com/rooms/32494107
32494256,$235.00,Neighborhood highlights,4,1,2,3,4.93,67,https://www.airbnb.com/rooms/32494256
32495242,$140.00,Neighborhood highlights,2,1,2,1,5,5,https://www.airbnb.com/rooms/32495242
32495771,$175.00,Neighborhood highlights,5,1,2,3,4.87,119,https://www.airbnb.com/rooms/32495771
32499495,$339.00,Neighborhood highlights,2,1,2,4,4.91,191,https://www.airbnb.com/rooms/32499495
32501003,$99.00,Neighborhood highlights,1,1,1,1,4.9,81,https://www.airbnb.com/rooms/32501003
32501820,NA,NA,2,NA,2,NA,NA,0,https://www.airbnb.com/rooms/32501820
32502180,$115.00,Neighborhood highlights,4,1,1,3,4.86,22,https://www.airbnb.com/rooms/32502180
32513622,$115.00,Neighborhood highlights,2,1,0,0,NA,0,https://www.airbnb.com/rooms/32513622
32517517,$38.00,Neighborhood highlights,1,1,1,1,4.54,13,https://www.airbnb.com/rooms/32517517
32520381,$179.00,Neighborhood highlights,4,1,2,3,4.93,120,https://www.airbnb.com/rooms/32520381
32524152,NA,Neighborhood highlights,2,NA,NA,NA,5,4,https://www.airbnb.com/rooms/32524152
32527643,NA,NA,3,NA,2,NA,NA,0,https://www.airbnb.com/rooms/32527643
32530603,NA,Neighborhood highlights,2,NA,1,NA,4.66,109,https://www.airbnb.com/rooms/32530603
32531179,NA,NA,2,NA,1,NA,NA,0,https://www.airbnb.com/rooms/32531179
32531409,$212.00,NA,16,3,5,6,4.71,82,https://www.airbnb.com/rooms/32531409
32544596,$135.00,NA,8,1,1,2,4,4,https://www.airbnb.com/rooms/32544596
32545866,$40.00,Neighborhood highlights,2,1,1,1,4.36,14,https://www.airbnb.com/rooms/32545866
32546557,$39.00,Neighborhood highlights,1,1,1,1,5,4,https://www.airbnb.com/rooms/32546557
32546879,NA,Neighborhood highlights,2,NA,NA,NA,5,1,https://www.airbnb.com/rooms/32546879
32549155,$125.00,Neighborhood highlights,4,1,2,5,4.76,196,https://www.airbnb.com/rooms/32549155
32550619,NA,NA,2,NA,NA,NA,3,1,https://www.airbnb.com/rooms/32550619
32552611,$170.00,Neighborhood highlights,2,1,1,1,4.91,162,https://www.airbnb.com/rooms/32552611
32554867,NA,Neighborhood highlights,2,NA,1,NA,4.78,27,https://www.airbnb.com/rooms/32554867
32563070,NA,NA,2,NA,1,NA,5,1,https://www.airbnb.com/rooms/32563070
32567344,NA,Neighborhood highlights,2,NA,1,NA,5,8,https://www.airbnb.com/rooms/32567344
32570893,NA,Neighborhood highlights,1,NA,NA,NA,4.67,9,https://www.airbnb.com/rooms/32570893
32575757,$40.00,NA,1,2,1,1,4.81,26,https://www.airbnb.com/rooms/32575757
32586373,NA,Neighborhood highlights,3,NA,2,NA,4.6,40,https://www.airbnb.com/rooms/32586373
32587884,$230.00,Neighborhood highlights,2,1,1,1,4.67,3,https://www.airbnb.com/rooms/32587884
32589616,$90.00,Neighborhood highlights,2,1.5,1,1,5,13,https://www.airbnb.com/rooms/32589616
32590674,$483.00,Neighborhood highlights,4,1,1,2,4.48,62,https://www.airbnb.com/rooms/32590674
32591286,$40.00,Neighborhood highlights,1,1,1,1,5,1,https://www.airbnb.com/rooms/32591286
32591290,NA,NA,2,NA,NA,NA,NA,0,https://www.airbnb.com/rooms/32591290
32591771,$39.00,Neighborhood highlights,1,1,1,1,5,2,https://www.airbnb.com/rooms/32591771
32595489,$75.00,NA,1,1,1,1,4.78,9,https://www.airbnb.com/rooms/32595489
32595900,NA,Neighborhood highlights,2,NA,NA,NA,4.88,8,https://www.airbnb.com/rooms/32595900
32607488,$43.00,NA,2,2,1,1,4.65,17,https://www.airbnb.com/rooms/32607488
32611458,$77.00,Neighborhood highlights,2,1,1,1,4.66,91,https://www.airbnb.com/rooms/32611458
32611977,$90.00,Neighborhood highlights,2,1.5,1,1,4.97,165,https://www.airbnb.com/rooms/32611977
32612167,NA,Neighborhood highlights,2,NA,1,NA,4.88,26,https://www.airbnb.com/rooms/32612167
32616393,$39.00,NA,1,2,1,1,4.8,40,https://www.airbnb.com/rooms/32616393
32617384,$38.00,NA,2,2,1,1,4.69,29,https://www.airbnb.com/rooms/32617384
32618577,$33.00,NA,1,2,1,1,4.69,16,https://www.airbnb.com/rooms/32618577
32618640,$40.00,NA,2,2,1,1,4.78,23,https://www.airbnb.com/rooms/32618640
32618716,$39.00,NA,2,2,1,1,4.65,20,https://www.airbnb.com/rooms/32618716
32619108,$42.00,NA,2,2,1,1,4.65,26,https://www.airbnb.com/rooms/32619108
32620347,NA,NA,2,NA,NA,NA,4.33,3,https://www.airbnb.com/rooms/32620347
32634041,$150.00,Neighborhood highlights,6,1,3,3,4.93,230,https://www.airbnb.com/rooms/32634041
32635329,NA,Neighborhood highlights,2,NA,NA,NA,4.62,13,https://www.airbnb.com/rooms/32635329
32636494,$200.00,NA,4,2,2,4,NA,0,https://www.airbnb.com/rooms/32636494
32645984,NA,Neighborhood highlights,2,NA,1,NA,5,4,https://www.airbnb.com/rooms/32645984
32663836,NA,Neighborhood highlights,2,NA,NA,NA,5,4,https://www.airbnb.com/rooms/32663836
32664187,NA,Neighborhood highlights,2,NA,NA,NA,4.67,3,https://www.airbnb.com/rooms/32664187
32666534,$350.00,Neighborhood highlights,4,2.5,2,2,4.64,14,https://www.airbnb.com/rooms/32666534
32668712,$993.00,Neighborhood highlights,7,2,5,5,4.98,247,https://www.airbnb.com/rooms/32668712
32668910,NA,Neighborhood highlights,2,NA,NA,NA,4.83,12,https://www.airbnb.com/rooms/32668910
32669067,NA,NA,5,NA,2,NA,4.71,7,https://www.airbnb.com/rooms/32669067
32669154,$150.00,Neighborhood highlights,2,1,1,2,4.66,74,https://www.airbnb.com/rooms/32669154
32669305,NA,NA,2,NA,1,NA,NA,0,https://www.airbnb.com/rooms/32669305
32670456,$74.00,NA,1,1,1,1,NA,0,https://www.airbnb.com/rooms/32670456
32670715,$180.00,Neighborhood highlights,4,1.5,3,4,4.67,12,https://www.airbnb.com/rooms/32670715
32681408,$335.00,Neighborhood highlights,2,1,1,1,4.39,141,https://www.airbnb.com/rooms/32681408
32681549,$435.00,Neighborhood highlights,2,1,1,1,5,1,https://www.airbnb.com/rooms/32681549
32681559,$465.00,Neighborhood highlights,3,1,1,2,NA,0,https://www.airbnb.com/rooms/32681559
32681564,$445.00,Neighborhood highlights,4,1,1,2,5,1,https://www.airbnb.com/rooms/32681564
32681565,$405.00,Neighborhood highlights,2,1,1,1,5,2,https://www.airbnb.com/rooms/32681565
32681584,$353.00,Neighborhood highlights,3,1,1,1,NA,0,https://www.airbnb.com/rooms/32681584
32701542,$121.00,Neighborhood highlights,5,1,3,2,4.64,92,https://www.airbnb.com/rooms/32701542
32705496,$200.00,Neighborhood highlights,2,1,1,2,4.75,59,https://www.airbnb.com/rooms/32705496
32711577,NA,Neighborhood highlights,2,NA,1,NA,5,3,https://www.airbnb.com/rooms/32711577
32714790,NA,NA,4,NA,2,NA,NA,0,https://www.airbnb.com/rooms/32714790
32721564,$150.00,Neighborhood highlights,3,1,2,2,5,1,https://www.airbnb.com/rooms/32721564
32722219,$40.00,Neighborhood highlights,1,2,1,1,4.4,5,https://www.airbnb.com/rooms/32722219
32742238,$40.00,Neighborhood highlights,2,1,1,1,4.53,45,https://www.airbnb.com/rooms/32742238
32743677,NA,Neighborhood highlights,2,NA,2,NA,5,4,https://www.airbnb.com/rooms/32743677
32744022,NA,Neighborhood highlights,2,NA,1,NA,4.5,2,https://www.airbnb.com/rooms/32744022
32747283,NA,NA,1,NA,NA,NA,4.56,9,https://www.airbnb.com/rooms/32747283
32747368,NA,NA,4,NA,1,NA,NA,0,https://www.airbnb.com/rooms/32747368
32750384,$66.00,Neighborhood highlights,1,3,1,1,4.96,25,https://www.airbnb.com/rooms/32750384
32759322,NA,Neighborhood highlights,2,NA,NA,NA,5,5,https://www.airbnb.com/rooms/32759322
32764445,NA,NA,6,NA,2,NA,NA,0,https://www.airbnb.com/rooms/32764445
32765536,$500.00,Neighborhood highlights,4,1,1,2,NA,0,https://www.airbnb.com/rooms/32765536
32770241,$65.00,Neighborhood highlights,1,1,1,1,4.82,11,https://www.airbnb.com/rooms/32770241
32777169,NA,NA,2,NA,NA,NA,4.23,162,https://www.airbnb.com/rooms/32777169
32789340,NA,Neighborhood highlights,2,NA,1,NA,4.92,13,https://www.airbnb.com/rooms/32789340
32790563,$100.00,Neighborhood highlights,2,1,1,1,5,1,https://www.airbnb.com/rooms/32790563
32792849,$48.00,Neighborhood highlights,2,2.5,1,1,4,4,https://www.airbnb.com/rooms/32792849
32798710,$60.00,Neighborhood highlights,2,1,1,1,4.74,86,https://www.airbnb.com/rooms/32798710
32799550,$65.00,Neighborhood highlights,2,1,1,1,4.7,98,https://www.airbnb.com/rooms/32799550
32801102,NA,Neighborhood highlights,2,NA,1,NA,4.9,21,https://www.airbnb.com/rooms/32801102
32801214,$72.00,Neighborhood highlights,3,1,1,2,4.59,227,https://www.airbnb.com/rooms/32801214
32803072,NA,Neighborhood highlights,1,NA,1,NA,4.47,19,https://www.airbnb.com/rooms/32803072
32805276,NA,Neighborhood highlights,2,NA,NA,NA,4.33,12,https://www.airbnb.com/rooms/32805276
32806789,NA,Neighborhood highlights,3,NA,1,NA,4.78,9,https://www.airbnb.com/rooms/32806789
32806998,NA,NA,2,NA,1,NA,4.88,8,https://www.airbnb.com/rooms/32806998
32809387,$264.00,Neighborhood highlights,2,1,2,2,5,54,https://www.airbnb.com/rooms/32809387
32815390,NA,Neighborhood highlights,2,NA,NA,NA,NA,0,https://www.airbnb.com/rooms/32815390
32816064,NA,NA,3,NA,1,NA,NA,0,https://www.airbnb.com/rooms/32816064
32820849,$150.00,Neighborhood highlights,4,1,2,3,4.98,122,https://www.airbnb.com/rooms/32820849
32822073,NA,Neighborhood highlights,2,NA,NA,NA,4.67,6,https://www.airbnb.com/rooms/32822073
32836242,$215.00,Neighborhood highlights,2,1,1,1,4.78,23,https://www.airbnb.com/rooms/32836242
32841707,$299.00,Neighborhood highlights,6,1,2,3,5,31,https://www.airbnb.com/rooms/32841707
32842295,$40.00,NA,1,1,1,1,4.5,36,https://www.airbnb.com/rooms/32842295
32844072,$90.00,Neighborhood highlights,2,1,2,1,4.72,118,https://www.airbnb.com/rooms/32844072
32845010,$119.00,Neighborhood highlights,5,1,2,2,4.8,82,https://www.airbnb.com/rooms/32845010
32845331,$139.00,Neighborhood highlights,3,1,0,2,4.75,278,https://www.airbnb.com/rooms/32845331
32845516,$139.00,Neighborhood highlights,2,1,1,1,4.82,272,https://www.airbnb.com/rooms/32845516
32847146,$65.00,Neighborhood highlights,1,1,1,1,4.91,80,https://www.airbnb.com/rooms/32847146
32856048,$329.00,Neighborhood highlights,2,1,0,1,NA,0,https://www.airbnb.com/rooms/32856048
32857378,$133.00,Neighborhood highlights,2,1,0,1,4.66,218,https://www.airbnb.com/rooms/32857378
32857674,$133.00,Neighborhood highlights,2,1,0,1,4.72,279,https://www.airbnb.com/rooms/32857674
32857918,NA,Neighborhood highlights,3,NA,NA,NA,4.91,35,https://www.airbnb.com/rooms/32857918
32858018,$128.00,Neighborhood highlights,2,1,0,1,4.72,239,https://www.airbnb.com/rooms/32858018
32858895,NA,Neighborhood highlights,2,NA,1,NA,4.86,7,https://www.airbnb.com/rooms/32858895
32860541,NA,Neighborhood highlights,3,NA,1,NA,4.92,12,https://www.airbnb.com/rooms/32860541
32862140,NA,Neighborhood highlights,1,NA,NA,NA,NA,0,https://www.airbnb.com/rooms/32862140
32865732,$150.00,Neighborhood highlights,4,1,2,3,4.5,2,https://www.airbnb.com/rooms/32865732
32890299,$45.00,Neighborhood highlights,3,1,1,2,4.83,30,https://www.airbnb.com/rooms/32890299
32894678,$135.00,NA,8,1,2,1,3.5,4,https://www.airbnb.com/rooms/32894678
32898133,$40.00,Neighborhood highlights,1,1,1,1,4.8,20,https://www.airbnb.com/rooms/32898133
32900964,NA,Neighborhood highlights,2,NA,1,NA,5,13,https://www.airbnb.com/rooms/32900964
32901262,$316.00,Neighborhood highlights,10,2,5,6,4.9,90,https://www.airbnb.com/rooms/32901262
32913140,$250.00,Neighborhood highlights,4,1,2,2,5,6,https://www.airbnb.com/rooms/32913140
32915763,$195.00,NA,4,1,2,2,4.96,70,https://www.airbnb.com/rooms/32915763
32923358,$155.00,Neighborhood highlights,2,1,1,1,NA,0,https://www.airbnb.com/rooms/32923358
32926070,$332.00,Neighborhood highlights,2,1,1,1,NA,0,https://www.airbnb.com/rooms/32926070
32926087,$354.00,Neighborhood highlights,4,2,2,2,5,1,https://www.airbnb.com/rooms/32926087
32933643,$122.00,Neighborhood highlights,3,1,0,2,4.86,7,https://www.airbnb.com/rooms/32933643
32935473,$80.00,NA,1,1,1,1,4.86,35,https://www.airbnb.com/rooms/32935473
32937780,$125.00,Neighborhood highlights,2,1,1,1,5,2,https://www.airbnb.com/rooms/32937780
32940047,$85.00,NA,1,1,1,1,4.79,14,https://www.airbnb.com/rooms/32940047
32940382,$70.00,Neighborhood highlights,2,1,1,1,4.64,28,https://www.airbnb.com/rooms/32940382
32943764,$295.00,Neighborhood highlights,6,1,2,3,4.6,144,https://www.airbnb.com/rooms/32943764
32957830,NA,Neighborhood highlights,2,NA,NA,NA,5,4,https://www.airbnb.com/rooms/32957830
32959357,$70.00,Neighborhood highlights,2,1,1,1,NA,0,https://www.airbnb.com/rooms/32959357
32990282,$225.00,Neighborhood highlights,1,1,1,1,4.9,10,https://www.airbnb.com/rooms/32990282
32991664,NA,NA,2,NA,NA,NA,5,1,https://www.airbnb.com/rooms/32991664
33010488,$262.00,Neighborhood highlights,2,1,1,1,5,74,https://www.airbnb.com/rooms/33010488
33010913,NA,NA,1,NA,NA,NA,NA,0,https://www.airbnb.com/rooms/33010913
33012494,NA,Neighborhood highlights,2,1,2,2,4.83,121,https://www.airbnb.com/rooms/33012494
33014255,NA,Neighborhood highlights,5,NA,2,NA,5,25,https://www.airbnb.com/rooms/33014255
33020012,NA,Neighborhood highlights,5,NA,2,NA,4.91,23,https://www.airbnb.com/rooms/33020012
33035945,NA,Neighborhood highlights,2,NA,NA,NA,4.83,89,https://www.airbnb.com/rooms/33035945
33038705,$162.00,Neighborhood highlights,2,2,1,1,4.91,35,https://www.airbnb.com/rooms/33038705
33040208,$110.00,Neighborhood highlights,2,1,1,1,5,4,https://www.airbnb.com/rooms/33040208
33044053,NA,Neighborhood highlights,2,NA,NA,NA,4.88,116,https://www.airbnb.com/rooms/33044053
33049970,NA,NA,1,NA,NA,NA,NA,0,https://www.airbnb.com/rooms/33049970
33055126,$105.00,Neighborhood highlights,2,0,1,0,4.62,74,https://www.airbnb.com/rooms/33055126
33061311,$231.00,Neighborhood highlights,4,1,1,2,4.95,236,https://www.airbnb.com/rooms/33061311
33069506,NA,NA,1,NA,NA,NA,5,1,https://www.airbnb.com/rooms/33069506
33070946,$147.00,Neighborhood highlights,1,2,1,1,4.99,143,https://www.airbnb.com/rooms/33070946
33077083,$160.00,NA,2,1,1,1,4,1,https://www.airbnb.com/rooms/33077083
33094622,$25.00,Neighborhood highlights,2,1,1,1,4.4,30,https://www.airbnb.com/rooms/33094622
33097219,$300.00,Neighborhood highlights,8,3,4,5,4.91,45,https://www.airbnb.com/rooms/33097219
33101073,$124.00,Neighborhood highlights,1,1,1,1,4.81,27,https://www.airbnb.com/rooms/33101073
33101286,NA,Neighborhood highlights,12,NA,3,NA,4.2,5,https://www.airbnb.com/rooms/33101286
33113990,$111.00,NA,2,1,1,1,4.89,19,https://www.airbnb.com/rooms/33113990
33127307,$59.00,Neighborhood highlights,2,1,1,1,4.9,29,https://www.airbnb.com/rooms/33127307
33127624,$90.00,Neighborhood highlights,1,1,1,1,4.81,16,https://www.airbnb.com/rooms/33127624
33133218,NA,NA,4,NA,1,NA,4.25,8,https://www.airbnb.com/rooms/33133218
33133494,$127.00,Neighborhood highlights,2,1,1,1,4.9,49,https://www.airbnb.com/rooms/33133494
33133919,NA,Neighborhood highlights,1,NA,1,NA,4.67,6,https://www.airbnb.com/rooms/33133919
33135950,$250.00,Neighborhood highlights,2,1,2,2,4.96,211,https://www.airbnb.com/rooms/33135950
33137102,NA,NA,2,1,0,2,NA,0,https://www.airbnb.com/rooms/33137102
33138120,$341.00,NA,4,1.5,1,1,4.88,16,https://www.airbnb.com/rooms/33138120
33138453,NA,Neighborhood highlights,2,NA,1,NA,5,8,https://www.airbnb.com/rooms/33138453
33140204,NA,Neighborhood highlights,5,NA,3,NA,5,3,https://www.airbnb.com/rooms/33140204
33141938,NA,Neighborhood highlights,2,NA,NA,NA,4,3,https://www.airbnb.com/rooms/33141938
33154669,NA,NA,4,NA,1,NA,4.67,3,https://www.airbnb.com/rooms/33154669
33155194,$209.00,Neighborhood highlights,4,2,2,2,5,32,https://www.airbnb.com/rooms/33155194
33155909,NA,Neighborhood highlights,3,NA,1,NA,4.45,20,https://www.airbnb.com/rooms/33155909
33156123,NA,NA,3,NA,1,NA,4.86,7,https://www.airbnb.com/rooms/33156123
33156370,$60.00,Neighborhood highlights,2,3,1,1,4.86,21,https://www.airbnb.com/rooms/33156370
33161761,$177.00,Neighborhood highlights,3,1,1,3,4.92,24,https://www.airbnb.com/rooms/33161761
33162983,$331.00,Neighborhood highlights,10,2,4,6,4.76,17,https://www.airbnb.com/rooms/33162983
33168922,$45.00,Neighborhood highlights,2,1,1,1,4.58,40,https://www.airbnb.com/rooms/33168922
33169141,$149.00,Neighborhood highlights,7,1,2,4,4.64,84,https://www.airbnb.com/rooms/33169141
33175415,$79.00,Neighborhood highlights,2,1,1,1,4.78,36,https://www.airbnb.com/rooms/33175415
33180845,$91.00,Neighborhood highlights,2,1,1,1,4.93,43,https://www.airbnb.com/rooms/33180845
33184311,NA,Neighborhood highlights,1,NA,NA,NA,NA,0,https://www.airbnb.com/rooms/33184311
33190224,NA,Neighborhood highlights,2,NA,NA,NA,4.71,7,https://www.airbnb.com/rooms/33190224
33194789,NA,Neighborhood highlights,12,NA,3,NA,4.93,14,https://www.airbnb.com/rooms/33194789
33214803,$58.00,Neighborhood highlights,2,2,1,1,4.9,21,https://www.airbnb.com/rooms/33214803
33218283,$209.00,Neighborhood highlights,3,1,1,2,4.55,11,https://www.airbnb.com/rooms/33218283
33223405,$269.00,Neighborhood highlights,8,1.5,3,3,4.78,86,https://www.airbnb.com/rooms/33223405
33239233,NA,NA,6,NA,2,NA,4.66,35,https://www.airbnb.com/rooms/33239233
33242348,$249.00,Neighborhood highlights,2,1,1,1,4.43,7,https://www.airbnb.com/rooms/33242348
33248625,NA,Neighborhood highlights,2,NA,1,NA,4.88,16,https://www.airbnb.com/rooms/33248625
33265025,NA,NA,1,NA,NA,NA,5,1,https://www.airbnb.com/rooms/33265025
33267342,NA,Neighborhood highlights,6,NA,3,NA,5,2,https://www.airbnb.com/rooms/33267342
33269219,NA,Neighborhood highlights,4,NA,2,NA,4.86,7,https://www.airbnb.com/rooms/33269219
33269801,$85.00,Neighborhood highlights,2,1,1,1,4.62,21,https://www.airbnb.com/rooms/33269801
33271828,$144.00,Neighborhood highlights,2,1,1,1,5,85,https://www.airbnb.com/rooms/33271828
33273525,NA,Neighborhood highlights,2,NA,NA,NA,5,1,https://www.airbnb.com/rooms/33273525
33273859,$120.00,Neighborhood highlights,2,1,1,2,5,15,https://www.airbnb.com/rooms/33273859
33282474,NA,Neighborhood highlights,1,NA,NA,NA,4.5,8,https://www.airbnb.com/rooms/33282474
33295827,NA,Neighborhood highlights,1,NA,NA,NA,NA,0,https://www.airbnb.com/rooms/33295827
33315368,NA,Neighborhood highlights,4,NA,2,NA,4.45,11,https://www.airbnb.com/rooms/33315368
33318809,NA,Neighborhood highlights,2,NA,NA,NA,5,3,https://www.airbnb.com/rooms/33318809
33319941,NA,NA,1,NA,NA,NA,NA,0,https://www.airbnb.com/rooms/33319941
33331140,NA,Neighborhood highlights,3,NA,1,NA,NA,0,https://www.airbnb.com/rooms/33331140
33331584,NA,Neighborhood highlights,4,NA,2,NA,5,2,https://www.airbnb.com/rooms/33331584
33340151,$200.00,NA,2,1,1,1,4.75,36,https://www.airbnb.com/rooms/33340151
33344872,$170.00,Neighborhood highlights,1,1,1,1,NA,0,https://www.airbnb.com/rooms/33344872
33346748,$695.00,Neighborhood highlights,12,2,5,7,4.93,67,https://www.airbnb.com/rooms/33346748
33346826,$159.00,NA,2,1,1,1,5,4,https://www.airbnb.com/rooms/33346826
33348833,NA,Neighborhood highlights,2,NA,1,NA,4.72,32,https://www.airbnb.com/rooms/33348833
33348910,$85.00,Neighborhood highlights,2,1,1,2,4.9,30,https://www.airbnb.com/rooms/33348910
33367026,NA,Neighborhood highlights,2,NA,1,NA,4.8,10,https://www.airbnb.com/rooms/33367026
33373472,NA,NA,4,NA,2,NA,NA,0,https://www.airbnb.com/rooms/33373472
33374241,NA,NA,3,NA,1,NA,NA,0,https://www.airbnb.com/rooms/33374241
33379269,NA,Neighborhood highlights,3,NA,1,NA,4.75,8,https://www.airbnb.com/rooms/33379269
33387469,$356.00,Neighborhood highlights,4,1,1,2,4.97,182,https://www.airbnb.com/rooms/33387469
33394700,NA,Neighborhood highlights,2,NA,NA,NA,4.25,4,https://www.airbnb.com/rooms/33394700
33421406,$59.00,Neighborhood highlights,1,1,1,1,4.67,30,https://www.airbnb.com/rooms/33421406
33422875,NA,Neighborhood highlights,4,NA,2,NA,NA,0,https://www.airbnb.com/rooms/33422875
33423101,NA,Neighborhood highlights,3,NA,1,NA,5,5,https://www.airbnb.com/rooms/33423101
33423849,$69.00,Neighborhood highlights,1,1,1,1,4.94,50,https://www.airbnb.com/rooms/33423849
33424312,NA,NA,2,NA,NA,NA,4.63,8,https://www.airbnb.com/rooms/33424312
33427025,$100.00,Neighborhood highlights,2,1.5,1,1,4.82,136,https://www.airbnb.com/rooms/33427025
33427418,NA,NA,2,NA,1,NA,2,1,https://www.airbnb.com/rooms/33427418
33442531,$150.00,Neighborhood highlights,1,1,1,1,5,5,https://www.airbnb.com/rooms/33442531
33446373,NA,Neighborhood highlights,2,NA,NA,NA,5,1,https://www.airbnb.com/rooms/33446373
33448577,$575.00,Neighborhood highlights,5,1,2,2,4.5,16,https://www.airbnb.com/rooms/33448577
33449304,NA,NA,2,NA,1,NA,NA,0,https://www.airbnb.com/rooms/33449304
33451456,$217.00,Neighborhood highlights,7,1,3,3,4.86,35,https://www.airbnb.com/rooms/33451456
33454764,NA,Neighborhood highlights,2,NA,NA,NA,5,3,https://www.airbnb.com/rooms/33454764
33455322,NA,Neighborhood highlights,2,NA,NA,NA,5,1,https://www.airbnb.com/rooms/33455322
33457366,NA,NA,1,NA,NA,NA,5,4,https://www.airbnb.com/rooms/33457366
33457731,NA,NA,1,NA,NA,NA,4.9,10,https://www.airbnb.com/rooms/33457731
33467371,"$2,048.00",Neighborhood highlights,14,4.5,6,6,5,35,https://www.airbnb.com/rooms/33467371
33469440,NA,Neighborhood highlights,2,NA,NA,NA,4.56,16,https://www.airbnb.com/rooms/33469440
33469797,$125.00,Neighborhood highlights,4,1,2,2,4.9,247,https://www.airbnb.com/rooms/33469797
33474649,NA,Neighborhood highlights,1,NA,NA,NA,5,15,https://www.airbnb.com/rooms/33474649
33485978,NA,Neighborhood highlights,2,NA,NA,NA,4.98,43,https://www.airbnb.com/rooms/33485978
33486731,NA,Neighborhood highlights,3,NA,1,NA,4.86,7,https://www.airbnb.com/rooms/33486731
33489978,NA,Neighborhood highlights,2,NA,1,NA,4.4,5,https://www.airbnb.com/rooms/33489978
33491707,$177.00,Neighborhood highlights,2,1,1,1,4.99,70,https://www.airbnb.com/rooms/33491707
33495663,NA,NA,2,NA,NA,NA,5,1,https://www.airbnb.com/rooms/33495663
33498032,NA,Neighborhood highlights,2,NA,1,NA,4.82,17,https://www.airbnb.com/rooms/33498032
33513897,NA,Neighborhood highlights,8,NA,4,NA,NA,0,https://www.airbnb.com/rooms/33513897
33515695,NA,NA,1,NA,NA,NA,4.83,6,https://www.airbnb.com/rooms/33515695
33516105,$250.00,Neighborhood highlights,4,1,2,2,4.84,31,https://www.airbnb.com/rooms/33516105
33521985,$402.00,Neighborhood highlights,6,1,3,5,4.77,103,https://www.airbnb.com/rooms/33521985
33528562,NA,Neighborhood highlights,1,NA,1,NA,5,10,https://www.airbnb.com/rooms/33528562
33529806,NA,Neighborhood highlights,3,NA,1,NA,4.4,5,https://www.airbnb.com/rooms/33529806
33545797,NA,Neighborhood highlights,2,NA,1,NA,5,11,https://www.airbnb.com/rooms/33545797
33546854,$100.00,NA,5,1,3,3,4.44,18,https://www.airbnb.com/rooms/33546854
33547205,NA,Neighborhood highlights,3,NA,1,NA,4,2,https://www.airbnb.com/rooms/33547205
33556100,NA,Neighborhood highlights,2,NA,NA,NA,4.78,23,https://www.airbnb.com/rooms/33556100
33558102,NA,Neighborhood highlights,2,NA,1,NA,4.64,14,https://www.airbnb.com/rooms/33558102
33558241,NA,Neighborhood highlights,3,NA,2,NA,5,1,https://www.airbnb.com/rooms/33558241
33559330,NA,Neighborhood highlights,3,NA,1,NA,5,1,https://www.airbnb.com/rooms/33559330
33559960,$115.00,Neighborhood highlights,2,1,1,3,4.57,21,https://www.airbnb.com/rooms/33559960
33560323,$120.00,Neighborhood highlights,2,1,0,2,4.82,50,https://www.airbnb.com/rooms/33560323
33560646,NA,NA,2,NA,1,NA,4,1,https://www.airbnb.com/rooms/33560646
33560707,NA,Neighborhood highlights,5,NA,1,NA,NA,0,https://www.airbnb.com/rooms/33560707
33580893,$437.00,Neighborhood highlights,2,1,1,2,4.76,29,https://www.airbnb.com/rooms/33580893
33580907,$406.00,Neighborhood highlights,2,1,1,1,4.68,74,https://www.airbnb.com/rooms/33580907
33581628,$123.00,Neighborhood highlights,4,1,2,3,4.98,56,https://www.airbnb.com/rooms/33581628
33589554,$225.00,Neighborhood highlights,7,1,3,3,4.79,71,https://www.airbnb.com/rooms/33589554
33589697,$194.00,Neighborhood highlights,2,1,1,2,4.93,29,https://www.airbnb.com/rooms/33589697
33603476,NA,Neighborhood highlights,2,NA,2,NA,NA,0,https://www.airbnb.com/rooms/33603476
33607399,NA,Neighborhood highlights,2,NA,1,NA,1,1,https://www.airbnb.com/rooms/33607399
33608420,NA,NA,2,NA,1,NA,5,4,https://www.airbnb.com/rooms/33608420
33611062,NA,Neighborhood highlights,2,NA,1,NA,4.75,8,https://www.airbnb.com/rooms/33611062
33611809,$170.00,Neighborhood highlights,3,1,0,1,4.43,7,https://www.airbnb.com/rooms/33611809
33612951,"$3,000.00",NA,16,5,5,16,NA,0,https://www.airbnb.com/rooms/33612951
33613736,$42.00,Neighborhood highlights,2,1,1,2,4.61,18,https://www.airbnb.com/rooms/33613736
33617342,NA,NA,2,NA,2,NA,NA,0,https://www.airbnb.com/rooms/33617342
33618213,NA,Neighborhood highlights,1,NA,NA,NA,5,2,https://www.airbnb.com/rooms/33618213
33632312,$235.00,Neighborhood highlights,4,1,1,2,4.76,21,https://www.airbnb.com/rooms/33632312
33635511,$105.00,Neighborhood highlights,5,1,1,1,4.71,14,https://www.airbnb.com/rooms/33635511
33639841,NA,NA,2,NA,NA,NA,NA,0,https://www.airbnb.com/rooms/33639841
33642152,$51.00,Neighborhood highlights,2,1,1,1,4.67,18,https://www.airbnb.com/rooms/33642152
33642266,$250.00,Neighborhood highlights,2,1,1,2,4.78,130,https://www.airbnb.com/rooms/33642266
33653706,$361.00,Neighborhood highlights,6,1,3,3,4.54,13,https://www.airbnb.com/rooms/33653706
33654747,$207.00,Neighborhood highlights,3,1,2,2,5,3,https://www.airbnb.com/rooms/33654747
33660716,NA,NA,2,NA,NA,NA,5,2,https://www.airbnb.com/rooms/33660716
33660911,$430.00,Neighborhood highlights,6,1.5,3,3,5,117,https://www.airbnb.com/rooms/33660911
33662914,$85.00,Neighborhood highlights,2,1,1,2,4.36,11,https://www.airbnb.com/rooms/33662914
33664484,$350.00,Neighborhood highlights,8,1.5,3,4,4.94,54,https://www.airbnb.com/rooms/33664484
33667731,NA,Neighborhood highlights,2,NA,NA,NA,4.67,39,https://www.airbnb.com/rooms/33667731
33677607,$60.00,Neighborhood highlights,1,1,1,1,NA,0,https://www.airbnb.com/rooms/33677607
33683407,$179.00,Neighborhood highlights,2,1,1,1,4.93,69,https://www.airbnb.com/rooms/33683407
33689191,$74.00,Neighborhood highlights,4,1,1,3,5,1,https://www.airbnb.com/rooms/33689191
33689832,$85.00,Neighborhood highlights,1,1,1,1,NA,0,https://www.airbnb.com/rooms/33689832
33689844,NA,Neighborhood highlights,4,NA,2,NA,NA,0,https://www.airbnb.com/rooms/33689844
33691396,NA,NA,4,NA,2,NA,4.6,5,https://www.airbnb.com/rooms/33691396
33705274,NA,Neighborhood highlights,1,NA,NA,NA,5,16,https://www.airbnb.com/rooms/33705274
33706354,NA,NA,2,NA,2,NA,4,4,https://www.airbnb.com/rooms/33706354
33711101,NA,Neighborhood highlights,2,NA,NA,NA,4.44,16,https://www.airbnb.com/rooms/33711101
33711350,NA,Neighborhood highlights,2,NA,NA,NA,NA,0,https://www.airbnb.com/rooms/33711350
33716043,$57.00,Neighborhood highlights,2,1.5,1,1,4.84,91,https://www.airbnb.com/rooms/33716043
33726859,NA,Neighborhood highlights,2,NA,NA,NA,4.56,34,https://www.airbnb.com/rooms/33726859
33735398,$160.00,Neighborhood highlights,7,1.5,3,3,4.83,175,https://www.airbnb.com/rooms/33735398
33741107,NA,NA,1,NA,NA,NA,5,2,https://www.airbnb.com/rooms/33741107
33743082,$99.00,Neighborhood highlights,4,1,1,2,5,8,https://www.airbnb.com/rooms/33743082
33743807,NA,Neighborhood highlights,4,NA,NA,NA,4.87,15,https://www.airbnb.com/rooms/33743807
33745549,NA,Neighborhood highlights,2,NA,1,NA,4.2,30,https://www.airbnb.com/rooms/33745549
33752082,$55.00,Neighborhood highlights,2,4,1,1,4.59,46,https://www.airbnb.com/rooms/33752082
33753198,NA,Neighborhood highlights,2,NA,NA,NA,5,1,https://www.airbnb.com/rooms/33753198
33763207,NA,Neighborhood highlights,2,NA,NA,NA,4.79,56,https://www.airbnb.com/rooms/33763207
33765725,NA,Neighborhood highlights,1,NA,NA,NA,NA,0,https://www.airbnb.com/rooms/33765725
33772218,$329.00,NA,6,1,0,3,4.2,95,https://www.airbnb.com/rooms/33772218
33772781,NA,Neighborhood highlights,2,NA,1,NA,5,10,https://www.airbnb.com/rooms/33772781
33776576,$240.00,Neighborhood highlights,4,1,2,3,4.96,104,https://www.airbnb.com/rooms/33776576
33785477,$220.00,Neighborhood highlights,8,1,2,2,4.69,167,https://www.airbnb.com/rooms/33785477
33787438,NA,NA,2,NA,1,NA,4,18,https://www.airbnb.com/rooms/33787438
33796251,NA,NA,2,NA,NA,NA,NA,0,https://www.airbnb.com/rooms/33796251
33801117,$61.00,NA,1,1,0,1,4.8,20,https://www.airbnb.com/rooms/33801117
33820675,$40.00,Neighborhood highlights,1,1,1,1,4.96,27,https://www.airbnb.com/rooms/33820675
33823598,$56.00,NA,2,1,1,1,4.86,36,https://www.airbnb.com/rooms/33823598
33826205,$270.00,Neighborhood highlights,5,1,2,4,5,4,https://www.airbnb.com/rooms/33826205
33826775,NA,Neighborhood highlights,2,NA,1,NA,5,1,https://www.airbnb.com/rooms/33826775
33829619,$49.00,Neighborhood highlights,1,1,1,1,4.61,28,https://www.airbnb.com/rooms/33829619
33829791,$42.00,Neighborhood highlights,2,1,1,1,3,2,https://www.airbnb.com/rooms/33829791
33832840,NA,Neighborhood highlights,2,NA,NA,NA,4.9,72,https://www.airbnb.com/rooms/33832840
33833257,NA,Neighborhood highlights,1,NA,NA,NA,4.59,177,https://www.airbnb.com/rooms/33833257
33835470,NA,Neighborhood highlights,1,NA,NA,NA,4.61,150,https://www.airbnb.com/rooms/33835470
33835992,$77.00,Neighborhood highlights,2,1,1,2,4.86,288,https://www.airbnb.com/rooms/33835992
33849970,NA,Neighborhood highlights,1,NA,NA,NA,4.36,11,https://www.airbnb.com/rooms/33849970
33852557,NA,Neighborhood highlights,2,NA,NA,NA,4.78,23,https://www.airbnb.com/rooms/33852557
33852604,NA,NA,1,NA,NA,NA,4.92,37,https://www.airbnb.com/rooms/33852604
33853465,$188.00,Neighborhood highlights,1,1,1,1,4.85,13,https://www.airbnb.com/rooms/33853465
33854066,NA,Neighborhood highlights,1,NA,NA,NA,4.82,160,https://www.airbnb.com/rooms/33854066
33858603,NA,Neighborhood highlights,6,NA,1,NA,NA,0,https://www.airbnb.com/rooms/33858603
33870097,NA,Neighborhood highlights,1,NA,1,NA,5,11,https://www.airbnb.com/rooms/33870097
33873570,$41.00,Neighborhood highlights,1,1,1,1,4.79,81,https://www.airbnb.com/rooms/33873570
33873780,$325.00,Neighborhood highlights,6,2,3,4,4.96,53,https://www.airbnb.com/rooms/33873780
33875614,NA,Neighborhood highlights,2,NA,4,NA,4.57,7,https://www.airbnb.com/rooms/33875614
33877113,NA,Neighborhood highlights,2,NA,NA,NA,4,3,https://www.airbnb.com/rooms/33877113
33877798,$103.00,Neighborhood highlights,4,1,1,2,4.79,53,https://www.airbnb.com/rooms/33877798
33880238,NA,Neighborhood highlights,4,NA,2,NA,4.79,14,https://www.airbnb.com/rooms/33880238
33883497,$275.00,Neighborhood highlights,2,1,2,3,4.73,235,https://www.airbnb.com/rooms/33883497
33883949,$55.00,Neighborhood highlights,1,1,1,2,5,2,https://www.airbnb.com/rooms/33883949
33897838,NA,Neighborhood highlights,3,NA,1,NA,4.71,7,https://www.airbnb.com/rooms/33897838
33903300,$330.00,Neighborhood highlights,5,2,2,3,4.96,172,https://www.airbnb.com/rooms/33903300
33904680,NA,Neighborhood highlights,2,NA,NA,NA,5,3,https://www.airbnb.com/rooms/33904680
33907325,$68.00,Neighborhood highlights,2,1,1,1,4.61,235,https://www.airbnb.com/rooms/33907325
33908121,NA,NA,2,NA,NA,NA,NA,0,https://www.airbnb.com/rooms/33908121
33910078,$130.00,Neighborhood highlights,2,1,1,2,4.79,140,https://www.airbnb.com/rooms/33910078
33917958,$70.00,Neighborhood highlights,2,1,1,1,5,12,https://www.airbnb.com/rooms/33917958
33926074,NA,NA,1,NA,NA,NA,4.87,15,https://www.airbnb.com/rooms/33926074
33927253,NA,Neighborhood highlights,1,NA,NA,NA,5,1,https://www.airbnb.com/rooms/33927253
33927923,NA,NA,2,NA,1,NA,5,4,https://www.airbnb.com/rooms/33927923
33928971,NA,Neighborhood highlights,4,NA,1,NA,4.78,18,https://www.airbnb.com/rooms/33928971
33930883,NA,NA,5,NA,2,NA,NA,0,https://www.airbnb.com/rooms/33930883
33936370,$900.00,Neighborhood highlights,2,1,1,1,NA,0,https://www.airbnb.com/rooms/33936370
33937466,$100.00,Neighborhood highlights,2,1,1,1,5,11,https://www.airbnb.com/rooms/33937466
33937844,NA,Neighborhood highlights,5,NA,2,NA,4.57,21,https://www.airbnb.com/rooms/33937844
33937907,NA,Neighborhood highlights,1,NA,1,NA,4.94,79,https://www.airbnb.com/rooms/33937907
33954574,NA,NA,4,NA,1,NA,4.6,5,https://www.airbnb.com/rooms/33954574
33956049,NA,Neighborhood highlights,2,NA,NA,NA,4.2,30,https://www.airbnb.com/rooms/33956049
33961505,$160.00,Neighborhood highlights,3,1,1,2,4,1,https://www.airbnb.com/rooms/33961505
33964014,NA,Neighborhood highlights,1,NA,NA,NA,4.84,19,https://www.airbnb.com/rooms/33964014
33964535,NA,NA,2,NA,NA,NA,4,1,https://www.airbnb.com/rooms/33964535
33969898,NA,NA,1,NA,NA,NA,NA,0,https://www.airbnb.com/rooms/33969898
33970585,NA,NA,2,NA,1,NA,4.5,2,https://www.airbnb.com/rooms/33970585
33971170,$250.00,Neighborhood highlights,4,1,1,2,4.79,24,https://www.airbnb.com/rooms/33971170
33974082,$59.00,Neighborhood highlights,2,2,1,1,4.55,73,https://www.airbnb.com/rooms/33974082
33974640,$52.00,Neighborhood highlights,1,2,1,1,4.73,44,https://www.airbnb.com/rooms/33974640
33974777,$45.00,Neighborhood highlights,1,2,1,1,4.69,54,https://www.airbnb.com/rooms/33974777
33981416,$122.00,Neighborhood highlights,1,1,1,2,5,2,https://www.airbnb.com/rooms/33981416
33982630,$128.00,Neighborhood highlights,2,1,1,1,4.69,16,https://www.airbnb.com/rooms/33982630
33985846,NA,Neighborhood highlights,5,NA,2,NA,5,2,https://www.airbnb.com/rooms/33985846
33987509,NA,Neighborhood highlights,2,NA,NA,NA,4.4,5,https://www.airbnb.com/rooms/33987509
33989681,$195.00,Neighborhood highlights,2,1,1,1,4.86,248,https://www.airbnb.com/rooms/33989681
33994927,NA,Neighborhood highlights,4,NA,2,NA,4.94,17,https://www.airbnb.com/rooms/33994927
33995646,NA,NA,4,NA,2,NA,NA,0,https://www.airbnb.com/rooms/33995646
33996721,$150.00,Neighborhood highlights,1,1,2,2,4.53,49,https://www.airbnb.com/rooms/33996721
33999377,$52.00,NA,1,2,1,1,4.68,63,https://www.airbnb.com/rooms/33999377
33999874,$54.00,Neighborhood highlights,2,2,1,1,4.83,54,https://www.airbnb.com/rooms/33999874
34011627,NA,Neighborhood highlights,2,NA,NA,NA,NA,0,https://www.airbnb.com/rooms/34011627
34014027,NA,NA,2,NA,NA,NA,5,4,https://www.airbnb.com/rooms/34014027
34017530,NA,Neighborhood highlights,1,NA,4,NA,NA,0,https://www.airbnb.com/rooms/34017530
34017965,$125.00,Neighborhood highlights,4,1,1,2,4.94,96,https://www.airbnb.com/rooms/34017965
34022740,$110.00,Neighborhood highlights,2,1,1,1,4.86,29,https://www.airbnb.com/rooms/34022740
34023411,NA,NA,5,NA,2,NA,NA,0,https://www.airbnb.com/rooms/34023411
34023558,NA,NA,4,NA,1,NA,4.67,3,https://www.airbnb.com/rooms/34023558
34024187,$95.00,Neighborhood highlights,5,1,2,3,NA,0,https://www.airbnb.com/rooms/34024187
34039045,NA,NA,3,NA,1,NA,5,2,https://www.airbnb.com/rooms/34039045
34042173,NA,Neighborhood highlights,2,NA,NA,NA,4.75,4,https://www.airbnb.com/rooms/34042173
34042870,NA,Neighborhood highlights,2,NA,NA,NA,NA,0,https://www.airbnb.com/rooms/34042870
34051381,NA,NA,5,NA,1,NA,NA,0,https://www.airbnb.com/rooms/34051381
34051551,$43.00,NA,2,1,1,2,4.58,12,https://www.airbnb.com/rooms/34051551
34053516,NA,NA,4,NA,1,NA,NA,0,https://www.airbnb.com/rooms/34053516
34055336,NA,Neighborhood highlights,2,NA,NA,NA,NA,0,https://www.airbnb.com/rooms/34055336
34056679,NA,NA,2,NA,1,NA,5,14,https://www.airbnb.com/rooms/34056679
34059931,$219.00,Neighborhood highlights,3,1,1,2,5,9,https://www.airbnb.com/rooms/34059931
34062693,$65.00,Neighborhood highlights,2,1,1,2,NA,0,https://www.airbnb.com/rooms/34062693
34063075,NA,Neighborhood highlights,5,NA,2,NA,4.74,35,https://www.airbnb.com/rooms/34063075
34071447,NA,Neighborhood highlights,2,NA,1,NA,4.71,14,https://www.airbnb.com/rooms/34071447
34071685,NA,Neighborhood highlights,2,NA,1,NA,5,3,https://www.airbnb.com/rooms/34071685
34071687,NA,Neighborhood highlights,2,NA,1,NA,4.31,137,https://www.airbnb.com/rooms/34071687
34071688,NA,Neighborhood highlights,2,NA,1,NA,5,1,https://www.airbnb.com/rooms/34071688
34071691,NA,Neighborhood highlights,2,NA,1,NA,4.57,591,https://www.airbnb.com/rooms/34071691
34071692,NA,Neighborhood highlights,2,NA,1,NA,4.43,234,https://www.airbnb.com/rooms/34071692
34071693,NA,Neighborhood highlights,2,NA,1,NA,4.77,13,https://www.airbnb.com/rooms/34071693
34071699,NA,Neighborhood highlights,2,NA,1,NA,4.45,88,https://www.airbnb.com/rooms/34071699
34071700,NA,Neighborhood highlights,2,NA,1,NA,4.42,48,https://www.airbnb.com/rooms/34071700
34071962,$555.00,Neighborhood highlights,2,1,1,1,4.6,495,https://www.airbnb.com/rooms/34071962
34072049,$350.00,Neighborhood highlights,2,1,1,1,4.54,424,https://www.airbnb.com/rooms/34072049
34072160,$308.00,Neighborhood highlights,2,1,1,1,4.6,281,https://www.airbnb.com/rooms/34072160
34072162,$308.00,Neighborhood highlights,2,1,1,2,4.67,12,https://www.airbnb.com/rooms/34072162
34072164,$350.00,Neighborhood highlights,2,1,1,1,4.65,40,https://www.airbnb.com/rooms/34072164
34072165,$482.00,Neighborhood highlights,2,1,1,1,4.46,13,https://www.airbnb.com/rooms/34072165
34078420,NA,Neighborhood highlights,2,NA,1,NA,3.92,12,https://www.airbnb.com/rooms/34078420
34084359,$85.00,Neighborhood highlights,1,1,1,1,3.67,3,https://www.airbnb.com/rooms/34084359
34086213,NA,Neighborhood highlights,6,NA,1,NA,4.67,3,https://www.airbnb.com/rooms/34086213
34087005,$100.00,Neighborhood highlights,1,1,1,1,NA,0,https://www.airbnb.com/rooms/34087005
34088961,NA,NA,2,NA,NA,NA,4.56,9,https://www.airbnb.com/rooms/34088961
34094976,NA,NA,1,NA,NA,NA,NA,0,https://www.airbnb.com/rooms/34094976
34096002,NA,NA,2,NA,NA,NA,NA,0,https://www.airbnb.com/rooms/34096002
34101162,NA,NA,2,NA,1,NA,5,2,https://www.airbnb.com/rooms/34101162
34107684,NA,Neighborhood highlights,2,NA,1,NA,4.57,7,https://www.airbnb.com/rooms/34107684
34108545,NA,Neighborhood highlights,2,NA,1,NA,NA,0,https://www.airbnb.com/rooms/34108545
34109471,NA,Neighborhood highlights,4,NA,1,NA,4.8,5,https://www.airbnb.com/rooms/34109471
34114232,$89.00,Neighborhood highlights,2,1,0,1,4.92,12,https://www.airbnb.com/rooms/34114232
34116575,NA,Neighborhood highlights,2,NA,NA,NA,4.89,19,https://www.airbnb.com/rooms/34116575
34118590,$150.00,Neighborhood highlights,1,3.5,4,1,4.75,4,https://www.airbnb.com/rooms/34118590
34119451,$843.00,Neighborhood highlights,12,2.5,3,5,4.96,26,https://www.airbnb.com/rooms/34119451
34123251,$127.00,Neighborhood highlights,3,1,2,3,4.68,106,https://www.airbnb.com/rooms/34123251
34127215,$900.00,NA,6,2.5,4,5,5,28,https://www.airbnb.com/rooms/34127215
34136999,$237.00,Neighborhood highlights,2,1,0,1,5,1,https://www.airbnb.com/rooms/34136999
34138042,$278.00,Neighborhood highlights,2,1,0,1,NA,0,https://www.airbnb.com/rooms/34138042
34138100,$301.00,Neighborhood highlights,2,1,1,1,NA,0,https://www.airbnb.com/rooms/34138100
34142194,NA,Neighborhood highlights,2,NA,NA,NA,4.3,10,https://www.airbnb.com/rooms/34142194
34142214,$50.00,Neighborhood highlights,2,1,1,1,4.64,39,https://www.airbnb.com/rooms/34142214
34142893,NA,NA,1,NA,NA,NA,4.67,6,https://www.airbnb.com/rooms/34142893
34150118,$170.00,Neighborhood highlights,2,1,1,1,4.74,43,https://www.airbnb.com/rooms/34150118
34152598,NA,Neighborhood highlights,1,NA,NA,NA,4.75,8,https://www.airbnb.com/rooms/34152598
34169395,$587.00,Neighborhood highlights,4,1.5,2,2,NA,0,https://www.airbnb.com/rooms/34169395
34172085,$57.00,Neighborhood highlights,1,1,1,1,4.81,149,https://www.airbnb.com/rooms/34172085
34175118,$115.00,NA,2,1,1,2,4.47,15,https://www.airbnb.com/rooms/34175118
34180340,NA,Neighborhood highlights,1,NA,NA,NA,NA,0,https://www.airbnb.com/rooms/34180340
34181803,$108.00,Neighborhood highlights,2,1,1,1,4.76,71,https://www.airbnb.com/rooms/34181803
34183108,$188.00,Neighborhood highlights,2,1,1,1,4.97,68,https://www.airbnb.com/rooms/34183108
34197959,NA,Neighborhood highlights,1,NA,NA,NA,NA,0,https://www.airbnb.com/rooms/34197959
34199783,NA,NA,2,NA,1,NA,5,4,https://www.airbnb.com/rooms/34199783
34202304,NA,Neighborhood highlights,2,NA,1,NA,4,1,https://www.airbnb.com/rooms/34202304
34202651,NA,Neighborhood highlights,7,NA,3,NA,4.83,18,https://www.airbnb.com/rooms/34202651
34205576,$240.00,Neighborhood highlights,2,1,2,2,5,2,https://www.airbnb.com/rooms/34205576
34206567,$199.00,Neighborhood highlights,2,2,1,1,5,1,https://www.airbnb.com/rooms/34206567
34209440,$55.00,Neighborhood highlights,2,4,1,1,4.74,31,https://www.airbnb.com/rooms/34209440
34230593,$207.00,Neighborhood highlights,2,1,1,1,4.74,34,https://www.airbnb.com/rooms/34230593
34231172,$139.00,Neighborhood highlights,2,1,1,1,4.88,194,https://www.airbnb.com/rooms/34231172
34231746,NA,Neighborhood highlights,1,NA,NA,NA,NA,0,https://www.airbnb.com/rooms/34231746
34234215,$95.00,Neighborhood highlights,5,1,2,5,4.92,107,https://www.airbnb.com/rooms/34234215
34251664,NA,NA,2,NA,NA,NA,NA,0,https://www.airbnb.com/rooms/34251664
34253845,$145.00,Neighborhood highlights,2,1,1,1,4.64,39,https://www.airbnb.com/rooms/34253845
34255183,NA,Neighborhood highlights,5,NA,3,NA,4.83,6,https://www.airbnb.com/rooms/34255183
34255740,NA,Neighborhood highlights,3,NA,1,NA,4.71,7,https://www.airbnb.com/rooms/34255740
34256727,$121.00,Neighborhood highlights,3,1,1,2,4.92,86,https://www.airbnb.com/rooms/34256727
34258883,$36.00,Neighborhood highlights,1,1,1,1,5,7,https://www.airbnb.com/rooms/34258883
34272580,$250.00,Neighborhood highlights,4,1,3,3,5,7,https://www.airbnb.com/rooms/34272580
34274062,NA,NA,2,NA,NA,NA,5,1,https://www.airbnb.com/rooms/34274062
34278935,$150.00,Neighborhood highlights,4,1,2,4,4.92,113,https://www.airbnb.com/rooms/34278935
34279388,$65.00,Neighborhood highlights,1,1,2,1,5,12,https://www.airbnb.com/rooms/34279388
34281515,$50.00,Neighborhood highlights,2,1,1,1,4.75,36,https://www.airbnb.com/rooms/34281515
34284185,NA,Neighborhood highlights,1,NA,NA,NA,4.89,9,https://www.airbnb.com/rooms/34284185
34287923,$178.00,Neighborhood highlights,6,1,3,3,4.24,66,https://www.airbnb.com/rooms/34287923
34289855,$695.00,Neighborhood highlights,6,3,3,3,5,4,https://www.airbnb.com/rooms/34289855
34306797,NA,NA,2,NA,1,NA,4.2,5,https://www.airbnb.com/rooms/34306797
34309096,NA,Neighborhood highlights,2,NA,NA,NA,NA,0,https://www.airbnb.com/rooms/34309096
34313601,$279.00,Neighborhood highlights,2,1,1,2,4.89,252,https://www.airbnb.com/rooms/34313601
34315737,$58.00,NA,2,1,1,2,4.21,29,https://www.airbnb.com/rooms/34315737
34316911,NA,Neighborhood highlights,2,NA,NA,NA,5,2,https://www.airbnb.com/rooms/34316911
34317916,$85.00,NA,2,1,1,1,4.86,35,https://www.airbnb.com/rooms/34317916
34327434,$120.00,Neighborhood highlights,2,1,1,2,4,1,https://www.airbnb.com/rooms/34327434
34335995,$165.00,Neighborhood highlights,2,1,0,1,4.97,77,https://www.airbnb.com/rooms/34335995
34336135,$110.00,Neighborhood highlights,4,1,2,2,4.83,6,https://www.airbnb.com/rooms/34336135
34336328,NA,NA,6,NA,3,NA,5,6,https://www.airbnb.com/rooms/34336328
34337267,$106.00,Neighborhood highlights,2,1,1,1,4.91,227,https://www.airbnb.com/rooms/34337267
34337805,$149.00,NA,2,1,3,0,NA,0,https://www.airbnb.com/rooms/34337805
34340192,$135.00,Neighborhood highlights,2,1,1,1,4.75,8,https://www.airbnb.com/rooms/34340192
34340299,NA,NA,4,NA,1,NA,4.8,5,https://www.airbnb.com/rooms/34340299
34340357,$218.00,Neighborhood highlights,2,1,1,2,4.62,21,https://www.airbnb.com/rooms/34340357
34340625,NA,Neighborhood highlights,2,NA,2,NA,NA,0,https://www.airbnb.com/rooms/34340625
34343028,NA,Neighborhood highlights,4,NA,NA,NA,NA,0,https://www.airbnb.com/rooms/34343028
34343752,$629.00,Neighborhood highlights,4,1,2,2,4.85,114,https://www.airbnb.com/rooms/34343752
34346014,NA,Neighborhood highlights,2,NA,1,NA,5,11,https://www.airbnb.com/rooms/34346014
34358402,$220.00,Neighborhood highlights,4,1,0,2,4.97,187,https://www.airbnb.com/rooms/34358402
34360431,NA,Neighborhood highlights,2,NA,NA,NA,4.5,4,https://www.airbnb.com/rooms/34360431
34362400,NA,NA,8,NA,3,NA,NA,0,https://www.airbnb.com/rooms/34362400
34362677,$389.00,Neighborhood highlights,4,1,2,2,5,11,https://www.airbnb.com/rooms/34362677
34363916,$750.00,NA,4,3,2,2,4.98,47,https://www.airbnb.com/rooms/34363916
34365364,NA,Neighborhood highlights,2,NA,1,NA,4.97,29,https://www.airbnb.com/rooms/34365364
34368927,NA,Neighborhood highlights,2,NA,1,NA,4.33,3,https://www.airbnb.com/rooms/34368927
34369607,NA,NA,2,NA,NA,NA,4.5,40,https://www.airbnb.com/rooms/34369607
34370526,$243.00,Neighborhood highlights,2,1,1,1,4.67,39,https://www.airbnb.com/rooms/34370526
34370821,$60.00,Neighborhood highlights,2,1,1,1,4.75,8,https://www.airbnb.com/rooms/34370821
34371913,NA,Neighborhood highlights,2,NA,NA,NA,4.71,7,https://www.airbnb.com/rooms/34371913
34371999,NA,Neighborhood highlights,2,NA,NA,NA,5,1,https://www.airbnb.com/rooms/34371999
34383611,NA,Neighborhood highlights,2,NA,NA,NA,NA,0,https://www.airbnb.com/rooms/34383611
34384580,NA,Neighborhood highlights,5,NA,2,NA,5,3,https://www.airbnb.com/rooms/34384580
34384911,$263.00,Neighborhood highlights,2,1,1,1,NA,0,https://www.airbnb.com/rooms/34384911
34384958,$110.00,Neighborhood highlights,2,1,0,1,5,3,https://www.airbnb.com/rooms/34384958
34392044,NA,NA,2,NA,NA,NA,4.44,43,https://www.airbnb.com/rooms/34392044
34393812,NA,Neighborhood highlights,4,NA,2,NA,5,20,https://www.airbnb.com/rooms/34393812
34411728,$70.00,NA,2,1,1,1,5,8,https://www.airbnb.com/rooms/34411728
34415992,$227.00,Neighborhood highlights,2,1,1,1,4.98,107,https://www.airbnb.com/rooms/34415992
34417340,NA,Neighborhood highlights,2,NA,NA,NA,NA,0,https://www.airbnb.com/rooms/34417340
34420423,NA,Neighborhood highlights,3,NA,1,NA,5,2,https://www.airbnb.com/rooms/34420423
34422468,NA,NA,4,NA,2,NA,5,2,https://www.airbnb.com/rooms/34422468
34433947,$74.00,Neighborhood highlights,2,1,1,1,5,2,https://www.airbnb.com/rooms/34433947
34436638,NA,Neighborhood highlights,2,NA,1,NA,NA,0,https://www.airbnb.com/rooms/34436638
34443205,NA,Neighborhood highlights,6,NA,3,NA,4.79,14,https://www.airbnb.com/rooms/34443205
34447510,NA,NA,2,NA,1,NA,NA,0,https://www.airbnb.com/rooms/34447510
34449879,NA,NA,1,NA,NA,NA,NA,0,https://www.airbnb.com/rooms/34449879
34467399,NA,Neighborhood highlights,2,NA,NA,NA,5,11,https://www.airbnb.com/rooms/34467399
34468721,$345.00,Neighborhood highlights,2,2,3,7,4.76,116,https://www.airbnb.com/rooms/34468721
34471928,NA,Neighborhood highlights,6,NA,9,NA,NA,0,https://www.airbnb.com/rooms/34471928
34478311,$141.00,Neighborhood highlights,2,1,1,1,4.91,129,https://www.airbnb.com/rooms/34478311
34478719,$123.00,Neighborhood highlights,4,1,1,2,4.93,45,https://www.airbnb.com/rooms/34478719
34480008,$105.00,NA,2,1,2,2,NA,0,https://www.airbnb.com/rooms/34480008
34485317,$286.00,NA,2,1,1,1,4.45,20,https://www.airbnb.com/rooms/34485317
34485693,NA,NA,2,NA,1,NA,NA,0,https://www.airbnb.com/rooms/34485693
34485694,$320.00,NA,2,1,1,1,4.4,40,https://www.airbnb.com/rooms/34485694
34485696,NA,NA,2,NA,1,NA,NA,0,https://www.airbnb.com/rooms/34485696
34485697,NA,NA,2,NA,1,NA,NA,0,https://www.airbnb.com/rooms/34485697
34485698,$303.00,NA,2,1,1,1,4.18,22,https://www.airbnb.com/rooms/34485698
34485699,$362.00,NA,2,1,1,2,3.78,9,https://www.airbnb.com/rooms/34485699
34485702,$303.00,NA,2,1,1,1,3,1,https://www.airbnb.com/rooms/34485702
34485742,$304.00,NA,1,1.5,1,0,4.02,130,https://www.airbnb.com/rooms/34485742
34485745,NA,NA,1,NA,1,NA,4.2,5,https://www.airbnb.com/rooms/34485745
34487491,$283.00,Neighborhood highlights,2,1,1,1,4.2,88,https://www.airbnb.com/rooms/34487491
34491852,$545.00,Neighborhood highlights,2,1,1,1,5,5,https://www.airbnb.com/rooms/34491852
34491871,$595.00,Neighborhood highlights,2,1,1,1,5,5,https://www.airbnb.com/rooms/34491871
34491918,$496.00,NA,2,1,1,2,4.5,2,https://www.airbnb.com/rooms/34491918
34493830,$97.00,Neighborhood highlights,2,1,2,2,5,4,https://www.airbnb.com/rooms/34493830
34494974,NA,Neighborhood highlights,2,NA,NA,NA,NA,0,https://www.airbnb.com/rooms/34494974
34500384,NA,Neighborhood highlights,2,NA,1,NA,4.89,18,https://www.airbnb.com/rooms/34500384
34501725,NA,Neighborhood highlights,4,NA,2,NA,5,3,https://www.airbnb.com/rooms/34501725
34501825,NA,Neighborhood highlights,2,NA,NA,NA,4.41,29,https://www.airbnb.com/rooms/34501825
34507048,NA,Neighborhood highlights,3,NA,NA,NA,5,1,https://www.airbnb.com/rooms/34507048
34508183,$220.00,Neighborhood highlights,4,1.5,2,2,4.9,21,https://www.airbnb.com/rooms/34508183
34508577,NA,NA,2,NA,NA,NA,NA,0,https://www.airbnb.com/rooms/34508577
34509926,NA,Neighborhood highlights,5,NA,1,NA,4,1,https://www.airbnb.com/rooms/34509926
34510977,$399.00,Neighborhood highlights,2,1,1,1,4.83,12,https://www.airbnb.com/rooms/34510977
34533172,NA,Neighborhood highlights,2,NA,1,NA,4.75,12,https://www.airbnb.com/rooms/34533172
34535182,$110.00,Neighborhood highlights,2,1,1,1,4.94,31,https://www.airbnb.com/rooms/34535182
34536285,NA,NA,2,NA,NA,NA,4.4,5,https://www.airbnb.com/rooms/34536285
34537321,$65.00,Neighborhood highlights,2,1,0,1,4,6,https://www.airbnb.com/rooms/34537321
34539406,$130.00,Neighborhood highlights,2,1,1,1,4.92,12,https://www.airbnb.com/rooms/34539406
34542125,$145.00,Neighborhood highlights,2,1,1,1,4.76,42,https://www.airbnb.com/rooms/34542125
34542550,$62.00,NA,1,1,1,1,5,1,https://www.airbnb.com/rooms/34542550
34542878,NA,Neighborhood highlights,2,NA,NA,NA,4.94,51,https://www.airbnb.com/rooms/34542878
34544360,$250.00,NA,3,1,1,1,NA,0,https://www.airbnb.com/rooms/34544360
34546192,NA,Neighborhood highlights,2,NA,NA,NA,5,4,https://www.airbnb.com/rooms/34546192
34559748,$175.00,NA,5,1,3,3,NA,0,https://www.airbnb.com/rooms/34559748
34568831,$91.00,NA,4,1,1,2,4.91,89,https://www.airbnb.com/rooms/34568831
34570070,NA,Neighborhood highlights,6,NA,2,NA,NA,0,https://www.airbnb.com/rooms/34570070
34576062,$165.00,Neighborhood highlights,6,2,2,3,4.67,9,https://www.airbnb.com/rooms/34576062
34592851,"$4,000.00",Neighborhood highlights,16,3.5,4,4,5,3,https://www.airbnb.com/rooms/34592851
34592979,$314.00,Neighborhood highlights,2,1,1,1,NA,0,https://www.airbnb.com/rooms/34592979
34592997,$80.00,Neighborhood highlights,2,1.5,1,1,5,28,https://www.airbnb.com/rooms/34592997
34593016,$305.00,Neighborhood highlights,4,2,2,2,NA,0,https://www.airbnb.com/rooms/34593016
34593055,$318.00,Neighborhood highlights,4,2,2,2,3,1,https://www.airbnb.com/rooms/34593055
34593686,NA,Neighborhood highlights,2,NA,NA,NA,NA,0,https://www.airbnb.com/rooms/34593686
34595632,NA,Neighborhood highlights,2,NA,NA,NA,4.59,22,https://www.airbnb.com/rooms/34595632
34596689,NA,NA,4,NA,NA,NA,NA,0,https://www.airbnb.com/rooms/34596689
34596961,$99.00,Neighborhood highlights,3,1,1,2,4.81,140,https://www.airbnb.com/rooms/34596961
34600024,$116.00,NA,6,1,2,3,4.74,98,https://www.airbnb.com/rooms/34600024
34603173,$139.00,Neighborhood highlights,2,1,1,2,4.73,11,https://www.airbnb.com/rooms/34603173
34604981,$89.00,Neighborhood highlights,1,1,1,1,5,3,https://www.airbnb.com/rooms/34604981
34605049,NA,Neighborhood highlights,1,NA,NA,NA,5,13,https://www.airbnb.com/rooms/34605049
34616078,$41.00,NA,1,1,1,1,4.35,17,https://www.airbnb.com/rooms/34616078
34620162,$88.00,NA,2,1,1,1,4.8,288,https://www.airbnb.com/rooms/34620162
34621385,NA,Neighborhood highlights,4,NA,2,NA,5,12,https://www.airbnb.com/rooms/34621385
34623269,NA,Neighborhood highlights,2,NA,1,NA,5,4,https://www.airbnb.com/rooms/34623269
34641992,$410.00,NA,5,2,2,2,4.95,22,https://www.airbnb.com/rooms/34641992
34643695,NA,Neighborhood highlights,4,NA,NA,NA,4.59,49,https://www.airbnb.com/rooms/34643695
34646244,$38.00,NA,2,1,1,1,3.75,4,https://www.airbnb.com/rooms/34646244
34646398,$103.00,Neighborhood highlights,2,2,3,1,5,1,https://www.airbnb.com/rooms/34646398
34647478,NA,NA,6,NA,3,NA,5,3,https://www.airbnb.com/rooms/34647478
34649031,$185.00,Neighborhood highlights,2,1,1,1,4.94,17,https://www.airbnb.com/rooms/34649031
34651319,$580.00,Neighborhood highlights,5,3,3,3,5,2,https://www.airbnb.com/rooms/34651319
34651712,NA,NA,2,NA,1,NA,5,4,https://www.airbnb.com/rooms/34651712
34651960,NA,Neighborhood highlights,2,NA,NA,NA,4.67,6,https://www.airbnb.com/rooms/34651960
34656064,$120.00,Neighborhood highlights,2,1,1,1,4.85,27,https://www.airbnb.com/rooms/34656064
34659944,$180.00,Neighborhood highlights,2,1,0,1,5,17,https://www.airbnb.com/rooms/34659944
34667590,$49.00,Neighborhood highlights,2,1,1,2,4.62,119,https://www.airbnb.com/rooms/34667590
34668348,NA,NA,3,NA,1,NA,5,3,https://www.airbnb.com/rooms/34668348
34670672,$332.00,Neighborhood highlights,5,2,2,4,4.96,50,https://www.airbnb.com/rooms/34670672
34673353,$220.00,NA,4,1,2,3,5,13,https://www.airbnb.com/rooms/34673353
34679833,NA,Neighborhood highlights,4,NA,1,NA,4.91,23,https://www.airbnb.com/rooms/34679833
34686716,NA,Neighborhood highlights,4,NA,2,NA,5,1,https://www.airbnb.com/rooms/34686716
34687035,$49.00,Neighborhood highlights,1,4,1,1,4.57,35,https://www.airbnb.com/rooms/34687035
34700092,NA,Neighborhood highlights,1,NA,NA,NA,4.88,8,https://www.airbnb.com/rooms/34700092
34705150,NA,Neighborhood highlights,5,NA,1,NA,5,2,https://www.airbnb.com/rooms/34705150
34705719,$70.00,Neighborhood highlights,2,1,1,1,4.77,261,https://www.airbnb.com/rooms/34705719
34706349,NA,Neighborhood highlights,2,NA,2,NA,NA,0,https://www.airbnb.com/rooms/34706349
34708585,NA,Neighborhood highlights,2,NA,NA,NA,5,9,https://www.airbnb.com/rooms/34708585
34709283,$250.00,Neighborhood highlights,5,2,3,4,5,1,https://www.airbnb.com/rooms/34709283
34709658,NA,Neighborhood highlights,5,NA,2,NA,4.38,56,https://www.airbnb.com/rooms/34709658
34710645,NA,Neighborhood highlights,1,NA,NA,NA,NA,0,https://www.airbnb.com/rooms/34710645
34718143,NA,NA,1,NA,NA,NA,NA,0,https://www.airbnb.com/rooms/34718143
34718504,NA,NA,4,NA,2,NA,5,1,https://www.airbnb.com/rooms/34718504
34721719,NA,NA,1,NA,1,NA,5,1,https://www.airbnb.com/rooms/34721719
34722584,$129.00,Neighborhood highlights,4,1,1,2,NA,0,https://www.airbnb.com/rooms/34722584
34723211,NA,Neighborhood highlights,2,NA,1,NA,NA,0,https://www.airbnb.com/rooms/34723211
34737998,$98.00,Neighborhood highlights,2,1,0,1,4.92,214,https://www.airbnb.com/rooms/34737998
34738463,$221.00,Neighborhood highlights,2,1,1,3,4.55,40,https://www.airbnb.com/rooms/34738463
34741981,$75.00,Neighborhood highlights,2,1,1,1,4.79,42,https://www.airbnb.com/rooms/34741981
34742861,$102.00,Neighborhood highlights,2,1,0,1,4.92,198,https://www.airbnb.com/rooms/34742861
34743365,NA,NA,3,NA,1,NA,NA,0,https://www.airbnb.com/rooms/34743365
34745490,$61.00,Neighborhood highlights,2,1,1,2,4.85,170,https://www.airbnb.com/rooms/34745490
34746284,NA,Neighborhood highlights,4,NA,1,NA,5,3,https://www.airbnb.com/rooms/34746284
34748026,NA,Neighborhood highlights,2,NA,NA,NA,5,7,https://www.airbnb.com/rooms/34748026
34748366,NA,Neighborhood highlights,1,NA,1,NA,4.8,10,https://www.airbnb.com/rooms/34748366
34753379,NA,Neighborhood highlights,2,NA,NA,NA,4.08,12,https://www.airbnb.com/rooms/34753379
34754120,NA,Neighborhood highlights,3,NA,1,NA,5,2,https://www.airbnb.com/rooms/34754120
34754241,NA,Neighborhood highlights,2,NA,NA,NA,5,11,https://www.airbnb.com/rooms/34754241
34759503,NA,Neighborhood highlights,2,NA,NA,NA,5,4,https://www.airbnb.com/rooms/34759503
34774305,NA,Neighborhood highlights,3,NA,1,NA,4.88,8,https://www.airbnb.com/rooms/34774305
34775859,$40.00,Neighborhood highlights,1,1,1,1,4.6,101,https://www.airbnb.com/rooms/34775859
34783887,NA,NA,3,NA,1,NA,5,2,https://www.airbnb.com/rooms/34783887
34784910,NA,Neighborhood highlights,1,NA,1,NA,NA,0,https://www.airbnb.com/rooms/34784910
34788810,NA,Neighborhood highlights,1,NA,NA,NA,5,1,https://www.airbnb.com/rooms/34788810
34792347,NA,Neighborhood highlights,1,NA,NA,NA,4.88,41,https://www.airbnb.com/rooms/34792347
34809828,NA,Neighborhood highlights,1,NA,NA,NA,5,4,https://www.airbnb.com/rooms/34809828
34815470,NA,NA,2,NA,1,NA,4.75,4,https://www.airbnb.com/rooms/34815470
34816480,"$2,250.00",NA,2,2.5,3,2,5,3,https://www.airbnb.com/rooms/34816480
34819702,NA,Neighborhood highlights,2,NA,1,NA,4.98,50,https://www.airbnb.com/rooms/34819702
34821537,NA,Neighborhood highlights,1,NA,NA,NA,NA,0,https://www.airbnb.com/rooms/34821537
34835762,NA,NA,4,NA,3,NA,NA,0,https://www.airbnb.com/rooms/34835762
34838079,NA,Neighborhood highlights,5,NA,2,NA,4.82,28,https://www.airbnb.com/rooms/34838079
34839277,NA,Neighborhood highlights,2,NA,NA,NA,4.77,30,https://www.airbnb.com/rooms/34839277
34840495,$394.00,NA,12,2,5,5,4.5,90,https://www.airbnb.com/rooms/34840495
34841457,NA,Neighborhood highlights,2,NA,NA,NA,4.78,51,https://www.airbnb.com/rooms/34841457
34842741,$60.00,NA,1,1,1,1,5,12,https://www.airbnb.com/rooms/34842741
34844071,$79.00,Neighborhood highlights,2,1,1,0,4.38,16,https://www.airbnb.com/rooms/34844071
34856076,NA,Neighborhood highlights,2,NA,1,NA,NA,0,https://www.airbnb.com/rooms/34856076
34858480,NA,Neighborhood highlights,4,NA,1,NA,4.25,4,https://www.airbnb.com/rooms/34858480
34860207,$150.00,Neighborhood highlights,3,1,2,2,5,2,https://www.airbnb.com/rooms/34860207
34862591,NA,Neighborhood highlights,2,NA,1,NA,5,1,https://www.airbnb.com/rooms/34862591
34863999,$55.00,Neighborhood highlights,2,4,1,1,4.86,50,https://www.airbnb.com/rooms/34863999
34866447,$410.00,NA,12,2,5,4,4.78,50,https://www.airbnb.com/rooms/34866447
34866647,NA,Neighborhood highlights,2,NA,1,NA,4.67,3,https://www.airbnb.com/rooms/34866647
34866682,NA,NA,16,NA,9,NA,4.87,31,https://www.airbnb.com/rooms/34866682
34866786,$320.00,NA,5,2,2,3,4.6,5,https://www.airbnb.com/rooms/34866786
34866897,$93.00,Neighborhood highlights,2,1,1,1,5,18,https://www.airbnb.com/rooms/34866897
34867166,$182.00,Neighborhood highlights,1,1,1,1,5,12,https://www.airbnb.com/rooms/34867166
34868325,NA,Neighborhood highlights,4,NA,NA,NA,NA,0,https://www.airbnb.com/rooms/34868325
34868859,$330.00,NA,5,2,2,2,4.75,8,https://www.airbnb.com/rooms/34868859
34869203,NA,NA,1,NA,NA,NA,NA,0,https://www.airbnb.com/rooms/34869203
34871854,NA,Neighborhood highlights,3,NA,1,NA,4.47,15,https://www.airbnb.com/rooms/34871854
34873255,NA,Neighborhood highlights,1,NA,NA,NA,NA,0,https://www.airbnb.com/rooms/34873255
34873969,NA,Neighborhood highlights,2,NA,5,NA,4,3,https://www.airbnb.com/rooms/34873969
34890712,NA,Neighborhood highlights,2,NA,NA,NA,NA,0,https://www.airbnb.com/rooms/34890712
34894797,NA,NA,1,NA,NA,NA,NA,0,https://www.airbnb.com/rooms/34894797
34897396,NA,Neighborhood highlights,1,NA,NA,NA,5,11,https://www.airbnb.com/rooms/34897396
34897863,$200.00,Neighborhood highlights,2,1,1,1,4.75,4,https://www.airbnb.com/rooms/34897863
34907049,$77.00,Neighborhood highlights,1,1,1,1,4.79,53,https://www.airbnb.com/rooms/34907049
34907095,NA,Neighborhood highlights,2,NA,1,NA,4.9,20,https://www.airbnb.com/rooms/34907095
34907354,$65.00,Neighborhood highlights,2,1,1,1,4.74,80,https://www.airbnb.com/rooms/34907354
34907479,$115.00,Neighborhood highlights,2,1,0,1,4.77,150,https://www.airbnb.com/rooms/34907479
34908806,NA,Neighborhood highlights,4,NA,1,NA,5,5,https://www.airbnb.com/rooms/34908806
34909026,$91.00,Neighborhood highlights,2,1,1,1,4.66,143,https://www.airbnb.com/rooms/34909026
34909594,$159.00,Neighborhood highlights,3,1,1,1,4.92,98,https://www.airbnb.com/rooms/34909594
34926055,$185.00,NA,3,1,0,1,4.64,11,https://www.airbnb.com/rooms/34926055
34929016,NA,Neighborhood highlights,1,NA,NA,NA,4.63,40,https://www.airbnb.com/rooms/34929016
34935216,NA,Neighborhood highlights,2,NA,1,NA,4.75,8,https://www.airbnb.com/rooms/34935216
34935477,$180.00,Neighborhood highlights,2,1,1,1,NA,0,https://www.airbnb.com/rooms/34935477
34938631,NA,Neighborhood highlights,5,NA,1,NA,4.79,14,https://www.airbnb.com/rooms/34938631
34940646,NA,Neighborhood highlights,2,NA,1,NA,4.42,24,https://www.airbnb.com/rooms/34940646
34949054,NA,NA,2,NA,1,NA,NA,0,https://www.airbnb.com/rooms/34949054
34952279,NA,NA,1,NA,NA,NA,5,1,https://www.airbnb.com/rooms/34952279
34956061,$38.00,Neighborhood highlights,1,1,1,1,4.25,4,https://www.airbnb.com/rooms/34956061
34967524,NA,Neighborhood highlights,2,NA,NA,NA,NA,0,https://www.airbnb.com/rooms/34967524
34969461,NA,Neighborhood highlights,2,NA,2,NA,4.33,58,https://www.airbnb.com/rooms/34969461
34971449,$210.00,NA,3,1,1,1,5,1,https://www.airbnb.com/rooms/34971449
34972982,$210.00,NA,3,1,1,1,5,1,https://www.airbnb.com/rooms/34972982
34973988,NA,Neighborhood highlights,1,NA,NA,NA,4.44,9,https://www.airbnb.com/rooms/34973988
34974475,$100.00,Neighborhood highlights,4,1,1,2,4.79,38,https://www.airbnb.com/rooms/34974475
34975935,NA,Neighborhood highlights,4,NA,2,NA,4.95,21,https://www.airbnb.com/rooms/34975935
34976735,NA,Neighborhood highlights,2,NA,NA,NA,4.83,6,https://www.airbnb.com/rooms/34976735
34978738,$44.00,NA,2,1,0,1,4.68,117,https://www.airbnb.com/rooms/34978738
34980223,$135.00,Neighborhood highlights,2,1,1,1,5,6,https://www.airbnb.com/rooms/34980223
34981661,NA,Neighborhood highlights,2,NA,1,NA,4.49,37,https://www.airbnb.com/rooms/34981661
34993569,$350.00,NA,4,2,2,2,4.8,5,https://www.airbnb.com/rooms/34993569
34993824,$210.00,NA,3,1,1,1,4.64,11,https://www.airbnb.com/rooms/34993824
34994129,NA,NA,3,NA,1,NA,5,1,https://www.airbnb.com/rooms/34994129
34997894,NA,NA,4,NA,1,NA,NA,0,https://www.airbnb.com/rooms/34997894
34998955,$210.00,NA,2,1,0,2,4.75,4,https://www.airbnb.com/rooms/34998955
35000464,$210.00,NA,3,1,0,1,4.67,15,https://www.airbnb.com/rooms/35000464
35001175,NA,Neighborhood highlights,2,NA,NA,NA,4.77,22,https://www.airbnb.com/rooms/35001175
35002311,$140.00,Neighborhood highlights,2,1,1,1,4.89,18,https://www.airbnb.com/rooms/35002311
35005373,$500.00,NA,6,2,3,4,4.5,8,https://www.airbnb.com/rooms/35005373
35012500,$60.00,Neighborhood highlights,4,1,1,2,4.65,237,https://www.airbnb.com/rooms/35012500
35025921,$200.00,NA,3,1,0,2,5,7,https://www.airbnb.com/rooms/35025921
35026069,NA,Neighborhood highlights,2,NA,NA,NA,4.83,6,https://www.airbnb.com/rooms/35026069
35026161,$190.00,NA,3,1,0,2,4.69,16,https://www.airbnb.com/rooms/35026161
35038426,$300.00,NA,5,1,0,3,4.36,149,https://www.airbnb.com/rooms/35038426
35038658,NA,NA,3,NA,NA,NA,5,3,https://www.airbnb.com/rooms/35038658
35043094,$225.00,Neighborhood highlights,6,1,3,3,4.79,86,https://www.airbnb.com/rooms/35043094
35044394,NA,NA,1,NA,NA,NA,NA,0,https://www.airbnb.com/rooms/35044394
35045823,$109.00,Neighborhood highlights,2,1.5,1,1,4.66,68,https://www.airbnb.com/rooms/35045823
35059067,$38.00,Neighborhood highlights,2,1,1,2,4.66,68,https://www.airbnb.com/rooms/35059067
35059840,NA,Neighborhood highlights,2,NA,1,NA,4.92,38,https://www.airbnb.com/rooms/35059840
35061907,NA,Neighborhood highlights,1,NA,NA,NA,NA,0,https://www.airbnb.com/rooms/35061907
35064797,$156.00,Neighborhood highlights,2,1,1,1,4.96,75,https://www.airbnb.com/rooms/35064797
35066800,NA,Neighborhood highlights,1,NA,NA,NA,4.56,9,https://www.airbnb.com/rooms/35066800
35076834,$129.00,Neighborhood highlights,5,1,2,2,4.91,109,https://www.airbnb.com/rooms/35076834
35078721,$80.00,Neighborhood highlights,1,1,1,1,4.97,30,https://www.airbnb.com/rooms/35078721
35079012,NA,Neighborhood highlights,2,NA,1,NA,5,1,https://www.airbnb.com/rooms/35079012
35080347,NA,NA,2,NA,1,NA,5,1,https://www.airbnb.com/rooms/35080347
35081665,$55.00,NA,2,2,1,1,4.91,45,https://www.airbnb.com/rooms/35081665
35085042,NA,Neighborhood highlights,2,NA,1,NA,5,2,https://www.airbnb.com/rooms/35085042
35085826,$120.00,Neighborhood highlights,2,1,0,1,4.9,388,https://www.airbnb.com/rooms/35085826
35087672,NA,Neighborhood highlights,4,NA,2,NA,5,3,https://www.airbnb.com/rooms/35087672
35096173,NA,Neighborhood highlights,2,NA,NA,NA,4.5,16,https://www.airbnb.com/rooms/35096173
35096744,NA,Neighborhood highlights,2,NA,NA,NA,4.64,11,https://www.airbnb.com/rooms/35096744
35096805,$150.00,Neighborhood highlights,2,1.5,1,1,4.92,26,https://www.airbnb.com/rooms/35096805
35109246,NA,NA,4,NA,4,NA,NA,0,https://www.airbnb.com/rooms/35109246
35114037,$85.00,Neighborhood highlights,2,1,1,1,4.6,30,https://www.airbnb.com/rooms/35114037
35114189,NA,Neighborhood highlights,5,NA,2,NA,5,1,https://www.airbnb.com/rooms/35114189
35115187,NA,Neighborhood highlights,2,NA,1,NA,4.67,3,https://www.airbnb.com/rooms/35115187
35115611,$89.00,NA,1,1,1,1,5,6,https://www.airbnb.com/rooms/35115611
35119931,NA,NA,2,NA,NA,NA,NA,0,https://www.airbnb.com/rooms/35119931
35120222,$295.00,Neighborhood highlights,7,2,2,4,4.86,141,https://www.airbnb.com/rooms/35120222
35121319,NA,Neighborhood highlights,2,NA,1,NA,5,1,https://www.airbnb.com/rooms/35121319
35121524,$261.00,Neighborhood highlights,4,1,2,2,5,9,https://www.airbnb.com/rooms/35121524
35124311,NA,Neighborhood highlights,2,NA,1,NA,5,3,https://www.airbnb.com/rooms/35124311
35128367,$600.00,Neighborhood highlights,6,3.5,3,3,5,10,https://www.airbnb.com/rooms/35128367
35132775,NA,Neighborhood highlights,4,NA,1,NA,4.43,47,https://www.airbnb.com/rooms/35132775
35136523,$62.00,Neighborhood highlights,1,1,1,1,4.64,69,https://www.airbnb.com/rooms/35136523
35136809,$62.00,Neighborhood highlights,1,1,1,1,4.75,64,https://www.airbnb.com/rooms/35136809
35147929,NA,NA,2,NA,1,NA,4.17,12,https://www.airbnb.com/rooms/35147929
35149019,$223.00,NA,2,1,1,1,4.46,172,https://www.airbnb.com/rooms/35149019
35149180,$252.00,NA,2,1,1,1,5,4,https://www.airbnb.com/rooms/35149180
35149282,NA,NA,4,NA,1,NA,3.5,2,https://www.airbnb.com/rooms/35149282
35149452,$345.00,NA,2,1,1,1,4.69,13,https://www.airbnb.com/rooms/35149452
35149540,"$1,599.00",NA,16,1,0,1,NA,0,https://www.airbnb.com/rooms/35149540
35149749,$223.00,Neighborhood highlights,2,1,1,1,4.44,57,https://www.airbnb.com/rooms/35149749
35154411,$333.00,Neighborhood highlights,4,1,1,2,4.64,213,https://www.airbnb.com/rooms/35154411
35154668,$363.00,Neighborhood highlights,4,1,1,2,4.64,210,https://www.airbnb.com/rooms/35154668
35154803,$393.00,Neighborhood highlights,4,1,1,2,4.56,183,https://www.airbnb.com/rooms/35154803
35154913,$468.00,Neighborhood highlights,4,2,1,2,4.68,634,https://www.airbnb.com/rooms/35154913
35162306,NA,Neighborhood highlights,2,NA,NA,NA,5,2,https://www.airbnb.com/rooms/35162306
35164294,NA,Neighborhood highlights,2,NA,NA,NA,4.92,12,https://www.airbnb.com/rooms/35164294
35166718,$150.00,Neighborhood highlights,2,1,1,1,4.28,18,https://www.airbnb.com/rooms/35166718
35167097,$198.00,Neighborhood highlights,1,1,1,1,4.5,6,https://www.airbnb.com/rooms/35167097
35172393,$80.00,Neighborhood highlights,1,1,1,1,1,1,https://www.airbnb.com/rooms/35172393
35175500,NA,NA,4,NA,1,NA,4.3,20,https://www.airbnb.com/rooms/35175500
35183293,$124.00,Neighborhood highlights,4,1,1,3,4.83,136,https://www.airbnb.com/rooms/35183293
35185863,$129.00,Neighborhood highlights,4,1,2,3,4.67,126,https://www.airbnb.com/rooms/35185863
35186258,$210.00,Neighborhood highlights,3,1,0,2,4.86,130,https://www.airbnb.com/rooms/35186258
35186404,$182.00,Neighborhood highlights,2,1,1,1,4.65,49,https://www.airbnb.com/rooms/35186404
35189052,NA,Neighborhood highlights,8,NA,4,NA,NA,0,https://www.airbnb.com/rooms/35189052
35191797,$103.00,NA,2,1,0,1,4.83,18,https://www.airbnb.com/rooms/35191797
35193203,NA,NA,4,NA,1,NA,4.5,2,https://www.airbnb.com/rooms/35193203
35195180,NA,Neighborhood highlights,2,NA,NA,NA,5,2,https://www.airbnb.com/rooms/35195180
35196872,NA,NA,2,NA,NA,NA,NA,0,https://www.airbnb.com/rooms/35196872
35197500,$101.00,Neighborhood highlights,4,1,2,2,4.92,24,https://www.airbnb.com/rooms/35197500
35199446,NA,Neighborhood highlights,2,NA,1,NA,4.67,3,https://www.airbnb.com/rooms/35199446
35206238,NA,Neighborhood highlights,1,NA,NA,NA,NA,0,https://www.airbnb.com/rooms/35206238
35217588,NA,NA,2,NA,NA,NA,NA,0,https://www.airbnb.com/rooms/35217588
35217816,NA,Neighborhood highlights,8,NA,3,NA,4.5,36,https://www.airbnb.com/rooms/35217816
35219812,NA,Neighborhood highlights,1,NA,NA,NA,5,2,https://www.airbnb.com/rooms/35219812
35220477,NA,Neighborhood highlights,8,NA,2,NA,4.53,19,https://www.airbnb.com/rooms/35220477
35222567,$110.00,Neighborhood highlights,2,1,1,1,5,39,https://www.airbnb.com/rooms/35222567
35224560,$200.00,Neighborhood highlights,3,1,1,2,4.83,82,https://www.airbnb.com/rooms/35224560
35228373,NA,NA,1,NA,NA,NA,NA,0,https://www.airbnb.com/rooms/35228373
35231370,$163.00,Neighborhood highlights,4,1,1,2,4.91,11,https://www.airbnb.com/rooms/35231370
35231916,$40.00,Neighborhood highlights,1,1,1,1,5,12,https://www.airbnb.com/rooms/35231916
35232819,$136.00,NA,2,1,1,1,NA,0,https://www.airbnb.com/rooms/35232819
35233962,NA,NA,3,NA,1,NA,5,5,https://www.airbnb.com/rooms/35233962
35235212,$65.00,NA,2,1,1,1,5,5,https://www.airbnb.com/rooms/35235212
35235326,$65.00,Neighborhood highlights,1,1,1,1,4.86,231,https://www.airbnb.com/rooms/35235326
35235379,$65.00,Neighborhood highlights,2,1,1,1,4.73,37,https://www.airbnb.com/rooms/35235379
35236345,$40.00,Neighborhood highlights,2,1,1,1,4,2,https://www.airbnb.com/rooms/35236345
35236424,$40.00,Neighborhood highlights,2,1,1,1,5,2,https://www.airbnb.com/rooms/35236424
35236534,NA,Neighborhood highlights,2,NA,NA,NA,4.33,3,https://www.airbnb.com/rooms/35236534
35236677,NA,Neighborhood highlights,1,NA,NA,NA,NA,0,https://www.airbnb.com/rooms/35236677
35249458,$118.00,Neighborhood highlights,2,1,1,1,4.79,38,https://www.airbnb.com/rooms/35249458
35250568,NA,Neighborhood highlights,2,NA,NA,NA,4.59,22,https://www.airbnb.com/rooms/35250568
35252845,$850.00,Neighborhood highlights,2,1.5,2,2,4.95,37,https://www.airbnb.com/rooms/35252845
35254823,$170.00,Neighborhood highlights,2,1,1,1,4.93,180,https://www.airbnb.com/rooms/35254823
35257081,$109.00,Neighborhood highlights,1,1,1,1,4.93,308,https://www.airbnb.com/rooms/35257081
35258943,$249.00,Neighborhood highlights,2,1,2,2,4.92,273,https://www.airbnb.com/rooms/35258943
35260994,NA,NA,2,NA,1,NA,NA,0,https://www.airbnb.com/rooms/35260994
35263130,NA,NA,5,NA,2,NA,4.86,14,https://www.airbnb.com/rooms/35263130
35267252,NA,Neighborhood highlights,2,NA,NA,NA,NA,0,https://www.airbnb.com/rooms/35267252
35267276,$40.00,Neighborhood highlights,1,1,1,1,NA,0,https://www.airbnb.com/rooms/35267276
35267302,$49.00,Neighborhood highlights,2,1,1,1,4,1,https://www.airbnb.com/rooms/35267302
35267761,$50.00,Neighborhood highlights,2,1,1,1,4.68,221,https://www.airbnb.com/rooms/35267761
35268357,NA,Neighborhood highlights,2,NA,NA,NA,NA,0,https://www.airbnb.com/rooms/35268357
35269083,$125.00,Neighborhood highlights,2,1,1,1,4,7,https://www.airbnb.com/rooms/35269083
35269107,NA,NA,2,NA,NA,NA,5,5,https://www.airbnb.com/rooms/35269107
35275920,$55.00,Neighborhood highlights,2,1.5,1,1,4.59,17,https://www.airbnb.com/rooms/35275920
35281795,NA,NA,1,NA,NA,NA,4.5,2,https://www.airbnb.com/rooms/35281795
35284206,NA,Neighborhood highlights,2,NA,NA,NA,4.86,7,https://www.airbnb.com/rooms/35284206
35284472,NA,Neighborhood highlights,2,NA,NA,NA,5,3,https://www.airbnb.com/rooms/35284472
35284618,NA,Neighborhood highlights,2,NA,6,NA,4.75,12,https://www.airbnb.com/rooms/35284618
35289004,NA,NA,1,NA,1,NA,4.89,38,https://www.airbnb.com/rooms/35289004
35304260,$115.00,Neighborhood highlights,2,2,1,1,NA,0,https://www.airbnb.com/rooms/35304260
35310193,$425.00,Neighborhood highlights,1,1,1,1,5,2,https://www.airbnb.com/rooms/35310193
35315339,$149.00,NA,2,1,1,2,5,4,https://www.airbnb.com/rooms/35315339
35316405,NA,Neighborhood highlights,3,NA,1,NA,4.92,12,https://www.airbnb.com/rooms/35316405
35328951,NA,Neighborhood highlights,2,NA,1,NA,5,1,https://www.airbnb.com/rooms/35328951
35334728,$375.00,Neighborhood highlights,2,1,1,1,5,1,https://www.airbnb.com/rooms/35334728
35338703,NA,Neighborhood highlights,4,NA,1,NA,4.88,16,https://www.airbnb.com/rooms/35338703
35343378,NA,Neighborhood highlights,3,NA,NA,NA,4.88,8,https://www.airbnb.com/rooms/35343378
35345370,$307.00,Neighborhood highlights,3,1,1,2,4.82,22,https://www.airbnb.com/rooms/35345370
35348521,$51.00,Neighborhood highlights,1,1,1,1,4.17,6,https://www.airbnb.com/rooms/35348521
35349443,NA,NA,1,NA,NA,NA,5,1,https://www.airbnb.com/rooms/35349443
35354567,$65.00,NA,2,1,1,1,NA,0,https://www.airbnb.com/rooms/35354567
35355147,NA,NA,7,NA,3,NA,4.45,29,https://www.airbnb.com/rooms/35355147
35369883,$90.00,Neighborhood highlights,1,1,1,1,4.89,87,https://www.airbnb.com/rooms/35369883
35373350,NA,Neighborhood highlights,2,NA,1,NA,4.9,10,https://www.airbnb.com/rooms/35373350
35374230,NA,NA,7,NA,2,NA,4.4,35,https://www.airbnb.com/rooms/35374230
35374299,NA,Neighborhood highlights,2,NA,NA,NA,4.86,7,https://www.airbnb.com/rooms/35374299
35376453,NA,NA,4,NA,1,NA,5,1,https://www.airbnb.com/rooms/35376453
35380023,NA,Neighborhood highlights,8,NA,3,NA,NA,0,https://www.airbnb.com/rooms/35380023
35384123,$85.00,NA,2,1,1,1,4.83,101,https://www.airbnb.com/rooms/35384123
35385859,NA,Neighborhood highlights,5,NA,NA,NA,4.47,19,https://www.airbnb.com/rooms/35385859
35387629,NA,Neighborhood highlights,2,NA,1,NA,4.92,78,https://www.airbnb.com/rooms/35387629
35402920,NA,Neighborhood highlights,4,NA,1,NA,4.83,6,https://www.airbnb.com/rooms/35402920
35406411,NA,NA,2,NA,NA,NA,4.77,13,https://www.airbnb.com/rooms/35406411
35408266,$80.00,Neighborhood highlights,2,1,1,1,4.71,17,https://www.airbnb.com/rooms/35408266
35409062,NA,Neighborhood highlights,2,NA,NA,NA,5,6,https://www.airbnb.com/rooms/35409062
35415121,NA,Neighborhood highlights,2,NA,NA,NA,5,5,https://www.airbnb.com/rooms/35415121
35418825,$250.00,Neighborhood highlights,4,2,2,2,4.25,32,https://www.airbnb.com/rooms/35418825
35419884,NA,Neighborhood highlights,1,NA,NA,NA,NA,0,https://www.airbnb.com/rooms/35419884
35422599,$85.00,Neighborhood highlights,1,1,1,1,4.89,289,https://www.airbnb.com/rooms/35422599
35423560,$95.00,Neighborhood highlights,2,1,0,1,4.83,12,https://www.airbnb.com/rooms/35423560
35428996,$111.00,Neighborhood highlights,1,0,0,1,4.67,12,https://www.airbnb.com/rooms/35428996
35430378,$70.00,Neighborhood highlights,1,1,1,1,4.76,74,https://www.airbnb.com/rooms/35430378
35430525,NA,NA,4,NA,1,NA,4.88,8,https://www.airbnb.com/rooms/35430525
35431400,$115.00,NA,2,1,1,1,4.8,5,https://www.airbnb.com/rooms/35431400
35450345,NA,Neighborhood highlights,1,NA,NA,NA,4.38,8,https://www.airbnb.com/rooms/35450345
35454756,$135.00,Neighborhood highlights,3,2,2,3,4.94,35,https://www.airbnb.com/rooms/35454756
35458517,NA,Neighborhood highlights,2,NA,1,NA,5,2,https://www.airbnb.com/rooms/35458517
35463466,NA,Neighborhood highlights,4,NA,NA,NA,4.69,35,https://www.airbnb.com/rooms/35463466
35463986,NA,Neighborhood highlights,2,NA,1,NA,5,7,https://www.airbnb.com/rooms/35463986
35465766,NA,NA,2,NA,NA,NA,4.8,5,https://www.airbnb.com/rooms/35465766
35466334,$65.00,Neighborhood highlights,1,1,1,1,4.5,28,https://www.airbnb.com/rooms/35466334
35479956,$215.00,Neighborhood highlights,4,1,2,2,4.59,87,https://www.airbnb.com/rooms/35479956
35485149,NA,Neighborhood highlights,2,NA,1,NA,4.89,44,https://www.airbnb.com/rooms/35485149
35490967,$128.00,Neighborhood highlights,2,1,1,1,4.38,8,https://www.airbnb.com/rooms/35490967
35491909,$126.00,Neighborhood highlights,4,1,1,3,4.47,113,https://www.airbnb.com/rooms/35491909
35493937,$249.00,Neighborhood highlights,3,1,1,1,5,5,https://www.airbnb.com/rooms/35493937
35496842,$70.00,NA,2,1,1,1,4.22,73,https://www.airbnb.com/rooms/35496842
35497497,$490.00,Neighborhood highlights,10,3,5,7,5,37,https://www.airbnb.com/rooms/35497497
35499352,NA,Neighborhood highlights,1,NA,2,NA,NA,0,https://www.airbnb.com/rooms/35499352
35505287,NA,Neighborhood highlights,5,NA,NA,NA,NA,0,https://www.airbnb.com/rooms/35505287
35509087,$210.00,Neighborhood highlights,4,1,2,2,4.63,98,https://www.airbnb.com/rooms/35509087
35510876,$246.00,Neighborhood highlights,2,1,1,2,4.33,97,https://www.airbnb.com/rooms/35510876
35510977,NA,Neighborhood highlights,2,NA,1,NA,3.5,2,https://www.airbnb.com/rooms/35510977
35511098,NA,Neighborhood highlights,2,NA,1,NA,NA,0,https://www.airbnb.com/rooms/35511098
35512005,NA,Neighborhood highlights,4,NA,2,NA,5,6,https://www.airbnb.com/rooms/35512005
35513883,$60.00,NA,1,1,1,1,4.91,11,https://www.airbnb.com/rooms/35513883
35516587,NA,Neighborhood highlights,6,NA,3,NA,4.4,5,https://www.airbnb.com/rooms/35516587
35520176,$469.00,Neighborhood highlights,4,3,2,3,5,10,https://www.airbnb.com/rooms/35520176
35523432,$249.00,Neighborhood highlights,2,1,1,2,5,101,https://www.airbnb.com/rooms/35523432
35526392,$135.00,Neighborhood highlights,2,1,1,1,4.94,16,https://www.airbnb.com/rooms/35526392
35531992,NA,Neighborhood highlights,2,NA,1,NA,4.25,36,https://www.airbnb.com/rooms/35531992
35532063,NA,NA,4,NA,1,NA,3.6,5,https://www.airbnb.com/rooms/35532063
35532192,NA,NA,2,NA,1,NA,4.13,23,https://www.airbnb.com/rooms/35532192
35532310,NA,NA,2,NA,1,NA,4.22,41,https://www.airbnb.com/rooms/35532310
35532648,NA,NA,2,NA,1,NA,4.67,3,https://www.airbnb.com/rooms/35532648
35532705,NA,NA,2,NA,1,NA,3,5,https://www.airbnb.com/rooms/35532705
35536969,$325.00,NA,5,2,2,3,5,16,https://www.airbnb.com/rooms/35536969
35539586,NA,Neighborhood highlights,3,NA,1,NA,4.31,62,https://www.airbnb.com/rooms/35539586
35539721,NA,Neighborhood highlights,2,NA,1,NA,4.41,41,https://www.airbnb.com/rooms/35539721
35539856,NA,Neighborhood highlights,2,NA,1,NA,4.39,44,https://www.airbnb.com/rooms/35539856
35539920,$55.00,Neighborhood highlights,2,2,1,1,4.87,23,https://www.airbnb.com/rooms/35539920
35540158,NA,Neighborhood highlights,2,NA,1,NA,4.45,38,https://www.airbnb.com/rooms/35540158
35540308,$290.00,Neighborhood highlights,2,1,1,2,4.63,16,https://www.airbnb.com/rooms/35540308
35540417,$290.00,Neighborhood highlights,2,1,1,2,4.47,19,https://www.airbnb.com/rooms/35540417
35540673,NA,Neighborhood highlights,2,NA,1,NA,4.75,8,https://www.airbnb.com/rooms/35540673
35545194,$210.00,NA,2,1,1,1,4.09,45,https://www.airbnb.com/rooms/35545194
35545434,$212.00,Neighborhood highlights,2,1,1,1,4.3,759,https://www.airbnb.com/rooms/35545434
35545525,$244.00,Neighborhood highlights,3,1,1,2,4.27,146,https://www.airbnb.com/rooms/35545525
35545595,$212.00,Neighborhood highlights,2,1,1,1,4.34,283,https://www.airbnb.com/rooms/35545595
35545650,$257.00,Neighborhood highlights,2,1,1,2,4.5,38,https://www.airbnb.com/rooms/35545650
35546298,NA,Neighborhood highlights,2,NA,NA,NA,4.78,77,https://www.airbnb.com/rooms/35546298
35548551,NA,Neighborhood highlights,3,NA,2,NA,5,3,https://www.airbnb.com/rooms/35548551
35548721,NA,Neighborhood highlights,2,NA,NA,NA,4.42,24,https://www.airbnb.com/rooms/35548721
35550080,NA,Neighborhood highlights,1,NA,NA,NA,4.75,8,https://www.airbnb.com/rooms/35550080
35563249,NA,NA,4,NA,1,NA,4.75,4,https://www.airbnb.com/rooms/35563249
35566699,$225.00,NA,2,1,1,1,4,13,https://www.airbnb.com/rooms/35566699
35566995,$243.00,NA,2,1,1,1,4.2,177,https://www.airbnb.com/rooms/35566995
35569130,$61.00,Neighborhood highlights,4,1,1,1,5,2,https://www.airbnb.com/rooms/35569130
35570396,NA,NA,3,NA,NA,NA,4.5,2,https://www.airbnb.com/rooms/35570396
35574095,NA,NA,2,NA,NA,NA,5,1,https://www.airbnb.com/rooms/35574095
35575345,$36.00,Neighborhood highlights,2,1,0,0,5,3,https://www.airbnb.com/rooms/35575345
35577620,NA,NA,1,NA,1,NA,4,5,https://www.airbnb.com/rooms/35577620
35579312,NA,NA,3,NA,NA,NA,5,4,https://www.airbnb.com/rooms/35579312
35579364,$134.00,Neighborhood highlights,2,1,1,1,4.33,6,https://www.airbnb.com/rooms/35579364
35580335,NA,Neighborhood highlights,8,NA,4,NA,5,2,https://www.airbnb.com/rooms/35580335
35580609,$960.00,NA,7,2,4,6,5,1,https://www.airbnb.com/rooms/35580609
35581315,$60.00,Neighborhood highlights,4,1,1,2,4.41,17,https://www.airbnb.com/rooms/35581315
35595727,$149.00,Neighborhood highlights,4,1,1,4,4.94,16,https://www.airbnb.com/rooms/35595727
35599507,NA,Neighborhood highlights,2,NA,NA,NA,4.86,14,https://www.airbnb.com/rooms/35599507
35600877,$52.00,Neighborhood highlights,3,1,1,2,4.74,19,https://www.airbnb.com/rooms/35600877
35601251,$55.00,Neighborhood highlights,2,1,1,1,4.69,13,https://www.airbnb.com/rooms/35601251
35603341,$123.00,Neighborhood highlights,3,1,0,2,5,7,https://www.airbnb.com/rooms/35603341
35603512,NA,Neighborhood highlights,2,NA,1,NA,4.81,42,https://www.airbnb.com/rooms/35603512
35607907,NA,Neighborhood highlights,1,NA,NA,NA,NA,0,https://www.airbnb.com/rooms/35607907
35608098,$66.00,Neighborhood highlights,1,1.5,1,1,4.79,34,https://www.airbnb.com/rooms/35608098
35614233,$96.00,NA,2,1,1,1,4.55,22,https://www.airbnb.com/rooms/35614233
35614263,NA,Neighborhood highlights,4,NA,1,NA,4.82,65,https://www.airbnb.com/rooms/35614263
35614888,NA,Neighborhood highlights,2,NA,NA,NA,4.55,11,https://www.airbnb.com/rooms/35614888
35616470,NA,NA,1,NA,NA,NA,4,1,https://www.airbnb.com/rooms/35616470
35619073,$105.00,Neighborhood highlights,2,1,0,2,4.93,72,https://www.airbnb.com/rooms/35619073
35636466,NA,NA,4,NA,1,NA,NA,0,https://www.airbnb.com/rooms/35636466
35642392,NA,NA,2,NA,1,NA,NA,0,https://www.airbnb.com/rooms/35642392
35643772,NA,Neighborhood highlights,2,NA,1,NA,5,3,https://www.airbnb.com/rooms/35643772
35644555,NA,Neighborhood highlights,2,NA,NA,NA,4.93,14,https://www.airbnb.com/rooms/35644555
35646199,$75.00,NA,4,1,1,2,4.5,2,https://www.airbnb.com/rooms/35646199
35650240,NA,Neighborhood highlights,2,NA,NA,NA,5,15,https://www.airbnb.com/rooms/35650240
35654798,$50.00,Neighborhood highlights,1,2,4,4,5,3,https://www.airbnb.com/rooms/35654798
35655950,$96.00,Neighborhood highlights,2,1,1,1,4.98,203,https://www.airbnb.com/rooms/35655950
35657430,NA,NA,2,NA,NA,NA,NA,0,https://www.airbnb.com/rooms/35657430
35664658,NA,Neighborhood highlights,2,NA,1,NA,NA,0,https://www.airbnb.com/rooms/35664658
35672714,$125.00,Neighborhood highlights,5,1,3,3,4.66,115,https://www.airbnb.com/rooms/35672714
35679935,NA,NA,8,NA,4,NA,5,1,https://www.airbnb.com/rooms/35679935
35683483,NA,NA,2,NA,1,NA,5,2,https://www.airbnb.com/rooms/35683483
35684442,$44.00,Neighborhood highlights,1,2,1,1,5,3,https://www.airbnb.com/rooms/35684442
35686575,NA,NA,1,NA,NA,NA,4.7,10,https://www.airbnb.com/rooms/35686575
35686594,NA,NA,5,NA,2,NA,4.55,22,https://www.airbnb.com/rooms/35686594
35688424,NA,Neighborhood highlights,2,NA,NA,NA,NA,0,https://www.airbnb.com/rooms/35688424
35689855,NA,Neighborhood highlights,4,NA,1,NA,5,1,https://www.airbnb.com/rooms/35689855
35702864,$124.00,Neighborhood highlights,2,1,2,2,4.83,102,https://www.airbnb.com/rooms/35702864
35706339,NA,Neighborhood highlights,5,NA,2,NA,4.61,36,https://www.airbnb.com/rooms/35706339
35707945,NA,Neighborhood highlights,3,NA,2,NA,5,35,https://www.airbnb.com/rooms/35707945
35711228,NA,Neighborhood highlights,4,NA,1,NA,4.89,62,https://www.airbnb.com/rooms/35711228
35712515,$60.00,Neighborhood highlights,2,1,1,1,4.77,53,https://www.airbnb.com/rooms/35712515
35713272,NA,NA,1,NA,NA,NA,5,1,https://www.airbnb.com/rooms/35713272
35713310,$373.00,Neighborhood highlights,4,1,1,2,3.94,32,https://www.airbnb.com/rooms/35713310
35713334,$328.00,Neighborhood highlights,4,1,1,2,4.22,263,https://www.airbnb.com/rooms/35713334
35716479,$150.00,Neighborhood highlights,2,1.5,1,5,NA,0,https://www.airbnb.com/rooms/35716479
35717460,NA,NA,2,NA,2,NA,NA,0,https://www.airbnb.com/rooms/35717460
35718438,NA,Neighborhood highlights,2,NA,1,NA,4.81,16,https://www.airbnb.com/rooms/35718438
35719652,$61.00,Neighborhood highlights,2,1,2,2,4.36,11,https://www.airbnb.com/rooms/35719652
35732634,$35.00,Neighborhood highlights,1,1,1,1,4.42,48,https://www.airbnb.com/rooms/35732634
35735822,NA,Neighborhood highlights,2,NA,NA,NA,4.9,21,https://www.airbnb.com/rooms/35735822
35752161,NA,Neighborhood highlights,2,NA,1,NA,4.7,10,https://www.airbnb.com/rooms/35752161
35755081,NA,Neighborhood highlights,1,NA,NA,NA,4,1,https://www.airbnb.com/rooms/35755081
35758732,NA,Neighborhood highlights,2,NA,NA,NA,4.74,62,https://www.airbnb.com/rooms/35758732
35766431,$80.00,Neighborhood highlights,4,1,1,1,5,5,https://www.airbnb.com/rooms/35766431
35768121,NA,Neighborhood highlights,2,NA,NA,NA,NA,0,https://www.airbnb.com/rooms/35768121
35768266,NA,Neighborhood highlights,2,NA,NA,NA,4.67,9,https://www.airbnb.com/rooms/35768266
35768324,NA,Neighborhood highlights,1,NA,1,NA,5,1,https://www.airbnb.com/rooms/35768324
35768575,NA,Neighborhood highlights,2,NA,NA,NA,NA,0,https://www.airbnb.com/rooms/35768575
35768781,NA,Neighborhood highlights,2,NA,NA,NA,4.89,19,https://www.airbnb.com/rooms/35768781
35768873,$400.00,Neighborhood highlights,7,1.5,3,3,5,1,https://www.airbnb.com/rooms/35768873
35771605,NA,NA,2,NA,NA,NA,5,1,https://www.airbnb.com/rooms/35771605
35771989,NA,NA,2,NA,NA,NA,5,2,https://www.airbnb.com/rooms/35771989
35773173,NA,Neighborhood highlights,2,NA,2,NA,NA,0,https://www.airbnb.com/rooms/35773173
35774669,$318.00,Neighborhood highlights,4,1,2,2,4.98,40,https://www.airbnb.com/rooms/35774669
35778408,NA,Neighborhood highlights,1,NA,NA,NA,4.75,4,https://www.airbnb.com/rooms/35778408
35793925,NA,Neighborhood highlights,2,NA,NA,NA,NA,0,https://www.airbnb.com/rooms/35793925
35805037,NA,Neighborhood highlights,3,NA,2,NA,4.94,78,https://www.airbnb.com/rooms/35805037
35805808,$150.00,NA,3,1,1,1,4.65,17,https://www.airbnb.com/rooms/35805808
35806920,$225.00,NA,4,1,1,3,4.7,10,https://www.airbnb.com/rooms/35806920
35808578,$68.00,Neighborhood highlights,2,1,1,1,4.78,456,https://www.airbnb.com/rooms/35808578
35812955,NA,Neighborhood highlights,2,NA,2,NA,5,1,https://www.airbnb.com/rooms/35812955
35822763,$85.00,NA,1,1.5,1,1,NA,0,https://www.airbnb.com/rooms/35822763
35828656,NA,Neighborhood highlights,1,NA,3,NA,5,11,https://www.airbnb.com/rooms/35828656
35829570,$234.00,Neighborhood highlights,2,1,1,1,4.86,155,https://www.airbnb.com/rooms/35829570
35833383,NA,Neighborhood highlights,3,NA,1,NA,5,1,https://www.airbnb.com/rooms/35833383
35836471,NA,Neighborhood highlights,2,NA,1,NA,5,2,https://www.airbnb.com/rooms/35836471
35837998,$270.00,Neighborhood highlights,4,1,2,2,5,3,https://www.airbnb.com/rooms/35837998
35838716,NA,Neighborhood highlights,1,NA,1,NA,5,8,https://www.airbnb.com/rooms/35838716
35840564,$140.00,Neighborhood highlights,4,1,2,2,4.91,33,https://www.airbnb.com/rooms/35840564
35840685,$70.00,Neighborhood highlights,1,1,1,1,4.79,63,https://www.airbnb.com/rooms/35840685
35841351,NA,NA,4,NA,NA,NA,5,1,https://www.airbnb.com/rooms/35841351
35843321,$298.00,Neighborhood highlights,2,2,1,2,5,2,https://www.airbnb.com/rooms/35843321
35860626,$200.00,Neighborhood highlights,7,2,3,6,4.91,22,https://www.airbnb.com/rooms/35860626
35863145,"$1,922.00",Neighborhood highlights,11,5,5,8,5,3,https://www.airbnb.com/rooms/35863145
35863336,NA,Neighborhood highlights,4,NA,2,NA,5,20,https://www.airbnb.com/rooms/35863336
35868549,$240.00,NA,3,1,1,1,4.43,7,https://www.airbnb.com/rooms/35868549
35871679,NA,NA,1,NA,NA,NA,5,10,https://www.airbnb.com/rooms/35871679
35873124,NA,Neighborhood highlights,1,NA,NA,NA,5,2,https://www.airbnb.com/rooms/35873124
35874311,NA,Neighborhood highlights,3,NA,1,NA,4,2,https://www.airbnb.com/rooms/35874311
35875206,NA,NA,7,NA,3,NA,4.5,4,https://www.airbnb.com/rooms/35875206
35875858,$55.00,NA,2,2,1,1,4.63,30,https://www.airbnb.com/rooms/35875858
35876828,$131.00,Neighborhood highlights,1,1,1,1,5,5,https://www.airbnb.com/rooms/35876828
35877016,NA,Neighborhood highlights,2,NA,1,NA,5,9,https://www.airbnb.com/rooms/35877016
35878938,$130.00,Neighborhood highlights,4,1,2,2,5,11,https://www.airbnb.com/rooms/35878938
35880719,$331.00,Neighborhood highlights,2,2,2,2,4.98,53,https://www.airbnb.com/rooms/35880719
35893569,$160.00,Neighborhood highlights,3,1,1,1,4.9,10,https://www.airbnb.com/rooms/35893569
35896695,$75.00,Neighborhood highlights,2,1,0,1,4.92,37,https://www.airbnb.com/rooms/35896695
35898731,$55.00,NA,2,2,1,1,4.81,31,https://www.airbnb.com/rooms/35898731
35901159,$285.00,NA,2,1,1,1,4.58,139,https://www.airbnb.com/rooms/35901159
35903391,NA,Neighborhood highlights,2,NA,NA,NA,4.25,4,https://www.airbnb.com/rooms/35903391
35906886,$301.00,NA,2,1,1,1,4.61,132,https://www.airbnb.com/rooms/35906886
35907916,$29.00,Neighborhood highlights,1,1,1,1,4.75,4,https://www.airbnb.com/rooms/35907916
35914632,$526.00,Neighborhood highlights,5,1,2,3,4.5,40,https://www.airbnb.com/rooms/35914632
35929196,$225.00,Neighborhood highlights,2,1,1,1,4.82,57,https://www.airbnb.com/rooms/35929196
35934018,$78.00,Neighborhood highlights,3,1,1,3,4.8,61,https://www.airbnb.com/rooms/35934018
35938640,$155.00,Neighborhood highlights,2,1,2,2,4.97,35,https://www.airbnb.com/rooms/35938640
35939805,NA,Neighborhood highlights,2,NA,NA,NA,5,9,https://www.airbnb.com/rooms/35939805
35944106,$598.00,Neighborhood highlights,4,1,2,2,4.63,27,https://www.airbnb.com/rooms/35944106
35944866,$159.00,Neighborhood highlights,2,1,1,2,4.98,41,https://www.airbnb.com/rooms/35944866
35957018,NA,Neighborhood highlights,6,NA,2,NA,4.92,13,https://www.airbnb.com/rooms/35957018
35962668,"$1,103.00",Neighborhood highlights,10,3,4,5,4.93,15,https://www.airbnb.com/rooms/35962668
35965985,NA,NA,1,NA,NA,NA,NA,0,https://www.airbnb.com/rooms/35965985
35966671,NA,Neighborhood highlights,2,NA,1,NA,NA,0,https://www.airbnb.com/rooms/35966671
35967471,NA,Neighborhood highlights,2,NA,NA,NA,4.5,2,https://www.airbnb.com/rooms/35967471
35969545,$350.00,Neighborhood highlights,5,1,2,2,4.78,164,https://www.airbnb.com/rooms/35969545
35974849,NA,Neighborhood highlights,2,NA,NA,NA,NA,0,https://www.airbnb.com/rooms/35974849
35975589,$99.00,Neighborhood highlights,2,1,1,1,4.87,15,https://www.airbnb.com/rooms/35975589
35988369,NA,Neighborhood highlights,2,NA,NA,NA,5,1,https://www.airbnb.com/rooms/35988369
35995460,$75.00,Neighborhood highlights,1,1,7,1,4.71,52,https://www.airbnb.com/rooms/35995460
35996222,$120.00,Neighborhood highlights,2,1,1,2,4.72,180,https://www.airbnb.com/rooms/35996222
35998531,$273.00,Neighborhood highlights,7,1,3,4,4.78,18,https://www.airbnb.com/rooms/35998531
35999656,NA,NA,3,NA,NA,NA,NA,0,https://www.airbnb.com/rooms/35999656
36002802,NA,Neighborhood highlights,3,NA,1,NA,4.64,11,https://www.airbnb.com/rooms/36002802
36004196,$158.00,Neighborhood highlights,5,1,1,2,5,6,https://www.airbnb.com/rooms/36004196
36023925,NA,Neighborhood highlights,2,NA,NA,NA,4,2,https://www.airbnb.com/rooms/36023925
36036842,$434.00,NA,2,1,1,1,NA,0,https://www.airbnb.com/rooms/36036842
36054622,NA,Neighborhood highlights,2,NA,1,NA,5,5,https://www.airbnb.com/rooms/36054622
36056808,NA,Neighborhood highlights,4,NA,2,NA,NA,0,https://www.airbnb.com/rooms/36056808
36060386,NA,Neighborhood highlights,1,NA,NA,NA,NA,0,https://www.airbnb.com/rooms/36060386
36062007,NA,Neighborhood highlights,2,NA,NA,NA,5,5,https://www.airbnb.com/rooms/36062007
36063144,$625.00,Neighborhood highlights,6,2.5,3,3,4.89,46,https://www.airbnb.com/rooms/36063144
36064099,NA,Neighborhood highlights,4,NA,2,NA,4.75,12,https://www.airbnb.com/rooms/36064099
36064676,$400.00,Neighborhood highlights,8,1.5,4,4,4.79,151,https://www.airbnb.com/rooms/36064676
36069532,NA,Neighborhood highlights,4,NA,3,NA,NA,0,https://www.airbnb.com/rooms/36069532
36073776,NA,Neighborhood highlights,2,NA,NA,NA,4.9,10,https://www.airbnb.com/rooms/36073776
36074873,NA,Neighborhood highlights,1,NA,NA,NA,4.4,5,https://www.airbnb.com/rooms/36074873
36076577,NA,NA,3,NA,1,NA,4.55,11,https://www.airbnb.com/rooms/36076577
36080023,$479.00,Neighborhood highlights,13,1.5,3,5,4.84,19,https://www.airbnb.com/rooms/36080023
36082249,NA,Neighborhood highlights,4,NA,NA,NA,4.73,11,https://www.airbnb.com/rooms/36082249
36085870,NA,Neighborhood highlights,1,NA,NA,NA,NA,0,https://www.airbnb.com/rooms/36085870
36101436,$53.00,Neighborhood highlights,1,2,4,1,4.96,82,https://www.airbnb.com/rooms/36101436
36103414,NA,NA,2,NA,1,NA,4.43,7,https://www.airbnb.com/rooms/36103414
36105777,NA,Neighborhood highlights,2,NA,NA,NA,4,4,https://www.airbnb.com/rooms/36105777
36107833,NA,Neighborhood highlights,3,NA,1,NA,4.5,8,https://www.airbnb.com/rooms/36107833
36108534,$200.00,NA,3,1,1,1,4.63,8,https://www.airbnb.com/rooms/36108534
36108675,"$1,926.00",Neighborhood highlights,2,1,1,1,4.57,7,https://www.airbnb.com/rooms/36108675
36108871,$452.00,Neighborhood highlights,2,1,1,1,4.4,5,https://www.airbnb.com/rooms/36108871
36109132,NA,NA,2,NA,NA,NA,5,1,https://www.airbnb.com/rooms/36109132
36109149,NA,Neighborhood highlights,4,NA,2,NA,4.57,7,https://www.airbnb.com/rooms/36109149
36109805,$190.00,NA,3,1,0,2,4.46,13,https://www.airbnb.com/rooms/36109805
36114015,NA,Neighborhood highlights,2,NA,NA,NA,5,2,https://www.airbnb.com/rooms/36114015
36114337,$100.00,Neighborhood highlights,2,1,1,1,4.91,81,https://www.airbnb.com/rooms/36114337
36115461,NA,NA,2,NA,NA,NA,4.94,31,https://www.airbnb.com/rooms/36115461
36117267,NA,Neighborhood highlights,2,NA,1,NA,4.6,43,https://www.airbnb.com/rooms/36117267
36134670,$55.00,Neighborhood highlights,2,1,1,1,4.79,14,https://www.airbnb.com/rooms/36134670
36137531,NA,NA,4,NA,2,NA,NA,0,https://www.airbnb.com/rooms/36137531
36137613,$230.00,Neighborhood highlights,2,1,1,2,4.96,195,https://www.airbnb.com/rooms/36137613
36141106,$160.00,Neighborhood highlights,5,1,2,3,4.97,35,https://www.airbnb.com/rooms/36141106
36142198,$380.00,Neighborhood highlights,6,1,3,3,4.77,183,https://www.airbnb.com/rooms/36142198
36142215,NA,Neighborhood highlights,2,NA,NA,NA,5,1,https://www.airbnb.com/rooms/36142215
36143087,NA,Neighborhood highlights,1,NA,NA,NA,5,1,https://www.airbnb.com/rooms/36143087
36145317,$350.00,Neighborhood highlights,5,1,2,4,4.76,127,https://www.airbnb.com/rooms/36145317
36146653,NA,Neighborhood highlights,2,NA,NA,NA,5,2,https://www.airbnb.com/rooms/36146653
36147561,$404.00,Neighborhood highlights,3,1,1,0,4.71,52,https://www.airbnb.com/rooms/36147561
36152335,NA,Neighborhood highlights,6,NA,3,NA,NA,0,https://www.airbnb.com/rooms/36152335
36152878,NA,NA,2,NA,1,NA,4.65,118,https://www.airbnb.com/rooms/36152878
36172519,NA,Neighborhood highlights,2,NA,1,NA,5,7,https://www.airbnb.com/rooms/36172519
36180667,NA,Neighborhood highlights,2,NA,NA,NA,NA,0,https://www.airbnb.com/rooms/36180667
36181000,$125.00,Neighborhood highlights,2,1,1,2,4.8,5,https://www.airbnb.com/rooms/36181000
36197791,$625.00,Neighborhood highlights,4,1.5,2,2,5,1,https://www.airbnb.com/rooms/36197791
36198348,$99.00,NA,2,1,0,1,4.87,38,https://www.airbnb.com/rooms/36198348
36203757,NA,Neighborhood highlights,4,NA,3,NA,NA,0,https://www.airbnb.com/rooms/36203757
36204465,NA,NA,2,NA,NA,NA,5,1,https://www.airbnb.com/rooms/36204465
36206001,NA,Neighborhood highlights,4,NA,1,NA,NA,0,https://www.airbnb.com/rooms/36206001
36206655,NA,Neighborhood highlights,3,NA,1,NA,NA,0,https://www.airbnb.com/rooms/36206655
36210670,NA,Neighborhood highlights,2,NA,1,NA,4.92,39,https://www.airbnb.com/rooms/36210670
36221298,NA,NA,2,NA,NA,NA,4.75,4,https://www.airbnb.com/rooms/36221298
36222367,NA,Neighborhood highlights,2,NA,1,NA,4.95,21,https://www.airbnb.com/rooms/36222367
36223669,$99.00,Neighborhood highlights,5,1,2,2,4.95,21,https://www.airbnb.com/rooms/36223669
36224260,NA,NA,1,NA,NA,NA,5,3,https://www.airbnb.com/rooms/36224260
36224443,NA,NA,3,NA,1,NA,4.91,11,https://www.airbnb.com/rooms/36224443
36228538,NA,NA,3,NA,1,NA,5,1,https://www.airbnb.com/rooms/36228538
36231329,NA,Neighborhood highlights,4,NA,1,NA,4.67,3,https://www.airbnb.com/rooms/36231329
36236022,$153.00,Neighborhood highlights,5,1,2,2,4.88,113,https://www.airbnb.com/rooms/36236022
36236515,$75.00,Neighborhood highlights,1,1,1,1,4.86,361,https://www.airbnb.com/rooms/36236515
36237732,$257.00,Neighborhood highlights,2,1,1,1,4.79,186,https://www.airbnb.com/rooms/36237732
36238700,$395.00,Neighborhood highlights,4,2,2,2,4.72,39,https://www.airbnb.com/rooms/36238700
36238749,$245.00,Neighborhood highlights,2,1,1,1,4.64,122,https://www.airbnb.com/rooms/36238749
36239387,$432.00,Neighborhood highlights,2,1,1,1,NA,0,https://www.airbnb.com/rooms/36239387
36239518,$395.00,Neighborhood highlights,4,2,2,2,3.42,12,https://www.airbnb.com/rooms/36239518
36239568,$245.00,Neighborhood highlights,2,1,1,1,4.77,651,https://www.airbnb.com/rooms/36239568
36239614,$245.00,Neighborhood highlights,2,1,1,1,4.9,86,https://www.airbnb.com/rooms/36239614
36239665,$305.00,Neighborhood highlights,2,1,1,1,4.63,16,https://www.airbnb.com/rooms/36239665
36239748,$305.00,Neighborhood highlights,2,1,1,1,4,4,https://www.airbnb.com/rooms/36239748
36239812,$305.00,Neighborhood highlights,2,1,1,1,4.29,7,https://www.airbnb.com/rooms/36239812
36239871,$260.00,Neighborhood highlights,2,1,1,1,4.83,23,https://www.airbnb.com/rooms/36239871
36239907,$230.00,Neighborhood highlights,1,1,1,1,4.54,26,https://www.airbnb.com/rooms/36239907
36239952,$230.00,Neighborhood highlights,2,1,1,2,4.52,23,https://www.airbnb.com/rooms/36239952
36240007,$230.00,Neighborhood highlights,2,1,1,1,4.67,3,https://www.airbnb.com/rooms/36240007
36240061,$470.00,Neighborhood highlights,4,2,2,2,4.64,11,https://www.airbnb.com/rooms/36240061
36240104,$368.00,Neighborhood highlights,2,1,1,1,NA,0,https://www.airbnb.com/rooms/36240104
36240143,$507.00,Neighborhood highlights,2,2,1,1,NA,0,https://www.airbnb.com/rooms/36240143
36240195,$368.00,Neighborhood highlights,2,1,1,1,4,1,https://www.airbnb.com/rooms/36240195
36241782,NA,Neighborhood highlights,4,NA,1,NA,4.7,10,https://www.airbnb.com/rooms/36241782
36255541,$159.00,Neighborhood highlights,4,1,1,2,4.84,67,https://www.airbnb.com/rooms/36255541
36260895,$400.00,NA,4,1,1,1,4.81,57,https://www.airbnb.com/rooms/36260895
36265557,NA,Neighborhood highlights,4,NA,2,NA,5,3,https://www.airbnb.com/rooms/36265557
36267546,$65.00,Neighborhood highlights,2,1.5,1,1,4.87,165,https://www.airbnb.com/rooms/36267546
36272851,NA,Neighborhood highlights,3,NA,2,NA,4.7,20,https://www.airbnb.com/rooms/36272851
36272957,$155.00,Neighborhood highlights,5,1,3,4,4.8,5,https://www.airbnb.com/rooms/36272957
36274279,$95.00,Neighborhood highlights,5,2,3,5,5,3,https://www.airbnb.com/rooms/36274279
36279030,NA,Neighborhood highlights,1,NA,NA,NA,5,1,https://www.airbnb.com/rooms/36279030
36286545,NA,Neighborhood highlights,2,NA,NA,NA,4.93,40,https://www.airbnb.com/rooms/36286545
36300378,$240.00,Neighborhood highlights,2,1,1,1,5,5,https://www.airbnb.com/rooms/36300378
36302523,$120.00,Neighborhood highlights,2,1,0,1,4.36,11,https://www.airbnb.com/rooms/36302523
36307792,NA,Neighborhood highlights,2,NA,NA,NA,5,10,https://www.airbnb.com/rooms/36307792
36307882,NA,Neighborhood highlights,3,NA,1,NA,NA,0,https://www.airbnb.com/rooms/36307882
36311265,NA,NA,2,NA,NA,NA,NA,0,https://www.airbnb.com/rooms/36311265
36312999,NA,Neighborhood highlights,2,NA,1,NA,5,3,https://www.airbnb.com/rooms/36312999
36313048,NA,Neighborhood highlights,4,NA,1,NA,5,12,https://www.airbnb.com/rooms/36313048
36313671,NA,Neighborhood highlights,1,NA,NA,NA,5,7,https://www.airbnb.com/rooms/36313671
36315759,$306.00,Neighborhood highlights,2,1,0,1,NA,0,https://www.airbnb.com/rooms/36315759
36315795,NA,NA,2,NA,NA,NA,4.88,8,https://www.airbnb.com/rooms/36315795
36315828,$350.00,Neighborhood highlights,2,1,0,1,5,1,https://www.airbnb.com/rooms/36315828
36319887,NA,Neighborhood highlights,2,NA,NA,NA,4.67,6,https://www.airbnb.com/rooms/36319887
36322141,$79.00,Neighborhood highlights,2,1,3,1,4.47,15,https://www.airbnb.com/rooms/36322141
36333124,$283.00,NA,2,1,1,2,4.67,15,https://www.airbnb.com/rooms/36333124
36344450,NA,Neighborhood highlights,1,NA,NA,NA,5,2,https://www.airbnb.com/rooms/36344450
36349092,NA,Neighborhood highlights,6,NA,3,NA,5,2,https://www.airbnb.com/rooms/36349092
36354114,NA,Neighborhood highlights,3,NA,1,NA,NA,0,https://www.airbnb.com/rooms/36354114
36358848,NA,Neighborhood highlights,4,NA,2,NA,5,1,https://www.airbnb.com/rooms/36358848
36358910,NA,Neighborhood highlights,3,NA,2,NA,NA,0,https://www.airbnb.com/rooms/36358910
36359662,$85.00,NA,2,1,1,2,5,6,https://www.airbnb.com/rooms/36359662
36368048,NA,NA,1,NA,NA,NA,NA,0,https://www.airbnb.com/rooms/36368048
36370217,$135.00,NA,8,1,2,2,NA,0,https://www.airbnb.com/rooms/36370217
36379279,$423.00,Neighborhood highlights,2,1.5,1,1,4.89,83,https://www.airbnb.com/rooms/36379279
36381909,NA,NA,2,NA,NA,NA,4.54,13,https://www.airbnb.com/rooms/36381909
36383411,NA,Neighborhood highlights,1,NA,NA,NA,4.88,16,https://www.airbnb.com/rooms/36383411
36387416,NA,Neighborhood highlights,3,NA,NA,NA,NA,0,https://www.airbnb.com/rooms/36387416
36392805,NA,NA,4,NA,2,NA,NA,0,https://www.airbnb.com/rooms/36392805
36392997,$95.00,Neighborhood highlights,2,1,1,1,4.5,20,https://www.airbnb.com/rooms/36392997
36394726,NA,NA,2,NA,NA,NA,5,1,https://www.airbnb.com/rooms/36394726
36404568,$564.00,Neighborhood highlights,4,2,2,2,NA,0,https://www.airbnb.com/rooms/36404568
36404684,$309.00,Neighborhood highlights,2,1,1,1,5,1,https://www.airbnb.com/rooms/36404684
36413532,NA,NA,2,NA,1,NA,NA,0,https://www.airbnb.com/rooms/36413532
36414576,NA,Neighborhood highlights,2,NA,NA,NA,NA,0,https://www.airbnb.com/rooms/36414576
36417250,NA,Neighborhood highlights,6,NA,2,NA,5,2,https://www.airbnb.com/rooms/36417250
36420676,NA,NA,1,NA,NA,NA,NA,0,https://www.airbnb.com/rooms/36420676
36421575,NA,NA,2,NA,NA,NA,5,1,https://www.airbnb.com/rooms/36421575
36421632,NA,NA,2,NA,NA,NA,5,1,https://www.airbnb.com/rooms/36421632
36421679,NA,NA,2,NA,NA,NA,4.67,3,https://www.airbnb.com/rooms/36421679
36421737,NA,NA,2,NA,NA,NA,NA,0,https://www.airbnb.com/rooms/36421737
36421783,NA,NA,1,NA,NA,NA,5,4,https://www.airbnb.com/rooms/36421783
36426788,$77.00,Neighborhood highlights,1,1,1,1,4.41,51,https://www.airbnb.com/rooms/36426788
36435986,NA,NA,3,NA,NA,NA,4.47,15,https://www.airbnb.com/rooms/36435986
36441134,NA,Neighborhood highlights,2,NA,NA,NA,5,6,https://www.airbnb.com/rooms/36441134
36453417,$185.00,Neighborhood highlights,2,1,1,1,5,20,https://www.airbnb.com/rooms/36453417
36454717,$55.00,NA,2,2,1,1,4.6,20,https://www.airbnb.com/rooms/36454717
36455321,$55.00,NA,2,2,1,1,4.65,23,https://www.airbnb.com/rooms/36455321
36455649,$55.00,NA,2,2,1,1,4.58,26,https://www.airbnb.com/rooms/36455649
36456829,$34.00,Neighborhood highlights,2,1,1,1,4.73,92,https://www.airbnb.com/rooms/36456829
36471896,NA,Neighborhood highlights,2,NA,NA,NA,4.25,4,https://www.airbnb.com/rooms/36471896
36474706,NA,Neighborhood highlights,2,NA,1,NA,NA,0,https://www.airbnb.com/rooms/36474706
36481615,NA,Neighborhood highlights,2,NA,NA,NA,5,4,https://www.airbnb.com/rooms/36481615
36485171,$50.00,Neighborhood highlights,2,1,1,1,4.85,33,https://www.airbnb.com/rooms/36485171
36485642,$80.00,Neighborhood highlights,2,1,1,1,4.96,51,https://www.airbnb.com/rooms/36485642
36488148,$106.00,Neighborhood highlights,2,1,0,1,4.65,23,https://www.airbnb.com/rooms/36488148
36501387,$466.00,Neighborhood highlights,4,1,2,2,NA,0,https://www.airbnb.com/rooms/36501387
36510434,NA,Neighborhood highlights,3,NA,NA,NA,NA,0,https://www.airbnb.com/rooms/36510434
36513425,$68.00,Neighborhood highlights,2,1,1,1,4.86,131,https://www.airbnb.com/rooms/36513425
36517175,NA,Neighborhood highlights,6,NA,2,NA,5,24,https://www.airbnb.com/rooms/36517175
36523430,NA,NA,4,NA,2,NA,4.5,2,https://www.airbnb.com/rooms/36523430
36523682,$130.00,NA,2,1,1,1,4.88,26,https://www.airbnb.com/rooms/36523682
36525799,$175.00,Neighborhood highlights,4,1,2,3,4.77,87,https://www.airbnb.com/rooms/36525799
36526390,NA,NA,2,NA,NA,NA,4.69,13,https://www.airbnb.com/rooms/36526390
36526767,NA,Neighborhood highlights,2,NA,NA,NA,4.83,12,https://www.airbnb.com/rooms/36526767
36531254,NA,Neighborhood highlights,2,NA,NA,NA,5,3,https://www.airbnb.com/rooms/36531254
36533065,NA,Neighborhood highlights,2,NA,NA,NA,4.3,10,https://www.airbnb.com/rooms/36533065
36554098,NA,NA,2,NA,NA,NA,5,8,https://www.airbnb.com/rooms/36554098
36558463,NA,Neighborhood highlights,3,NA,1,NA,4.41,22,https://www.airbnb.com/rooms/36558463
36561962,$153.00,Neighborhood highlights,4,1,2,2,4.71,7,https://www.airbnb.com/rooms/36561962
36562432,NA,Neighborhood highlights,4,NA,1,NA,5,2,https://www.airbnb.com/rooms/36562432
36562461,NA,Neighborhood highlights,2,NA,1,NA,4.26,23,https://www.airbnb.com/rooms/36562461
36562485,NA,Neighborhood highlights,4,NA,1,NA,4.4,5,https://www.airbnb.com/rooms/36562485
36562511,NA,Neighborhood highlights,2,NA,1,NA,NA,0,https://www.airbnb.com/rooms/36562511
36565460,NA,Neighborhood highlights,3,NA,1,NA,NA,0,https://www.airbnb.com/rooms/36565460
36566957,$90.00,Neighborhood highlights,1,1,1,1,5,2,https://www.airbnb.com/rooms/36566957
36569876,NA,Neighborhood highlights,9,NA,3,NA,4.62,217,https://www.airbnb.com/rooms/36569876
36571835,$42.00,Neighborhood highlights,2,1,1,1,4.7,27,https://www.airbnb.com/rooms/36571835
36581537,$411.00,NA,2,1,1,1,NA,0,https://www.airbnb.com/rooms/36581537
36585314,$123.00,NA,2,1,1,1,5,5,https://www.airbnb.com/rooms/36585314
36591820,NA,Neighborhood highlights,2,NA,NA,NA,4,1,https://www.airbnb.com/rooms/36591820
36592303,NA,Neighborhood highlights,1,NA,NA,NA,4,1,https://www.airbnb.com/rooms/36592303
36592512,NA,NA,2,NA,2,NA,4.75,4,https://www.airbnb.com/rooms/36592512
36593314,$180.00,Neighborhood highlights,3,2,2,2,5,1,https://www.airbnb.com/rooms/36593314
36593724,$125.00,Neighborhood highlights,2,1,1,1,4.92,116,https://www.airbnb.com/rooms/36593724
36596438,NA,Neighborhood highlights,4,NA,1,NA,4.86,21,https://www.airbnb.com/rooms/36596438
36599387,$70.00,Neighborhood highlights,1,2,1,1,5,4,https://www.airbnb.com/rooms/36599387
36600021,NA,NA,2,NA,1,NA,4.46,61,https://www.airbnb.com/rooms/36600021
36600226,NA,NA,2,NA,1,NA,NA,0,https://www.airbnb.com/rooms/36600226
36600797,NA,NA,2,NA,1,NA,4,1,https://www.airbnb.com/rooms/36600797
36601016,NA,NA,2,NA,1,NA,5,3,https://www.airbnb.com/rooms/36601016
36601094,NA,Neighborhood highlights,2,NA,1,NA,4.64,45,https://www.airbnb.com/rooms/36601094
36601199,NA,NA,2,NA,1,NA,4.9,10,https://www.airbnb.com/rooms/36601199
36601330,NA,NA,2,NA,1,NA,5,1,https://www.airbnb.com/rooms/36601330
36601463,NA,NA,2,NA,1,NA,5,3,https://www.airbnb.com/rooms/36601463
36601529,NA,NA,2,NA,1,NA,4,2,https://www.airbnb.com/rooms/36601529
36601571,NA,NA,2,NA,1,NA,4.72,116,https://www.airbnb.com/rooms/36601571
36601762,NA,NA,2,NA,1,NA,NA,0,https://www.airbnb.com/rooms/36601762
36602019,NA,NA,2,NA,1,NA,NA,0,https://www.airbnb.com/rooms/36602019
36602159,NA,NA,2,NA,1,NA,NA,0,https://www.airbnb.com/rooms/36602159
36602945,NA,NA,4,NA,NA,NA,4.44,16,https://www.airbnb.com/rooms/36602945
36603015,$90.00,Neighborhood highlights,2,1,1,1,4.84,95,https://www.airbnb.com/rooms/36603015
36604373,NA,Neighborhood highlights,4,NA,1,NA,4.75,8,https://www.airbnb.com/rooms/36604373
36618017,$73.00,NA,1,1,1,1,4.67,3,https://www.airbnb.com/rooms/36618017
36620796,NA,NA,1,NA,NA,NA,NA,0,https://www.airbnb.com/rooms/36620796
36629436,$110.00,Neighborhood highlights,1,1.5,1,1,4.96,135,https://www.airbnb.com/rooms/36629436
36629467,NA,NA,2,NA,NA,NA,4.88,8,https://www.airbnb.com/rooms/36629467
36631549,NA,Neighborhood highlights,2,NA,1,NA,NA,0,https://www.airbnb.com/rooms/36631549
36632562,$165.00,Neighborhood highlights,2,1,2,2,4.66,62,https://www.airbnb.com/rooms/36632562
36633511,NA,NA,1,NA,NA,NA,5,1,https://www.airbnb.com/rooms/36633511
36637775,NA,Neighborhood highlights,2,NA,7,NA,5,3,https://www.airbnb.com/rooms/36637775
36639320,NA,Neighborhood highlights,4,NA,1,NA,4.8,5,https://www.airbnb.com/rooms/36639320
36639976,NA,Neighborhood highlights,2,NA,NA,NA,4.36,25,https://www.airbnb.com/rooms/36639976
36640931,$111.00,NA,2,1,1,1,4.92,322,https://www.airbnb.com/rooms/36640931
36643130,NA,Neighborhood highlights,1,NA,NA,NA,4.9,10,https://www.airbnb.com/rooms/36643130
36656933,$140.00,NA,6,1,1,3,4.83,12,https://www.airbnb.com/rooms/36656933
36659812,$58.00,Neighborhood highlights,2,1,1,1,4.71,34,https://www.airbnb.com/rooms/36659812
36660274,$58.00,Neighborhood highlights,2,1,1,1,4.8,45,https://www.airbnb.com/rooms/36660274
36661909,$322.00,Neighborhood highlights,2,1,1,1,4.62,42,https://www.airbnb.com/rooms/36661909
36663696,$250.00,Neighborhood highlights,4,1,2,2,4.86,73,https://www.airbnb.com/rooms/36663696
36668085,NA,NA,4,NA,1,NA,5,1,https://www.airbnb.com/rooms/36668085
36684171,NA,Neighborhood highlights,6,NA,3,NA,5,5,https://www.airbnb.com/rooms/36684171
36695857,$220.00,Neighborhood highlights,4,1,2,2,4.97,78,https://www.airbnb.com/rooms/36695857
36696708,NA,Neighborhood highlights,2,NA,NA,NA,4.89,9,https://www.airbnb.com/rooms/36696708
36696860,$56.00,Neighborhood highlights,1,1,1,1,4.8,55,https://www.airbnb.com/rooms/36696860
36697133,$180.00,Neighborhood highlights,1,1,1,1,4.87,68,https://www.airbnb.com/rooms/36697133
36698970,$140.00,Neighborhood highlights,2,1,1,1,4.76,70,https://www.airbnb.com/rooms/36698970
36702060,NA,Neighborhood highlights,3,NA,1,NA,NA,0,https://www.airbnb.com/rooms/36702060
36737189,NA,NA,1,NA,NA,NA,4.75,4,https://www.airbnb.com/rooms/36737189
36753879,$240.00,Neighborhood highlights,2,1,0,1,NA,0,https://www.airbnb.com/rooms/36753879
36762958,$208.00,Neighborhood highlights,4,1,2,2,4.73,183,https://www.airbnb.com/rooms/36762958
36765969,NA,Neighborhood highlights,4,NA,1,NA,5,5,https://www.airbnb.com/rooms/36765969
36776377,NA,NA,2,NA,NA,NA,4,4,https://www.airbnb.com/rooms/36776377
36791797,NA,NA,1,NA,NA,NA,NA,0,https://www.airbnb.com/rooms/36791797
36794104,NA,Neighborhood highlights,4,NA,2,NA,4.93,41,https://www.airbnb.com/rooms/36794104
36796156,$185.00,NA,4,1,1,2,4.9,21,https://www.airbnb.com/rooms/36796156
36803276,$90.00,Neighborhood highlights,3,1,1,1,5,3,https://www.airbnb.com/rooms/36803276
36804299,$500.00,Neighborhood highlights,5,2,2,2,4.96,24,https://www.airbnb.com/rooms/36804299
36811139,NA,NA,1,NA,NA,NA,5,2,https://www.airbnb.com/rooms/36811139
36813246,$38.00,Neighborhood highlights,2,1,1,1,4.61,54,https://www.airbnb.com/rooms/36813246
36815318,$100.00,Neighborhood highlights,2,1,0,1,4.46,28,https://www.airbnb.com/rooms/36815318
36819630,NA,NA,2,NA,1,NA,4.75,4,https://www.airbnb.com/rooms/36819630
36832048,NA,Neighborhood highlights,6,NA,3,NA,4.86,29,https://www.airbnb.com/rooms/36832048
36833047,NA,Neighborhood highlights,3,NA,1,NA,4.82,67,https://www.airbnb.com/rooms/36833047
36834500,NA,NA,2,NA,NA,NA,NA,0,https://www.airbnb.com/rooms/36834500
36834575,NA,NA,4,NA,2,NA,4.6,10,https://www.airbnb.com/rooms/36834575
36836336,$110.00,Neighborhood highlights,2,1,1,2,4.58,45,https://www.airbnb.com/rooms/36836336
36838859,$300.00,NA,4,2,2,2,NA,0,https://www.airbnb.com/rooms/36838859
36839214,$350.00,NA,5,2,2,4,5,3,https://www.airbnb.com/rooms/36839214
36839512,$350.00,Neighborhood highlights,4,2,2,3,4.4,5,https://www.airbnb.com/rooms/36839512
36839873,$320.00,NA,5,2,2,2,4,1,https://www.airbnb.com/rooms/36839873
36840098,NA,Neighborhood highlights,2,NA,1,NA,5,1,https://www.airbnb.com/rooms/36840098
36844943,NA,Neighborhood highlights,7,NA,3,NA,4.8,45,https://www.airbnb.com/rooms/36844943
36846836,NA,Neighborhood highlights,2,NA,NA,NA,4.6,10,https://www.airbnb.com/rooms/36846836
36872628,$59.00,Neighborhood highlights,1,1,1,1,4.76,46,https://www.airbnb.com/rooms/36872628
36875336,$59.00,Neighborhood highlights,1,1,1,1,4.94,50,https://www.airbnb.com/rooms/36875336
36877037,NA,Neighborhood highlights,6,NA,2,NA,5,1,https://www.airbnb.com/rooms/36877037
36900144,$219.00,Neighborhood highlights,6,1,2,3,4.89,370,https://www.airbnb.com/rooms/36900144
36906763,$61.00,Neighborhood highlights,1,1,1,1,4.8,10,https://www.airbnb.com/rooms/36906763
36908046,NA,NA,6,NA,1,NA,4,1,https://www.airbnb.com/rooms/36908046
36911858,$90.00,Neighborhood highlights,1,1,1,1,NA,0,https://www.airbnb.com/rooms/36911858
36912362,$129.00,Neighborhood highlights,1,1,1,1,NA,0,https://www.airbnb.com/rooms/36912362
36914033,$152.00,Neighborhood highlights,4,1,2,3,4.83,6,https://www.airbnb.com/rooms/36914033
36939083,$43.00,Neighborhood highlights,1,1.5,1,1,5,1,https://www.airbnb.com/rooms/36939083
36939258,$40.00,Neighborhood highlights,1,1,1,1,5,2,https://www.airbnb.com/rooms/36939258
36939361,NA,Neighborhood highlights,2,NA,1,NA,5,4,https://www.airbnb.com/rooms/36939361
36939654,NA,Neighborhood highlights,1,NA,NA,NA,5,3,https://www.airbnb.com/rooms/36939654
36939782,NA,Neighborhood highlights,2,NA,NA,NA,4.94,31,https://www.airbnb.com/rooms/36939782
36940057,$39.00,Neighborhood highlights,1,1,1,1,4.59,64,https://www.airbnb.com/rooms/36940057
36942878,NA,Neighborhood highlights,2,NA,NA,NA,4.52,42,https://www.airbnb.com/rooms/36942878
36943029,$475.00,Neighborhood highlights,10,2,4,7,4.95,196,https://www.airbnb.com/rooms/36943029
36944046,NA,NA,4,NA,NA,NA,5,1,https://www.airbnb.com/rooms/36944046
36945647,$182.00,Neighborhood highlights,4,1,2,3,4.67,6,https://www.airbnb.com/rooms/36945647
36946192,NA,Neighborhood highlights,2,NA,NA,NA,4.94,18,https://www.airbnb.com/rooms/36946192
36968066,NA,Neighborhood highlights,4,NA,1,NA,4.2,5,https://www.airbnb.com/rooms/36968066
36970116,NA,NA,5,NA,2,NA,NA,0,https://www.airbnb.com/rooms/36970116
36974600,$210.00,NA,6,2.5,3,3,4.89,103,https://www.airbnb.com/rooms/36974600
36975161,$65.00,NA,2,2,1,1,NA,0,https://www.airbnb.com/rooms/36975161
36978032,$400.00,Neighborhood highlights,8,2.5,2,5,3,2,https://www.airbnb.com/rooms/36978032
36979307,NA,Neighborhood highlights,2,NA,NA,NA,5,4,https://www.airbnb.com/rooms/36979307
36980176,NA,Neighborhood highlights,1,NA,NA,NA,4.88,8,https://www.airbnb.com/rooms/36980176
36981285,$58.00,Neighborhood highlights,2,1,1,1,4.95,41,https://www.airbnb.com/rooms/36981285
36998345,NA,Neighborhood highlights,2,NA,NA,NA,4.97,115,https://www.airbnb.com/rooms/36998345
37002006,NA,NA,3,NA,1,NA,4.94,89,https://www.airbnb.com/rooms/37002006
37003767,$139.00,Neighborhood highlights,4,1,3,3,NA,0,https://www.airbnb.com/rooms/37003767
37006114,NA,Neighborhood highlights,4,NA,2,NA,5,9,https://www.airbnb.com/rooms/37006114
37006731,NA,NA,2,NA,1,NA,4.71,7,https://www.airbnb.com/rooms/37006731
37008287,NA,Neighborhood highlights,6,NA,3,NA,5,3,https://www.airbnb.com/rooms/37008287
37011601,NA,Neighborhood highlights,4,NA,2,NA,4.83,46,https://www.airbnb.com/rooms/37011601
37016764,NA,Neighborhood highlights,1,NA,NA,NA,5,2,https://www.airbnb.com/rooms/37016764
37018378,NA,NA,2,NA,NA,NA,NA,0,https://www.airbnb.com/rooms/37018378
37019368,NA,Neighborhood highlights,6,NA,3,NA,4.54,24,https://www.airbnb.com/rooms/37019368
37019982,$130.00,Neighborhood highlights,2,1,2,2,4.89,139,https://www.airbnb.com/rooms/37019982
37020763,NA,Neighborhood highlights,1,NA,NA,NA,5,2,https://www.airbnb.com/rooms/37020763
37022153,NA,NA,16,NA,8,NA,4.56,73,https://www.airbnb.com/rooms/37022153
37023920,$840.00,NA,1,1,1,1,NA,0,https://www.airbnb.com/rooms/37023920
37036243,NA,Neighborhood highlights,2,NA,1,NA,NA,0,https://www.airbnb.com/rooms/37036243
37039174,NA,Neighborhood highlights,2,NA,NA,NA,5,2,https://www.airbnb.com/rooms/37039174
37048087,$109.00,Neighborhood highlights,4,1,1,3,4.56,258,https://www.airbnb.com/rooms/37048087
37053079,$180.00,Neighborhood highlights,3,1,1,1,4.87,147,https://www.airbnb.com/rooms/37053079
37054496,NA,Neighborhood highlights,2,NA,NA,NA,5,2,https://www.airbnb.com/rooms/37054496
37055281,NA,NA,3,NA,NA,NA,4.86,7,https://www.airbnb.com/rooms/37055281
37055580,$99.00,Neighborhood highlights,2,1,1,1,4.98,91,https://www.airbnb.com/rooms/37055580
37055877,$135.00,Neighborhood highlights,2,1,0,1,5,3,https://www.airbnb.com/rooms/37055877
37056638,$79.00,Neighborhood highlights,1,1,1,1,4.83,23,https://www.airbnb.com/rooms/37056638
37057382,NA,NA,10,NA,4,NA,4.71,7,https://www.airbnb.com/rooms/37057382
37058304,NA,NA,9,NA,4,NA,5,4,https://www.airbnb.com/rooms/37058304
37059318,$407.00,Neighborhood highlights,6,2.5,3,3,4.98,45,https://www.airbnb.com/rooms/37059318
37059899,$354.00,NA,8,2,4,4,4.58,33,https://www.airbnb.com/rooms/37059899
37060250,$317.00,NA,8,2,3,3,4.62,13,https://www.airbnb.com/rooms/37060250
37060440,$260.00,NA,8,2,3,3,4.47,53,https://www.airbnb.com/rooms/37060440
37060459,NA,NA,3,NA,1,NA,5,12,https://www.airbnb.com/rooms/37060459
37060607,$665.00,NA,16,4,6,6,4.52,21,https://www.airbnb.com/rooms/37060607
37074081,$38.00,NA,1,1,1,1,NA,0,https://www.airbnb.com/rooms/37074081
37079197,$60.00,NA,1,1,1,1,NA,0,https://www.airbnb.com/rooms/37079197
37082885,$227.00,Neighborhood highlights,2,2,2,3,4.94,174,https://www.airbnb.com/rooms/37082885
37083736,$269.00,Neighborhood highlights,4,1,2,2,4.69,13,https://www.airbnb.com/rooms/37083736
37084569,$80.00,NA,2,1,5,1,4.78,37,https://www.airbnb.com/rooms/37084569
37085182,$120.00,Neighborhood highlights,2,1,0,1,NA,0,https://www.airbnb.com/rooms/37085182
37085302,$155.00,Neighborhood highlights,2,1,2,2,4.84,63,https://www.airbnb.com/rooms/37085302
37085967,NA,NA,2,NA,NA,NA,NA,0,https://www.airbnb.com/rooms/37085967
37086914,$105.00,Neighborhood highlights,2,1,1,1,4.6,5,https://www.airbnb.com/rooms/37086914
37087668,NA,NA,2,NA,NA,NA,5,8,https://www.airbnb.com/rooms/37087668
37093438,NA,Neighborhood highlights,6,NA,2,NA,4.43,113,https://www.airbnb.com/rooms/37093438
37093925,NA,NA,8,NA,2,NA,4.36,11,https://www.airbnb.com/rooms/37093925
37094209,$203.00,Neighborhood highlights,2,1,1,1,5,8,https://www.airbnb.com/rooms/37094209
37094830,$300.00,Neighborhood highlights,4,1,2,3,4.91,76,https://www.airbnb.com/rooms/37094830
37096663,NA,Neighborhood highlights,2,NA,1,NA,4.94,16,https://www.airbnb.com/rooms/37096663
37122162,$217.00,Neighborhood highlights,2,1,1,1,4.41,1177,https://www.airbnb.com/rooms/37122162
37122437,$250.00,Neighborhood highlights,2,1,1,1,4.36,274,https://www.airbnb.com/rooms/37122437
37122502,$239.00,Neighborhood highlights,2,1,1,1,4.54,1915,https://www.airbnb.com/rooms/37122502
37122566,$266.00,Neighborhood highlights,2,1,1,2,4.5,200,https://www.airbnb.com/rooms/37122566
37132673,$90.00,NA,2,1,1,1,4.42,263,https://www.airbnb.com/rooms/37132673
37138983,$393.00,Neighborhood highlights,2,1,1,1,5,1,https://www.airbnb.com/rooms/37138983
37140513,NA,NA,2,NA,1,NA,4.52,21,https://www.airbnb.com/rooms/37140513
37140722,NA,NA,2,NA,1,NA,4.4,15,https://www.airbnb.com/rooms/37140722
37140782,NA,NA,2,NA,1,NA,4.45,11,https://www.airbnb.com/rooms/37140782
37140882,NA,NA,2,NA,1,NA,4.36,50,https://www.airbnb.com/rooms/37140882
37140989,NA,NA,2,NA,1,NA,4.25,32,https://www.airbnb.com/rooms/37140989
37141162,NA,NA,4,NA,1,NA,NA,0,https://www.airbnb.com/rooms/37141162
37141285,NA,NA,4,NA,1,NA,NA,0,https://www.airbnb.com/rooms/37141285
37141377,$422.00,NA,4,1,1,2,5,3,https://www.airbnb.com/rooms/37141377
37141484,NA,NA,4,NA,1,NA,NA,0,https://www.airbnb.com/rooms/37141484
37146175,NA,NA,1,NA,NA,NA,NA,0,https://www.airbnb.com/rooms/37146175
37146931,NA,Neighborhood highlights,5,NA,2,NA,5,3,https://www.airbnb.com/rooms/37146931
37150443,NA,Neighborhood highlights,2,NA,NA,NA,5,6,https://www.airbnb.com/rooms/37150443
37152715,NA,NA,4,NA,2,NA,4.78,9,https://www.airbnb.com/rooms/37152715
37153400,NA,NA,2,NA,NA,NA,5,4,https://www.airbnb.com/rooms/37153400
37153544,$300.00,Neighborhood highlights,4,1,2,4,4.81,105,https://www.airbnb.com/rooms/37153544
37155251,NA,Neighborhood highlights,2,NA,1,NA,4.97,39,https://www.airbnb.com/rooms/37155251
37155507,NA,Neighborhood highlights,5,NA,4,NA,4,1,https://www.airbnb.com/rooms/37155507
37177160,NA,Neighborhood highlights,3,NA,NA,NA,4.48,25,https://www.airbnb.com/rooms/37177160
37182088,$129.00,Neighborhood highlights,4,1,2,2,5,12,https://www.airbnb.com/rooms/37182088
37184038,NA,Neighborhood highlights,1,NA,NA,NA,NA,0,https://www.airbnb.com/rooms/37184038
37184442,NA,NA,2,NA,NA,NA,4.55,11,https://www.airbnb.com/rooms/37184442
37187163,$125.00,Neighborhood highlights,2,1,1,1,4.6,5,https://www.airbnb.com/rooms/37187163
37187259,$58.00,Neighborhood highlights,2,2,1,1,4.78,45,https://www.airbnb.com/rooms/37187259
37198718,NA,NA,3,NA,1,NA,5,1,https://www.airbnb.com/rooms/37198718
37200571,$110.00,Neighborhood highlights,2,1,0,1,5,2,https://www.airbnb.com/rooms/37200571
37202400,NA,Neighborhood highlights,1,NA,NA,NA,4.89,18,https://www.airbnb.com/rooms/37202400
37202760,NA,NA,1,NA,NA,NA,4,2,https://www.airbnb.com/rooms/37202760
37206565,NA,NA,4,NA,3,NA,NA,0,https://www.airbnb.com/rooms/37206565
37207174,$192.00,Neighborhood highlights,3,1,1,2,4.88,59,https://www.airbnb.com/rooms/37207174
37210398,NA,NA,3,NA,1,NA,NA,0,https://www.airbnb.com/rooms/37210398
37212171,NA,Neighborhood highlights,2,NA,NA,NA,NA,0,https://www.airbnb.com/rooms/37212171
37213303,$104.00,NA,1,1,1,1,4.9,10,https://www.airbnb.com/rooms/37213303
37215278,$80.00,Neighborhood highlights,2,1,1,1,4.59,17,https://www.airbnb.com/rooms/37215278
37216159,$54.00,Neighborhood highlights,1,2,1,1,4.81,48,https://www.airbnb.com/rooms/37216159
37216267,NA,NA,2,NA,1,NA,5,1,https://www.airbnb.com/rooms/37216267
37216694,NA,Neighborhood highlights,2,NA,1,NA,5,3,https://www.airbnb.com/rooms/37216694
37217162,$104.00,NA,2,1,1,1,5,1,https://www.airbnb.com/rooms/37217162
37217357,NA,Neighborhood highlights,3,NA,1,NA,4.89,19,https://www.airbnb.com/rooms/37217357
37218076,$85.00,Neighborhood highlights,2,1,1,1,4.67,12,https://www.airbnb.com/rooms/37218076
37240374,$68.00,Neighborhood highlights,2,1.5,1,1,4.94,49,https://www.airbnb.com/rooms/37240374
37245813,$44.00,NA,2,2,1,1,4.33,3,https://www.airbnb.com/rooms/37245813
37246322,NA,Neighborhood highlights,2,NA,1,NA,4.21,14,https://www.airbnb.com/rooms/37246322
37247512,$190.00,Neighborhood highlights,2,1,2,2,4.84,51,https://www.airbnb.com/rooms/37247512
37250030,$120.00,Neighborhood highlights,2,1,0,1,5,7,https://www.airbnb.com/rooms/37250030
37250201,NA,Neighborhood highlights,4,NA,2,NA,4.64,14,https://www.airbnb.com/rooms/37250201
37251422,NA,NA,2,NA,NA,NA,5,2,https://www.airbnb.com/rooms/37251422
37253210,$123.00,Neighborhood highlights,2,1,1,1,4.79,19,https://www.airbnb.com/rooms/37253210
37253565,$50.00,Neighborhood highlights,2,1,1,2,4.67,15,https://www.airbnb.com/rooms/37253565
37254241,NA,Neighborhood highlights,3,NA,NA,NA,4.67,6,https://www.airbnb.com/rooms/37254241
37254729,$55.00,NA,2,1,1,1,4.31,13,https://www.airbnb.com/rooms/37254729
37260475,$141.00,Neighborhood highlights,2,1,1,1,4.93,75,https://www.airbnb.com/rooms/37260475
37262517,$160.00,Neighborhood highlights,3,1,1,1,4.75,12,https://www.airbnb.com/rooms/37262517
37272016,$224.00,Neighborhood highlights,2,1,1,1,NA,0,https://www.airbnb.com/rooms/37272016
37280114,NA,Neighborhood highlights,8,NA,2,NA,4.71,21,https://www.airbnb.com/rooms/37280114
37280342,NA,NA,2,NA,NA,NA,5,4,https://www.airbnb.com/rooms/37280342
37282283,$105.00,Neighborhood highlights,2,1,1,1,4.5,4,https://www.airbnb.com/rooms/37282283
37282528,NA,Neighborhood highlights,2,NA,2,NA,4,1,https://www.airbnb.com/rooms/37282528
37285128,$416.00,Neighborhood highlights,2,1,1,1,NA,0,https://www.airbnb.com/rooms/37285128
37288147,$110.00,NA,2,1,1,1,4.94,33,https://www.airbnb.com/rooms/37288147
37291686,$60.00,NA,2,1,0,2,4.44,18,https://www.airbnb.com/rooms/37291686
37294217,NA,Neighborhood highlights,2,NA,NA,NA,4.75,4,https://www.airbnb.com/rooms/37294217
37294722,NA,Neighborhood highlights,3,NA,1,NA,4,1,https://www.airbnb.com/rooms/37294722
37296583,NA,NA,1,NA,NA,NA,4.25,8,https://www.airbnb.com/rooms/37296583
37297049,$89.00,NA,2,1.5,1,1,4.58,24,https://www.airbnb.com/rooms/37297049
37297150,$130.00,Neighborhood highlights,2,1,1,1,4.94,34,https://www.airbnb.com/rooms/37297150
37300621,$46.00,Neighborhood highlights,1,2,1,1,4.77,62,https://www.airbnb.com/rooms/37300621
37300828,$115.00,Neighborhood highlights,2,1,1,1,4.93,15,https://www.airbnb.com/rooms/37300828
37316929,$155.00,Neighborhood highlights,4,1,2,3,4.62,13,https://www.airbnb.com/rooms/37316929
37317411,NA,NA,4,NA,1,NA,NA,0,https://www.airbnb.com/rooms/37317411
37317473,$80.00,NA,2,1,1,1,5,1,https://www.airbnb.com/rooms/37317473
37318064,$250.00,Neighborhood highlights,6,1,3,3,4.83,29,https://www.airbnb.com/rooms/37318064
37319489,$57.00,Neighborhood highlights,2,1,1,1,4.73,59,https://www.airbnb.com/rooms/37319489
37320519,NA,NA,1,NA,NA,NA,5,1,https://www.airbnb.com/rooms/37320519
37322150,$60.00,Neighborhood highlights,1,1,1,1,4.82,166,https://www.airbnb.com/rooms/37322150
37322248,$154.00,NA,2,1,1,1,4.7,10,https://www.airbnb.com/rooms/37322248
37322632,$120.00,NA,1,1,1,1,NA,0,https://www.airbnb.com/rooms/37322632
37323360,$226.00,Neighborhood highlights,2,2,2,3,4.71,156,https://www.airbnb.com/rooms/37323360
37325442,$90.00,Neighborhood highlights,2,2.5,1,1,4.89,150,https://www.airbnb.com/rooms/37325442
37326028,NA,Neighborhood highlights,2,NA,1,NA,NA,0,https://www.airbnb.com/rooms/37326028
37329889,$248.00,Neighborhood highlights,4,1,2,2,4.92,13,https://www.airbnb.com/rooms/37329889
37330856,$92.00,Neighborhood highlights,2,1,1,1,NA,0,https://www.airbnb.com/rooms/37330856
37332210,NA,NA,2,NA,NA,NA,4.57,7,https://www.airbnb.com/rooms/37332210
37332720,$159.00,Neighborhood highlights,3,1,0,2,4.8,25,https://www.airbnb.com/rooms/37332720
37349383,$125.00,Neighborhood highlights,2,1,0,1,4.31,13,https://www.airbnb.com/rooms/37349383
37351667,$137.00,Neighborhood highlights,4,1,1,1,NA,0,https://www.airbnb.com/rooms/37351667
37357770,NA,Neighborhood highlights,2,NA,1,NA,4.93,15,https://www.airbnb.com/rooms/37357770
37360299,NA,Neighborhood highlights,2,NA,1,NA,4.6,5,https://www.airbnb.com/rooms/37360299
37360635,NA,NA,1,NA,NA,NA,5,3,https://www.airbnb.com/rooms/37360635
37361653,$361.00,Neighborhood highlights,8,3.5,5,4,5,1,https://www.airbnb.com/rooms/37361653
37366431,NA,Neighborhood highlights,2,NA,1,NA,NA,0,https://www.airbnb.com/rooms/37366431
37368265,NA,Neighborhood highlights,2,NA,NA,NA,4.7,33,https://www.airbnb.com/rooms/37368265
37371179,$160.00,Neighborhood highlights,4,1,2,3,4.85,82,https://www.airbnb.com/rooms/37371179
37391071,NA,NA,2,NA,NA,NA,5,1,https://www.airbnb.com/rooms/37391071
37393364,NA,Neighborhood highlights,8,NA,3,NA,4.55,20,https://www.airbnb.com/rooms/37393364
37397088,$159.00,Neighborhood highlights,5,1,2,4,4.65,17,https://www.airbnb.com/rooms/37397088
37404277,$359.00,Neighborhood highlights,3,1,0,2,4.75,24,https://www.airbnb.com/rooms/37404277
37419048,NA,NA,2,NA,1,NA,5,1,https://www.airbnb.com/rooms/37419048
37419826,NA,Neighborhood highlights,1,NA,NA,NA,NA,0,https://www.airbnb.com/rooms/37419826
37423528,NA,NA,3,NA,1,NA,4,1,https://www.airbnb.com/rooms/37423528
37424442,$100.00,Neighborhood highlights,2,1,1,1,4.82,17,https://www.airbnb.com/rooms/37424442
37424915,NA,Neighborhood highlights,6,NA,2,NA,4.83,6,https://www.airbnb.com/rooms/37424915
37428856,$410.00,NA,6,2,2,3,NA,0,https://www.airbnb.com/rooms/37428856
37430881,NA,NA,2,NA,1,NA,5,2,https://www.airbnb.com/rooms/37430881
37443671,$139.00,Neighborhood highlights,2,1,1,2,5,27,https://www.airbnb.com/rooms/37443671
37446470,$278.00,Neighborhood highlights,11,2,3,7,4.58,53,https://www.airbnb.com/rooms/37446470
37447065,$69.00,NA,1,1,1,1,4.83,42,https://www.airbnb.com/rooms/37447065
37452873,$45.00,NA,1,1,1,1,5,6,https://www.airbnb.com/rooms/37452873
37454461,NA,NA,2,NA,NA,NA,5,1,https://www.airbnb.com/rooms/37454461
37455273,NA,NA,1,NA,NA,NA,NA,0,https://www.airbnb.com/rooms/37455273
37455790,NA,NA,1,NA,NA,NA,4.66,32,https://www.airbnb.com/rooms/37455790
37457512,NA,Neighborhood highlights,3,NA,NA,NA,5,5,https://www.airbnb.com/rooms/37457512
37459834,NA,Neighborhood highlights,6,NA,2,NA,5,8,https://www.airbnb.com/rooms/37459834
37461862,NA,Neighborhood highlights,2,NA,1,NA,5,1,https://www.airbnb.com/rooms/37461862
37462923,$250.00,Neighborhood highlights,6,1,3,4,4.81,237,https://www.airbnb.com/rooms/37462923
37467145,NA,NA,1,NA,NA,NA,NA,0,https://www.airbnb.com/rooms/37467145
37486474,$235.00,Neighborhood highlights,2,1,1,1,5,1,https://www.airbnb.com/rooms/37486474
37487817,NA,NA,4,NA,2,NA,5,1,https://www.airbnb.com/rooms/37487817
37489260,NA,Neighborhood highlights,2,NA,1,NA,5,1,https://www.airbnb.com/rooms/37489260
37490244,NA,NA,2,NA,NA,NA,4.91,11,https://www.airbnb.com/rooms/37490244
37491784,$70.00,Neighborhood highlights,3,1,0,2,4.68,19,https://www.airbnb.com/rooms/37491784
37494611,$320.00,Neighborhood highlights,2,1,2,3,4.97,33,https://www.airbnb.com/rooms/37494611
37496845,NA,Neighborhood highlights,4,NA,2,NA,NA,0,https://www.airbnb.com/rooms/37496845
37497614,NA,NA,2,NA,NA,NA,NA,0,https://www.airbnb.com/rooms/37497614
37503226,NA,NA,2,NA,1,NA,5,4,https://www.airbnb.com/rooms/37503226
37508572,NA,Neighborhood highlights,4,NA,1,NA,5,1,https://www.airbnb.com/rooms/37508572
37527378,NA,NA,1,NA,NA,NA,NA,0,https://www.airbnb.com/rooms/37527378
37528370,$169.00,Neighborhood highlights,2,1,1,1,5,22,https://www.airbnb.com/rooms/37528370
37529321,$151.00,NA,2,1,2,2,4.94,108,https://www.airbnb.com/rooms/37529321
37530767,NA,Neighborhood highlights,6,NA,2,NA,4.5,20,https://www.airbnb.com/rooms/37530767
37532017,$90.00,NA,2,1,0,1,4.92,26,https://www.airbnb.com/rooms/37532017
37532987,$115.00,NA,2,1,0,1,4.57,14,https://www.airbnb.com/rooms/37532987
37534417,NA,Neighborhood highlights,2,NA,1,NA,5,3,https://www.airbnb.com/rooms/37534417
37534473,NA,Neighborhood highlights,2,NA,NA,NA,5,1,https://www.airbnb.com/rooms/37534473
37535728,NA,NA,2,NA,NA,NA,5,3,https://www.airbnb.com/rooms/37535728
37536591,$90.00,Neighborhood highlights,1,1,1,1,4.81,27,https://www.airbnb.com/rooms/37536591
37549695,$153.00,Neighborhood highlights,2,1,1,2,4.84,243,https://www.airbnb.com/rooms/37549695
37551957,NA,NA,2,NA,NA,NA,5,2,https://www.airbnb.com/rooms/37551957
37552522,$138.00,Neighborhood highlights,4,1,0,2,4.81,128,https://www.airbnb.com/rooms/37552522
37557533,$280.00,NA,12,1.5,4,7,NA,0,https://www.airbnb.com/rooms/37557533
37561740,$239.00,Neighborhood highlights,2,1,1,1,4.76,63,https://www.airbnb.com/rooms/37561740
37562453,NA,NA,1,NA,NA,NA,NA,0,https://www.airbnb.com/rooms/37562453
37563342,$244.00,Neighborhood highlights,4,1,2,2,5,5,https://www.airbnb.com/rooms/37563342
37563625,NA,Neighborhood highlights,6,NA,2,NA,4.28,18,https://www.airbnb.com/rooms/37563625
37563800,NA,Neighborhood highlights,5,NA,3,NA,NA,0,https://www.airbnb.com/rooms/37563800
37563932,$224.00,Neighborhood highlights,2,1,1,1,4.77,13,https://www.airbnb.com/rooms/37563932
37568328,$50.00,Neighborhood highlights,2,1,1,1,4.89,44,https://www.airbnb.com/rooms/37568328
37568587,NA,Neighborhood highlights,1,NA,NA,NA,NA,0,https://www.airbnb.com/rooms/37568587
37585659,$186.00,Neighborhood highlights,2,1,0,1,NA,0,https://www.airbnb.com/rooms/37585659
37588246,$393.00,Neighborhood highlights,2,1,1,1,NA,0,https://www.airbnb.com/rooms/37588246
37589906,$300.00,Neighborhood highlights,1,1,2,2,4.67,3,https://www.airbnb.com/rooms/37589906
37592370,NA,Neighborhood highlights,1,NA,NA,NA,5,9,https://www.airbnb.com/rooms/37592370
37592967,NA,Neighborhood highlights,1,NA,1,NA,NA,0,https://www.airbnb.com/rooms/37592967
37594649,"$1,017.00",Neighborhood highlights,6,1,2,2,4.94,130,https://www.airbnb.com/rooms/37594649
37594699,$130.00,Neighborhood highlights,6,2,3,4,4.84,157,https://www.airbnb.com/rooms/37594699
37597997,NA,Neighborhood highlights,3,NA,1,NA,5,4,https://www.airbnb.com/rooms/37597997
37598410,$135.00,NA,3,1,1,2,4.81,80,https://www.airbnb.com/rooms/37598410
37598495,$145.00,Neighborhood highlights,4,1,2,2,4.95,20,https://www.airbnb.com/rooms/37598495
37602188,NA,Neighborhood highlights,8,NA,3,NA,4.95,37,https://www.airbnb.com/rooms/37602188
37624494,$250.00,Neighborhood highlights,2,1,1,1,5,14,https://www.airbnb.com/rooms/37624494
37626239,$45.00,NA,1,1,1,1,5,7,https://www.airbnb.com/rooms/37626239
37629191,NA,Neighborhood highlights,6,NA,2,NA,4.4,10,https://www.airbnb.com/rooms/37629191
37630258,$156.00,NA,5,1,2,2,4.71,21,https://www.airbnb.com/rooms/37630258
37630778,$57.00,Neighborhood highlights,2,1,1,1,4.9,50,https://www.airbnb.com/rooms/37630778
37633552,$300.00,NA,4,2.5,2,3,4.84,69,https://www.airbnb.com/rooms/37633552
37634311,$130.00,Neighborhood highlights,1,1,1,1,4.47,19,https://www.airbnb.com/rooms/37634311
37634767,$157.00,Neighborhood highlights,2,1,1,1,3.67,3,https://www.airbnb.com/rooms/37634767
37648875,$728.00,Neighborhood highlights,8,3.5,4,7,4.9,115,https://www.airbnb.com/rooms/37648875
37665665,$62.00,Neighborhood highlights,1,1.5,1,1,5,7,https://www.airbnb.com/rooms/37665665
37671932,NA,Neighborhood highlights,2,NA,1,NA,5,10,https://www.airbnb.com/rooms/37671932
37687769,NA,Neighborhood highlights,6,NA,NA,NA,4.83,30,https://www.airbnb.com/rooms/37687769
37688045,$92.00,Neighborhood highlights,1,2,1,1,4.5,18,https://www.airbnb.com/rooms/37688045
37690046,$79.00,Neighborhood highlights,2,1,1,1,4.83,65,https://www.airbnb.com/rooms/37690046
37696099,$105.00,Neighborhood highlights,2,1,1,1,4.42,12,https://www.airbnb.com/rooms/37696099
37702257,NA,Neighborhood highlights,2,NA,NA,NA,NA,0,https://www.airbnb.com/rooms/37702257
37705884,$150.00,Neighborhood highlights,2,2,1,1,5,2,https://www.airbnb.com/rooms/37705884
37706099,$120.00,NA,3,1,0,2,4.76,72,https://www.airbnb.com/rooms/37706099
37706464,$50.00,Neighborhood highlights,1,1.5,1,1,4.13,15,https://www.airbnb.com/rooms/37706464
37708441,$150.00,Neighborhood highlights,2,1,1,2,5,8,https://www.airbnb.com/rooms/37708441
37717323,$130.00,Neighborhood highlights,2,1,0,1,4,8,https://www.airbnb.com/rooms/37717323
37718522,NA,NA,2,NA,NA,NA,4.77,56,https://www.airbnb.com/rooms/37718522
37718828,NA,Neighborhood highlights,2,NA,1,NA,4.85,13,https://www.airbnb.com/rooms/37718828
37719117,NA,Neighborhood highlights,8,NA,2,NA,NA,0,https://www.airbnb.com/rooms/37719117
37720576,$120.00,Neighborhood highlights,4,1,2,3,4.91,57,https://www.airbnb.com/rooms/37720576
37720797,$913.00,Neighborhood highlights,11,2.5,4,4,4.86,202,https://www.airbnb.com/rooms/37720797
37722378,$299.00,Neighborhood highlights,2,1,1,1,5,5,https://www.airbnb.com/rooms/37722378
37723620,$80.00,Neighborhood highlights,2,1,1,2,4.68,110,https://www.airbnb.com/rooms/37723620
37729855,"$1,406.00",Neighborhood highlights,4,2,1,2,4.92,13,https://www.airbnb.com/rooms/37729855
37732641,NA,Neighborhood highlights,3,NA,1,NA,4.67,3,https://www.airbnb.com/rooms/37732641
37735868,NA,Neighborhood highlights,2,NA,NA,NA,4.64,11,https://www.airbnb.com/rooms/37735868
37740667,$117.00,Neighborhood highlights,3,1,0,2,3.67,3,https://www.airbnb.com/rooms/37740667
37743419,$90.00,Neighborhood highlights,2,1,1,1,4.92,12,https://www.airbnb.com/rooms/37743419
37744976,NA,Neighborhood highlights,2,NA,1,NA,4.67,3,https://www.airbnb.com/rooms/37744976
37750065,$195.00,Neighborhood highlights,5,2,3,4,4.75,12,https://www.airbnb.com/rooms/37750065
37750997,$239.00,Neighborhood highlights,4,1,1,2,4.84,140,https://www.airbnb.com/rooms/37750997
37763951,NA,Neighborhood highlights,6,NA,2,NA,4,13,https://www.airbnb.com/rooms/37763951
37769295,NA,Neighborhood highlights,4,NA,2,NA,5,2,https://www.airbnb.com/rooms/37769295
37773215,NA,NA,4,NA,2,NA,4.29,7,https://www.airbnb.com/rooms/37773215
37774311,NA,NA,2,NA,NA,NA,4.5,6,https://www.airbnb.com/rooms/37774311
37776645,NA,NA,2,NA,NA,NA,4.55,78,https://www.airbnb.com/rooms/37776645
37776999,$150.00,Neighborhood highlights,2,3.5,1,1,NA,0,https://www.airbnb.com/rooms/37776999
37779458,NA,NA,1,NA,NA,NA,5,4,https://www.airbnb.com/rooms/37779458
37779494,$390.00,Neighborhood highlights,9,4,4,4,NA,0,https://www.airbnb.com/rooms/37779494
37785816,$300.00,Neighborhood highlights,2,1,1,1,5,18,https://www.airbnb.com/rooms/37785816
37797768,NA,Neighborhood highlights,2,NA,NA,NA,4.92,12,https://www.airbnb.com/rooms/37797768
37798666,$85.00,Neighborhood highlights,2,1,1,1,5,5,https://www.airbnb.com/rooms/37798666
37800810,NA,Neighborhood highlights,2,NA,1,NA,4.75,8,https://www.airbnb.com/rooms/37800810
37806107,NA,Neighborhood highlights,6,NA,3,NA,4.35,20,https://www.airbnb.com/rooms/37806107
37807246,$120.00,Neighborhood highlights,2,1,0,1,3.75,12,https://www.airbnb.com/rooms/37807246
37808381,$125.00,Neighborhood highlights,2,1,0,1,4.33,12,https://www.airbnb.com/rooms/37808381
37809572,$46.00,Neighborhood highlights,1,1,1,1,5,9,https://www.airbnb.com/rooms/37809572
37810821,NA,Neighborhood highlights,2,NA,1,NA,5,2,https://www.airbnb.com/rooms/37810821
37816237,$55.00,NA,2,4,1,1,5,20,https://www.airbnb.com/rooms/37816237
37818248,$55.00,NA,2,4,1,1,4.95,22,https://www.airbnb.com/rooms/37818248
37828655,$528.00,NA,6,1,3,2,5,17,https://www.airbnb.com/rooms/37828655
37833931,$70.00,Neighborhood highlights,2,1,0,1,3.8,5,https://www.airbnb.com/rooms/37833931
37839668,NA,Neighborhood highlights,2,NA,NA,NA,5,5,https://www.airbnb.com/rooms/37839668
37842610,$42.00,Neighborhood highlights,2,1,1,1,4.67,12,https://www.airbnb.com/rooms/37842610
37855573,$85.00,NA,2,1,0,2,4.62,106,https://www.airbnb.com/rooms/37855573
37857475,$180.00,Neighborhood highlights,6,2,3,3,5,2,https://www.airbnb.com/rooms/37857475
37860830,NA,NA,2,NA,1,NA,4.83,6,https://www.airbnb.com/rooms/37860830
37862092,$164.00,Neighborhood highlights,4,1,2,2,4.85,157,https://www.airbnb.com/rooms/37862092
37862550,$250.00,Neighborhood highlights,12,1.5,3,6,4.83,84,https://www.airbnb.com/rooms/37862550
37864788,NA,Neighborhood highlights,1,NA,NA,NA,5,3,https://www.airbnb.com/rooms/37864788
37878596,NA,NA,2,NA,1,NA,5,7,https://www.airbnb.com/rooms/37878596
37879131,$111.00,Neighborhood highlights,2,1,1,1,4.92,189,https://www.airbnb.com/rooms/37879131
37885314,NA,NA,4,NA,2,NA,4.69,13,https://www.airbnb.com/rooms/37885314
37886939,NA,Neighborhood highlights,2,NA,NA,NA,5,1,https://www.airbnb.com/rooms/37886939
37887133,$130.00,NA,2,1,1,1,NA,0,https://www.airbnb.com/rooms/37887133
37889951,$640.00,NA,6,1,3,4,NA,0,https://www.airbnb.com/rooms/37889951
37891200,$125.00,Neighborhood highlights,2,1,1,1,4.58,48,https://www.airbnb.com/rooms/37891200
37908288,$479.00,NA,6,2,3,4,4.67,3,https://www.airbnb.com/rooms/37908288
37908313,$360.00,NA,5,2,2,2,5,2,https://www.airbnb.com/rooms/37908313
37908855,$79.00,Neighborhood highlights,2,1,0,2,5,9,https://www.airbnb.com/rooms/37908855
37909386,$210.00,Neighborhood highlights,4,1,2,3,4.77,13,https://www.airbnb.com/rooms/37909386
37910970,NA,Neighborhood highlights,2,NA,NA,NA,4.77,26,https://www.airbnb.com/rooms/37910970
37914398,NA,Neighborhood highlights,2,NA,NA,NA,4.75,8,https://www.airbnb.com/rooms/37914398
37932566,$650.00,Neighborhood highlights,2,1.5,2,2,4.96,24,https://www.airbnb.com/rooms/37932566
37937595,$55.00,Neighborhood highlights,1,1,1,1,4.86,28,https://www.airbnb.com/rooms/37937595
37940346,NA,Neighborhood highlights,1,NA,NA,NA,NA,0,https://www.airbnb.com/rooms/37940346
37940610,NA,Neighborhood highlights,5,NA,2,NA,4.95,19,https://www.airbnb.com/rooms/37940610
37941348,NA,NA,6,NA,3,NA,4.46,13,https://www.airbnb.com/rooms/37941348
37941349,$234.00,NA,4,1,0,3,4.55,106,https://www.airbnb.com/rooms/37941349
37942657,$135.00,Neighborhood highlights,2,1,0,1,3.87,15,https://www.airbnb.com/rooms/37942657
37943438,$375.00,Neighborhood highlights,5,2,3,3,5,3,https://www.airbnb.com/rooms/37943438
37943502,$105.00,Neighborhood highlights,4,1,0,2,4.77,13,https://www.airbnb.com/rooms/37943502
37943586,NA,NA,4,NA,1,NA,4.9,10,https://www.airbnb.com/rooms/37943586
37943668,$102.00,Neighborhood highlights,3,1.5,1,2,4.72,105,https://www.airbnb.com/rooms/37943668
37944508,$60.00,Neighborhood highlights,2,1,1,1,4.64,76,https://www.airbnb.com/rooms/37944508
37944546,$155.00,Neighborhood highlights,4,2,2,4,5,3,https://www.airbnb.com/rooms/37944546
37953352,NA,Neighborhood highlights,1,NA,NA,NA,4.88,68,https://www.airbnb.com/rooms/37953352
37957355,NA,Neighborhood highlights,8,NA,2,NA,5,8,https://www.airbnb.com/rooms/37957355
37971614,$117.00,Neighborhood highlights,2,1,1,1,4.88,119,https://www.airbnb.com/rooms/37971614
37971699,NA,NA,1,NA,NA,NA,5,2,https://www.airbnb.com/rooms/37971699
37974260,NA,Neighborhood highlights,4,NA,2,NA,NA,0,https://www.airbnb.com/rooms/37974260
37984597,$229.00,NA,2,1,0,1,4.29,7,https://www.airbnb.com/rooms/37984597
37987719,NA,NA,2,NA,NA,NA,5,2,https://www.airbnb.com/rooms/37987719
37988664,$75.00,Neighborhood highlights,1,1,1,1,4.98,41,https://www.airbnb.com/rooms/37988664
37988953,NA,Neighborhood highlights,4,NA,2,NA,4.7,90,https://www.airbnb.com/rooms/37988953
37989689,$120.00,NA,1,1,1,1,NA,0,https://www.airbnb.com/rooms/37989689
37990112,NA,NA,4,NA,NA,NA,NA,0,https://www.airbnb.com/rooms/37990112
37992122,NA,NA,2,NA,NA,NA,4.6,5,https://www.airbnb.com/rooms/37992122
37992636,$199.00,Neighborhood highlights,2,1,1,1,4.92,13,https://www.airbnb.com/rooms/37992636
37993547,$224.00,Neighborhood highlights,2,1,1,1,4.64,11,https://www.airbnb.com/rooms/37993547
37997011,$125.00,Neighborhood highlights,2,1,7,1,3.43,7,https://www.airbnb.com/rooms/37997011
38020017,$160.00,Neighborhood highlights,4,1,2,3,4.58,40,https://www.airbnb.com/rooms/38020017
38021015,NA,Neighborhood highlights,2,NA,1,NA,4.88,25,https://www.airbnb.com/rooms/38021015
38023200,NA,NA,1,NA,NA,NA,4.33,3,https://www.airbnb.com/rooms/38023200
38024356,$170.00,Neighborhood highlights,2,1,1,1,4.94,62,https://www.airbnb.com/rooms/38024356
38024535,NA,Neighborhood highlights,5,NA,NA,NA,4.63,8,https://www.airbnb.com/rooms/38024535
38037324,NA,NA,2,NA,1,NA,NA,0,https://www.airbnb.com/rooms/38037324
38042164,NA,NA,6,NA,4,NA,NA,0,https://www.airbnb.com/rooms/38042164
38043614,NA,Neighborhood highlights,4,NA,2,NA,5,3,https://www.airbnb.com/rooms/38043614
38045112,NA,Neighborhood highlights,2,NA,NA,NA,4.89,37,https://www.airbnb.com/rooms/38045112
38045312,NA,NA,1,NA,NA,NA,4.61,23,https://www.airbnb.com/rooms/38045312
38048018,$102.00,Neighborhood highlights,2,1,1,3,4.91,22,https://www.airbnb.com/rooms/38048018
38058953,$60.00,NA,2,1,1,1,NA,0,https://www.airbnb.com/rooms/38058953
38063248,NA,Neighborhood highlights,2,NA,1,NA,5,2,https://www.airbnb.com/rooms/38063248
38069091,NA,Neighborhood highlights,3,NA,1,NA,5,25,https://www.airbnb.com/rooms/38069091
38069261,NA,NA,1,NA,NA,NA,4.67,3,https://www.airbnb.com/rooms/38069261
38072539,NA,Neighborhood highlights,2,NA,NA,NA,5,5,https://www.airbnb.com/rooms/38072539
38075485,$125.00,Neighborhood highlights,5,1,2,3,4.81,91,https://www.airbnb.com/rooms/38075485
38085023,NA,NA,1,NA,NA,NA,NA,0,https://www.airbnb.com/rooms/38085023
38092217,NA,Neighborhood highlights,2,NA,NA,NA,4.5,12,https://www.airbnb.com/rooms/38092217
38097887,$230.00,NA,3,1,1,2,4.5,8,https://www.airbnb.com/rooms/38097887
38098602,NA,Neighborhood highlights,2,NA,6,NA,5,3,https://www.airbnb.com/rooms/38098602
38101782,NA,NA,8,NA,3,NA,4.86,21,https://www.airbnb.com/rooms/38101782
38103427,NA,Neighborhood highlights,2,NA,1,NA,5,4,https://www.airbnb.com/rooms/38103427
38104983,NA,NA,2,NA,2,NA,5,12,https://www.airbnb.com/rooms/38104983
38105333,NA,Neighborhood highlights,2,NA,NA,NA,5,5,https://www.airbnb.com/rooms/38105333
38105387,NA,NA,2,NA,1,NA,NA,0,https://www.airbnb.com/rooms/38105387
38116815,NA,NA,2,NA,1,NA,5,1,https://www.airbnb.com/rooms/38116815
38121272,NA,NA,2,NA,1,NA,NA,0,https://www.airbnb.com/rooms/38121272
38131474,NA,Neighborhood highlights,8,NA,3,NA,4.13,15,https://www.airbnb.com/rooms/38131474
38133113,NA,Neighborhood highlights,2,NA,NA,NA,4.89,9,https://www.airbnb.com/rooms/38133113
38134394,$170.00,Neighborhood highlights,8,2,3,6,4.87,115,https://www.airbnb.com/rooms/38134394
38134421,$65.00,Neighborhood highlights,2,1,1,1,4.56,18,https://www.airbnb.com/rooms/38134421
38135970,$60.00,Neighborhood highlights,2,2,1,1,4.57,14,https://www.airbnb.com/rooms/38135970
38149897,$119.00,Neighborhood highlights,4,1,1,1,4.73,78,https://www.airbnb.com/rooms/38149897
38150817,$135.00,NA,1,1,0,1,NA,0,https://www.airbnb.com/rooms/38150817
38153918,NA,Neighborhood highlights,2,NA,1,NA,5,3,https://www.airbnb.com/rooms/38153918
38159915,NA,Neighborhood highlights,2,NA,NA,NA,4.72,61,https://www.airbnb.com/rooms/38159915
38161096,$44.00,NA,1,1,1,1,4.14,7,https://www.airbnb.com/rooms/38161096
38161780,$99.00,Neighborhood highlights,2,1,1,1,4.76,21,https://www.airbnb.com/rooms/38161780
38161818,$32.00,NA,1,1,1,1,4,7,https://www.airbnb.com/rooms/38161818
38164618,$150.00,Neighborhood highlights,2,1,1,2,4.67,27,https://www.airbnb.com/rooms/38164618
38164809,NA,NA,1,NA,NA,NA,5,2,https://www.airbnb.com/rooms/38164809
38166035,$128.00,Neighborhood highlights,2,1,1,1,4.85,48,https://www.airbnb.com/rooms/38166035
38178779,$100.00,Neighborhood highlights,2,1,1,3,4.53,43,https://www.airbnb.com/rooms/38178779
38186479,NA,Neighborhood highlights,3,NA,1,NA,4.97,64,https://www.airbnb.com/rooms/38186479
38189009,NA,Neighborhood highlights,2,NA,1,NA,4.41,17,https://www.airbnb.com/rooms/38189009
38191536,$211.00,NA,1,1,1,1,5,2,https://www.airbnb.com/rooms/38191536
38194280,NA,NA,2,NA,1,NA,5,7,https://www.airbnb.com/rooms/38194280
38198444,$56.00,Neighborhood highlights,1,1.5,1,1,4.83,6,https://www.airbnb.com/rooms/38198444
38202642,$70.00,Neighborhood highlights,2,1,1,2,4.91,145,https://www.airbnb.com/rooms/38202642
38205589,NA,Neighborhood highlights,1,NA,NA,NA,NA,0,https://www.airbnb.com/rooms/38205589
38215588,$33.00,Neighborhood highlights,1,1,1,1,4.57,7,https://www.airbnb.com/rooms/38215588
38216335,NA,Neighborhood highlights,2,NA,NA,NA,4.89,28,https://www.airbnb.com/rooms/38216335
38226783,$135.00,NA,2,1,1,1,4.36,11,https://www.airbnb.com/rooms/38226783
38232271,NA,Neighborhood highlights,2,NA,NA,NA,4.82,11,https://www.airbnb.com/rooms/38232271
38233279,NA,NA,1,NA,NA,NA,4,5,https://www.airbnb.com/rooms/38233279
38235141,$82.00,NA,2,1,1,1,4.94,68,https://www.airbnb.com/rooms/38235141
38236354,$135.00,NA,2,1,1,1,4.45,22,https://www.airbnb.com/rooms/38236354
38236463,$159.00,Neighborhood highlights,1,1,0,2,4.92,26,https://www.airbnb.com/rooms/38236463
38238758,NA,NA,8,NA,3,NA,4.6,25,https://www.airbnb.com/rooms/38238758
38239421,$71.00,Neighborhood highlights,8,2,3,5,5,2,https://www.airbnb.com/rooms/38239421
38256524,NA,Neighborhood highlights,3,NA,NA,NA,5,2,https://www.airbnb.com/rooms/38256524
38260628,$85.00,Neighborhood highlights,2,1,0,1,4.7,108,https://www.airbnb.com/rooms/38260628
38261351,$185.00,Neighborhood highlights,4,1,0,2,4.81,42,https://www.airbnb.com/rooms/38261351
38261496,$110.00,Neighborhood highlights,4,1,1,3,4.94,32,https://www.airbnb.com/rooms/38261496
38269872,NA,Neighborhood highlights,2,NA,NA,NA,5,3,https://www.airbnb.com/rooms/38269872
38281533,$175.00,Neighborhood highlights,3,1,1,1,4.28,18,https://www.airbnb.com/rooms/38281533
38284238,$145.00,NA,1,1,0,1,NA,0,https://www.airbnb.com/rooms/38284238
38285454,$59.00,Neighborhood highlights,1,2,1,1,4.63,8,https://www.airbnb.com/rooms/38285454
38287428,NA,Neighborhood highlights,2,NA,NA,NA,4.81,31,https://www.airbnb.com/rooms/38287428
38289819,$37.00,Neighborhood highlights,3,2,1,3,4.5,4,https://www.airbnb.com/rooms/38289819
38291768,$638.00,Neighborhood highlights,8,2,2,2,4.83,18,https://www.airbnb.com/rooms/38291768
38293257,NA,Neighborhood highlights,5,NA,2,NA,4.29,7,https://www.airbnb.com/rooms/38293257
38296895,$265.00,Neighborhood highlights,4,1,1,2,4.97,79,https://www.airbnb.com/rooms/38296895
38298583,$100.00,Neighborhood highlights,2,1,1,1,4.92,12,https://www.airbnb.com/rooms/38298583
38299089,$415.00,NA,4,2,1,3,4.31,13,https://www.airbnb.com/rooms/38299089
38311444,$225.00,Neighborhood highlights,6,1,2,2,4.85,13,https://www.airbnb.com/rooms/38311444
38316335,$89.00,Neighborhood highlights,2,1,1,1,4.75,64,https://www.airbnb.com/rooms/38316335
38317159,NA,Neighborhood highlights,2,NA,NA,NA,4.96,80,https://www.airbnb.com/rooms/38317159
38317957,NA,Neighborhood highlights,1,NA,NA,NA,4,4,https://www.airbnb.com/rooms/38317957
38320677,NA,Neighborhood highlights,1,NA,NA,NA,NA,0,https://www.airbnb.com/rooms/38320677
38323529,$65.00,NA,2,1,1,1,4.57,28,https://www.airbnb.com/rooms/38323529
38325958,NA,NA,1,NA,NA,NA,NA,0,https://www.airbnb.com/rooms/38325958
38329522,NA,Neighborhood highlights,5,NA,1,NA,4.42,24,https://www.airbnb.com/rooms/38329522
38330175,$75.00,Neighborhood highlights,2,1,1,1,4.92,133,https://www.airbnb.com/rooms/38330175
38355263,NA,Neighborhood highlights,4,NA,2,NA,NA,0,https://www.airbnb.com/rooms/38355263
38355839,NA,Neighborhood highlights,2,NA,NA,NA,4,3,https://www.airbnb.com/rooms/38355839
38359468,$200.00,Neighborhood highlights,2,1,1,1,5,10,https://www.airbnb.com/rooms/38359468
38363300,NA,Neighborhood highlights,2,NA,NA,NA,4.3,10,https://www.airbnb.com/rooms/38363300
38371078,NA,NA,2,NA,NA,NA,NA,0,https://www.airbnb.com/rooms/38371078
38373110,NA,Neighborhood highlights,1,NA,NA,NA,5,3,https://www.airbnb.com/rooms/38373110
38377227,$170.00,Neighborhood highlights,6,2,3,3,4.75,61,https://www.airbnb.com/rooms/38377227
38377425,NA,Neighborhood highlights,2,NA,1,NA,4,1,https://www.airbnb.com/rooms/38377425
38377430,NA,NA,1,NA,1,NA,5,3,https://www.airbnb.com/rooms/38377430
38379068,$99.00,Neighborhood highlights,2,1,1,2,4.92,143,https://www.airbnb.com/rooms/38379068
38382611,NA,Neighborhood highlights,2,NA,1,NA,5,7,https://www.airbnb.com/rooms/38382611
38384178,$165.00,Neighborhood highlights,3,1,0,1,4.45,11,https://www.airbnb.com/rooms/38384178
38384778,NA,Neighborhood highlights,6,NA,1,NA,5,2,https://www.airbnb.com/rooms/38384778
38385758,$318.00,Neighborhood highlights,2,1,1,1,4.97,94,https://www.airbnb.com/rooms/38385758
38385803,NA,NA,2,NA,2,NA,NA,0,https://www.airbnb.com/rooms/38385803
38390957,$80.00,Neighborhood highlights,2,1,1,1,4.23,26,https://www.airbnb.com/rooms/38390957
38392173,NA,NA,4,NA,1,NA,4.67,3,https://www.airbnb.com/rooms/38392173
38392995,NA,NA,1,NA,2,NA,NA,0,https://www.airbnb.com/rooms/38392995
38404770,$341.00,Neighborhood highlights,4,1,0,2,4.58,91,https://www.airbnb.com/rooms/38404770
38413549,$92.00,Neighborhood highlights,1,1.5,2,1,NA,0,https://www.airbnb.com/rooms/38413549
38425543,NA,Neighborhood highlights,1,NA,1,NA,4.89,27,https://www.airbnb.com/rooms/38425543
38428035,$61.00,Neighborhood highlights,1,2,1,1,4.6,5,https://www.airbnb.com/rooms/38428035
38428985,NA,Neighborhood highlights,12,NA,3,NA,4.45,11,https://www.airbnb.com/rooms/38428985
38437629,$206.00,Neighborhood highlights,5,1,2,3,4.73,113,https://www.airbnb.com/rooms/38437629
38442158,NA,NA,4,NA,1,NA,4,14,https://www.airbnb.com/rooms/38442158
38449283,NA,NA,4,NA,NA,NA,4.75,8,https://www.airbnb.com/rooms/38449283
38454938,$119.00,Neighborhood highlights,7,1,2,4,4.74,27,https://www.airbnb.com/rooms/38454938
38456362,$200.00,Neighborhood highlights,2,1,2,1,4.81,123,https://www.airbnb.com/rooms/38456362
38456813,NA,NA,2,NA,NA,NA,5,2,https://www.airbnb.com/rooms/38456813
38457731,NA,Neighborhood highlights,2,NA,NA,NA,5,2,https://www.airbnb.com/rooms/38457731
38459508,NA,Neighborhood highlights,1,NA,NA,NA,4.6,5,https://www.airbnb.com/rooms/38459508
38460129,NA,Neighborhood highlights,2,NA,NA,NA,NA,0,https://www.airbnb.com/rooms/38460129
38461254,$39.00,Neighborhood highlights,2,2,1,2,5,5,https://www.airbnb.com/rooms/38461254
38461525,NA,NA,2,NA,NA,NA,4.84,81,https://www.airbnb.com/rooms/38461525
38462360,$257.00,Neighborhood highlights,2,1,2,2,5,23,https://www.airbnb.com/rooms/38462360
38462543,NA,Neighborhood highlights,3,NA,NA,NA,4.73,11,https://www.airbnb.com/rooms/38462543
38464029,NA,Neighborhood highlights,1,NA,NA,NA,NA,0,https://www.airbnb.com/rooms/38464029
38464389,NA,Neighborhood highlights,4,NA,2,NA,5,2,https://www.airbnb.com/rooms/38464389
38464396,$61.00,Neighborhood highlights,1,2,1,1,4.29,7,https://www.airbnb.com/rooms/38464396
38464911,$37.00,Neighborhood highlights,3,2,1,3,4.29,7,https://www.airbnb.com/rooms/38464911
38465274,$37.00,Neighborhood highlights,2,2,1,2,4,4,https://www.airbnb.com/rooms/38465274
38469091,$135.00,Neighborhood highlights,3,1,1,2,4.86,180,https://www.airbnb.com/rooms/38469091
38477712,$43.00,Neighborhood highlights,2,1,1,1,4.84,19,https://www.airbnb.com/rooms/38477712
38480777,$506.00,Neighborhood highlights,6,3,2,3,4.35,202,https://www.airbnb.com/rooms/38480777
38481108,$150.00,Neighborhood highlights,2,1,1,1,4.74,38,https://www.airbnb.com/rooms/38481108
38481169,NA,Neighborhood highlights,2,NA,1,NA,4.11,9,https://www.airbnb.com/rooms/38481169
38483199,$300.00,Neighborhood highlights,2,1,1,1,4.96,71,https://www.airbnb.com/rooms/38483199
38485346,NA,Neighborhood highlights,2,NA,NA,NA,NA,0,https://www.airbnb.com/rooms/38485346
38486378,$636.00,Neighborhood highlights,8,3,3,4,4.47,32,https://www.airbnb.com/rooms/38486378
38494298,$120.00,Neighborhood highlights,2,1,1,2,4.82,153,https://www.airbnb.com/rooms/38494298
38496782,$69.00,Neighborhood highlights,6,1,2,3,4.69,254,https://www.airbnb.com/rooms/38496782
38497561,NA,NA,2,NA,NA,NA,NA,0,https://www.airbnb.com/rooms/38497561
38498915,NA,Neighborhood highlights,2,NA,NA,NA,4.87,30,https://www.airbnb.com/rooms/38498915
38510238,NA,Neighborhood highlights,2,NA,1,NA,5,1,https://www.airbnb.com/rooms/38510238
38511282,NA,Neighborhood highlights,2,NA,NA,NA,5,47,https://www.airbnb.com/rooms/38511282
38513011,$140.00,Neighborhood highlights,2,1,1,1,5,5,https://www.airbnb.com/rooms/38513011
38515796,$200.00,NA,3,1,1,1,4.82,17,https://www.airbnb.com/rooms/38515796
38519757,$65.00,Neighborhood highlights,1,1,1,1,4.83,35,https://www.airbnb.com/rooms/38519757
38521231,$63.00,Neighborhood highlights,1,1,1,1,4.97,31,https://www.airbnb.com/rooms/38521231
38521947,NA,NA,2,NA,1,NA,NA,0,https://www.airbnb.com/rooms/38521947
38522188,$85.00,Neighborhood highlights,2,2,1,1,4.91,23,https://www.airbnb.com/rooms/38522188
38522224,$88.00,Neighborhood highlights,2,1,1,1,5,56,https://www.airbnb.com/rooms/38522224
38522305,NA,Neighborhood highlights,2,NA,NA,NA,4.72,46,https://www.airbnb.com/rooms/38522305
38526362,"$1,000.00",Neighborhood highlights,6,1,2,2,4.72,61,https://www.airbnb.com/rooms/38526362
38526734,NA,NA,4,NA,NA,NA,NA,0,https://www.airbnb.com/rooms/38526734
38529246,$818.00,NA,6,1.5,2,2,4.78,196,https://www.airbnb.com/rooms/38529246
38535656,$59.00,Neighborhood highlights,1,2,1,1,4.67,6,https://www.airbnb.com/rooms/38535656
38538837,NA,Neighborhood highlights,1,NA,NA,NA,5,2,https://www.airbnb.com/rooms/38538837
38539813,NA,Neighborhood highlights,2,NA,NA,NA,4.91,11,https://www.airbnb.com/rooms/38539813
38541050,NA,Neighborhood highlights,2,NA,NA,NA,5,2,https://www.airbnb.com/rooms/38541050
38542488,$115.00,Neighborhood highlights,2,1,0,1,5,6,https://www.airbnb.com/rooms/38542488
38544065,NA,Neighborhood highlights,2,NA,NA,NA,5,1,https://www.airbnb.com/rooms/38544065
38546708,$203.00,Neighborhood highlights,2,1,1,1,4.91,11,https://www.airbnb.com/rooms/38546708
38547165,$203.00,Neighborhood highlights,2,1,1,1,4.8,10,https://www.airbnb.com/rooms/38547165
38551651,NA,Neighborhood highlights,3,NA,2,NA,5,1,https://www.airbnb.com/rooms/38551651
38553463,$260.00,Neighborhood highlights,4,1,2,2,4.92,12,https://www.airbnb.com/rooms/38553463
38558695,NA,Neighborhood highlights,2,NA,NA,NA,4.69,32,https://www.airbnb.com/rooms/38558695
38559180,$180.00,Neighborhood highlights,2,1,0,1,4.6,30,https://www.airbnb.com/rooms/38559180
38571450,$250.00,Neighborhood highlights,4,2,1,1,5,8,https://www.airbnb.com/rooms/38571450
38573589,$65.00,Neighborhood highlights,1,2,1,2,4.91,23,https://www.airbnb.com/rooms/38573589
38575019,$114.00,NA,2,1,2,2,4.83,6,https://www.airbnb.com/rooms/38575019
38575482,$179.00,Neighborhood highlights,2,1,0,1,5,4,https://www.airbnb.com/rooms/38575482
38582198,NA,NA,2,NA,NA,NA,NA,0,https://www.airbnb.com/rooms/38582198
38584270,$260.00,Neighborhood highlights,4,1,2,2,4.62,13,https://www.airbnb.com/rooms/38584270
38584439,$239.00,Neighborhood highlights,4,1,2,2,4.78,9,https://www.airbnb.com/rooms/38584439
38584735,NA,NA,2,NA,NA,NA,NA,0,https://www.airbnb.com/rooms/38584735
38585874,NA,Neighborhood highlights,1,NA,NA,NA,4.89,28,https://www.airbnb.com/rooms/38585874
38598735,NA,Neighborhood highlights,2,NA,NA,NA,5,2,https://www.airbnb.com/rooms/38598735
38599141,NA,Neighborhood highlights,1,NA,NA,NA,5,1,https://www.airbnb.com/rooms/38599141
38600017,$70.00,Neighborhood highlights,4,1,1,1,4.44,16,https://www.airbnb.com/rooms/38600017
38603451,$120.00,NA,2,1,1,1,4.83,6,https://www.airbnb.com/rooms/38603451
38609434,$120.00,Neighborhood highlights,1,1,1,1,5,1,https://www.airbnb.com/rooms/38609434
38617525,$60.00,Neighborhood highlights,1,1.5,1,1,3.83,12,https://www.airbnb.com/rooms/38617525
38617814,$195.00,Neighborhood highlights,4,1,2,2,4.84,77,https://www.airbnb.com/rooms/38617814
38619451,$35.00,NA,1,1,1,1,4.86,14,https://www.airbnb.com/rooms/38619451
38623036,$75.00,Neighborhood highlights,2,1,0,2,4.91,183,https://www.airbnb.com/rooms/38623036
38624089,NA,Neighborhood highlights,6,NA,2,NA,4.78,18,https://www.airbnb.com/rooms/38624089
38624335,$248.00,Neighborhood highlights,2,1,1,2,4.91,11,https://www.airbnb.com/rooms/38624335
38624428,$300.00,Neighborhood highlights,4,1,2,2,4.86,7,https://www.airbnb.com/rooms/38624428
38624439,$269.00,Neighborhood highlights,4,1,2,2,4.88,8,https://www.airbnb.com/rooms/38624439
38624918,NA,NA,1,NA,NA,NA,NA,0,https://www.airbnb.com/rooms/38624918
38624988,$325.00,Neighborhood highlights,4,1,2,2,5,7,https://www.airbnb.com/rooms/38624988
38625166,$224.00,Neighborhood highlights,2,1,1,1,4.9,10,https://www.airbnb.com/rooms/38625166
38625308,$179.00,Neighborhood highlights,2,1,1,1,5,5,https://www.airbnb.com/rooms/38625308
38626886,NA,Neighborhood highlights,2,NA,NA,NA,4.64,14,https://www.airbnb.com/rooms/38626886
38626897,NA,Neighborhood highlights,3,NA,1,NA,5,6,https://www.airbnb.com/rooms/38626897
38645543,NA,NA,2,NA,NA,NA,4.5,6,https://www.airbnb.com/rooms/38645543
38645666,$85.00,Neighborhood highlights,2,1,1,1,4.59,27,https://www.airbnb.com/rooms/38645666
38645667,NA,Neighborhood highlights,1,NA,NA,NA,NA,0,https://www.airbnb.com/rooms/38645667
38645987,NA,Neighborhood highlights,1,NA,NA,NA,4.74,39,https://www.airbnb.com/rooms/38645987
38646409,$59.00,Neighborhood highlights,4,1,1,2,4.77,148,https://www.airbnb.com/rooms/38646409
38664426,$189.00,Neighborhood highlights,2,1.5,1,1,5,3,https://www.airbnb.com/rooms/38664426
38670210,$359.00,Neighborhood highlights,4,2,2,2,4.44,9,https://www.airbnb.com/rooms/38670210
38674685,$653.00,Neighborhood highlights,6,2,2,3,4.5,517,https://www.airbnb.com/rooms/38674685
38694732,NA,Neighborhood highlights,2,NA,NA,NA,5,5,https://www.airbnb.com/rooms/38694732
38695193,NA,Neighborhood highlights,3,NA,NA,NA,5,2,https://www.airbnb.com/rooms/38695193
38697036,$190.00,Neighborhood highlights,2,1,1,2,4.94,104,https://www.airbnb.com/rooms/38697036
38698551,NA,Neighborhood highlights,4,NA,NA,NA,4.2,15,https://www.airbnb.com/rooms/38698551
38702827,NA,Neighborhood highlights,1,NA,NA,NA,4,3,https://www.airbnb.com/rooms/38702827
38703384,NA,Neighborhood highlights,1,NA,NA,NA,4.38,8,https://www.airbnb.com/rooms/38703384
38703932,NA,Neighborhood highlights,1,NA,NA,NA,4.2,5,https://www.airbnb.com/rooms/38703932
38704688,$150.00,Neighborhood highlights,2,1,1,2,NA,0,https://www.airbnb.com/rooms/38704688
38705874,NA,Neighborhood highlights,2,NA,NA,NA,NA,0,https://www.airbnb.com/rooms/38705874
38707413,$86.00,NA,2,1,1,1,NA,0,https://www.airbnb.com/rooms/38707413
38720591,NA,Neighborhood highlights,4,NA,1,NA,4,2,https://www.airbnb.com/rooms/38720591
38723597,NA,NA,1,NA,NA,NA,NA,0,https://www.airbnb.com/rooms/38723597
38723925,NA,Neighborhood highlights,3,NA,1,NA,4.71,7,https://www.airbnb.com/rooms/38723925
38724583,NA,NA,1,NA,NA,NA,4.21,14,https://www.airbnb.com/rooms/38724583
38725189,$159.00,Neighborhood highlights,6,1,2,5,4.91,93,https://www.airbnb.com/rooms/38725189
38725893,NA,Neighborhood highlights,1,NA,NA,NA,4.14,7,https://www.airbnb.com/rooms/38725893
38728728,$180.00,Neighborhood highlights,2,1,1,1,4.89,37,https://www.airbnb.com/rooms/38728728
38747830,NA,Neighborhood highlights,3,NA,NA,NA,5,8,https://www.airbnb.com/rooms/38747830
38749353,NA,Neighborhood highlights,2,NA,NA,NA,5,3,https://www.airbnb.com/rooms/38749353
38752368,NA,Neighborhood highlights,3,NA,1,NA,4.76,34,https://www.airbnb.com/rooms/38752368
38756007,NA,Neighborhood highlights,2,NA,NA,NA,NA,0,https://www.airbnb.com/rooms/38756007
38776007,$829.00,Neighborhood highlights,10,4,5,5,4.96,24,https://www.airbnb.com/rooms/38776007
38776786,NA,Neighborhood highlights,4,NA,1,NA,5,1,https://www.airbnb.com/rooms/38776786
38778121,$58.00,Neighborhood highlights,1,1,1,1,5,4,https://www.airbnb.com/rooms/38778121
38779756,NA,Neighborhood highlights,5,NA,2,NA,5,2,https://www.airbnb.com/rooms/38779756
38780110,$52.00,Neighborhood highlights,1,2,1,1,5,12,https://www.airbnb.com/rooms/38780110
38794460,NA,NA,2,NA,NA,NA,NA,0,https://www.airbnb.com/rooms/38794460
38795690,NA,Neighborhood highlights,4,NA,1,NA,NA,0,https://www.airbnb.com/rooms/38795690
38797417,NA,Neighborhood highlights,2,NA,NA,NA,5,1,https://www.airbnb.com/rooms/38797417
38799098,NA,Neighborhood highlights,1,NA,NA,NA,4.5,10,https://www.airbnb.com/rooms/38799098
38802035,$42.00,Neighborhood highlights,1,1,1,1,4.77,26,https://www.airbnb.com/rooms/38802035
38811858,$300.00,NA,2,1,1,2,NA,0,https://www.airbnb.com/rooms/38811858
38812729,$158.00,Neighborhood highlights,2,1,2,2,4.95,80,https://www.airbnb.com/rooms/38812729
38816761,NA,NA,2,NA,1,NA,4.91,11,https://www.airbnb.com/rooms/38816761
38817916,$336.00,Neighborhood highlights,2,1,0,1,4.98,203,https://www.airbnb.com/rooms/38817916
38822413,NA,Neighborhood highlights,1,NA,NA,NA,NA,0,https://www.airbnb.com/rooms/38822413
38825111,NA,NA,2,NA,NA,NA,NA,0,https://www.airbnb.com/rooms/38825111
38826956,$53.00,Neighborhood highlights,2,2,4,1,4.95,143,https://www.airbnb.com/rooms/38826956
38827616,$53.00,Neighborhood highlights,1,2,1,1,4.96,162,https://www.airbnb.com/rooms/38827616
38831666,$336.00,Neighborhood highlights,2,1,1,1,NA,0,https://www.airbnb.com/rooms/38831666
38836825,NA,Neighborhood highlights,6,NA,2,NA,4.5,2,https://www.airbnb.com/rooms/38836825
38837553,NA,Neighborhood highlights,1,NA,NA,NA,5,1,https://www.airbnb.com/rooms/38837553
38839113,NA,Neighborhood highlights,4,NA,1,NA,5,2,https://www.airbnb.com/rooms/38839113
38839819,$86.00,Neighborhood highlights,2,1,1,1,4.86,56,https://www.airbnb.com/rooms/38839819
38846563,$120.00,Neighborhood highlights,2,1,0,1,4.23,13,https://www.airbnb.com/rooms/38846563
38849102,$425.00,NA,2,2,2,2,4.97,175,https://www.airbnb.com/rooms/38849102
38850758,$379.00,Neighborhood highlights,4,1,1,2,4.88,16,https://www.airbnb.com/rooms/38850758
38853605,NA,NA,1,NA,NA,NA,5,2,https://www.airbnb.com/rooms/38853605
38866096,$60.00,Neighborhood highlights,2,1,1,1,4.73,22,https://www.airbnb.com/rooms/38866096
38866268,$143.00,Neighborhood highlights,2,1,1,2,4.77,84,https://www.airbnb.com/rooms/38866268
38871574,$60.00,Neighborhood highlights,2,1,1,2,4.67,3,https://www.airbnb.com/rooms/38871574
38871661,$70.00,Neighborhood highlights,2,1,1,1,4.96,84,https://www.airbnb.com/rooms/38871661
38875424,$163.00,Neighborhood highlights,3,1,1,2,4.89,18,https://www.airbnb.com/rooms/38875424
38877730,$450.00,Neighborhood highlights,8,1,4,4,4.69,183,https://www.airbnb.com/rooms/38877730
38879859,$70.00,Neighborhood highlights,2,1,1,1,4.97,65,https://www.airbnb.com/rooms/38879859
38880744,$50.00,NA,2,1,1,1,NA,0,https://www.airbnb.com/rooms/38880744
38888708,NA,NA,2,NA,NA,NA,5,2,https://www.airbnb.com/rooms/38888708
38889455,NA,NA,2,NA,NA,NA,4,2,https://www.airbnb.com/rooms/38889455
38902678,$194.00,Neighborhood highlights,6,1,2,2,4.83,58,https://www.airbnb.com/rooms/38902678
38905319,NA,Neighborhood highlights,2,NA,1,NA,4.73,78,https://www.airbnb.com/rooms/38905319
38906145,NA,Neighborhood highlights,2,NA,1,NA,4.8,56,https://www.airbnb.com/rooms/38906145
38906302,NA,Neighborhood highlights,2,NA,1,NA,4.71,52,https://www.airbnb.com/rooms/38906302
38908280,NA,Neighborhood highlights,2,NA,1,NA,4.94,47,https://www.airbnb.com/rooms/38908280
38908592,$250.00,Neighborhood highlights,2,1,2,2,4.73,11,https://www.airbnb.com/rooms/38908592
38908757,NA,Neighborhood highlights,2,NA,NA,NA,4.6,5,https://www.airbnb.com/rooms/38908757
38909805,$67.00,Neighborhood highlights,2,1,1,1,NA,0,https://www.airbnb.com/rooms/38909805
38910508,$235.00,Neighborhood highlights,2,1,2,2,5,11,https://www.airbnb.com/rooms/38910508
38923034,$64.00,Neighborhood highlights,2,2,1,1,4.67,45,https://www.airbnb.com/rooms/38923034
38923807,$37.00,Neighborhood highlights,3,2,1,3,4.6,5,https://www.airbnb.com/rooms/38923807
38924473,$200.00,Neighborhood highlights,2,1,1,1,NA,0,https://www.airbnb.com/rooms/38924473
38926445,NA,NA,2,NA,NA,NA,4.75,4,https://www.airbnb.com/rooms/38926445
38930954,$140.00,NA,4,1,1,2,5,65,https://www.airbnb.com/rooms/38930954
38931289,NA,Neighborhood highlights,2,NA,NA,NA,5,4,https://www.airbnb.com/rooms/38931289
38932995,$46.00,NA,2,2,1,1,4,1,https://www.airbnb.com/rooms/38932995
38933636,$60.00,Neighborhood highlights,2,1,1,1,5,3,https://www.airbnb.com/rooms/38933636
38935166,NA,Neighborhood highlights,2,NA,NA,NA,NA,0,https://www.airbnb.com/rooms/38935166
38947926,$70.00,Neighborhood highlights,2,1,1,2,4.31,39,https://www.airbnb.com/rooms/38947926
38954037,$50.00,Neighborhood highlights,1,1,1,1,5,12,https://www.airbnb.com/rooms/38954037
38955140,NA,Neighborhood highlights,2,NA,NA,NA,NA,0,https://www.airbnb.com/rooms/38955140
38956629,$375.00,NA,2,1,1,1,5,1,https://www.airbnb.com/rooms/38956629
38956772,$423.00,NA,2,1,1,2,5,2,https://www.airbnb.com/rooms/38956772
38956793,$447.00,NA,2,1,1,1,NA,0,https://www.airbnb.com/rooms/38956793
38956813,$559.00,NA,2,1,1,2,NA,0,https://www.airbnb.com/rooms/38956813
38956835,$535.00,NA,2,1,1,1,NA,0,https://www.airbnb.com/rooms/38956835
38956889,NA,NA,2,NA,1,NA,NA,0,https://www.airbnb.com/rooms/38956889
38956942,NA,NA,2,NA,1,NA,NA,0,https://www.airbnb.com/rooms/38956942
38956986,NA,NA,2,NA,1,NA,NA,0,https://www.airbnb.com/rooms/38956986
38957054,NA,NA,2,NA,1,NA,NA,0,https://www.airbnb.com/rooms/38957054
38975498,$160.00,Neighborhood highlights,1,1,0,0,4.93,14,https://www.airbnb.com/rooms/38975498
38977877,NA,NA,1,NA,1,NA,4.62,34,https://www.airbnb.com/rooms/38977877
38978229,$230.00,Neighborhood highlights,2,1,1,1,4.94,18,https://www.airbnb.com/rooms/38978229
38978429,$200.00,Neighborhood highlights,2,1,0,2,4.88,8,https://www.airbnb.com/rooms/38978429
38980221,$189.00,Neighborhood highlights,4,1,1,2,4.96,209,https://www.airbnb.com/rooms/38980221
38982533,NA,NA,1,NA,NA,NA,NA,0,https://www.airbnb.com/rooms/38982533
38983890,$170.00,Neighborhood highlights,6,2,2,3,4.95,105,https://www.airbnb.com/rooms/38983890
38984304,NA,Neighborhood highlights,1,NA,NA,NA,NA,0,https://www.airbnb.com/rooms/38984304
38996102,$129.00,Neighborhood highlights,2,1,1,1,4.76,79,https://www.airbnb.com/rooms/38996102
38998867,NA,NA,2,NA,1,NA,NA,0,https://www.airbnb.com/rooms/38998867
38999822,NA,NA,2,NA,NA,NA,5,4,https://www.airbnb.com/rooms/38999822
39001725,NA,Neighborhood highlights,2,NA,NA,NA,4.99,70,https://www.airbnb.com/rooms/39001725
39003811,NA,Neighborhood highlights,3,NA,2,NA,4.81,16,https://www.airbnb.com/rooms/39003811
39004732,NA,Neighborhood highlights,5,NA,1,NA,NA,0,https://www.airbnb.com/rooms/39004732
39005390,$200.00,NA,2,1,1,1,5,5,https://www.airbnb.com/rooms/39005390
39016717,$115.00,Neighborhood highlights,2,1,0,1,NA,0,https://www.airbnb.com/rooms/39016717
39022484,NA,Neighborhood highlights,2,NA,1,NA,4.8,5,https://www.airbnb.com/rooms/39022484
39022754,NA,Neighborhood highlights,2,NA,NA,NA,5,13,https://www.airbnb.com/rooms/39022754
39023096,NA,Neighborhood highlights,2,NA,1,NA,4,4,https://www.airbnb.com/rooms/39023096
39023376,NA,Neighborhood highlights,4,NA,1,NA,4.83,12,https://www.airbnb.com/rooms/39023376
39023600,NA,Neighborhood highlights,2,NA,1,NA,5,5,https://www.airbnb.com/rooms/39023600
39024243,NA,Neighborhood highlights,2,NA,1,NA,4.6,5,https://www.airbnb.com/rooms/39024243
39024603,NA,NA,2,NA,NA,NA,4.25,12,https://www.airbnb.com/rooms/39024603
39024731,NA,Neighborhood highlights,2,NA,1,NA,5,4,https://www.airbnb.com/rooms/39024731
39024944,NA,Neighborhood highlights,2,NA,1,NA,4.43,7,https://www.airbnb.com/rooms/39024944
39025632,NA,Neighborhood highlights,2,NA,NA,NA,4.13,8,https://www.airbnb.com/rooms/39025632
39028036,NA,NA,2,NA,NA,NA,5,2,https://www.airbnb.com/rooms/39028036
39029793,NA,Neighborhood highlights,2,NA,1,NA,5,5,https://www.airbnb.com/rooms/39029793
39031849,$109.00,Neighborhood highlights,2,1,1,1,4.98,243,https://www.airbnb.com/rooms/39031849
39033318,NA,Neighborhood highlights,11,NA,4,NA,4.54,72,https://www.airbnb.com/rooms/39033318
39034248,$291.00,Neighborhood highlights,4,1,2,2,4.79,34,https://www.airbnb.com/rooms/39034248
39034756,NA,NA,1,NA,NA,NA,NA,0,https://www.airbnb.com/rooms/39034756
39035186,NA,NA,2,NA,1,NA,5,1,https://www.airbnb.com/rooms/39035186
39035532,NA,Neighborhood highlights,2,NA,NA,NA,5,12,https://www.airbnb.com/rooms/39035532
39036887,$300.00,Neighborhood highlights,1,1,1,1,4.75,4,https://www.airbnb.com/rooms/39036887
39037383,$300.00,Neighborhood highlights,2,1,1,1,5,2,https://www.airbnb.com/rooms/39037383
39053850,$169.00,Neighborhood highlights,2,1,1,1,4.92,12,https://www.airbnb.com/rooms/39053850
39053981,NA,Neighborhood highlights,3,NA,1,NA,5,9,https://www.airbnb.com/rooms/39053981
39058347,NA,NA,2,NA,1,NA,5,2,https://www.airbnb.com/rooms/39058347
39059690,NA,Neighborhood highlights,4,NA,1,NA,4.64,14,https://www.airbnb.com/rooms/39059690
39059931,$595.00,Neighborhood highlights,4,2,2,3,5,2,https://www.airbnb.com/rooms/39059931
39063314,NA,Neighborhood highlights,1,NA,NA,NA,5,2,https://www.airbnb.com/rooms/39063314
39066657,NA,Neighborhood highlights,4,NA,2,NA,4.3,10,https://www.airbnb.com/rooms/39066657
39072592,$250.00,Neighborhood highlights,6,1,2,3,4.94,127,https://www.airbnb.com/rooms/39072592
39074638,$220.00,Neighborhood highlights,4,1,2,3,4.93,134,https://www.airbnb.com/rooms/39074638
39075477,NA,NA,2,NA,NA,NA,NA,0,https://www.airbnb.com/rooms/39075477
39081829,$132.00,Neighborhood highlights,4,1,1,2,5,6,https://www.airbnb.com/rooms/39081829
39083120,$850.00,NA,16,4,8,13,NA,0,https://www.airbnb.com/rooms/39083120
39083245,$361.00,Neighborhood highlights,6,1,3,3,4.8,10,https://www.airbnb.com/rooms/39083245
39087293,$50.00,NA,1,1,1,1,5,2,https://www.airbnb.com/rooms/39087293
39090973,NA,Neighborhood highlights,1,NA,NA,NA,4.86,7,https://www.airbnb.com/rooms/39090973
39091454,NA,NA,2,NA,NA,NA,5,5,https://www.airbnb.com/rooms/39091454
39113138,$59.00,Neighborhood highlights,2,2,1,1,4.97,35,https://www.airbnb.com/rooms/39113138
39114171,$55.00,Neighborhood highlights,2,4.5,1,1,4.83,6,https://www.airbnb.com/rooms/39114171
39117708,NA,Neighborhood highlights,1,NA,NA,NA,NA,0,https://www.airbnb.com/rooms/39117708
39123850,$64.00,NA,1,2,1,1,4.97,33,https://www.airbnb.com/rooms/39123850
39125813,$118.00,NA,3,1,1,3,5,3,https://www.airbnb.com/rooms/39125813
39126741,$63.00,NA,2,1,1,1,5,1,https://www.airbnb.com/rooms/39126741
39128021,$196.00,Neighborhood highlights,3,1,1,1,4.5,4,https://www.airbnb.com/rooms/39128021
39131261,NA,Neighborhood highlights,2,NA,NA,NA,5,1,https://www.airbnb.com/rooms/39131261
39136879,NA,Neighborhood highlights,2,NA,1,NA,4.5,2,https://www.airbnb.com/rooms/39136879
39149013,$230.00,Neighborhood highlights,7,1,2,4,4.43,80,https://www.airbnb.com/rooms/39149013
39150564,NA,NA,6,NA,3,NA,NA,0,https://www.airbnb.com/rooms/39150564
39153457,$250.00,NA,2,3,1,1,5,6,https://www.airbnb.com/rooms/39153457
39157606,NA,Neighborhood highlights,2,NA,NA,NA,4.91,11,https://www.airbnb.com/rooms/39157606
39169415,$313.00,Neighborhood highlights,2,2,2,2,4.89,118,https://www.airbnb.com/rooms/39169415
39173096,NA,Neighborhood highlights,3,NA,NA,NA,5,1,https://www.airbnb.com/rooms/39173096
39174672,NA,Neighborhood highlights,1,NA,NA,NA,NA,0,https://www.airbnb.com/rooms/39174672
39176524,$219.00,Neighborhood highlights,3,1,1,1,5,9,https://www.airbnb.com/rooms/39176524
39176548,$250.00,Neighborhood highlights,5,1,2,3,4.84,25,https://www.airbnb.com/rooms/39176548
39177041,$346.00,Neighborhood highlights,6,4,4,6,3.8,5,https://www.airbnb.com/rooms/39177041
39179129,NA,Neighborhood highlights,5,NA,2,NA,5,2,https://www.airbnb.com/rooms/39179129
39180803,NA,NA,2,NA,NA,NA,5,1,https://www.airbnb.com/rooms/39180803
39189765,$110.00,Neighborhood highlights,2,1,0,2,1,1,https://www.airbnb.com/rooms/39189765
39191142,NA,Neighborhood highlights,4,NA,2,NA,NA,0,https://www.airbnb.com/rooms/39191142
39193812,$250.00,NA,2,1,2,2,4.89,9,https://www.airbnb.com/rooms/39193812
39194327,$135.00,Neighborhood highlights,2,1,0,1,4.8,5,https://www.airbnb.com/rooms/39194327
39195247,NA,Neighborhood highlights,2,NA,1,NA,5,4,https://www.airbnb.com/rooms/39195247
39196417,$193.00,NA,3,1,1,1,3,1,https://www.airbnb.com/rooms/39196417
39197716,NA,Neighborhood highlights,2,NA,NA,NA,4.67,3,https://www.airbnb.com/rooms/39197716
39198133,NA,Neighborhood highlights,4,NA,2,NA,5,2,https://www.airbnb.com/rooms/39198133
39199781,$75.00,Neighborhood highlights,2,1,1,1,4.91,74,https://www.airbnb.com/rooms/39199781
39199816,$348.00,NA,2,2,2,2,4.99,136,https://www.airbnb.com/rooms/39199816
39201527,NA,Neighborhood highlights,3,NA,1,NA,5,2,https://www.airbnb.com/rooms/39201527
39204077,NA,NA,3,NA,1,NA,4.89,57,https://www.airbnb.com/rooms/39204077
39211315,NA,NA,2,NA,1,NA,4.75,4,https://www.airbnb.com/rooms/39211315
39215776,NA,Neighborhood highlights,4,NA,2,NA,4.83,6,https://www.airbnb.com/rooms/39215776
39229191,$225.00,Neighborhood highlights,8,2.5,3,4,4.93,14,https://www.airbnb.com/rooms/39229191
39244920,NA,Neighborhood highlights,4,NA,2,NA,4.5,4,https://www.airbnb.com/rooms/39244920
39246597,NA,Neighborhood highlights,12,NA,6,NA,4.73,15,https://www.airbnb.com/rooms/39246597
39247437,NA,Neighborhood highlights,2,NA,NA,NA,5,4,https://www.airbnb.com/rooms/39247437
39249334,NA,Neighborhood highlights,3,NA,NA,NA,4.29,7,https://www.airbnb.com/rooms/39249334
39251023,NA,Neighborhood highlights,3,NA,NA,NA,NA,0,https://www.airbnb.com/rooms/39251023
39252056,NA,NA,2,NA,NA,NA,5,2,https://www.airbnb.com/rooms/39252056
39252851,NA,Neighborhood highlights,2,NA,1,NA,5,3,https://www.airbnb.com/rooms/39252851
39253388,$80.00,Neighborhood highlights,2,1,1,1,4.74,188,https://www.airbnb.com/rooms/39253388
39256285,NA,NA,2,NA,NA,NA,NA,0,https://www.airbnb.com/rooms/39256285
39269487,$92.00,NA,1,1,0,1,NA,0,https://www.airbnb.com/rooms/39269487
39270581,NA,Neighborhood highlights,2,NA,NA,NA,4.83,12,https://www.airbnb.com/rooms/39270581
39272481,NA,Neighborhood highlights,1,NA,NA,NA,NA,0,https://www.airbnb.com/rooms/39272481
39273168,NA,Neighborhood highlights,2,NA,NA,NA,4.94,16,https://www.airbnb.com/rooms/39273168
39277490,NA,Neighborhood highlights,5,NA,1,NA,4.5,6,https://www.airbnb.com/rooms/39277490
39280356,$120.00,Neighborhood highlights,4,2,2,5,4.43,7,https://www.airbnb.com/rooms/39280356
39286877,NA,NA,2,NA,2,NA,5,4,https://www.airbnb.com/rooms/39286877
39289019,$110.00,Neighborhood highlights,2,1,0,2,4.5,4,https://www.airbnb.com/rooms/39289019
39299540,$196.00,Neighborhood highlights,6,1,4,4,4.65,57,https://www.airbnb.com/rooms/39299540
39300260,$120.00,Neighborhood highlights,4,1,1,2,4.92,75,https://www.airbnb.com/rooms/39300260
39301619,$90.00,Neighborhood highlights,2,1,1,1,NA,0,https://www.airbnb.com/rooms/39301619
39302944,$125.00,NA,4,1,3,3,NA,0,https://www.airbnb.com/rooms/39302944
39312974,NA,Neighborhood highlights,2,NA,NA,NA,5,7,https://www.airbnb.com/rooms/39312974
39313969,$254.00,Neighborhood highlights,4,1,2,2,4.76,42,https://www.airbnb.com/rooms/39313969
39314886,NA,NA,4,NA,1,NA,NA,0,https://www.airbnb.com/rooms/39314886
39327039,NA,Neighborhood highlights,1,NA,NA,NA,4.4,5,https://www.airbnb.com/rooms/39327039
39330170,$165.00,NA,2,1,0,2,4.82,120,https://www.airbnb.com/rooms/39330170
39332857,$87.00,Neighborhood highlights,1,1,1,1,4.82,17,https://www.airbnb.com/rooms/39332857
39334075,NA,Neighborhood highlights,2,NA,NA,NA,5,1,https://www.airbnb.com/rooms/39334075
39334332,$46.00,Neighborhood highlights,1,1,1,2,4.6,42,https://www.airbnb.com/rooms/39334332
39335757,NA,Neighborhood highlights,1,NA,NA,NA,5,1,https://www.airbnb.com/rooms/39335757
39337020,NA,Neighborhood highlights,1,NA,NA,NA,5,2,https://www.airbnb.com/rooms/39337020
39340144,NA,Neighborhood highlights,1,NA,NA,NA,NA,0,https://www.airbnb.com/rooms/39340144
39340734,$75.00,NA,1,1,1,1,NA,0,https://www.airbnb.com/rooms/39340734
39345548,$76.00,NA,2,1,1,1,4.5,2,https://www.airbnb.com/rooms/39345548
39355550,NA,Neighborhood highlights,2,NA,NA,NA,4.33,9,https://www.airbnb.com/rooms/39355550
39355943,$32.00,NA,1,1,1,1,4.88,86,https://www.airbnb.com/rooms/39355943
39358131,$595.00,Neighborhood highlights,4,1,1,1,5,1,https://www.airbnb.com/rooms/39358131
39363832,NA,Neighborhood highlights,4,NA,1,NA,4.81,27,https://www.airbnb.com/rooms/39363832
39364371,NA,NA,10,NA,3,NA,5,2,https://www.airbnb.com/rooms/39364371
39370156,$264.00,Neighborhood highlights,2,1,1,2,4.96,92,https://www.airbnb.com/rooms/39370156
39380638,NA,Neighborhood highlights,4,NA,NA,NA,4.67,3,https://www.airbnb.com/rooms/39380638
39380947,$74.00,NA,2,1,1,1,4.87,256,https://www.airbnb.com/rooms/39380947
39381034,$499.00,Neighborhood highlights,2,2.5,3,5,4.75,8,https://www.airbnb.com/rooms/39381034
39381503,NA,Neighborhood highlights,1,NA,NA,NA,4.93,14,https://www.airbnb.com/rooms/39381503
39385381,NA,NA,2,NA,NA,NA,NA,0,https://www.airbnb.com/rooms/39385381
39386362,NA,Neighborhood highlights,2,NA,NA,NA,5,3,https://www.airbnb.com/rooms/39386362
39386691,$470.00,NA,2,1,1,2,4.77,13,https://www.airbnb.com/rooms/39386691
39394198,NA,Neighborhood highlights,4,NA,1,NA,5,1,https://www.airbnb.com/rooms/39394198
39395456,$71.00,Neighborhood highlights,2,1,1,0,4.75,146,https://www.airbnb.com/rooms/39395456
39396638,NA,Neighborhood highlights,2,NA,1,NA,NA,0,https://www.airbnb.com/rooms/39396638
39411592,$70.00,Neighborhood highlights,1,1,1,1,NA,0,https://www.airbnb.com/rooms/39411592
39413551,NA,Neighborhood highlights,3,NA,1,NA,NA,0,https://www.airbnb.com/rooms/39413551
39413681,$105.00,NA,2,1,0,1,4.77,13,https://www.airbnb.com/rooms/39413681
39414688,NA,Neighborhood highlights,2,NA,1,NA,4.94,18,https://www.airbnb.com/rooms/39414688
39414752,$75.00,Neighborhood highlights,1,1,1,1,4.92,24,https://www.airbnb.com/rooms/39414752
39415178,NA,Neighborhood highlights,2,NA,NA,NA,5,15,https://www.airbnb.com/rooms/39415178
39417163,NA,NA,2,NA,NA,NA,NA,0,https://www.airbnb.com/rooms/39417163
39422367,NA,Neighborhood highlights,2,NA,1,NA,NA,0,https://www.airbnb.com/rooms/39422367
39423751,NA,Neighborhood highlights,1,NA,1,NA,5,1,https://www.airbnb.com/rooms/39423751
39424633,NA,NA,2,NA,NA,NA,4.29,7,https://www.airbnb.com/rooms/39424633
39435705,$140.00,Neighborhood highlights,3,1,0,2,NA,0,https://www.airbnb.com/rooms/39435705
39435760,$160.00,Neighborhood highlights,4,1,1,2,NA,0,https://www.airbnb.com/rooms/39435760
39435765,$140.00,Neighborhood highlights,3,1,0,2,NA,0,https://www.airbnb.com/rooms/39435765
39435773,$162.00,Neighborhood highlights,4,1,1,2,NA,0,https://www.airbnb.com/rooms/39435773
39435811,$160.00,Neighborhood highlights,4,1,1,2,NA,0,https://www.airbnb.com/rooms/39435811
39435835,$156.00,Neighborhood highlights,4,1,1,2,NA,0,https://www.airbnb.com/rooms/39435835
39443002,NA,Neighborhood highlights,6,NA,3,NA,4.53,15,https://www.airbnb.com/rooms/39443002
39446832,$70.00,Neighborhood highlights,1,1,1,0,4.94,97,https://www.airbnb.com/rooms/39446832
39447656,NA,Neighborhood highlights,4,NA,1,NA,5,1,https://www.airbnb.com/rooms/39447656
39447878,NA,Neighborhood highlights,10,NA,3,NA,4.68,22,https://www.airbnb.com/rooms/39447878
39448065,NA,NA,2,NA,NA,NA,NA,0,https://www.airbnb.com/rooms/39448065
39449410,NA,Neighborhood highlights,6,NA,1,NA,4.79,14,https://www.airbnb.com/rooms/39449410
39449814,$59.00,Neighborhood highlights,1,1.5,1,1,5,5,https://www.airbnb.com/rooms/39449814
39453401,NA,Neighborhood highlights,3,NA,NA,NA,5,2,https://www.airbnb.com/rooms/39453401
39460155,$42.00,NA,1,1,1,1,NA,0,https://www.airbnb.com/rooms/39460155
39461768,NA,NA,4,NA,2,NA,5,5,https://www.airbnb.com/rooms/39461768
39464274,NA,Neighborhood highlights,2,NA,NA,NA,4.6,5,https://www.airbnb.com/rooms/39464274
39464655,$50.00,Neighborhood highlights,1,1,1,1,5,2,https://www.airbnb.com/rooms/39464655
39466783,NA,Neighborhood highlights,6,NA,2,NA,4.67,18,https://www.airbnb.com/rooms/39466783
39469608,NA,NA,2,NA,NA,NA,4.44,9,https://www.airbnb.com/rooms/39469608
39480960,NA,Neighborhood highlights,1,NA,NA,NA,NA,0,https://www.airbnb.com/rooms/39480960
39481793,NA,Neighborhood highlights,2,NA,1,NA,4.9,10,https://www.airbnb.com/rooms/39481793
39483065,NA,Neighborhood highlights,2,NA,NA,NA,5,4,https://www.airbnb.com/rooms/39483065
39483163,NA,Neighborhood highlights,6,NA,4,NA,NA,0,https://www.airbnb.com/rooms/39483163
39483179,$60.00,Neighborhood highlights,2,2,1,1,5,9,https://www.airbnb.com/rooms/39483179
39483421,NA,Neighborhood highlights,2,NA,NA,NA,4.21,14,https://www.airbnb.com/rooms/39483421
39484704,$155.00,Neighborhood highlights,3,1,0,1,4,6,https://www.airbnb.com/rooms/39484704
39485765,$140.00,Neighborhood highlights,1,1,1,1,4.98,82,https://www.airbnb.com/rooms/39485765
39485858,$140.00,NA,2,1,0,2,4.9,41,https://www.airbnb.com/rooms/39485858
39486515,NA,Neighborhood highlights,1,NA,NA,NA,5,2,https://www.airbnb.com/rooms/39486515
39487415,$103.00,Neighborhood highlights,1,1,1,1,5,114,https://www.airbnb.com/rooms/39487415
39488352,$195.00,Neighborhood highlights,2,1,1,1,4.69,71,https://www.airbnb.com/rooms/39488352
39503790,NA,NA,6,NA,3,NA,5,2,https://www.airbnb.com/rooms/39503790
39506904,NA,Neighborhood highlights,2,NA,1,NA,4.75,4,https://www.airbnb.com/rooms/39506904
39507366,$199.00,Neighborhood highlights,2,1,0,1,5,2,https://www.airbnb.com/rooms/39507366
39507856,$200.00,NA,1,1.5,1,1,5,7,https://www.airbnb.com/rooms/39507856
39508474,$135.00,Neighborhood highlights,1,1,0,1,5,5,https://www.airbnb.com/rooms/39508474
39509523,NA,Neighborhood highlights,4,NA,1,NA,4.93,14,https://www.airbnb.com/rooms/39509523
39509810,NA,Neighborhood highlights,2,NA,NA,NA,5,4,https://www.airbnb.com/rooms/39509810
39517970,$180.00,Neighborhood highlights,2,1,1,2,4.15,13,https://www.airbnb.com/rooms/39517970
39523142,NA,Neighborhood highlights,2,NA,NA,NA,NA,0,https://www.airbnb.com/rooms/39523142
39524646,NA,Neighborhood highlights,1,NA,NA,NA,4.78,40,https://www.airbnb.com/rooms/39524646
39526252,$260.00,Neighborhood highlights,6,1,1,3,4.96,27,https://www.airbnb.com/rooms/39526252
39526512,NA,Neighborhood highlights,1,NA,NA,NA,NA,0,https://www.airbnb.com/rooms/39526512
39528624,$300.00,Neighborhood highlights,2,1,1,1,5,12,https://www.airbnb.com/rooms/39528624
39530302,NA,Neighborhood highlights,2,NA,1,NA,5,1,https://www.airbnb.com/rooms/39530302
39531655,$750.00,Neighborhood highlights,4,1,2,2,4.91,11,https://www.airbnb.com/rooms/39531655
39532400,NA,Neighborhood highlights,4,NA,1,NA,4.58,12,https://www.airbnb.com/rooms/39532400
39535241,$350.00,Neighborhood highlights,6,2,3,3,4.53,15,https://www.airbnb.com/rooms/39535241
39535314,NA,Neighborhood highlights,4,NA,2,NA,5,1,https://www.airbnb.com/rooms/39535314
39535604,$60.00,Neighborhood highlights,1,1,1,1,4.69,13,https://www.airbnb.com/rooms/39535604
39535849,$440.00,Neighborhood highlights,2,1,1,1,NA,0,https://www.airbnb.com/rooms/39535849
39536408,NA,NA,2,NA,NA,NA,NA,0,https://www.airbnb.com/rooms/39536408
39537097,$75.00,Neighborhood highlights,2,1,1,1,4.87,375,https://www.airbnb.com/rooms/39537097
39537553,$350.00,NA,8,1,2,6,NA,0,https://www.airbnb.com/rooms/39537553
39540228,$36.00,Neighborhood highlights,2,3,1,2,4.5,4,https://www.airbnb.com/rooms/39540228
39543637,$150.00,NA,2,1,0,1,4.43,7,https://www.airbnb.com/rooms/39543637
39551766,NA,Neighborhood highlights,3,NA,NA,NA,5,6,https://www.airbnb.com/rooms/39551766
39553432,NA,NA,2,NA,1,NA,5,2,https://www.airbnb.com/rooms/39553432
39553540,$119.00,Neighborhood highlights,2,1,1,1,4.92,98,https://www.airbnb.com/rooms/39553540
39553672,$180.00,Neighborhood highlights,4,1,2,3,4.44,9,https://www.airbnb.com/rooms/39553672
39553889,NA,NA,2,NA,1,NA,4.33,3,https://www.airbnb.com/rooms/39553889
39554061,NA,NA,2,NA,1,NA,4.64,139,https://www.airbnb.com/rooms/39554061
39554366,NA,NA,2,NA,1,NA,4.71,14,https://www.airbnb.com/rooms/39554366
39554590,$210.00,Neighborhood highlights,3,1,2,2,4.67,33,https://www.airbnb.com/rooms/39554590
39554839,NA,NA,4,NA,1,NA,5,2,https://www.airbnb.com/rooms/39554839
39556673,"$1,400.00",Neighborhood highlights,6,3.5,3,6,4.95,20,https://www.airbnb.com/rooms/39556673
39559324,$250.00,NA,2,1,1,1,5,1,https://www.airbnb.com/rooms/39559324
39560697,$51.00,NA,2,1,1,1,NA,0,https://www.airbnb.com/rooms/39560697
39560992,$85.00,Neighborhood highlights,2,1,1,1,4.92,13,https://www.airbnb.com/rooms/39560992
39562028,NA,NA,6,NA,2,NA,5,15,https://www.airbnb.com/rooms/39562028
39566015,NA,Neighborhood highlights,4,NA,NA,NA,4.71,17,https://www.airbnb.com/rooms/39566015
39569142,NA,Neighborhood highlights,3,NA,NA,NA,4.57,14,https://www.airbnb.com/rooms/39569142
39574087,NA,NA,2,NA,1,NA,NA,0,https://www.airbnb.com/rooms/39574087
39577706,$40.00,Neighborhood highlights,3,2,1,3,4.5,4,https://www.airbnb.com/rooms/39577706
39579710,$37.00,Neighborhood highlights,3,2,1,3,4.67,3,https://www.airbnb.com/rooms/39579710
39581504,NA,Neighborhood highlights,12,NA,5,NA,5,2,https://www.airbnb.com/rooms/39581504
39584086,NA,Neighborhood highlights,4,NA,1,NA,NA,0,https://www.airbnb.com/rooms/39584086
39584286,$73.00,Neighborhood highlights,1,2,1,1,4.5,4,https://www.airbnb.com/rooms/39584286
39587759,$90.00,Neighborhood highlights,1,1.5,1,1,5,1,https://www.airbnb.com/rooms/39587759
39598996,NA,NA,7,NA,3,NA,5,2,https://www.airbnb.com/rooms/39598996
39603229,$459.00,Neighborhood highlights,6,1,2,2,NA,0,https://www.airbnb.com/rooms/39603229
39603782,$132.00,NA,4,1,2,3,4.93,99,https://www.airbnb.com/rooms/39603782
39606116,NA,Neighborhood highlights,2,NA,1,NA,4.57,7,https://www.airbnb.com/rooms/39606116
39606161,$110.00,Neighborhood highlights,4,1,1,2,4.25,8,https://www.airbnb.com/rooms/39606161
39610139,$485.00,NA,4,1,1,2,4.92,13,https://www.airbnb.com/rooms/39610139
39612224,$85.00,Neighborhood highlights,3,1,2,3,4.61,56,https://www.airbnb.com/rooms/39612224
39612323,NA,Neighborhood highlights,3,NA,1,NA,5,2,https://www.airbnb.com/rooms/39612323
39625452,$85.00,Neighborhood highlights,2,1.5,1,1,NA,0,https://www.airbnb.com/rooms/39625452
39626638,$150.00,NA,1,1,1,1,5,10,https://www.airbnb.com/rooms/39626638
39627045,NA,Neighborhood highlights,2,NA,NA,NA,4.92,83,https://www.airbnb.com/rooms/39627045
39627703,NA,NA,2,NA,NA,NA,4.69,13,https://www.airbnb.com/rooms/39627703
39627727,$398.00,Neighborhood highlights,4,1,1,2,4.41,398,https://www.airbnb.com/rooms/39627727
39627918,NA,NA,2,NA,NA,NA,4.93,14,https://www.airbnb.com/rooms/39627918
39628230,NA,NA,4,NA,NA,NA,4.91,11,https://www.airbnb.com/rooms/39628230
39628233,$250.00,Neighborhood highlights,4,1,2,2,NA,0,https://www.airbnb.com/rooms/39628233
39629775,NA,Neighborhood highlights,3,NA,1,NA,5,5,https://www.airbnb.com/rooms/39629775
39630152,$295.00,NA,6,2,2,6,4.69,13,https://www.airbnb.com/rooms/39630152
39630715,NA,NA,4,NA,2,NA,NA,0,https://www.airbnb.com/rooms/39630715
39631364,NA,NA,2,NA,NA,NA,4,1,https://www.airbnb.com/rooms/39631364
39633382,$250.00,NA,4,1,2,2,4.25,4,https://www.airbnb.com/rooms/39633382
39633723,NA,NA,1,NA,1,NA,NA,0,https://www.airbnb.com/rooms/39633723
39634340,NA,Neighborhood highlights,3,NA,1,NA,5,10,https://www.airbnb.com/rooms/39634340
39634396,NA,Neighborhood highlights,5,NA,3,NA,5,1,https://www.airbnb.com/rooms/39634396
39643136,$50.00,Neighborhood highlights,2,1,NA,2,4.6,15,https://www.airbnb.com/rooms/39643136
39646001,NA,Neighborhood highlights,1,NA,NA,NA,4.93,15,https://www.airbnb.com/rooms/39646001
39648018,NA,Neighborhood highlights,2,NA,NA,NA,NA,0,https://www.airbnb.com/rooms/39648018
39650425,NA,Neighborhood highlights,6,NA,1,NA,4,4,https://www.airbnb.com/rooms/39650425
39651899,NA,Neighborhood highlights,4,NA,2,NA,5,20,https://www.airbnb.com/rooms/39651899
39671310,$149.00,Neighborhood highlights,2,1,1,1,4.93,56,https://www.airbnb.com/rooms/39671310
39677451,$100.00,NA,4,1,1,2,4.8,91,https://www.airbnb.com/rooms/39677451
39678744,$246.00,Neighborhood highlights,6,1,3,3,5,2,https://www.airbnb.com/rooms/39678744
39685422,$200.00,Neighborhood highlights,2,1,0,1,4.81,16,https://www.airbnb.com/rooms/39685422
39693688,NA,Neighborhood highlights,2,NA,NA,NA,4.73,15,https://www.airbnb.com/rooms/39693688
39694948,NA,Neighborhood highlights,2,NA,NA,NA,NA,0,https://www.airbnb.com/rooms/39694948
39696136,$279.00,Neighborhood highlights,2,1,1,1,4.87,53,https://www.airbnb.com/rooms/39696136
39697022,NA,Neighborhood highlights,2,NA,NA,NA,5,2,https://www.airbnb.com/rooms/39697022
39699359,$98.00,Neighborhood highlights,4,1,2,2,4.85,53,https://www.airbnb.com/rooms/39699359
39703272,$350.00,NA,5,1.5,3,3,NA,0,https://www.airbnb.com/rooms/39703272
39717041,$389.00,Neighborhood highlights,2,2,1,1,5,187,https://www.airbnb.com/rooms/39717041
39725042,$306.00,Neighborhood highlights,5,2,2,3,4.88,88,https://www.airbnb.com/rooms/39725042
39725627,$258.00,Neighborhood highlights,4,1,1,1,5,17,https://www.airbnb.com/rooms/39725627
39726547,NA,NA,1,NA,NA,NA,NA,0,https://www.airbnb.com/rooms/39726547
39729652,$80.00,Neighborhood highlights,2,1,1,1,4.8,157,https://www.airbnb.com/rooms/39729652
39732310,$243.00,Neighborhood highlights,4,1,1,1,5,17,https://www.airbnb.com/rooms/39732310
39741956,$266.00,Neighborhood highlights,4,1,1,2,5,8,https://www.airbnb.com/rooms/39741956
39742323,NA,NA,1,NA,1,NA,NA,0,https://www.airbnb.com/rooms/39742323
39748190,NA,Neighborhood highlights,1,NA,NA,NA,NA,0,https://www.airbnb.com/rooms/39748190
39749416,$225.00,NA,3,1,1,1,4.9,10,https://www.airbnb.com/rooms/39749416
39749681,$220.00,NA,3,1,1,1,4.36,11,https://www.airbnb.com/rooms/39749681
39751479,NA,Neighborhood highlights,6,NA,2,NA,5,1,https://www.airbnb.com/rooms/39751479
39754062,NA,NA,4,NA,3,NA,NA,0,https://www.airbnb.com/rooms/39754062
39754456,$347.00,Neighborhood highlights,10,2,4,4,4.33,3,https://www.airbnb.com/rooms/39754456
39756235,NA,NA,6,NA,2,NA,4.67,3,https://www.airbnb.com/rooms/39756235
39758510,NA,NA,1,NA,NA,NA,NA,0,https://www.airbnb.com/rooms/39758510
39767080,$85.00,Neighborhood highlights,2,1,1,1,4.54,50,https://www.airbnb.com/rooms/39767080
39777590,$195.00,Neighborhood highlights,2,1,1,1,5,27,https://www.airbnb.com/rooms/39777590
39777931,NA,Neighborhood highlights,3,NA,1,NA,4.5,2,https://www.airbnb.com/rooms/39777931
39780878,NA,Neighborhood highlights,2,NA,NA,NA,NA,0,https://www.airbnb.com/rooms/39780878
39791749,NA,Neighborhood highlights,3,NA,1,NA,4.5,4,https://www.airbnb.com/rooms/39791749
39796214,$125.00,Neighborhood highlights,3,1,1,2,4.91,98,https://www.airbnb.com/rooms/39796214
39803164,NA,Neighborhood highlights,6,NA,2,NA,4.5,2,https://www.airbnb.com/rooms/39803164
39812564,NA,NA,2,NA,NA,NA,NA,0,https://www.airbnb.com/rooms/39812564
39817538,NA,Neighborhood highlights,3,NA,NA,NA,5,2,https://www.airbnb.com/rooms/39817538
39818487,NA,NA,2,NA,NA,NA,5,5,https://www.airbnb.com/rooms/39818487
39820168,$38.00,Neighborhood highlights,2,1,1,1,4.2,10,https://www.airbnb.com/rooms/39820168
39820984,NA,NA,2,NA,NA,NA,NA,0,https://www.airbnb.com/rooms/39820984
39833359,$149.00,NA,2,1,1,1,4.98,286,https://www.airbnb.com/rooms/39833359
39836117,NA,Neighborhood highlights,2,NA,1,NA,5,2,https://www.airbnb.com/rooms/39836117
39839813,$215.00,Neighborhood highlights,2,1,1,1,5,86,https://www.airbnb.com/rooms/39839813
39839863,$198.00,Neighborhood highlights,3,1,1,1,4.95,22,https://www.airbnb.com/rooms/39839863
39840444,NA,Neighborhood highlights,2,NA,NA,NA,4.8,41,https://www.airbnb.com/rooms/39840444
39843036,NA,Neighborhood highlights,4,NA,1,NA,4.89,28,https://www.airbnb.com/rooms/39843036
39846491,$56.00,Neighborhood highlights,2,1,1,1,4.76,25,https://www.airbnb.com/rooms/39846491
39849765,$225.00,Neighborhood highlights,2,1,1,1,4.63,16,https://www.airbnb.com/rooms/39849765
39850284,$248.00,Neighborhood highlights,4,1,2,2,4.33,6,https://www.airbnb.com/rooms/39850284
39854821,NA,NA,5,NA,1,NA,NA,0,https://www.airbnb.com/rooms/39854821
39858506,$270.00,NA,1,1,1,1,NA,0,https://www.airbnb.com/rooms/39858506
39859278,$250.00,NA,2,1,1,1,3,1,https://www.airbnb.com/rooms/39859278
39859439,$290.00,NA,2,1,1,1,4.5,2,https://www.airbnb.com/rooms/39859439
39859606,$360.00,NA,4,1,1,2,5,1,https://www.airbnb.com/rooms/39859606
39859670,$266.00,NA,2,1,1,1,5,1,https://www.airbnb.com/rooms/39859670
39859862,$323.00,NA,2,1,1,1,5,1,https://www.airbnb.com/rooms/39859862
39860004,$376.00,NA,2,1,1,1,NA,0,https://www.airbnb.com/rooms/39860004
39860062,$597.00,NA,4,1,1,1,NA,0,https://www.airbnb.com/rooms/39860062
39860155,$850.00,NA,6,1,2,3,5,5,https://www.airbnb.com/rooms/39860155
39860690,$232.00,NA,2,1,1,1,4.33,220,https://www.airbnb.com/rooms/39860690
39860936,$247.00,NA,2,1,1,1,4.14,37,https://www.airbnb.com/rooms/39860936
39861059,$259.00,NA,2,1,1,1,4.34,177,https://www.airbnb.com/rooms/39861059
39861127,$279.00,NA,2,1,1,1,4.54,37,https://www.airbnb.com/rooms/39861127
39861182,$287.00,NA,2,1,1,1,4.14,59,https://www.airbnb.com/rooms/39861182
39861293,$300.00,NA,4,1,1,2,4.32,108,https://www.airbnb.com/rooms/39861293
39861458,$364.00,NA,2,1,1,1,5,1,https://www.airbnb.com/rooms/39861458
39861566,NA,NA,2,NA,1,NA,NA,0,https://www.airbnb.com/rooms/39861566
39862015,$280.00,NA,2,1,1,1,4.78,18,https://www.airbnb.com/rooms/39862015
39862209,$308.00,NA,2,1,1,1,4.71,28,https://www.airbnb.com/rooms/39862209
39866812,$125.00,Neighborhood highlights,2,1,1,1,5,2,https://www.airbnb.com/rooms/39866812
39868724,$300.00,Neighborhood highlights,1,1,1,1,5,5,https://www.airbnb.com/rooms/39868724
39868919,NA,Neighborhood highlights,2,NA,NA,NA,4.86,7,https://www.airbnb.com/rooms/39868919
39869406,$100.00,Neighborhood highlights,2,1,1,1,4.33,95,https://www.airbnb.com/rooms/39869406
39871722,$41.00,Neighborhood highlights,1,1,1,1,4.63,139,https://www.airbnb.com/rooms/39871722
39872100,$350.00,Neighborhood highlights,4,1,2,3,4.87,38,https://www.airbnb.com/rooms/39872100
39877934,$469.00,Neighborhood highlights,4,1.5,2,2,NA,0,https://www.airbnb.com/rooms/39877934
39878031,$417.00,Neighborhood highlights,2,1,1,1,5,1,https://www.airbnb.com/rooms/39878031
39878065,$255.00,Neighborhood highlights,2,1,1,1,NA,0,https://www.airbnb.com/rooms/39878065
39878087,$237.00,Neighborhood highlights,2,1,1,1,NA,0,https://www.airbnb.com/rooms/39878087
39878204,$474.00,Neighborhood highlights,4,2,2,2,NA,0,https://www.airbnb.com/rooms/39878204
39878242,$385.00,Neighborhood highlights,4,2,2,2,NA,0,https://www.airbnb.com/rooms/39878242
39878798,$145.00,Neighborhood highlights,4,1,2,3,4.86,7,https://www.airbnb.com/rooms/39878798
39878837,$162.00,Neighborhood highlights,4,1,1,2,NA,0,https://www.airbnb.com/rooms/39878837
39879250,$100.00,Neighborhood highlights,1,1,1,1,5,1,https://www.airbnb.com/rooms/39879250
39890582,NA,Neighborhood highlights,2,NA,NA,NA,4,4,https://www.airbnb.com/rooms/39890582
39894957,$65.00,Neighborhood highlights,2,1.5,1,1,4.78,9,https://www.airbnb.com/rooms/39894957
39899915,$60.00,NA,1,1,1,1,4.89,9,https://www.airbnb.com/rooms/39899915
39903508,$150.00,Neighborhood highlights,2,1,2,3,4.51,73,https://www.airbnb.com/rooms/39903508
39915635,NA,Neighborhood highlights,2,NA,NA,NA,NA,0,https://www.airbnb.com/rooms/39915635
39916681,$85.00,Neighborhood highlights,1,1,2,1,4,1,https://www.airbnb.com/rooms/39916681
39919408,$149.00,NA,4,1,1,2,4.92,26,https://www.airbnb.com/rooms/39919408
39920435,NA,Neighborhood highlights,3,NA,1,NA,5,1,https://www.airbnb.com/rooms/39920435
39920510,$150.00,NA,2,1,1,1,4.78,9,https://www.airbnb.com/rooms/39920510
39920610,$115.00,NA,2,1,1,1,4.83,12,https://www.airbnb.com/rooms/39920610
39921115,$189.00,NA,4,1,1,1,5,2,https://www.airbnb.com/rooms/39921115
39921190,NA,NA,1,NA,3,NA,NA,0,https://www.airbnb.com/rooms/39921190
39921325,$336.00,NA,2,1,1,1,5,10,https://www.airbnb.com/rooms/39921325
39921443,$370.00,NA,2,1,1,1,NA,0,https://www.airbnb.com/rooms/39921443
39921579,$370.00,NA,2,1,1,1,4,1,https://www.airbnb.com/rooms/39921579
39921646,$385.00,NA,2,1,1,1,4.75,4,https://www.airbnb.com/rooms/39921646
39921718,$433.00,NA,2,1,1,2,5,2,https://www.airbnb.com/rooms/39921718
39921812,NA,NA,3,NA,1,NA,5,2,https://www.airbnb.com/rooms/39921812
39921961,$322.00,NA,2,1,1,1,4.67,12,https://www.airbnb.com/rooms/39921961
39922049,$169.00,NA,2,1,1,1,NA,0,https://www.airbnb.com/rooms/39922049
39922192,NA,NA,2,NA,1,NA,NA,0,https://www.airbnb.com/rooms/39922192
39922280,NA,NA,2,NA,1,NA,NA,0,https://www.airbnb.com/rooms/39922280
39922347,$391.00,NA,2,1,1,1,NA,0,https://www.airbnb.com/rooms/39922347
39922436,$429.00,NA,2,1,1,1,4,1,https://www.airbnb.com/rooms/39922436
39922527,$402.00,NA,3,1,1,2,5,1,https://www.airbnb.com/rooms/39922527
39922635,$581.00,NA,2,1,1,2,4,1,https://www.airbnb.com/rooms/39922635
39923048,NA,NA,2,NA,NA,NA,NA,0,https://www.airbnb.com/rooms/39923048
39925395,NA,Neighborhood highlights,6,NA,3,NA,4.95,42,https://www.airbnb.com/rooms/39925395
39925642,NA,Neighborhood highlights,2,NA,NA,NA,4.8,10,https://www.airbnb.com/rooms/39925642
39929061,NA,Neighborhood highlights,2,NA,2,NA,4.55,11,https://www.airbnb.com/rooms/39929061
39930214,$97.00,Neighborhood highlights,1,1,1,1,4.51,43,https://www.airbnb.com/rooms/39930214
39937438,NA,NA,4,NA,1,NA,NA,0,https://www.airbnb.com/rooms/39937438
39939381,NA,Neighborhood highlights,5,NA,2,NA,NA,0,https://www.airbnb.com/rooms/39939381
39940831,$321.00,Neighborhood highlights,2,1,1,1,NA,0,https://www.airbnb.com/rooms/39940831
39943815,NA,Neighborhood highlights,2,NA,NA,NA,4.84,97,https://www.airbnb.com/rooms/39943815
39947182,NA,NA,1,NA,NA,NA,NA,0,https://www.airbnb.com/rooms/39947182
39950446,$65.00,Neighborhood highlights,2,1,1,1,4.89,183,https://www.airbnb.com/rooms/39950446
39950578,$160.00,Neighborhood highlights,3,1,1,1,5,4,https://www.airbnb.com/rooms/39950578
39951084,$27.00,Neighborhood highlights,1,1,1,1,4.33,3,https://www.airbnb.com/rooms/39951084
39951152,$60.00,Neighborhood highlights,2,1,1,1,4.82,171,https://www.airbnb.com/rooms/39951152
39953432,NA,NA,2,NA,1,NA,5,4,https://www.airbnb.com/rooms/39953432
39954574,$97.00,Neighborhood highlights,1,1,1,1,5,8,https://www.airbnb.com/rooms/39954574
39955583,NA,Neighborhood highlights,2,NA,1,NA,4.67,3,https://www.airbnb.com/rooms/39955583
39961750,NA,NA,1,NA,1,NA,5,2,https://www.airbnb.com/rooms/39961750
39965266,$469.00,Neighborhood highlights,12,2,4,6,4,2,https://www.airbnb.com/rooms/39965266
39969287,$59.00,Neighborhood highlights,1,2,1,1,4.94,17,https://www.airbnb.com/rooms/39969287
39970944,NA,Neighborhood highlights,2,NA,NA,NA,5,1,https://www.airbnb.com/rooms/39970944
39971399,$212.00,Neighborhood highlights,3,1,1,1,5,6,https://www.airbnb.com/rooms/39971399
39972810,NA,NA,3,NA,1,NA,NA,0,https://www.airbnb.com/rooms/39972810
39981492,$120.00,Neighborhood highlights,5,1,2,3,4.65,48,https://www.airbnb.com/rooms/39981492
39989070,$375.00,Neighborhood highlights,2,1,1,1,5,8,https://www.airbnb.com/rooms/39989070
39989753,NA,NA,4,NA,NA,NA,5,4,https://www.airbnb.com/rooms/39989753
40003458,NA,Neighborhood highlights,2,NA,1,NA,5,1,https://www.airbnb.com/rooms/40003458
40008777,NA,NA,1,NA,NA,NA,NA,0,https://www.airbnb.com/rooms/40008777
40009594,NA,Neighborhood highlights,2,NA,1,NA,5,4,https://www.airbnb.com/rooms/40009594
40010350,NA,Neighborhood highlights,3,NA,NA,NA,4.5,6,https://www.airbnb.com/rooms/40010350
40010639,NA,NA,3,NA,1,NA,5,1,https://www.airbnb.com/rooms/40010639
40011270,NA,Neighborhood highlights,4,NA,3,NA,4.75,36,https://www.airbnb.com/rooms/40011270
40012774,NA,Neighborhood highlights,5,NA,2,NA,5,2,https://www.airbnb.com/rooms/40012774
40015168,NA,NA,2,NA,NA,NA,4.33,3,https://www.airbnb.com/rooms/40015168
40026658,NA,Neighborhood highlights,2,NA,3,NA,5,2,https://www.airbnb.com/rooms/40026658
40028007,$250.00,NA,2,1,NA,1,5,1,https://www.airbnb.com/rooms/40028007
40028710,NA,NA,2,NA,NA,NA,NA,0,https://www.airbnb.com/rooms/40028710
40030465,$300.00,Neighborhood highlights,4,1,1,2,4.98,46,https://www.airbnb.com/rooms/40030465
40031760,NA,NA,8,NA,3,NA,4.25,4,https://www.airbnb.com/rooms/40031760
40035713,$295.00,Neighborhood highlights,3,1.5,1,2,5,1,https://www.airbnb.com/rooms/40035713
40037636,NA,Neighborhood highlights,2,NA,NA,NA,5,1,https://www.airbnb.com/rooms/40037636
40040199,NA,NA,4,NA,1,NA,4.23,13,https://www.airbnb.com/rooms/40040199
40040224,$70.00,Neighborhood highlights,5,1,1,2,4.76,194,https://www.airbnb.com/rooms/40040224
40040229,NA,NA,2,NA,NA,NA,4.67,3,https://www.airbnb.com/rooms/40040229
40047091,$357.00,Neighborhood highlights,4,2,2,2,4.5,2,https://www.airbnb.com/rooms/40047091
40053751,NA,NA,2,NA,NA,NA,NA,0,https://www.airbnb.com/rooms/40053751
40054504,NA,NA,2,NA,1,NA,NA,0,https://www.airbnb.com/rooms/40054504
40055504,NA,Neighborhood highlights,2,NA,NA,NA,NA,0,https://www.airbnb.com/rooms/40055504
40056966,NA,Neighborhood highlights,2,NA,NA,NA,4,1,https://www.airbnb.com/rooms/40056966
40059707,NA,Neighborhood highlights,2,NA,NA,NA,5,4,https://www.airbnb.com/rooms/40059707
40060307,NA,NA,1,NA,NA,NA,NA,0,https://www.airbnb.com/rooms/40060307
40062883,$129.00,Neighborhood highlights,4,1,2,2,4.78,109,https://www.airbnb.com/rooms/40062883
40067442,$95.00,Neighborhood highlights,1,1,1,1,5,8,https://www.airbnb.com/rooms/40067442
40068404,$83.00,Neighborhood highlights,2,2,1,1,4.5,4,https://www.airbnb.com/rooms/40068404
40070974,NA,Neighborhood highlights,1,NA,NA,NA,5,5,https://www.airbnb.com/rooms/40070974
40080502,$72.00,Neighborhood highlights,2,1,1,2,4.64,151,https://www.airbnb.com/rooms/40080502
40083498,$163.00,Neighborhood highlights,3,1,2,2,4.25,4,https://www.airbnb.com/rooms/40083498
40084645,$175.00,Neighborhood highlights,4,1,1,1,4.2,5,https://www.airbnb.com/rooms/40084645
40086915,NA,NA,2,NA,NA,NA,4,1,https://www.airbnb.com/rooms/40086915
40090536,$95.00,NA,2,1,0,1,4.17,12,https://www.airbnb.com/rooms/40090536
40091096,NA,Neighborhood highlights,2,NA,1,NA,NA,0,https://www.airbnb.com/rooms/40091096
40091689,NA,Neighborhood highlights,1,NA,NA,NA,NA,0,https://www.airbnb.com/rooms/40091689
40092387,$78.00,NA,2,1,1,1,4.79,73,https://www.airbnb.com/rooms/40092387
40092482,$155.00,NA,4,1,1,1,4.33,9,https://www.airbnb.com/rooms/40092482
40095318,$70.00,Neighborhood highlights,1,1,1,1,5,32,https://www.airbnb.com/rooms/40095318
40095816,NA,NA,2,NA,1,NA,5,1,https://www.airbnb.com/rooms/40095816
40103744,$200.00,NA,5,1,2,2,4.59,37,https://www.airbnb.com/rooms/40103744
40105828,NA,NA,2,NA,NA,NA,5,1,https://www.airbnb.com/rooms/40105828
40107156,$85.00,Neighborhood highlights,2,1,1,1,4.93,28,https://www.airbnb.com/rooms/40107156
40113121,NA,NA,2,NA,NA,NA,5,1,https://www.airbnb.com/rooms/40113121
40116841,NA,NA,1,NA,NA,NA,NA,0,https://www.airbnb.com/rooms/40116841
40118140,NA,Neighborhood highlights,2,NA,2,NA,NA,0,https://www.airbnb.com/rooms/40118140
40122178,NA,Neighborhood highlights,4,NA,NA,NA,4.25,4,https://www.airbnb.com/rooms/40122178
40130860,NA,Neighborhood highlights,4,NA,NA,NA,NA,0,https://www.airbnb.com/rooms/40130860
40131065,NA,Neighborhood highlights,6,NA,3,NA,4.82,11,https://www.airbnb.com/rooms/40131065
40134763,NA,Neighborhood highlights,2,NA,NA,NA,4,2,https://www.airbnb.com/rooms/40134763
40134882,NA,Neighborhood highlights,2,NA,1,NA,NA,0,https://www.airbnb.com/rooms/40134882
40135849,NA,NA,3,NA,1,NA,5,2,https://www.airbnb.com/rooms/40135849
40137674,$39.00,Neighborhood highlights,1,1,1,1,4.82,100,https://www.airbnb.com/rooms/40137674
40137765,NA,Neighborhood highlights,3,NA,2,NA,NA,0,https://www.airbnb.com/rooms/40137765
40140478,NA,Neighborhood highlights,2,NA,1,NA,NA,0,https://www.airbnb.com/rooms/40140478
40141307,NA,Neighborhood highlights,2,NA,NA,NA,4.73,120,https://www.airbnb.com/rooms/40141307
40152377,NA,Neighborhood highlights,2,NA,NA,NA,4.9,10,https://www.airbnb.com/rooms/40152377
40154152,$143.00,Neighborhood highlights,2,1,0,1,4.84,63,https://www.airbnb.com/rooms/40154152
40157251,NA,NA,2,NA,1,NA,5,1,https://www.airbnb.com/rooms/40157251
40158019,$286.00,Neighborhood highlights,2,1,1,1,4.95,185,https://www.airbnb.com/rooms/40158019
40158792,NA,Neighborhood highlights,3,NA,1,NA,NA,0,https://www.airbnb.com/rooms/40158792
40159138,$264.00,Neighborhood highlights,6,1,2,3,4.77,131,https://www.airbnb.com/rooms/40159138
40159446,NA,NA,1,NA,NA,NA,NA,0,https://www.airbnb.com/rooms/40159446
40162964,NA,NA,1,NA,NA,NA,NA,0,https://www.airbnb.com/rooms/40162964
40163580,NA,NA,1,NA,NA,NA,5,2,https://www.airbnb.com/rooms/40163580
40163795,NA,NA,1,NA,NA,NA,5,1,https://www.airbnb.com/rooms/40163795
40171124,NA,NA,4,NA,NA,NA,NA,0,https://www.airbnb.com/rooms/40171124
40171561,NA,NA,6,NA,3,NA,4.75,4,https://www.airbnb.com/rooms/40171561
40173750,NA,Neighborhood highlights,2,NA,NA,NA,5,2,https://www.airbnb.com/rooms/40173750
40173982,NA,Neighborhood highlights,4,NA,1,NA,4.82,11,https://www.airbnb.com/rooms/40173982
40178205,NA,NA,4,NA,1,NA,4.5,2,https://www.airbnb.com/rooms/40178205
40178248,NA,NA,3,NA,NA,NA,4.71,7,https://www.airbnb.com/rooms/40178248
40179986,NA,Neighborhood highlights,2,NA,NA,NA,5,2,https://www.airbnb.com/rooms/40179986
40180189,NA,Neighborhood highlights,2,NA,NA,NA,4.82,11,https://www.airbnb.com/rooms/40180189
40181084,NA,NA,2,NA,NA,NA,NA,0,https://www.airbnb.com/rooms/40181084
40182687,$72.00,Neighborhood highlights,2,1,1,1,4.77,66,https://www.airbnb.com/rooms/40182687
40197148,NA,Neighborhood highlights,2,NA,NA,NA,NA,0,https://www.airbnb.com/rooms/40197148
40197518,NA,NA,3,NA,1,NA,4.9,31,https://www.airbnb.com/rooms/40197518
40198915,$100.00,Neighborhood highlights,2,1,1,2,4.9,92,https://www.airbnb.com/rooms/40198915
40199356,NA,NA,2,NA,1,NA,NA,0,https://www.airbnb.com/rooms/40199356
40199757,NA,NA,2,NA,1,NA,5,1,https://www.airbnb.com/rooms/40199757
40200949,NA,Neighborhood highlights,5,NA,3,NA,5,2,https://www.airbnb.com/rooms/40200949
40202748,NA,Neighborhood highlights,2,NA,1,NA,4.83,6,https://www.airbnb.com/rooms/40202748
40203774,$150.00,Neighborhood highlights,4,1,1,2,4.7,109,https://www.airbnb.com/rooms/40203774
40211098,NA,Neighborhood highlights,4,NA,2,NA,5,1,https://www.airbnb.com/rooms/40211098
40212454,$100.00,Neighborhood highlights,2,1,1,2,4.77,13,https://www.airbnb.com/rooms/40212454
40215699,$488.00,Neighborhood highlights,4,2,2,2,NA,0,https://www.airbnb.com/rooms/40215699
40222146,NA,Neighborhood highlights,2,NA,1,NA,4.81,16,https://www.airbnb.com/rooms/40222146
40223498,$65.00,NA,2,1,1,1,4.31,16,https://www.airbnb.com/rooms/40223498
40227162,NA,Neighborhood highlights,3,NA,1,NA,NA,0,https://www.airbnb.com/rooms/40227162
40227195,NA,Neighborhood highlights,2,NA,NA,NA,4,7,https://www.airbnb.com/rooms/40227195
40228352,$113.00,Neighborhood highlights,1,1,1,1,4.94,32,https://www.airbnb.com/rooms/40228352
40231357,NA,Neighborhood highlights,4,NA,2,NA,5,2,https://www.airbnb.com/rooms/40231357
40231754,$165.00,Neighborhood highlights,2,1.5,1,1,4.8,5,https://www.airbnb.com/rooms/40231754
40233539,NA,NA,2,NA,NA,NA,4.13,8,https://www.airbnb.com/rooms/40233539
40237882,NA,Neighborhood highlights,2,NA,1,NA,5,4,https://www.airbnb.com/rooms/40237882
40239419,$74.00,Neighborhood highlights,2,1,1,1,4.74,43,https://www.airbnb.com/rooms/40239419
40239461,$400.00,NA,6,2,2,2,4.5,4,https://www.airbnb.com/rooms/40239461
40244371,NA,Neighborhood highlights,5,NA,2,NA,4.88,8,https://www.airbnb.com/rooms/40244371
40247800,NA,Neighborhood highlights,2,NA,1,NA,NA,0,https://www.airbnb.com/rooms/40247800
40254550,NA,Neighborhood highlights,4,NA,2,NA,5,1,https://www.airbnb.com/rooms/40254550
40255977,NA,Neighborhood highlights,2,NA,NA,NA,4,1,https://www.airbnb.com/rooms/40255977
40256445,NA,Neighborhood highlights,4,NA,1,NA,NA,0,https://www.airbnb.com/rooms/40256445
40256858,NA,Neighborhood highlights,1,NA,1,NA,5,16,https://www.airbnb.com/rooms/40256858
40256959,NA,NA,2,NA,1,NA,NA,0,https://www.airbnb.com/rooms/40256959
40261940,$277.00,Neighborhood highlights,5,1,2,3,NA,0,https://www.airbnb.com/rooms/40261940
40264373,$71.00,Neighborhood highlights,1,1,1,1,5,26,https://www.airbnb.com/rooms/40264373
40274732,NA,Neighborhood highlights,2,NA,NA,NA,NA,0,https://www.airbnb.com/rooms/40274732
40280060,NA,NA,2,NA,NA,NA,4.71,52,https://www.airbnb.com/rooms/40280060
40281351,NA,NA,1,NA,NA,NA,4.8,5,https://www.airbnb.com/rooms/40281351
40283370,NA,NA,2,NA,NA,NA,5,1,https://www.airbnb.com/rooms/40283370
40283716,NA,Neighborhood highlights,3,NA,1,NA,NA,0,https://www.airbnb.com/rooms/40283716
40289316,$100.00,Neighborhood highlights,2,1,1,1,5,2,https://www.airbnb.com/rooms/40289316
40292818,$130.00,Neighborhood highlights,3,1,1,2,4.74,42,https://www.airbnb.com/rooms/40292818
40300360,NA,Neighborhood highlights,3,NA,1,NA,5,1,https://www.airbnb.com/rooms/40300360
40301903,$120.00,Neighborhood highlights,3,1,0,2,4.89,9,https://www.airbnb.com/rooms/40301903
40302355,NA,NA,2,NA,1,NA,4.5,2,https://www.airbnb.com/rooms/40302355
40302589,$160.00,Neighborhood highlights,1,1,0,1,4.9,10,https://www.airbnb.com/rooms/40302589
40304242,$140.00,Neighborhood highlights,4,1,0,1,4.63,41,https://www.airbnb.com/rooms/40304242
40305212,NA,Neighborhood highlights,4,NA,2,NA,4.75,4,https://www.airbnb.com/rooms/40305212
40305281,NA,Neighborhood highlights,1,NA,NA,NA,NA,0,https://www.airbnb.com/rooms/40305281
40305632,NA,NA,1,NA,NA,NA,NA,0,https://www.airbnb.com/rooms/40305632
40306639,NA,Neighborhood highlights,3,NA,1,NA,NA,0,https://www.airbnb.com/rooms/40306639
40307183,NA,NA,2,NA,NA,NA,5,1,https://www.airbnb.com/rooms/40307183
40307620,NA,NA,2,NA,1,NA,4.67,3,https://www.airbnb.com/rooms/40307620
40310349,NA,NA,3,NA,NA,NA,NA,0,https://www.airbnb.com/rooms/40310349
40316923,$60.00,NA,1,1,1,1,4.88,8,https://www.airbnb.com/rooms/40316923
40319389,NA,Neighborhood highlights,1,NA,NA,NA,NA,0,https://www.airbnb.com/rooms/40319389
40322029,NA,Neighborhood highlights,2,NA,NA,NA,5,1,https://www.airbnb.com/rooms/40322029
40322951,$43.00,Neighborhood highlights,1,1,1,1,4.67,6,https://www.airbnb.com/rooms/40322951
40324958,NA,Neighborhood highlights,2,NA,NA,NA,NA,0,https://www.airbnb.com/rooms/40324958
40325387,NA,Neighborhood highlights,2,NA,NA,NA,NA,0,https://www.airbnb.com/rooms/40325387
40325977,NA,Neighborhood highlights,1,NA,NA,NA,4,2,https://www.airbnb.com/rooms/40325977
40332564,NA,Neighborhood highlights,2,NA,1,NA,4.9,10,https://www.airbnb.com/rooms/40332564
40335341,$175.00,Neighborhood highlights,4,1,0,2,4.71,178,https://www.airbnb.com/rooms/40335341
40335381,$90.00,Neighborhood highlights,2,2,1,2,4.75,12,https://www.airbnb.com/rooms/40335381
40335468,$150.00,Neighborhood highlights,6,1,3,4,4.66,65,https://www.airbnb.com/rooms/40335468
40339942,NA,Neighborhood highlights,4,NA,2,NA,5,1,https://www.airbnb.com/rooms/40339942
40341041,NA,Neighborhood highlights,2,NA,1,NA,5,1,https://www.airbnb.com/rooms/40341041
40342902,NA,NA,1,NA,NA,NA,NA,0,https://www.airbnb.com/rooms/40342902
40343900,NA,Neighborhood highlights,2,NA,1,NA,5,8,https://www.airbnb.com/rooms/40343900
40344826,NA,Neighborhood highlights,3,NA,NA,NA,5,7,https://www.airbnb.com/rooms/40344826
40345364,$115.00,Neighborhood highlights,2,1,0,1,4.57,7,https://www.airbnb.com/rooms/40345364
40346585,NA,Neighborhood highlights,6,NA,2,NA,5,1,https://www.airbnb.com/rooms/40346585
40347137,NA,NA,2,NA,NA,NA,NA,0,https://www.airbnb.com/rooms/40347137
40348702,NA,Neighborhood highlights,2,NA,1,NA,4,1,https://www.airbnb.com/rooms/40348702
40350292,$262.00,Neighborhood highlights,2,1,1,1,4.33,6,https://www.airbnb.com/rooms/40350292
40357574,NA,Neighborhood highlights,4,NA,NA,NA,5,3,https://www.airbnb.com/rooms/40357574
40368139,$313.00,Neighborhood highlights,3,1,1,1,4.93,40,https://www.airbnb.com/rooms/40368139
40368174,NA,NA,4,NA,NA,NA,5,1,https://www.airbnb.com/rooms/40368174
40371175,NA,Neighborhood highlights,3,NA,1,NA,5,17,https://www.airbnb.com/rooms/40371175
40372320,NA,Neighborhood highlights,1,NA,NA,NA,5,1,https://www.airbnb.com/rooms/40372320
40376349,$199.00,Neighborhood highlights,2,1,2,2,4.91,203,https://www.airbnb.com/rooms/40376349
40376779,$300.00,Neighborhood highlights,2,1,0,1,4.83,18,https://www.airbnb.com/rooms/40376779
40380307,NA,Neighborhood highlights,5,NA,3,NA,5,1,https://www.airbnb.com/rooms/40380307
40394315,NA,NA,2,NA,NA,NA,4.67,3,https://www.airbnb.com/rooms/40394315
40394743,NA,NA,2,NA,NA,NA,5,3,https://www.airbnb.com/rooms/40394743
40396854,$80.00,NA,1,1,1,1,5,4,https://www.airbnb.com/rooms/40396854
40397243,$82.00,Neighborhood highlights,1,1,1,0,5,18,https://www.airbnb.com/rooms/40397243
40399598,$66.00,Neighborhood highlights,1,1,1,1,4.95,22,https://www.airbnb.com/rooms/40399598
40400671,$78.00,Neighborhood highlights,2,1,1,1,4.92,24,https://www.airbnb.com/rooms/40400671
40403226,NA,NA,1,NA,NA,NA,NA,0,https://www.airbnb.com/rooms/40403226
40403927,$90.00,Neighborhood highlights,2,2,1,1,4.5,42,https://www.airbnb.com/rooms/40403927
40405170,NA,Neighborhood highlights,2,NA,NA,NA,4,4,https://www.airbnb.com/rooms/40405170
40405567,$196.00,Neighborhood highlights,1,1,0,1,4.83,69,https://www.airbnb.com/rooms/40405567
40406049,$119.00,Neighborhood highlights,3,1,1,1,4.91,242,https://www.airbnb.com/rooms/40406049
40407291,$106.00,Neighborhood highlights,1,1,1,1,4.67,51,https://www.airbnb.com/rooms/40407291
40409517,NA,Neighborhood highlights,2,NA,1,NA,4.83,12,https://www.airbnb.com/rooms/40409517
40418905,NA,Neighborhood highlights,2,NA,1,NA,5,1,https://www.airbnb.com/rooms/40418905
40419375,NA,Neighborhood highlights,2,NA,NA,NA,4,1,https://www.airbnb.com/rooms/40419375
40424198,$185.00,NA,4,1,2,2,4.9,81,https://www.airbnb.com/rooms/40424198
40425172,$108.00,Neighborhood highlights,4,1,1,1,4.87,23,https://www.airbnb.com/rooms/40425172
40428207,NA,Neighborhood highlights,2,NA,NA,NA,NA,0,https://www.airbnb.com/rooms/40428207
40444242,NA,Neighborhood highlights,2,NA,NA,NA,4.5,2,https://www.airbnb.com/rooms/40444242
40445094,NA,Neighborhood highlights,2,NA,1,NA,5,1,https://www.airbnb.com/rooms/40445094
40445885,NA,NA,2,NA,NA,NA,4.25,4,https://www.airbnb.com/rooms/40445885
40447283,$200.00,Neighborhood highlights,5,2,3,3,4.75,4,https://www.airbnb.com/rooms/40447283
40448123,$235.00,Neighborhood highlights,4,2,3,4,4.83,70,https://www.airbnb.com/rooms/40448123
40448201,$131.00,Neighborhood highlights,2,1,1,1,4.75,4,https://www.airbnb.com/rooms/40448201
40450547,NA,Neighborhood highlights,2,NA,1,NA,NA,0,https://www.airbnb.com/rooms/40450547
40454134,$72.00,Neighborhood highlights,2,1,1,1,4.74,112,https://www.airbnb.com/rooms/40454134
40467141,NA,Neighborhood highlights,7,NA,3,NA,4.8,25,https://www.airbnb.com/rooms/40467141
40468300,$325.00,Neighborhood highlights,2,1,2,1,NA,0,https://www.airbnb.com/rooms/40468300
40469534,NA,Neighborhood highlights,1,NA,2,NA,5,1,https://www.airbnb.com/rooms/40469534
40470721,NA,Neighborhood highlights,2,NA,NA,NA,NA,0,https://www.airbnb.com/rooms/40470721
40473913,NA,Neighborhood highlights,2,NA,NA,NA,4.76,34,https://www.airbnb.com/rooms/40473913
40474055,NA,Neighborhood highlights,3,NA,2,NA,4.85,13,https://www.airbnb.com/rooms/40474055
40474691,$200.00,NA,2,1,1,1,5,2,https://www.airbnb.com/rooms/40474691
40474721,NA,NA,2,NA,NA,NA,5,1,https://www.airbnb.com/rooms/40474721
40476469,NA,Neighborhood highlights,2,NA,NA,NA,4,2,https://www.airbnb.com/rooms/40476469
40483741,NA,NA,3,NA,NA,NA,4.2,5,https://www.airbnb.com/rooms/40483741
40484385,NA,Neighborhood highlights,4,NA,NA,NA,NA,0,https://www.airbnb.com/rooms/40484385
40484867,NA,Neighborhood highlights,2,NA,NA,NA,NA,0,https://www.airbnb.com/rooms/40484867
40484899,NA,Neighborhood highlights,2,NA,1,NA,5,6,https://www.airbnb.com/rooms/40484899
40488178,NA,Neighborhood highlights,4,NA,1,NA,4.89,18,https://www.airbnb.com/rooms/40488178
40488426,NA,NA,2,NA,NA,NA,NA,0,https://www.airbnb.com/rooms/40488426
40491370,NA,NA,1,NA,NA,NA,NA,0,https://www.airbnb.com/rooms/40491370
40492034,NA,NA,2,NA,1,NA,NA,0,https://www.airbnb.com/rooms/40492034
40496135,NA,Neighborhood highlights,1,NA,NA,NA,5,3,https://www.airbnb.com/rooms/40496135
40501316,$230.00,Neighborhood highlights,2,1.5,1,2,4.94,18,https://www.airbnb.com/rooms/40501316
40501642,NA,Neighborhood highlights,2,NA,1,NA,NA,0,https://www.airbnb.com/rooms/40501642
40502336,NA,NA,1,NA,NA,NA,5,1,https://www.airbnb.com/rooms/40502336
40506037,NA,Neighborhood highlights,2,NA,NA,NA,5,1,https://www.airbnb.com/rooms/40506037
40506237,NA,Neighborhood highlights,3,NA,NA,NA,4.9,20,https://www.airbnb.com/rooms/40506237
40506862,NA,NA,1,NA,NA,NA,NA,0,https://www.airbnb.com/rooms/40506862
40508388,NA,NA,5,NA,2,NA,NA,0,https://www.airbnb.com/rooms/40508388
40509345,NA,Neighborhood highlights,2,NA,3,NA,5,3,https://www.airbnb.com/rooms/40509345
40510964,$60.00,Neighborhood highlights,1,1,1,1,5,5,https://www.airbnb.com/rooms/40510964
40511239,$175.00,Neighborhood highlights,1,1,1,2,5,20,https://www.airbnb.com/rooms/40511239
40511454,NA,Neighborhood highlights,7,NA,3,NA,NA,0,https://www.airbnb.com/rooms/40511454
40513927,NA,NA,2,NA,NA,NA,NA,0,https://www.airbnb.com/rooms/40513927
40528319,NA,NA,2,NA,1,NA,4,1,https://www.airbnb.com/rooms/40528319
40528622,NA,Neighborhood highlights,2,NA,1,NA,5,3,https://www.airbnb.com/rooms/40528622
40529147,$190.00,Neighborhood highlights,5,1,2,2,4.51,37,https://www.airbnb.com/rooms/40529147
40529363,NA,Neighborhood highlights,5,NA,2,NA,4.33,9,https://www.airbnb.com/rooms/40529363
40532760,NA,Neighborhood highlights,2,NA,1,NA,5,1,https://www.airbnb.com/rooms/40532760
40533628,NA,Neighborhood highlights,2,NA,1,NA,NA,0,https://www.airbnb.com/rooms/40533628
40534352,NA,NA,2,NA,1,NA,NA,0,https://www.airbnb.com/rooms/40534352
40535865,NA,Neighborhood highlights,5,NA,3,NA,4,1,https://www.airbnb.com/rooms/40535865
40537723,$84.00,Neighborhood highlights,1,1,1,1,2,3,https://www.airbnb.com/rooms/40537723
40538432,NA,Neighborhood highlights,2,NA,NA,NA,5,1,https://www.airbnb.com/rooms/40538432
40538599,NA,NA,2,NA,1,NA,4.25,4,https://www.airbnb.com/rooms/40538599
40538776,NA,NA,2,NA,NA,NA,5,3,https://www.airbnb.com/rooms/40538776
40547488,NA,Neighborhood highlights,2,NA,NA,NA,NA,0,https://www.airbnb.com/rooms/40547488
40558329,NA,Neighborhood highlights,2,NA,NA,NA,5,1,https://www.airbnb.com/rooms/40558329
40558396,NA,Neighborhood highlights,3,NA,NA,NA,NA,0,https://www.airbnb.com/rooms/40558396
40559773,NA,Neighborhood highlights,2,NA,NA,NA,4.82,11,https://www.airbnb.com/rooms/40559773
40563247,NA,Neighborhood highlights,2,NA,1,NA,4.82,17,https://www.airbnb.com/rooms/40563247
40563519,$80.00,Neighborhood highlights,2,1,1,1,4.27,77,https://www.airbnb.com/rooms/40563519
40565556,$295.00,Neighborhood highlights,2,1,1,1,4.97,36,https://www.airbnb.com/rooms/40565556
40576966,$241.00,Neighborhood highlights,5,2,2,3,4.95,20,https://www.airbnb.com/rooms/40576966
40582333,NA,Neighborhood highlights,4,NA,2,NA,5,2,https://www.airbnb.com/rooms/40582333
40586085,NA,Neighborhood highlights,2,NA,NA,NA,5,2,https://www.airbnb.com/rooms/40586085
40586837,$165.00,Neighborhood highlights,5,1,2,3,4.85,94,https://www.airbnb.com/rooms/40586837
40587039,NA,NA,2,NA,1,NA,NA,0,https://www.airbnb.com/rooms/40587039
40587185,NA,NA,2,NA,1,NA,5,2,https://www.airbnb.com/rooms/40587185
40587568,NA,NA,2,NA,NA,NA,NA,0,https://www.airbnb.com/rooms/40587568
40591061,$70.00,Neighborhood highlights,2,1,1,1,4.93,28,https://www.airbnb.com/rooms/40591061
40592964,NA,NA,2,NA,NA,NA,5,4,https://www.airbnb.com/rooms/40592964
40595086,NA,Neighborhood highlights,1,NA,NA,NA,4,2,https://www.airbnb.com/rooms/40595086
40597710,NA,Neighborhood highlights,1,NA,NA,NA,NA,0,https://www.airbnb.com/rooms/40597710
40598227,$70.00,Neighborhood highlights,2,1.5,1,1,4.9,10,https://www.airbnb.com/rooms/40598227
40598720,NA,Neighborhood highlights,1,NA,NA,NA,NA,0,https://www.airbnb.com/rooms/40598720
40599703,NA,Neighborhood highlights,1,NA,NA,NA,NA,0,https://www.airbnb.com/rooms/40599703
40608762,NA,NA,7,NA,2,NA,NA,0,https://www.airbnb.com/rooms/40608762
40611604,$83.00,Neighborhood highlights,4,1,1,3,4.59,58,https://www.airbnb.com/rooms/40611604
40612147,NA,Neighborhood highlights,2,NA,1,NA,NA,0,https://www.airbnb.com/rooms/40612147
40613498,NA,Neighborhood highlights,5,NA,3,NA,NA,0,https://www.airbnb.com/rooms/40613498
40614603,NA,Neighborhood highlights,2,NA,NA,NA,4.21,14,https://www.airbnb.com/rooms/40614603
40615352,NA,NA,2,NA,NA,NA,4.8,5,https://www.airbnb.com/rooms/40615352
40616073,NA,NA,6,NA,3,NA,5,3,https://www.airbnb.com/rooms/40616073
40616776,NA,NA,3,NA,1,NA,4.97,32,https://www.airbnb.com/rooms/40616776
40617954,NA,NA,3,NA,1,NA,5,2,https://www.airbnb.com/rooms/40617954
40618044,NA,NA,2,NA,1,NA,5,3,https://www.airbnb.com/rooms/40618044
40621087,NA,Neighborhood highlights,4,NA,4,NA,NA,0,https://www.airbnb.com/rooms/40621087
40623330,NA,NA,2,NA,NA,NA,NA,0,https://www.airbnb.com/rooms/40623330
40623829,NA,NA,2,NA,NA,NA,4.67,6,https://www.airbnb.com/rooms/40623829
40624017,NA,NA,2,NA,NA,NA,4,2,https://www.airbnb.com/rooms/40624017
40624194,NA,NA,2,NA,NA,NA,4.55,11,https://www.airbnb.com/rooms/40624194
40624298,NA,NA,2,NA,NA,NA,4,3,https://www.airbnb.com/rooms/40624298
40624423,NA,NA,2,NA,NA,NA,4,2,https://www.airbnb.com/rooms/40624423
40624525,NA,NA,2,NA,NA,NA,NA,0,https://www.airbnb.com/rooms/40624525
40633892,NA,Neighborhood highlights,2,NA,NA,NA,5,1,https://www.airbnb.com/rooms/40633892
40639790,NA,Neighborhood highlights,4,NA,2,NA,4.92,12,https://www.airbnb.com/rooms/40639790
40640280,$120.00,Neighborhood highlights,2,1,1,1,4.5,10,https://www.airbnb.com/rooms/40640280
40641118,NA,Neighborhood highlights,2,NA,NA,NA,5,1,https://www.airbnb.com/rooms/40641118
40644195,NA,Neighborhood highlights,1,NA,NA,NA,NA,0,https://www.airbnb.com/rooms/40644195
40649368,$250.00,Neighborhood highlights,3,1,1,1,4.92,49,https://www.airbnb.com/rooms/40649368
40651511,NA,NA,1,NA,NA,NA,5,2,https://www.airbnb.com/rooms/40651511
40653017,NA,NA,2,NA,NA,NA,5,3,https://www.airbnb.com/rooms/40653017
40654219,$416.00,Neighborhood highlights,6,1,2,3,4.78,178,https://www.airbnb.com/rooms/40654219
40655748,NA,Neighborhood highlights,4,NA,1,NA,4.71,7,https://www.airbnb.com/rooms/40655748
40657002,NA,Neighborhood highlights,3,NA,1,NA,5,1,https://www.airbnb.com/rooms/40657002
40657056,NA,Neighborhood highlights,5,NA,2,NA,4.88,8,https://www.airbnb.com/rooms/40657056
40657464,NA,Neighborhood highlights,2,NA,1,NA,NA,0,https://www.airbnb.com/rooms/40657464
40658053,NA,Neighborhood highlights,7,NA,2,NA,5,8,https://www.airbnb.com/rooms/40658053
40658238,NA,NA,2,NA,NA,NA,5,1,https://www.airbnb.com/rooms/40658238
40660322,$131.00,NA,2,1,1,0,NA,0,https://www.airbnb.com/rooms/40660322
40666703,NA,NA,2,NA,NA,NA,4.69,26,https://www.airbnb.com/rooms/40666703
40668364,NA,NA,4,NA,2,NA,4.67,3,https://www.airbnb.com/rooms/40668364
40672621,NA,Neighborhood highlights,6,NA,2,NA,5,1,https://www.airbnb.com/rooms/40672621
40674094,$80.00,NA,1,1,2,1,NA,0,https://www.airbnb.com/rooms/40674094
40676498,NA,NA,2,NA,NA,NA,NA,0,https://www.airbnb.com/rooms/40676498
40677597,NA,Neighborhood highlights,4,NA,2,NA,4.67,6,https://www.airbnb.com/rooms/40677597
40677959,$80.00,Neighborhood highlights,4,1,0,2,4.8,74,https://www.airbnb.com/rooms/40677959
40678317,NA,NA,2,NA,NA,NA,NA,0,https://www.airbnb.com/rooms/40678317
40678945,NA,Neighborhood highlights,2,NA,NA,NA,5,1,https://www.airbnb.com/rooms/40678945
40680003,$130.00,Neighborhood highlights,2,1,1,1,4.98,107,https://www.airbnb.com/rooms/40680003
40681398,$49.00,Neighborhood highlights,2,1,1,2,4.75,195,https://www.airbnb.com/rooms/40681398
40681902,NA,Neighborhood highlights,2,NA,NA,NA,5,1,https://www.airbnb.com/rooms/40681902
40682851,NA,Neighborhood highlights,4,NA,2,NA,4,2,https://www.airbnb.com/rooms/40682851
40683527,$300.00,NA,8,1,3,4,5,5,https://www.airbnb.com/rooms/40683527
40695564,NA,NA,1,NA,2,NA,NA,0,https://www.airbnb.com/rooms/40695564
40696690,NA,NA,2,NA,1,NA,NA,0,https://www.airbnb.com/rooms/40696690
40696745,NA,NA,2,NA,NA,NA,5,1,https://www.airbnb.com/rooms/40696745
40699072,$78.00,Neighborhood highlights,2,1.5,1,1,NA,0,https://www.airbnb.com/rooms/40699072
40701124,NA,Neighborhood highlights,6,NA,2,NA,4.8,5,https://www.airbnb.com/rooms/40701124
40701936,NA,Neighborhood highlights,2,NA,1,NA,4.83,6,https://www.airbnb.com/rooms/40701936
40704152,NA,Neighborhood highlights,5,NA,2,NA,4.5,8,https://www.airbnb.com/rooms/40704152
40704904,$299.00,Neighborhood highlights,6,1,2,4,4.6,5,https://www.airbnb.com/rooms/40704904
40705021,NA,NA,2,NA,NA,NA,5,1,https://www.airbnb.com/rooms/40705021
40707829,NA,Neighborhood highlights,2,NA,1,NA,5,3,https://www.airbnb.com/rooms/40707829
40708764,NA,NA,2,NA,NA,NA,4,1,https://www.airbnb.com/rooms/40708764
40719651,NA,Neighborhood highlights,3,NA,2,NA,5,1,https://www.airbnb.com/rooms/40719651
40721525,NA,Neighborhood highlights,2,NA,1,NA,5,10,https://www.airbnb.com/rooms/40721525
40721922,$425.00,Neighborhood highlights,2,1,1,1,5,1,https://www.airbnb.com/rooms/40721922
40725145,NA,Neighborhood highlights,2,NA,NA,NA,5,2,https://www.airbnb.com/rooms/40725145
40725405,$211.00,Neighborhood highlights,2,1,1,1,4.96,196,https://www.airbnb.com/rooms/40725405
40727235,NA,NA,2,NA,NA,NA,NA,0,https://www.airbnb.com/rooms/40727235
40728239,$90.00,Neighborhood highlights,2,1,1,1,4.81,133,https://www.airbnb.com/rooms/40728239
40728425,NA,Neighborhood highlights,3,NA,1,NA,NA,0,https://www.airbnb.com/rooms/40728425
40728639,NA,Neighborhood highlights,4,NA,NA,NA,5,1,https://www.airbnb.com/rooms/40728639
40731070,$204.00,Neighborhood highlights,2,1,1,2,5,7,https://www.airbnb.com/rooms/40731070
40731114,$180.00,Neighborhood highlights,3,1,1,2,4.99,82,https://www.airbnb.com/rooms/40731114
40732157,NA,Neighborhood highlights,3,NA,1,NA,5,4,https://www.airbnb.com/rooms/40732157
40734111,$135.00,Neighborhood highlights,2,1,0,2,4.73,122,https://www.airbnb.com/rooms/40734111
40735709,NA,NA,2,NA,1,NA,5,4,https://www.airbnb.com/rooms/40735709
40736481,NA,Neighborhood highlights,2,NA,NA,NA,NA,0,https://www.airbnb.com/rooms/40736481
40737415,$141.00,Neighborhood highlights,5,1,3,5,4.59,76,https://www.airbnb.com/rooms/40737415
40739293,$248.00,Neighborhood highlights,4,1,2,2,4.89,9,https://www.airbnb.com/rooms/40739293
40744843,$150.00,Neighborhood highlights,8,1,3,5,NA,0,https://www.airbnb.com/rooms/40744843
40748884,$130.00,Neighborhood highlights,2,1,1,1,4.78,27,https://www.airbnb.com/rooms/40748884
40750433,NA,Neighborhood highlights,2,NA,1,NA,5,1,https://www.airbnb.com/rooms/40750433
40750579,NA,NA,2,NA,1,NA,5,7,https://www.airbnb.com/rooms/40750579
40750841,NA,Neighborhood highlights,8,NA,4,NA,5,1,https://www.airbnb.com/rooms/40750841
40750941,NA,Neighborhood highlights,4,NA,1,NA,NA,0,https://www.airbnb.com/rooms/40750941
40752323,NA,Neighborhood highlights,1,NA,NA,NA,NA,0,https://www.airbnb.com/rooms/40752323
40754270,$200.00,Neighborhood highlights,2,2,2,2,4.67,3,https://www.airbnb.com/rooms/40754270
40756575,$225.00,Neighborhood highlights,2,1,0,1,4.95,148,https://www.airbnb.com/rooms/40756575
40758693,$80.00,Neighborhood highlights,1,1,1,1,5,9,https://www.airbnb.com/rooms/40758693
40759693,$236.00,Neighborhood highlights,6,1,2,2,4.88,74,https://www.airbnb.com/rooms/40759693
40760516,NA,NA,1,NA,NA,NA,NA,0,https://www.airbnb.com/rooms/40760516
40761556,NA,Neighborhood highlights,2,NA,1,NA,5,2,https://www.airbnb.com/rooms/40761556
40761816,NA,NA,2,NA,NA,NA,4.8,5,https://www.airbnb.com/rooms/40761816
40763916,NA,Neighborhood highlights,2,NA,NA,NA,5,5,https://www.airbnb.com/rooms/40763916
40777106,NA,NA,1,NA,NA,NA,5,1,https://www.airbnb.com/rooms/40777106
40777336,NA,Neighborhood highlights,3,NA,1,NA,4.5,6,https://www.airbnb.com/rooms/40777336
40777849,NA,Neighborhood highlights,1,NA,NA,NA,4.33,6,https://www.airbnb.com/rooms/40777849
40780235,NA,Neighborhood highlights,4,NA,2,NA,NA,0,https://www.airbnb.com/rooms/40780235
40781102,NA,Neighborhood highlights,2,NA,2,NA,4.48,114,https://www.airbnb.com/rooms/40781102
40783165,NA,Neighborhood highlights,2,NA,NA,NA,5,2,https://www.airbnb.com/rooms/40783165
40783447,NA,Neighborhood highlights,2,NA,NA,NA,NA,0,https://www.airbnb.com/rooms/40783447
40783667,NA,Neighborhood highlights,5,NA,2,NA,4.83,12,https://www.airbnb.com/rooms/40783667
40786270,NA,Neighborhood highlights,1,NA,NA,NA,NA,0,https://www.airbnb.com/rooms/40786270
40786379,NA,NA,4,NA,1,NA,4.32,19,https://www.airbnb.com/rooms/40786379
40790813,$86.00,Neighborhood highlights,1,1,1,1,4.81,21,https://www.airbnb.com/rooms/40790813
40794509,$255.00,Neighborhood highlights,6,2,3,4,5,2,https://www.airbnb.com/rooms/40794509
40796348,$290.00,Neighborhood highlights,2,1.5,1,2,5,13,https://www.airbnb.com/rooms/40796348
40797425,$300.00,Neighborhood highlights,6,3,3,2,4.94,18,https://www.airbnb.com/rooms/40797425
40797714,$500.00,NA,2,1,0,1,4.73,179,https://www.airbnb.com/rooms/40797714
40798553,NA,NA,2,NA,1,NA,5,3,https://www.airbnb.com/rooms/40798553
40799715,NA,Neighborhood highlights,1,NA,2,NA,4.93,46,https://www.airbnb.com/rooms/40799715
40800148,NA,Neighborhood highlights,2,NA,NA,NA,5,1,https://www.airbnb.com/rooms/40800148
40816022,$158.00,Neighborhood highlights,4,1,1,2,4.69,127,https://www.airbnb.com/rooms/40816022
40816175,$159.00,Neighborhood highlights,4,1,2,2,4.87,195,https://www.airbnb.com/rooms/40816175
40816977,$175.00,Neighborhood highlights,4,1,2,2,5,3,https://www.airbnb.com/rooms/40816977
40817592,NA,Neighborhood highlights,4,NA,1,NA,3,1,https://www.airbnb.com/rooms/40817592
40823324,NA,Neighborhood highlights,3,NA,1,NA,NA,0,https://www.airbnb.com/rooms/40823324
40824219,$57.00,Neighborhood highlights,1,1,1,1,4.93,15,https://www.airbnb.com/rooms/40824219
40824301,$55.00,Neighborhood highlights,2,1,1,1,4.91,22,https://www.airbnb.com/rooms/40824301
40825740,$425.00,Neighborhood highlights,6,4,3,3,5,1,https://www.airbnb.com/rooms/40825740
40833186,NA,NA,2,NA,1,NA,NA,0,https://www.airbnb.com/rooms/40833186
40837137,NA,Neighborhood highlights,1,NA,NA,NA,5,1,https://www.airbnb.com/rooms/40837137
40838018,NA,Neighborhood highlights,1,NA,1,NA,5,1,https://www.airbnb.com/rooms/40838018
40839416,$56.00,Neighborhood highlights,1,2,1,1,4.95,19,https://www.airbnb.com/rooms/40839416
40843980,$99.00,Neighborhood highlights,6,1,2,3,4.13,92,https://www.airbnb.com/rooms/40843980
40844212,NA,Neighborhood highlights,2,NA,NA,NA,NA,0,https://www.airbnb.com/rooms/40844212
40846105,$85.00,Neighborhood highlights,1,1,1,1,5,20,https://www.airbnb.com/rooms/40846105
40848653,NA,Neighborhood highlights,2,NA,NA,NA,NA,0,https://www.airbnb.com/rooms/40848653
40849947,NA,Neighborhood highlights,2,NA,1,NA,NA,0,https://www.airbnb.com/rooms/40849947
40860187,NA,Neighborhood highlights,4,NA,2,NA,5,1,https://www.airbnb.com/rooms/40860187
40861223,NA,Neighborhood highlights,6,NA,2,NA,5,1,https://www.airbnb.com/rooms/40861223
40861640,$367.00,NA,4,1,1,2,5,10,https://www.airbnb.com/rooms/40861640
40864895,$109.00,NA,2,1,2,2,5,1,https://www.airbnb.com/rooms/40864895
40868745,NA,Neighborhood highlights,4,NA,1,NA,5,1,https://www.airbnb.com/rooms/40868745
40869871,$365.00,Neighborhood highlights,2,1,1,1,4.53,30,https://www.airbnb.com/rooms/40869871
40870366,NA,NA,1,NA,NA,NA,NA,0,https://www.airbnb.com/rooms/40870366
40871135,NA,Neighborhood highlights,1,NA,NA,NA,4,5,https://www.airbnb.com/rooms/40871135
40871301,NA,NA,2,NA,NA,NA,NA,0,https://www.airbnb.com/rooms/40871301
40872251,NA,Neighborhood highlights,2,NA,NA,NA,5,3,https://www.airbnb.com/rooms/40872251
40873601,$200.00,Neighborhood highlights,2,1,1,2,4.91,141,https://www.airbnb.com/rooms/40873601
40873866,$119.00,Neighborhood highlights,2,2,1,1,4.72,54,https://www.airbnb.com/rooms/40873866
40874667,$106.00,Neighborhood highlights,2,2,1,1,4.66,76,https://www.airbnb.com/rooms/40874667
40886497,NA,NA,4,NA,2,NA,NA,0,https://www.airbnb.com/rooms/40886497
40887882,$157.00,Neighborhood highlights,4,1,2,2,4.83,6,https://www.airbnb.com/rooms/40887882
40888693,NA,Neighborhood highlights,6,NA,2,NA,4.5,8,https://www.airbnb.com/rooms/40888693
40889145,$170.00,Neighborhood highlights,4,1,1,2,5,1,https://www.airbnb.com/rooms/40889145
40889966,NA,NA,2,NA,NA,NA,NA,0,https://www.airbnb.com/rooms/40889966
40890824,NA,Neighborhood highlights,3,NA,1,NA,4.5,2,https://www.airbnb.com/rooms/40890824
40891496,$429.00,Neighborhood highlights,5,3,2,2,4.67,6,https://www.airbnb.com/rooms/40891496
40892321,NA,NA,2,NA,NA,NA,NA,0,https://www.airbnb.com/rooms/40892321
40893251,NA,Neighborhood highlights,7,NA,3,NA,4.89,9,https://www.airbnb.com/rooms/40893251
40894010,NA,Neighborhood highlights,4,NA,1,NA,NA,0,https://www.airbnb.com/rooms/40894010
40894061,NA,Neighborhood highlights,2,NA,NA,NA,4,2,https://www.airbnb.com/rooms/40894061
40894601,NA,NA,2,NA,NA,NA,NA,0,https://www.airbnb.com/rooms/40894601
40896294,NA,Neighborhood highlights,3,NA,1,NA,NA,0,https://www.airbnb.com/rooms/40896294
40896611,$115.00,NA,2,1,1,1,4.92,12,https://www.airbnb.com/rooms/40896611
40896785,NA,NA,4,NA,1,NA,5,2,https://www.airbnb.com/rooms/40896785
40896822,NA,NA,1,NA,1,NA,4,4,https://www.airbnb.com/rooms/40896822
40897147,NA,Neighborhood highlights,1,NA,NA,NA,NA,0,https://www.airbnb.com/rooms/40897147
40897658,$225.00,Neighborhood highlights,4,1,0,1,4.87,147,https://www.airbnb.com/rooms/40897658
40900757,$108.00,Neighborhood highlights,2,1,0,2,5,37,https://www.airbnb.com/rooms/40900757
40901664,NA,Neighborhood highlights,4,NA,1,NA,5,1,https://www.airbnb.com/rooms/40901664
40902573,NA,Neighborhood highlights,5,NA,2,NA,5,1,https://www.airbnb.com/rooms/40902573
40903966,NA,NA,2,NA,NA,NA,4.68,19,https://www.airbnb.com/rooms/40903966
40905066,$127.00,Neighborhood highlights,1,1,1,1,4,4,https://www.airbnb.com/rooms/40905066
40911813,$150.00,Neighborhood highlights,5,1,2,4,4.88,8,https://www.airbnb.com/rooms/40911813
40912721,$165.00,NA,4,1,2,3,5,3,https://www.airbnb.com/rooms/40912721
40913839,NA,Neighborhood highlights,2,NA,1,NA,5,2,https://www.airbnb.com/rooms/40913839
40915004,$87.00,Neighborhood highlights,1,1,1,1,4.86,21,https://www.airbnb.com/rooms/40915004
40916964,NA,Neighborhood highlights,1,NA,NA,NA,5,1,https://www.airbnb.com/rooms/40916964
40917921,$300.00,Neighborhood highlights,2,1,1,1,4.65,17,https://www.airbnb.com/rooms/40917921
40918215,NA,NA,1,NA,NA,NA,5,2,https://www.airbnb.com/rooms/40918215
40918843,NA,NA,1,NA,1,NA,NA,0,https://www.airbnb.com/rooms/40918843
40920440,NA,Neighborhood highlights,2,NA,1,NA,NA,0,https://www.airbnb.com/rooms/40920440
40922585,$60.00,NA,2,1,1,1,4.71,56,https://www.airbnb.com/rooms/40922585
40922899,$60.00,NA,2,1,1,1,4.83,24,https://www.airbnb.com/rooms/40922899
40923448,NA,Neighborhood highlights,5,NA,1,NA,NA,0,https://www.airbnb.com/rooms/40923448
40924272,NA,Neighborhood highlights,4,NA,2,NA,NA,0,https://www.airbnb.com/rooms/40924272
40925588,$159.00,Neighborhood highlights,6,1,2,3,4.84,144,https://www.airbnb.com/rooms/40925588
40926567,NA,NA,3,NA,NA,NA,4.67,3,https://www.airbnb.com/rooms/40926567
40939047,NA,Neighborhood highlights,2,NA,NA,NA,4.86,7,https://www.airbnb.com/rooms/40939047
40941301,NA,Neighborhood highlights,2,NA,NA,NA,5,1,https://www.airbnb.com/rooms/40941301
40943610,NA,Neighborhood highlights,2,NA,2,NA,NA,0,https://www.airbnb.com/rooms/40943610
40943649,NA,NA,2,NA,1,NA,4,2,https://www.airbnb.com/rooms/40943649
40944094,$108.00,Neighborhood highlights,2,1,1,3,4.69,26,https://www.airbnb.com/rooms/40944094
40944374,NA,Neighborhood highlights,2,NA,NA,NA,4.59,166,https://www.airbnb.com/rooms/40944374
40945277,NA,NA,1,NA,NA,NA,NA,0,https://www.airbnb.com/rooms/40945277
40946280,NA,NA,2,NA,NA,NA,NA,0,https://www.airbnb.com/rooms/40946280
40946694,$196.00,Neighborhood highlights,3,1,1,1,4.6,5,https://www.airbnb.com/rooms/40946694
40946832,NA,Neighborhood highlights,2,NA,NA,NA,NA,0,https://www.airbnb.com/rooms/40946832
40947476,NA,Neighborhood highlights,4,NA,2,NA,NA,0,https://www.airbnb.com/rooms/40947476
40949156,NA,Neighborhood highlights,1,NA,NA,NA,5,2,https://www.airbnb.com/rooms/40949156
40952752,$300.00,NA,5,1,2,2,NA,0,https://www.airbnb.com/rooms/40952752
40962319,NA,NA,4,NA,2,NA,NA,0,https://www.airbnb.com/rooms/40962319
40965070,NA,NA,2,NA,1,NA,NA,0,https://www.airbnb.com/rooms/40965070
40965443,NA,Neighborhood highlights,2,NA,NA,NA,NA,0,https://www.airbnb.com/rooms/40965443
40966272,NA,Neighborhood highlights,4,NA,NA,NA,5,3,https://www.airbnb.com/rooms/40966272
40969708,NA,NA,2,NA,NA,NA,4.84,81,https://www.airbnb.com/rooms/40969708
40971027,NA,Neighborhood highlights,2,NA,NA,NA,4.6,5,https://www.airbnb.com/rooms/40971027
40971681,$85.00,Neighborhood highlights,1,1,1,1,4.89,18,https://www.airbnb.com/rooms/40971681
40973933,$350.00,Neighborhood highlights,2,1,1,1,4.82,17,https://www.airbnb.com/rooms/40973933
40986283,NA,Neighborhood highlights,1,NA,1,NA,NA,0,https://www.airbnb.com/rooms/40986283
40986707,$149.00,Neighborhood highlights,2,1,1,1,4.89,122,https://www.airbnb.com/rooms/40986707
40992950,$265.00,NA,4,1,4,4,4,1,https://www.airbnb.com/rooms/40992950
41000928,NA,NA,1,NA,NA,NA,4.5,2,https://www.airbnb.com/rooms/41000928
41004775,$140.00,NA,2,1,1,1,5,1,https://www.airbnb.com/rooms/41004775
41006656,NA,NA,2,NA,NA,NA,4.82,50,https://www.airbnb.com/rooms/41006656
41007370,$53.00,Neighborhood highlights,1,1,1,1,5,20,https://www.airbnb.com/rooms/41007370
41008859,$107.00,Neighborhood highlights,2,1,1,1,4.72,46,https://www.airbnb.com/rooms/41008859
41008894,NA,NA,2,NA,1,NA,NA,0,https://www.airbnb.com/rooms/41008894
41009396,$120.00,Neighborhood highlights,3,1,1,1,5,6,https://www.airbnb.com/rooms/41009396
41010459,NA,NA,2,NA,1,NA,NA,0,https://www.airbnb.com/rooms/41010459
41012815,$175.00,Neighborhood highlights,4,1,2,3,4.93,85,https://www.airbnb.com/rooms/41012815
41021017,NA,Neighborhood highlights,2,NA,1,NA,4.7,20,https://www.airbnb.com/rooms/41021017
41021292,$115.00,NA,2,1,1,1,4.83,6,https://www.airbnb.com/rooms/41021292
41021580,NA,NA,3,NA,1,NA,5,1,https://www.airbnb.com/rooms/41021580
41023393,$165.00,Neighborhood highlights,4,1,2,2,5,31,https://www.airbnb.com/rooms/41023393
41026711,NA,NA,2,NA,NA,NA,4.6,5,https://www.airbnb.com/rooms/41026711
41027184,NA,Neighborhood highlights,1,NA,NA,NA,4.27,11,https://www.airbnb.com/rooms/41027184
41033943,$150.00,Neighborhood highlights,4,1,1,2,NA,0,https://www.airbnb.com/rooms/41033943
41036360,$169.00,NA,6,2,2,3,4.67,9,https://www.airbnb.com/rooms/41036360
41036391,NA,NA,2,NA,NA,NA,NA,0,https://www.airbnb.com/rooms/41036391
41042473,NA,NA,2,NA,NA,NA,NA,0,https://www.airbnb.com/rooms/41042473
41043703,NA,NA,7,NA,2,NA,NA,0,https://www.airbnb.com/rooms/41043703
41048204,NA,NA,4,NA,1,NA,4,2,https://www.airbnb.com/rooms/41048204
41048662,NA,NA,4,NA,NA,NA,5,2,https://www.airbnb.com/rooms/41048662
41048681,$169.00,Neighborhood highlights,7,2,3,4,4.4,10,https://www.airbnb.com/rooms/41048681
41048914,NA,Neighborhood highlights,2,NA,2,NA,5,45,https://www.airbnb.com/rooms/41048914
41048929,NA,NA,2,NA,NA,NA,NA,0,https://www.airbnb.com/rooms/41048929
41050833,NA,NA,2,NA,NA,NA,NA,0,https://www.airbnb.com/rooms/41050833
41061100,NA,Neighborhood highlights,4,NA,1,NA,5,1,https://www.airbnb.com/rooms/41061100
41069298,$154.00,Neighborhood highlights,4,1,1,3,4.75,55,https://www.airbnb.com/rooms/41069298
41075946,$140.00,Neighborhood highlights,4,1.5,2,2,4.57,7,https://www.airbnb.com/rooms/41075946
41078843,$217.00,Neighborhood highlights,6,1,3,4,4.82,213,https://www.airbnb.com/rooms/41078843
41082583,NA,Neighborhood highlights,2,NA,NA,NA,4.5,2,https://www.airbnb.com/rooms/41082583
41082801,$350.00,Neighborhood highlights,6,1,0,3,4.56,86,https://www.airbnb.com/rooms/41082801
41085750,NA,NA,1,NA,1,NA,NA,0,https://www.airbnb.com/rooms/41085750
41091413,NA,NA,2,NA,NA,NA,NA,0,https://www.airbnb.com/rooms/41091413
41091898,NA,Neighborhood highlights,1,NA,NA,NA,4,4,https://www.airbnb.com/rooms/41091898
41105251,$42.00,Neighborhood highlights,1,1,1,1,5,8,https://www.airbnb.com/rooms/41105251
41107092,$356.00,Neighborhood highlights,5,1,0,3,4.69,84,https://www.airbnb.com/rooms/41107092
41107719,NA,Neighborhood highlights,1,NA,NA,NA,NA,0,https://www.airbnb.com/rooms/41107719
41108306,$129.00,Neighborhood highlights,3,1,1,1,5,12,https://www.airbnb.com/rooms/41108306
41108462,NA,Neighborhood highlights,4,NA,1,NA,4.5,6,https://www.airbnb.com/rooms/41108462
41109712,$350.00,NA,6,1,0,3,4.71,115,https://www.airbnb.com/rooms/41109712
41112420,NA,NA,2,NA,NA,NA,5,1,https://www.airbnb.com/rooms/41112420
41123624,$46.00,Neighborhood highlights,2,1,1,1,4.09,22,https://www.airbnb.com/rooms/41123624
41124781,$129.00,Neighborhood highlights,2,1,0,1,4.8,15,https://www.airbnb.com/rooms/41124781
41125441,$186.00,Neighborhood highlights,6,1,2,2,4.89,64,https://www.airbnb.com/rooms/41125441
41127989,$350.00,NA,6,1,0,4,4.63,117,https://www.airbnb.com/rooms/41127989
41129980,NA,NA,3,NA,NA,NA,4,1,https://www.airbnb.com/rooms/41129980
41132137,NA,NA,2,NA,NA,NA,NA,0,https://www.airbnb.com/rooms/41132137
41133434,NA,NA,2,NA,1,NA,5,3,https://www.airbnb.com/rooms/41133434
41135452,$35.00,NA,1,0,1,1,4.2,5,https://www.airbnb.com/rooms/41135452
41136941,NA,NA,1,NA,1,NA,NA,0,https://www.airbnb.com/rooms/41136941
41144739,NA,Neighborhood highlights,2,NA,NA,NA,NA,0,https://www.airbnb.com/rooms/41144739
41146307,$180.00,Neighborhood highlights,2,1,0,0,5,5,https://www.airbnb.com/rooms/41146307
41151424,$199.00,Neighborhood highlights,3,2.5,3,2,NA,0,https://www.airbnb.com/rooms/41151424
41151871,$192.00,Neighborhood highlights,2,1,1,1,4.85,95,https://www.airbnb.com/rooms/41151871
41155955,NA,Neighborhood highlights,7,NA,2,NA,4.5,6,https://www.airbnb.com/rooms/41155955
41159052,NA,Neighborhood highlights,2,NA,0,NA,4.4,5,https://www.airbnb.com/rooms/41159052
41166828,$56.00,NA,1,1,1,1,NA,0,https://www.airbnb.com/rooms/41166828
41169295,NA,NA,2,NA,NA,NA,NA,0,https://www.airbnb.com/rooms/41169295
41171427,$80.00,NA,1,1,1,1,5,14,https://www.airbnb.com/rooms/41171427
41173094,$446.00,Neighborhood highlights,8,2,2,4,4.88,58,https://www.airbnb.com/rooms/41173094
41175544,$99.00,Neighborhood highlights,2,1,1,1,4.88,51,https://www.airbnb.com/rooms/41175544
41175790,$45.00,Neighborhood highlights,1,1,1,1,4.8,45,https://www.airbnb.com/rooms/41175790
41178612,$533.00,Neighborhood highlights,2,1,2,2,4.84,178,https://www.airbnb.com/rooms/41178612
41179618,NA,NA,2,NA,1,NA,NA,0,https://www.airbnb.com/rooms/41179618
41179889,NA,Neighborhood highlights,2,NA,NA,NA,NA,0,https://www.airbnb.com/rooms/41179889
41212093,$139.00,Neighborhood highlights,2,1,0,2,4.71,68,https://www.airbnb.com/rooms/41212093
41213862,NA,NA,2,NA,NA,NA,NA,0,https://www.airbnb.com/rooms/41213862
41215964,$140.00,Neighborhood highlights,5,1,2,4,3.13,8,https://www.airbnb.com/rooms/41215964
41226843,$125.00,NA,4,2,NA,1,NA,0,https://www.airbnb.com/rooms/41226843
41228499,NA,NA,3,NA,1,NA,NA,0,https://www.airbnb.com/rooms/41228499
41234346,$71.00,Neighborhood highlights,2,1,1,1,5,2,https://www.airbnb.com/rooms/41234346
41242461,NA,Neighborhood highlights,4,NA,4,NA,4.81,16,https://www.airbnb.com/rooms/41242461
41243251,NA,Neighborhood highlights,4,NA,2,NA,NA,0,https://www.airbnb.com/rooms/41243251
41243629,NA,Neighborhood highlights,7,NA,2,NA,5,4,https://www.airbnb.com/rooms/41243629
41247450,NA,Neighborhood highlights,3,NA,1,NA,4.85,13,https://www.airbnb.com/rooms/41247450
41257880,NA,NA,1,NA,1,NA,4.83,6,https://www.airbnb.com/rooms/41257880
41258335,$300.00,Neighborhood highlights,7,3,3,5,5,15,https://www.airbnb.com/rooms/41258335
41268569,$400.00,Neighborhood highlights,2,1,2,1,NA,0,https://www.airbnb.com/rooms/41268569
41270387,NA,Neighborhood highlights,5,NA,1,NA,5,1,https://www.airbnb.com/rooms/41270387
41274329,$60.00,Neighborhood highlights,2,1.5,1,1,4.4,63,https://www.airbnb.com/rooms/41274329
41285370,"$1,295.00",Neighborhood highlights,8,2,3,4,5,5,https://www.airbnb.com/rooms/41285370
41289512,$426.00,NA,7,1,2,4,4.27,143,https://www.airbnb.com/rooms/41289512
41290557,NA,NA,2,NA,NA,NA,NA,0,https://www.airbnb.com/rooms/41290557
41294234,NA,NA,2,NA,NA,NA,NA,0,https://www.airbnb.com/rooms/41294234
41295029,$650.00,Neighborhood highlights,3,1,1,2,4.94,126,https://www.airbnb.com/rooms/41295029
41295300,$49.00,Neighborhood highlights,2,1,1,1,4.71,83,https://www.airbnb.com/rooms/41295300
41295524,$159.00,Neighborhood highlights,2,1,1,2,4.88,236,https://www.airbnb.com/rooms/41295524
41301073,$113.00,Neighborhood highlights,1,1,1,1,4.87,189,https://www.airbnb.com/rooms/41301073
41310526,NA,Neighborhood highlights,5,NA,2,NA,4.5,6,https://www.airbnb.com/rooms/41310526
41316343,NA,NA,2,NA,NA,NA,NA,0,https://www.airbnb.com/rooms/41316343
41318881,NA,Neighborhood highlights,4,NA,2,NA,NA,0,https://www.airbnb.com/rooms/41318881
41321694,$205.00,Neighborhood highlights,5,2,3,5,4.86,57,https://www.airbnb.com/rooms/41321694
41322723,$225.00,Neighborhood highlights,5,1,3,3,4.9,61,https://www.airbnb.com/rooms/41322723
41322811,NA,NA,1,NA,1,NA,NA,0,https://www.airbnb.com/rooms/41322811
41323959,$352.00,Neighborhood highlights,6,0,3,4,5,1,https://www.airbnb.com/rooms/41323959
41324037,NA,Neighborhood highlights,2,NA,NA,NA,4.7,10,https://www.airbnb.com/rooms/41324037
41326428,NA,NA,2,NA,NA,NA,NA,0,https://www.airbnb.com/rooms/41326428
41336712,"$1,095.00",Neighborhood highlights,8,2,3,3,5,4,https://www.airbnb.com/rooms/41336712
41343124,$90.00,Neighborhood highlights,2,1,1,1,4.68,31,https://www.airbnb.com/rooms/41343124
41344609,NA,Neighborhood highlights,4,NA,3,NA,5,1,https://www.airbnb.com/rooms/41344609
41348519,NA,NA,1,NA,NA,NA,5,1,https://www.airbnb.com/rooms/41348519
41348789,$450.00,Neighborhood highlights,6,3,3,3,4.7,10,https://www.airbnb.com/rooms/41348789
41349499,NA,Neighborhood highlights,4,NA,1,NA,NA,0,https://www.airbnb.com/rooms/41349499
41350522,NA,NA,2,NA,NA,NA,5,2,https://www.airbnb.com/rooms/41350522
41352166,$250.00,NA,6,2,2,2,4.95,63,https://www.airbnb.com/rooms/41352166
41352511,NA,NA,2,NA,1,NA,NA,0,https://www.airbnb.com/rooms/41352511
41353712,$110.00,Neighborhood highlights,2,1,1,2,4.85,137,https://www.airbnb.com/rooms/41353712
41365538,$735.00,Neighborhood highlights,2,1,1,1,4.8,5,https://www.airbnb.com/rooms/41365538
41367371,$153.00,Neighborhood highlights,1,2,1,1,4.97,104,https://www.airbnb.com/rooms/41367371
41369046,$363.00,Neighborhood highlights,2,1,0,1,4.5,4,https://www.airbnb.com/rooms/41369046
41371194,$751.00,Neighborhood highlights,3,1,1,1,4,2,https://www.airbnb.com/rooms/41371194
41372828,NA,NA,3,NA,1,NA,5,5,https://www.airbnb.com/rooms/41372828
41373193,"$1,900.00",Neighborhood highlights,5,2,2,2,5,1,https://www.airbnb.com/rooms/41373193
41373717,NA,NA,4,NA,1,NA,NA,0,https://www.airbnb.com/rooms/41373717
41374977,$35.00,Neighborhood highlights,2,1,1,1,4.58,12,https://www.airbnb.com/rooms/41374977
41375705,$25.00,Neighborhood highlights,1,1,1,1,4.25,4,https://www.airbnb.com/rooms/41375705
41380528,NA,NA,8,NA,3,NA,4.78,9,https://www.airbnb.com/rooms/41380528
41383676,$150.00,Neighborhood highlights,2,1,1,1,4.74,31,https://www.airbnb.com/rooms/41383676
41383774,NA,Neighborhood highlights,4,NA,1,NA,5,4,https://www.airbnb.com/rooms/41383774
41395190,$90.00,Neighborhood highlights,2,1,1,1,4.87,149,https://www.airbnb.com/rooms/41395190
41395481,$35.00,Neighborhood highlights,2,1,1,1,4.42,12,https://www.airbnb.com/rooms/41395481
41399557,$111.00,Neighborhood highlights,1,1,1,1,4.95,21,https://www.airbnb.com/rooms/41399557
41402380,$36.00,Neighborhood highlights,2,1,1,1,4.23,13,https://www.airbnb.com/rooms/41402380
41403642,NA,NA,2,NA,NA,NA,NA,0,https://www.airbnb.com/rooms/41403642
41404723,NA,Neighborhood highlights,2,NA,NA,NA,4.17,6,https://www.airbnb.com/rooms/41404723
41405716,NA,NA,2,NA,1,NA,NA,0,https://www.airbnb.com/rooms/41405716
41406338,NA,Neighborhood highlights,2,NA,NA,NA,NA,0,https://www.airbnb.com/rooms/41406338
41420151,$75.00,Neighborhood highlights,2,1,1,1,4.9,31,https://www.airbnb.com/rooms/41420151
41421121,$100.00,Neighborhood highlights,2,1,1,1,5,2,https://www.airbnb.com/rooms/41421121
41425572,"$2,505.00",NA,2,2,2,2,NA,0,https://www.airbnb.com/rooms/41425572
41425597,"$1,444.00",NA,2,1,1,1,NA,0,https://www.airbnb.com/rooms/41425597
41425624,"$1,155.00",NA,2,1,1,1,5,1,https://www.airbnb.com/rooms/41425624
41430114,NA,NA,2,NA,1,NA,4,4,https://www.airbnb.com/rooms/41430114
41430275,NA,Neighborhood highlights,2,NA,1,NA,4.42,12,https://www.airbnb.com/rooms/41430275
41430801,$399.00,Neighborhood highlights,8,1,2,3,5,1,https://www.airbnb.com/rooms/41430801
41433498,$225.00,Neighborhood highlights,2,1,1,1,5,1,https://www.airbnb.com/rooms/41433498
41433641,$55.00,Neighborhood highlights,1,1,1,1,5,2,https://www.airbnb.com/rooms/41433641
41453338,$80.00,NA,1,1,1,1,5,3,https://www.airbnb.com/rooms/41453338
41454887,$140.00,NA,5,1,1,3,4.83,6,https://www.airbnb.com/rooms/41454887
41462107,NA,NA,4,NA,NA,NA,NA,0,https://www.airbnb.com/rooms/41462107
41466873,$150.00,Neighborhood highlights,2,1,1,1,NA,0,https://www.airbnb.com/rooms/41466873
41469310,$679.00,Neighborhood highlights,12,2,4,4,NA,0,https://www.airbnb.com/rooms/41469310
41472347,$132.00,NA,2,1,1,1,4.94,70,https://www.airbnb.com/rooms/41472347
41473245,$446.00,NA,7,1,2,4,4.34,29,https://www.airbnb.com/rooms/41473245
41474950,$290.00,NA,6,1,0,3,4.35,113,https://www.airbnb.com/rooms/41474950
41475250,$334.00,NA,6,1,0,3,4.25,75,https://www.airbnb.com/rooms/41475250
41480537,NA,Neighborhood highlights,8,NA,3,NA,4.78,9,https://www.airbnb.com/rooms/41480537
41485666,$94.00,Neighborhood highlights,6,1,2,2,4.84,140,https://www.airbnb.com/rooms/41485666
41489380,NA,Neighborhood highlights,1,NA,NA,NA,NA,0,https://www.airbnb.com/rooms/41489380
41492412,NA,Neighborhood highlights,3,NA,1,NA,4,2,https://www.airbnb.com/rooms/41492412
41493321,NA,Neighborhood highlights,4,NA,1,NA,5,1,https://www.airbnb.com/rooms/41493321
41494959,$82.00,Neighborhood highlights,2,1,1,1,NA,0,https://www.airbnb.com/rooms/41494959
41496552,$225.00,Neighborhood highlights,4,3,4,4,5,3,https://www.airbnb.com/rooms/41496552
41499645,NA,Neighborhood highlights,2,NA,1,NA,5,4,https://www.airbnb.com/rooms/41499645
41502557,NA,Neighborhood highlights,2,NA,1,NA,NA,0,https://www.airbnb.com/rooms/41502557
41504521,$194.00,Neighborhood highlights,2,1,1,1,4.88,26,https://www.airbnb.com/rooms/41504521
41506185,$170.00,Neighborhood highlights,3,1,0,1,4,5,https://www.airbnb.com/rooms/41506185
41507050,$165.00,Neighborhood highlights,3,1,0,1,3.6,5,https://www.airbnb.com/rooms/41507050
41527827,$100.00,NA,2,1,1,1,4.63,41,https://www.airbnb.com/rooms/41527827
41529631,NA,NA,6,NA,5,NA,4.63,8,https://www.airbnb.com/rooms/41529631
41531671,$350.00,NA,6,1,0,3,4.71,127,https://www.airbnb.com/rooms/41531671
41538377,$50.00,Neighborhood highlights,1,1,1,1,4.97,99,https://www.airbnb.com/rooms/41538377
41558676,NA,NA,2,NA,NA,NA,NA,0,https://www.airbnb.com/rooms/41558676
41558910,NA,Neighborhood highlights,3,NA,1,NA,5,3,https://www.airbnb.com/rooms/41558910
41563296,NA,Neighborhood highlights,2,NA,NA,NA,NA,0,https://www.airbnb.com/rooms/41563296
41564056,$165.00,NA,2,1,0,NA,5,1,https://www.airbnb.com/rooms/41564056
41564625,NA,Neighborhood highlights,3,NA,NA,NA,4.91,171,https://www.airbnb.com/rooms/41564625
41567947,$100.00,Neighborhood highlights,2,1,0,2,5,18,https://www.airbnb.com/rooms/41567947
41568108,$99.00,Neighborhood highlights,4,1,1,2,5,11,https://www.airbnb.com/rooms/41568108
41568190,$65.00,Neighborhood highlights,2,1,1,1,4.92,50,https://www.airbnb.com/rooms/41568190
41569497,NA,Neighborhood highlights,2,NA,NA,NA,NA,0,https://www.airbnb.com/rooms/41569497
41580681,NA,Neighborhood highlights,3,NA,1,NA,4.93,28,https://www.airbnb.com/rooms/41580681
41582446,NA,Neighborhood highlights,2,NA,1,NA,NA,0,https://www.airbnb.com/rooms/41582446
41583537,NA,Neighborhood highlights,2,NA,1,NA,NA,0,https://www.airbnb.com/rooms/41583537
41585180,$361.00,Neighborhood highlights,6,1,3,3,4.75,8,https://www.airbnb.com/rooms/41585180
41588820,NA,Neighborhood highlights,10,NA,2,NA,4.5,2,https://www.airbnb.com/rooms/41588820
41588916,$800.00,Neighborhood highlights,4,1,2,2,4.17,6,https://www.airbnb.com/rooms/41588916
41592296,$166.00,NA,2,1,1,1,NA,0,https://www.airbnb.com/rooms/41592296
41593430,$250.00,Neighborhood highlights,5,1,1,1,4.94,62,https://www.airbnb.com/rooms/41593430
41598391,$50.00,Neighborhood highlights,3,1,1,2,4.42,12,https://www.airbnb.com/rooms/41598391
41609145,$449.00,Neighborhood highlights,2,1,1,1,NA,0,https://www.airbnb.com/rooms/41609145
41612833,NA,Neighborhood highlights,1,NA,NA,NA,NA,0,https://www.airbnb.com/rooms/41612833
41614248,$88.00,Neighborhood highlights,4,1,1,2,4.86,132,https://www.airbnb.com/rooms/41614248
41625711,NA,NA,2,NA,NA,NA,5,2,https://www.airbnb.com/rooms/41625711
41634451,$77.00,NA,4,1,1,1,5,17,https://www.airbnb.com/rooms/41634451
41636635,NA,Neighborhood highlights,5,NA,2,NA,4.5,2,https://www.airbnb.com/rooms/41636635
41637801,$123.00,Neighborhood highlights,2,1,0,1,4.8,15,https://www.airbnb.com/rooms/41637801
41637835,NA,Neighborhood highlights,2,NA,NA,NA,4.33,3,https://www.airbnb.com/rooms/41637835
41641376,NA,NA,2,NA,NA,NA,NA,0,https://www.airbnb.com/rooms/41641376
41642747,$78.00,Neighborhood highlights,4,1,1,1,4.75,83,https://www.airbnb.com/rooms/41642747
41647808,$68.00,Neighborhood highlights,2,1,1,1,4.76,112,https://www.airbnb.com/rooms/41647808
41662321,NA,Neighborhood highlights,2,NA,1,NA,5,3,https://www.airbnb.com/rooms/41662321
41664099,NA,NA,2,NA,NA,NA,5,4,https://www.airbnb.com/rooms/41664099
41665066,$350.00,NA,9,2,4,5,4.89,28,https://www.airbnb.com/rooms/41665066
41665877,$60.00,NA,2,1,0,1,4.81,113,https://www.airbnb.com/rooms/41665877
41666160,$267.00,NA,3,1,1,1,4.55,31,https://www.airbnb.com/rooms/41666160
41666895,NA,Neighborhood highlights,2,NA,1,NA,4.82,28,https://www.airbnb.com/rooms/41666895
41668852,$68.00,NA,2,1,0,1,4.76,50,https://www.airbnb.com/rooms/41668852
41670137,NA,Neighborhood highlights,2,NA,NA,NA,4.83,6,https://www.airbnb.com/rooms/41670137
41670159,$161.00,NA,1,1,1,NA,5,6,https://www.airbnb.com/rooms/41670159
41670313,NA,Neighborhood highlights,2,NA,NA,NA,5,3,https://www.airbnb.com/rooms/41670313
41681691,$68.00,Neighborhood highlights,1,1,1,1,NA,0,https://www.airbnb.com/rooms/41681691
41686149,$297.00,Neighborhood highlights,2,1,1,1,4.89,18,https://www.airbnb.com/rooms/41686149
41690071,NA,Neighborhood highlights,2,NA,1,NA,4.9,125,https://www.airbnb.com/rooms/41690071
41691667,$150.00,Neighborhood highlights,2,1,1,1,4.56,16,https://www.airbnb.com/rooms/41691667
41692454,$76.00,NA,2,1,1,1,4.8,248,https://www.airbnb.com/rooms/41692454
41693525,NA,NA,2,NA,1,NA,NA,0,https://www.airbnb.com/rooms/41693525
41710457,$95.00,Neighborhood highlights,2,1,1,1,4.88,126,https://www.airbnb.com/rooms/41710457
41712212,$150.00,Neighborhood highlights,2,1,1,1,4.88,119,https://www.airbnb.com/rooms/41712212
41712314,$210.00,Neighborhood highlights,2,1,2,1,4.33,3,https://www.airbnb.com/rooms/41712314
41715665,NA,Neighborhood highlights,3,NA,1,NA,NA,0,https://www.airbnb.com/rooms/41715665
41718756,NA,Neighborhood highlights,2,NA,NA,NA,5,3,https://www.airbnb.com/rooms/41718756
41719216,NA,Neighborhood highlights,3,NA,NA,NA,5,1,https://www.airbnb.com/rooms/41719216
41720005,$100.00,Neighborhood highlights,2,1,1,0,4.7,20,https://www.airbnb.com/rooms/41720005
41720411,NA,Neighborhood highlights,2,NA,NA,NA,4,2,https://www.airbnb.com/rooms/41720411
41722400,NA,Neighborhood highlights,2,NA,NA,NA,NA,0,https://www.airbnb.com/rooms/41722400
41725492,$229.00,Neighborhood highlights,2,1,1,2,4.74,27,https://www.airbnb.com/rooms/41725492
41726620,$130.00,Neighborhood highlights,2,1,0,1,4.69,55,https://www.airbnb.com/rooms/41726620
41733738,$168.00,Neighborhood highlights,2,1,1,1,4.69,172,https://www.airbnb.com/rooms/41733738
41739955,NA,Neighborhood highlights,2,NA,1,NA,5,1,https://www.airbnb.com/rooms/41739955
41742930,NA,Neighborhood highlights,5,NA,1,NA,5,1,https://www.airbnb.com/rooms/41742930
41747413,$96.00,Neighborhood highlights,1,1,1,0,4.96,69,https://www.airbnb.com/rooms/41747413
41749993,$310.00,Neighborhood highlights,2,1,1,1,4.91,11,https://www.airbnb.com/rooms/41749993
41752911,NA,Neighborhood highlights,3,NA,NA,NA,5,13,https://www.airbnb.com/rooms/41752911
41753654,$105.00,Neighborhood highlights,2,1,1,2,4.93,110,https://www.airbnb.com/rooms/41753654
41767375,NA,Neighborhood highlights,2,NA,NA,NA,5,2,https://www.airbnb.com/rooms/41767375
41767810,NA,Neighborhood highlights,4,NA,1,NA,5,1,https://www.airbnb.com/rooms/41767810
41769297,$120.00,Neighborhood highlights,4,1,1,1,5,6,https://www.airbnb.com/rooms/41769297
41770189,NA,Neighborhood highlights,1,NA,NA,NA,NA,0,https://www.airbnb.com/rooms/41770189
41770339,$172.00,Neighborhood highlights,1,1,0,1,4.83,24,https://www.airbnb.com/rooms/41770339
41772235,$495.00,Neighborhood highlights,6,1.5,2,3,4.98,113,https://www.airbnb.com/rooms/41772235
41775678,NA,NA,3,NA,1,NA,NA,0,https://www.airbnb.com/rooms/41775678
41786442,$240.00,Neighborhood highlights,7,1,2,4,4.52,75,https://www.airbnb.com/rooms/41786442
41789758,$125.00,Neighborhood highlights,3,1,1,2,4.75,8,https://www.airbnb.com/rooms/41789758
41790722,$205.00,Neighborhood highlights,2,1,1,2,4.64,28,https://www.airbnb.com/rooms/41790722
41793009,NA,NA,6,NA,2,NA,NA,0,https://www.airbnb.com/rooms/41793009
41798673,$100.00,Neighborhood highlights,2,1,1,2,4.75,52,https://www.airbnb.com/rooms/41798673
41799247,NA,NA,4,NA,NA,NA,5,1,https://www.airbnb.com/rooms/41799247
41799372,$225.00,NA,2,1,0,2,4.83,63,https://www.airbnb.com/rooms/41799372
41802649,NA,Neighborhood highlights,2,NA,NA,NA,4.86,7,https://www.airbnb.com/rooms/41802649
41803993,NA,Neighborhood highlights,2,NA,NA,NA,5,3,https://www.airbnb.com/rooms/41803993
41811144,$105.00,Neighborhood highlights,4,1,0,6,4.95,19,https://www.airbnb.com/rooms/41811144
41816533,$85.00,Neighborhood highlights,2,1,1,1,4.89,47,https://www.airbnb.com/rooms/41816533
41818659,NA,Neighborhood highlights,1,NA,NA,NA,4.62,13,https://www.airbnb.com/rooms/41818659
41823106,NA,NA,1,NA,1,NA,NA,0,https://www.airbnb.com/rooms/41823106
41832407,$67.00,Neighborhood highlights,2,1,1,1,5,5,https://www.airbnb.com/rooms/41832407
41836700,NA,NA,4,NA,NA,NA,NA,0,https://www.airbnb.com/rooms/41836700
41838215,NA,Neighborhood highlights,2,NA,NA,NA,5,2,https://www.airbnb.com/rooms/41838215
41840320,$139.00,Neighborhood highlights,2,1,1,1,4.9,96,https://www.airbnb.com/rooms/41840320
41840700,$255.00,Neighborhood highlights,3,1,2,2,5,5,https://www.airbnb.com/rooms/41840700
41841726,NA,NA,5,NA,2,NA,NA,0,https://www.airbnb.com/rooms/41841726
41852184,NA,Neighborhood highlights,2,NA,1,NA,NA,0,https://www.airbnb.com/rooms/41852184
41857370,NA,Neighborhood highlights,1,NA,NA,NA,5,1,https://www.airbnb.com/rooms/41857370
41861321,$65.00,Neighborhood highlights,1,1,1,1,5,4,https://www.airbnb.com/rooms/41861321
41862437,NA,NA,2,NA,NA,NA,NA,0,https://www.airbnb.com/rooms/41862437
41867299,$117.00,Neighborhood highlights,2,1,0,2,4.17,6,https://www.airbnb.com/rooms/41867299
41871626,NA,Neighborhood highlights,3,NA,2,NA,NA,0,https://www.airbnb.com/rooms/41871626
41880997,NA,Neighborhood highlights,1,NA,NA,NA,5,5,https://www.airbnb.com/rooms/41880997
41889234,$80.00,Neighborhood highlights,2,1,1,1,NA,0,https://www.airbnb.com/rooms/41889234
41893558,NA,Neighborhood highlights,8,NA,4,NA,5,1,https://www.airbnb.com/rooms/41893558
41895103,$165.00,Neighborhood highlights,4,1,2,3,3.75,4,https://www.airbnb.com/rooms/41895103
41899583,$110.00,NA,2,1,1,1,5,2,https://www.airbnb.com/rooms/41899583
41900007,$150.00,Neighborhood highlights,2,1,2,2,4.48,221,https://www.airbnb.com/rooms/41900007
41908637,$150.00,Neighborhood highlights,2,1,1,NA,4.75,4,https://www.airbnb.com/rooms/41908637
41908671,NA,NA,2,NA,1,NA,5,2,https://www.airbnb.com/rooms/41908671
41909568,$125.00,Neighborhood highlights,5,2,3,3,4.89,35,https://www.airbnb.com/rooms/41909568
41911675,$325.00,Neighborhood highlights,2,1,2,2,NA,0,https://www.airbnb.com/rooms/41911675
41915323,NA,NA,5,NA,2,NA,5,2,https://www.airbnb.com/rooms/41915323
41915430,$200.00,Neighborhood highlights,6,2,2,3,4.67,27,https://www.airbnb.com/rooms/41915430
41921432,NA,Neighborhood highlights,2,NA,NA,NA,NA,0,https://www.airbnb.com/rooms/41921432
41922570,$76.00,Neighborhood highlights,2,1,1,1,4.75,8,https://www.airbnb.com/rooms/41922570
41928437,NA,NA,1,NA,NA,NA,4.8,5,https://www.airbnb.com/rooms/41928437
41932385,NA,Neighborhood highlights,2,NA,NA,NA,4.72,18,https://www.airbnb.com/rooms/41932385
41934934,$192.00,NA,2,1,1,1,5,8,https://www.airbnb.com/rooms/41934934
41936946,NA,NA,4,NA,2,NA,NA,0,https://www.airbnb.com/rooms/41936946
41940501,$100.00,Neighborhood highlights,1,1,1,1,4.67,30,https://www.airbnb.com/rooms/41940501
41944642,NA,NA,2,NA,NA,NA,NA,0,https://www.airbnb.com/rooms/41944642
41953191,NA,Neighborhood highlights,2,NA,1,NA,NA,0,https://www.airbnb.com/rooms/41953191
41959247,$286.00,NA,8,2,3,4,4.47,60,https://www.airbnb.com/rooms/41959247
41959506,$543.00,NA,16,4,6,10,4.55,53,https://www.airbnb.com/rooms/41959506
41959882,NA,NA,2,NA,NA,NA,4.87,90,https://www.airbnb.com/rooms/41959882
41962719,NA,Neighborhood highlights,2,NA,NA,NA,5,1,https://www.airbnb.com/rooms/41962719
41964371,$120.00,Neighborhood highlights,2,1,1,1,4.61,46,https://www.airbnb.com/rooms/41964371
41973806,NA,NA,5,NA,2,NA,5,1,https://www.airbnb.com/rooms/41973806
41976399,$89.00,NA,1,1,1,1,4.98,43,https://www.airbnb.com/rooms/41976399
41984853,$264.00,Neighborhood highlights,7,2,3,5,4.79,76,https://www.airbnb.com/rooms/41984853
41993997,NA,NA,7,NA,3,NA,NA,0,https://www.airbnb.com/rooms/41993997
41997438,$300.00,Neighborhood highlights,2,1,1,1,NA,0,https://www.airbnb.com/rooms/41997438
41997469,$359.00,Neighborhood highlights,2,1,1,1,5,1,https://www.airbnb.com/rooms/41997469
41997496,$389.00,Neighborhood highlights,4,1,2,2,NA,0,https://www.airbnb.com/rooms/41997496
41997533,$316.00,Neighborhood highlights,2,1,0,1,NA,0,https://www.airbnb.com/rooms/41997533
41998444,NA,Neighborhood highlights,2,NA,1,NA,5,1,https://www.airbnb.com/rooms/41998444
41999901,NA,Neighborhood highlights,1,NA,NA,NA,NA,0,https://www.airbnb.com/rooms/41999901
42002119,NA,Neighborhood highlights,1,NA,NA,NA,5,2,https://www.airbnb.com/rooms/42002119
42002291,$176.00,Neighborhood highlights,3,1,1,2,4.94,179,https://www.airbnb.com/rooms/42002291
42002364,NA,Neighborhood highlights,1,NA,NA,NA,5,1,https://www.airbnb.com/rooms/42002364
42002958,NA,Neighborhood highlights,1,NA,NA,NA,5,3,https://www.airbnb.com/rooms/42002958
42005015,NA,Neighborhood highlights,2,NA,NA,NA,5,4,https://www.airbnb.com/rooms/42005015
42006106,NA,Neighborhood highlights,6,NA,2,NA,5,4,https://www.airbnb.com/rooms/42006106
42006235,NA,Neighborhood highlights,1,NA,NA,NA,5,4,https://www.airbnb.com/rooms/42006235
42015560,$216.00,NA,3,1,2,2,5,10,https://www.airbnb.com/rooms/42015560
42015995,$125.00,Neighborhood highlights,2,1,1,1,3.67,6,https://www.airbnb.com/rooms/42015995
42016973,NA,Neighborhood highlights,4,NA,1,NA,4.33,3,https://www.airbnb.com/rooms/42016973
42017846,NA,NA,3,NA,2,NA,NA,0,https://www.airbnb.com/rooms/42017846
42020878,NA,Neighborhood highlights,2,NA,1,NA,4.94,83,https://www.airbnb.com/rooms/42020878
42022514,NA,NA,4,NA,1,NA,NA,0,https://www.airbnb.com/rooms/42022514
42022710,NA,NA,3,NA,NA,NA,5,1,https://www.airbnb.com/rooms/42022710
42022909,$170.00,Neighborhood highlights,2,1,1,1,4.94,32,https://www.airbnb.com/rooms/42022909
42023090,$168.00,Neighborhood highlights,4,1,2,2,4.97,64,https://www.airbnb.com/rooms/42023090
42023288,$150.00,Neighborhood highlights,2,1,1,1,5,1,https://www.airbnb.com/rooms/42023288
42024631,NA,NA,1,NA,NA,NA,NA,0,https://www.airbnb.com/rooms/42024631
42033943,NA,Neighborhood highlights,1,NA,NA,NA,5,1,https://www.airbnb.com/rooms/42033943
42038789,NA,Neighborhood highlights,1,NA,NA,NA,NA,0,https://www.airbnb.com/rooms/42038789
42040158,NA,NA,1,NA,NA,NA,NA,0,https://www.airbnb.com/rooms/42040158
42041277,$200.00,NA,2,1,1,2,5,1,https://www.airbnb.com/rooms/42041277
42043698,$170.00,NA,2,1,1,2,5,11,https://www.airbnb.com/rooms/42043698
42046105,NA,Neighborhood highlights,2,NA,NA,NA,5,1,https://www.airbnb.com/rooms/42046105
42047050,NA,NA,2,NA,NA,NA,NA,0,https://www.airbnb.com/rooms/42047050
42049377,NA,NA,1,NA,1,NA,NA,0,https://www.airbnb.com/rooms/42049377
42049436,$165.00,Neighborhood highlights,6,2,3,4,4.94,18,https://www.airbnb.com/rooms/42049436
42054081,NA,NA,2,NA,NA,NA,NA,0,https://www.airbnb.com/rooms/42054081
42058731,$72.00,Neighborhood highlights,1,1,1,1,4.76,50,https://www.airbnb.com/rooms/42058731
42060310,NA,NA,2,NA,1,NA,NA,0,https://www.airbnb.com/rooms/42060310
42064801,NA,NA,1,NA,NA,NA,NA,0,https://www.airbnb.com/rooms/42064801
42067285,$51.00,NA,2,1,1,1,4.65,37,https://www.airbnb.com/rooms/42067285
42073495,NA,NA,1,NA,0,NA,NA,0,https://www.airbnb.com/rooms/42073495
42082740,$375.00,NA,5,2,2,2,4.67,3,https://www.airbnb.com/rooms/42082740
42088954,$78.00,NA,2,1,1,1,4.71,62,https://www.airbnb.com/rooms/42088954
42096534,NA,NA,2,NA,0,NA,NA,0,https://www.airbnb.com/rooms/42096534
42096541,NA,NA,1,NA,NA,NA,NA,0,https://www.airbnb.com/rooms/42096541
42097281,$360.00,Neighborhood highlights,16,2,4,7,4.68,37,https://www.airbnb.com/rooms/42097281
42100726,NA,NA,2,NA,1,NA,NA,0,https://www.airbnb.com/rooms/42100726
42101442,NA,Neighborhood highlights,2,NA,NA,NA,NA,0,https://www.airbnb.com/rooms/42101442
42108317,$72.00,Neighborhood highlights,1,0,1,1,5,1,https://www.airbnb.com/rooms/42108317
42108441,$75.00,Neighborhood highlights,8,1,1,3,4.5,10,https://www.airbnb.com/rooms/42108441
42108730,$125.00,Neighborhood highlights,4,1,1,4,NA,0,https://www.airbnb.com/rooms/42108730
42109614,NA,NA,2,NA,1,NA,NA,0,https://www.airbnb.com/rooms/42109614
42110436,$85.00,NA,2,1,1,2,4.33,3,https://www.airbnb.com/rooms/42110436
42112149,$65.00,NA,1,4,1,1,4.67,6,https://www.airbnb.com/rooms/42112149
42112271,$65.00,NA,1,4,1,1,4.6,10,https://www.airbnb.com/rooms/42112271
42112694,NA,NA,1,NA,1,NA,4,4,https://www.airbnb.com/rooms/42112694
42113651,NA,Neighborhood highlights,4,NA,2,NA,NA,0,https://www.airbnb.com/rooms/42113651
42115659,NA,NA,1,NA,1,NA,5,1,https://www.airbnb.com/rooms/42115659
42115999,NA,NA,1,NA,NA,NA,NA,0,https://www.airbnb.com/rooms/42115999
42120317,NA,NA,2,NA,NA,NA,5,1,https://www.airbnb.com/rooms/42120317
42132039,$270.00,NA,6,2,2,3,5,2,https://www.airbnb.com/rooms/42132039
42134520,NA,NA,2,NA,NA,NA,NA,0,https://www.airbnb.com/rooms/42134520
42137211,$165.00,NA,2,1,1,1,4.8,5,https://www.airbnb.com/rooms/42137211
42137790,$120.00,Neighborhood highlights,4,1,1,1,5,2,https://www.airbnb.com/rooms/42137790
42151482,NA,Neighborhood highlights,4,NA,2,NA,4.75,4,https://www.airbnb.com/rooms/42151482
42151717,NA,Neighborhood highlights,4,NA,1,NA,NA,0,https://www.airbnb.com/rooms/42151717
42154630,$180.00,Neighborhood highlights,4,1,2,2,4.76,107,https://www.airbnb.com/rooms/42154630
42156206,NA,NA,2,NA,1,NA,5,1,https://www.airbnb.com/rooms/42156206
42156533,NA,NA,2,NA,1,NA,NA,0,https://www.airbnb.com/rooms/42156533
42156706,NA,Neighborhood highlights,4,NA,1,NA,NA,0,https://www.airbnb.com/rooms/42156706
42159545,$125.00,Neighborhood highlights,6,1,3,NA,4.84,31,https://www.airbnb.com/rooms/42159545
42160230,"$1,200.00",NA,5,3,3,4,NA,0,https://www.airbnb.com/rooms/42160230
42161973,$62.00,Neighborhood highlights,2,1,1,1,4.78,9,https://www.airbnb.com/rooms/42161973
42176500,NA,Neighborhood highlights,4,NA,2,NA,NA,0,https://www.airbnb.com/rooms/42176500
42180416,$50.00,Neighborhood highlights,1,1,1,1,NA,0,https://www.airbnb.com/rooms/42180416
42180684,NA,Neighborhood highlights,2,NA,1,NA,NA,0,https://www.airbnb.com/rooms/42180684
42194646,$135.00,NA,1,1,0,1,NA,0,https://www.airbnb.com/rooms/42194646
42195148,$191.00,Neighborhood highlights,4,1,1,2,4.71,7,https://www.airbnb.com/rooms/42195148
42195727,NA,Neighborhood highlights,2,NA,NA,NA,5,4,https://www.airbnb.com/rooms/42195727
42196666,$69.00,Neighborhood highlights,2,1,1,2,5,10,https://www.airbnb.com/rooms/42196666
42205519,NA,Neighborhood highlights,2,NA,NA,NA,NA,0,https://www.airbnb.com/rooms/42205519
42206628,NA,Neighborhood highlights,2,NA,NA,NA,5,2,https://www.airbnb.com/rooms/42206628
42207141,$190.00,Neighborhood highlights,2,1,1,1,4.4,5,https://www.airbnb.com/rooms/42207141
42207528,NA,Neighborhood highlights,6,NA,3,NA,4.5,2,https://www.airbnb.com/rooms/42207528
42215473,NA,NA,2,NA,NA,NA,5,1,https://www.airbnb.com/rooms/42215473
42219242,"$1,493.00",Neighborhood highlights,7,1,3,4,5,6,https://www.airbnb.com/rooms/42219242
42220001,$135.00,NA,1,1,0,1,NA,0,https://www.airbnb.com/rooms/42220001
42220146,$99.00,NA,1,1,1,1,NA,0,https://www.airbnb.com/rooms/42220146
42220178,NA,NA,1,NA,NA,NA,5,2,https://www.airbnb.com/rooms/42220178
42223418,NA,NA,3,NA,NA,NA,5,1,https://www.airbnb.com/rooms/42223418
42227393,NA,NA,2,NA,NA,NA,NA,0,https://www.airbnb.com/rooms/42227393
42231473,$431.00,NA,8,2,3,4,5,1,https://www.airbnb.com/rooms/42231473
42233148,$143.00,Neighborhood highlights,1,1,1,1,4.96,27,https://www.airbnb.com/rooms/42233148
42244519,NA,Neighborhood highlights,1,NA,NA,NA,NA,0,https://www.airbnb.com/rooms/42244519
42245079,$104.00,NA,2,1,0,1,4.91,11,https://www.airbnb.com/rooms/42245079
42245107,$105.00,NA,2,1,0,1,4.73,11,https://www.airbnb.com/rooms/42245107
42249744,$600.00,NA,6,2.5,4,4,4.94,18,https://www.airbnb.com/rooms/42249744
42265116,NA,NA,2,NA,1,NA,NA,0,https://www.airbnb.com/rooms/42265116
42265787,$300.00,Neighborhood highlights,12,3.5,4,8,4.5,22,https://www.airbnb.com/rooms/42265787
42273545,$70.00,Neighborhood highlights,1,1,1,0,5,8,https://www.airbnb.com/rooms/42273545
42274209,$123.00,Neighborhood highlights,2,1,0,2,4.63,8,https://www.airbnb.com/rooms/42274209
42274546,NA,Neighborhood highlights,8,NA,2,NA,NA,0,https://www.airbnb.com/rooms/42274546
42274866,$60.00,Neighborhood highlights,1,1,1,1,4.8,20,https://www.airbnb.com/rooms/42274866
42275019,NA,NA,3,NA,1,NA,NA,0,https://www.airbnb.com/rooms/42275019
42289549,$130.00,Neighborhood highlights,2,1,1,1,5,2,https://www.airbnb.com/rooms/42289549
42289806,NA,Neighborhood highlights,2,NA,NA,NA,4.61,169,https://www.airbnb.com/rooms/42289806
42303747,$35.00,Neighborhood highlights,1,1,1,2,4.96,24,https://www.airbnb.com/rooms/42303747
42303999,NA,Neighborhood highlights,2,NA,1,NA,NA,0,https://www.airbnb.com/rooms/42303999
42306406,$146.00,Neighborhood highlights,2,2,2,2,5,1,https://www.airbnb.com/rooms/42306406
42310158,NA,Neighborhood highlights,2,NA,1,NA,4.91,47,https://www.airbnb.com/rooms/42310158
42311578,$215.00,Neighborhood highlights,3,1,0,2,4.93,86,https://www.airbnb.com/rooms/42311578
42313819,NA,Neighborhood highlights,5,NA,2,NA,5,2,https://www.airbnb.com/rooms/42313819
42315953,$50.00,Neighborhood highlights,2,1,1,1,5,3,https://www.airbnb.com/rooms/42315953
42316455,NA,NA,6,NA,2,NA,5,5,https://www.airbnb.com/rooms/42316455
42322230,NA,NA,4,NA,3,NA,NA,0,https://www.airbnb.com/rooms/42322230
42326667,NA,NA,3,NA,1,NA,NA,0,https://www.airbnb.com/rooms/42326667
42331212,$370.00,Neighborhood highlights,4,2,2,2,5,4,https://www.airbnb.com/rooms/42331212
42332206,$375.00,Neighborhood highlights,6,2,2,2,5,4,https://www.airbnb.com/rooms/42332206
42332401,$375.00,Neighborhood highlights,6,2,2,2,5,1,https://www.airbnb.com/rooms/42332401
42336485,NA,Neighborhood highlights,6,NA,3,NA,4.46,28,https://www.airbnb.com/rooms/42336485
42338062,$168.00,Neighborhood highlights,2,1,1,1,4.92,170,https://www.airbnb.com/rooms/42338062
42343069,NA,Neighborhood highlights,4,NA,1,NA,5,7,https://www.airbnb.com/rooms/42343069
42344532,NA,Neighborhood highlights,2,NA,1,NA,5,1,https://www.airbnb.com/rooms/42344532
42360275,$102.00,Neighborhood highlights,11,1,3,8,4.63,63,https://www.airbnb.com/rooms/42360275
42360787,NA,NA,2,NA,NA,NA,NA,0,https://www.airbnb.com/rooms/42360787
42362567,NA,NA,4,NA,1,NA,4.7,10,https://www.airbnb.com/rooms/42362567
42364937,NA,NA,2,NA,NA,NA,NA,0,https://www.airbnb.com/rooms/42364937
42374905,NA,Neighborhood highlights,2,NA,NA,NA,NA,0,https://www.airbnb.com/rooms/42374905
42377787,$155.00,Neighborhood highlights,2,1,1,1,4.97,34,https://www.airbnb.com/rooms/42377787
42379175,$83.00,Neighborhood highlights,2,1,1,0,4.98,54,https://www.airbnb.com/rooms/42379175
42379755,NA,Neighborhood highlights,4,NA,1,NA,NA,0,https://www.airbnb.com/rooms/42379755
42380644,$70.00,Neighborhood highlights,2,1,1,1,4.65,109,https://www.airbnb.com/rooms/42380644
42381143,NA,Neighborhood highlights,2,NA,NA,NA,NA,0,https://www.airbnb.com/rooms/42381143
42386569,$195.00,NA,4,1,2,2,4.65,26,https://www.airbnb.com/rooms/42386569
42389365,$135.00,NA,2,1,1,2,4.71,34,https://www.airbnb.com/rooms/42389365
42389957,$140.00,NA,2,1,1,1,4.6,35,https://www.airbnb.com/rooms/42389957
42390283,NA,Neighborhood highlights,4,NA,1,NA,NA,0,https://www.airbnb.com/rooms/42390283
42390702,NA,Neighborhood highlights,4,NA,1,NA,NA,0,https://www.airbnb.com/rooms/42390702
42391932,$95.00,Neighborhood highlights,2,1,0,1,5,1,https://www.airbnb.com/rooms/42391932
42401212,$150.00,NA,3,1,0,1,4.57,72,https://www.airbnb.com/rooms/42401212
42402259,$80.00,Neighborhood highlights,1,1,1,1,4.82,11,https://www.airbnb.com/rooms/42402259
42402892,NA,Neighborhood highlights,2,NA,2,NA,NA,0,https://www.airbnb.com/rooms/42402892
42404526,$422.00,Neighborhood highlights,2,1,1,1,NA,0,https://www.airbnb.com/rooms/42404526
42404625,$297.00,Neighborhood highlights,2,1,1,1,NA,0,https://www.airbnb.com/rooms/42404625
42404665,$387.00,Neighborhood highlights,2,1,1,1,5,2,https://www.airbnb.com/rooms/42404665
42404707,$518.00,Neighborhood highlights,4,2,2,2,NA,0,https://www.airbnb.com/rooms/42404707
42405152,$110.00,NA,3,1,1,2,4.55,22,https://www.airbnb.com/rooms/42405152
42406076,$150.00,NA,4,1,2,2,4.49,45,https://www.airbnb.com/rooms/42406076
42406399,$55.00,Neighborhood highlights,2,1,1,1,4.95,22,https://www.airbnb.com/rooms/42406399
42410393,$131.00,NA,2,1,1,1,4.67,3,https://www.airbnb.com/rooms/42410393
42426655,NA,Neighborhood highlights,2,NA,1,NA,NA,0,https://www.airbnb.com/rooms/42426655
42427593,NA,Neighborhood highlights,2,NA,1,NA,5,3,https://www.airbnb.com/rooms/42427593
42433863,$115.00,Neighborhood highlights,4,1,1,1,4.73,122,https://www.airbnb.com/rooms/42433863
42435000,NA,NA,8,NA,4,NA,5,1,https://www.airbnb.com/rooms/42435000
42436595,NA,Neighborhood highlights,2,NA,NA,NA,5,3,https://www.airbnb.com/rooms/42436595
42436819,NA,Neighborhood highlights,6,NA,2,NA,4,2,https://www.airbnb.com/rooms/42436819
42437972,NA,Neighborhood highlights,1,NA,1,NA,NA,0,https://www.airbnb.com/rooms/42437972
42438973,$150.00,Neighborhood highlights,2,1,0,1,4.87,62,https://www.airbnb.com/rooms/42438973
42440198,$150.00,Neighborhood highlights,2,1,1,1,4.99,72,https://www.airbnb.com/rooms/42440198
42444354,$185.00,Neighborhood highlights,4,1,2,3,5,5,https://www.airbnb.com/rooms/42444354
42446225,$80.00,Neighborhood highlights,2,1,1,1,4.62,13,https://www.airbnb.com/rooms/42446225
42446402,NA,Neighborhood highlights,2,NA,NA,NA,NA,0,https://www.airbnb.com/rooms/42446402
42449569,$150.00,Neighborhood highlights,2,1,1,1,NA,0,https://www.airbnb.com/rooms/42449569
42449656,$139.00,Neighborhood highlights,2,1,1,1,4.8,15,https://www.airbnb.com/rooms/42449656
42451008,$187.00,Neighborhood highlights,4,1,2,3,4.78,9,https://www.airbnb.com/rooms/42451008
42467234,$250.00,Neighborhood highlights,3,1,2,2,5,11,https://www.airbnb.com/rooms/42467234
42470218,NA,NA,2,NA,NA,NA,NA,0,https://www.airbnb.com/rooms/42470218
42471821,NA,NA,2,NA,1,NA,NA,0,https://www.airbnb.com/rooms/42471821
42471990,$500.00,Neighborhood highlights,2,1,1,NA,5,2,https://www.airbnb.com/rooms/42471990
42472632,$65.00,Neighborhood highlights,2,1,1,1,5,3,https://www.airbnb.com/rooms/42472632
42472907,NA,Neighborhood highlights,2,NA,1,NA,NA,0,https://www.airbnb.com/rooms/42472907
42473749,$99.00,Neighborhood highlights,2,1,1,1,4.77,13,https://www.airbnb.com/rooms/42473749
42473796,NA,NA,4,NA,2,NA,4.71,14,https://www.airbnb.com/rooms/42473796
42475458,NA,Neighborhood highlights,3,NA,NA,NA,NA,0,https://www.airbnb.com/rooms/42475458
42476362,$275.00,Neighborhood highlights,12,2,4,6,4.63,16,https://www.airbnb.com/rooms/42476362
42484276,NA,NA,3,NA,1,NA,NA,0,https://www.airbnb.com/rooms/42484276
42485189,NA,NA,6,NA,3,NA,NA,0,https://www.airbnb.com/rooms/42485189
42486136,$59.00,Neighborhood highlights,2,1,1,1,5,7,https://www.airbnb.com/rooms/42486136
42489045,NA,NA,3,NA,2,NA,NA,0,https://www.airbnb.com/rooms/42489045
42494731,$122.00,Neighborhood highlights,6,1,3,4,4.76,74,https://www.airbnb.com/rooms/42494731
42495508,$150.00,Neighborhood highlights,6,1,2,3,4.68,40,https://www.airbnb.com/rooms/42495508
42495863,NA,NA,2,NA,1,NA,NA,0,https://www.airbnb.com/rooms/42495863
42497920,NA,Neighborhood highlights,2,NA,NA,NA,3.5,2,https://www.airbnb.com/rooms/42497920
42498442,$55.00,Neighborhood highlights,2,1,1,1,4.5,2,https://www.airbnb.com/rooms/42498442
42498458,NA,Neighborhood highlights,2,NA,NA,NA,NA,0,https://www.airbnb.com/rooms/42498458
42498484,$60.00,Neighborhood highlights,2,1,1,1,5,1,https://www.airbnb.com/rooms/42498484
42502510,$120.00,NA,2,1,1,2,4.82,17,https://www.airbnb.com/rooms/42502510
42504616,$125.00,NA,2,1,0,1,4.86,21,https://www.airbnb.com/rooms/42504616
42507431,NA,Neighborhood highlights,4,NA,2,NA,NA,0,https://www.airbnb.com/rooms/42507431
42507723,$124.00,Neighborhood highlights,8,1,3,4,4.82,179,https://www.airbnb.com/rooms/42507723
42508957,NA,Neighborhood highlights,1,NA,1,NA,NA,0,https://www.airbnb.com/rooms/42508957
42511429,NA,Neighborhood highlights,4,NA,1,NA,NA,0,https://www.airbnb.com/rooms/42511429
42515407,NA,Neighborhood highlights,2,NA,1,NA,5,4,https://www.airbnb.com/rooms/42515407
42517630,NA,NA,2,NA,NA,NA,NA,0,https://www.airbnb.com/rooms/42517630
42518035,NA,NA,4,NA,NA,NA,NA,0,https://www.airbnb.com/rooms/42518035
42518749,NA,Neighborhood highlights,2,NA,1,NA,NA,0,https://www.airbnb.com/rooms/42518749
42527345,$75.00,Neighborhood highlights,2,1,1,1,4.75,79,https://www.airbnb.com/rooms/42527345
42529554,$199.00,NA,2,1,2,2,4.93,124,https://www.airbnb.com/rooms/42529554
42529743,NA,Neighborhood highlights,2,NA,NA,NA,NA,0,https://www.airbnb.com/rooms/42529743
42532821,$850.00,Neighborhood highlights,4,1,2,2,4.71,7,https://www.airbnb.com/rooms/42532821
42533977,NA,NA,4,NA,1,NA,NA,0,https://www.airbnb.com/rooms/42533977
42534382,$91.00,NA,1,1,1,1,4.83,18,https://www.airbnb.com/rooms/42534382
42535595,$125.00,Neighborhood highlights,2,1,1,1,4.95,21,https://www.airbnb.com/rooms/42535595
42536123,$105.00,NA,2,1,1,1,5,5,https://www.airbnb.com/rooms/42536123
42540705,NA,Neighborhood highlights,2,NA,NA,NA,5,1,https://www.airbnb.com/rooms/42540705
42541688,$104.00,NA,2,1,1,1,4.86,14,https://www.airbnb.com/rooms/42541688
42564180,NA,Neighborhood highlights,3,NA,2,NA,NA,0,https://www.airbnb.com/rooms/42564180
42567610,$171.00,Neighborhood highlights,2,1,1,2,5,16,https://www.airbnb.com/rooms/42567610
42568289,NA,Neighborhood highlights,4,NA,2,NA,NA,0,https://www.airbnb.com/rooms/42568289
42576029,NA,Neighborhood highlights,3,NA,2,NA,NA,0,https://www.airbnb.com/rooms/42576029
42579856,NA,NA,2,NA,NA,NA,NA,0,https://www.airbnb.com/rooms/42579856
42579881,$374.00,Neighborhood highlights,2,1,1,1,4.81,47,https://www.airbnb.com/rooms/42579881
42580405,NA,NA,7,NA,3,NA,NA,0,https://www.airbnb.com/rooms/42580405
42582390,$155.00,NA,2,1,1,2,NA,0,https://www.airbnb.com/rooms/42582390
42584450,$125.00,Neighborhood highlights,3,1,0,2,4.4,5,https://www.airbnb.com/rooms/42584450
42584572,NA,Neighborhood highlights,11,NA,4,NA,4.81,225,https://www.airbnb.com/rooms/42584572
42586350,NA,Neighborhood highlights,1,NA,1,NA,NA,0,https://www.airbnb.com/rooms/42586350
42586385,$80.00,Neighborhood highlights,2,1,1,1,4.33,3,https://www.airbnb.com/rooms/42586385
42586407,$70.00,Neighborhood highlights,2,0,1,1,4.83,23,https://www.airbnb.com/rooms/42586407
42586747,$65.00,Neighborhood highlights,2,1,1,1,NA,0,https://www.airbnb.com/rooms/42586747
42587049,NA,Neighborhood highlights,2,NA,NA,NA,NA,0,https://www.airbnb.com/rooms/42587049
42587306,NA,Neighborhood highlights,2,NA,NA,NA,4.75,4,https://www.airbnb.com/rooms/42587306
42589526,$200.00,Neighborhood highlights,2,1,1,1,NA,0,https://www.airbnb.com/rooms/42589526
42596536,$123.00,Neighborhood highlights,3,1,0,2,5,2,https://www.airbnb.com/rooms/42596536
42602038,$410.00,NA,5,2,2,2,4.8,10,https://www.airbnb.com/rooms/42602038
42603616,NA,NA,3,NA,NA,NA,5,1,https://www.airbnb.com/rooms/42603616
42608714,NA,Neighborhood highlights,5,NA,1,NA,NA,0,https://www.airbnb.com/rooms/42608714
42611563,NA,Neighborhood highlights,2,NA,NA,NA,NA,0,https://www.airbnb.com/rooms/42611563
42619785,NA,NA,4,NA,2,NA,NA,0,https://www.airbnb.com/rooms/42619785
42620528,$250.00,Neighborhood highlights,4,1,2,2,4.96,115,https://www.airbnb.com/rooms/42620528
42621078,NA,Neighborhood highlights,1,NA,NA,NA,5,2,https://www.airbnb.com/rooms/42621078
42627429,NA,Neighborhood highlights,2,NA,NA,NA,5,2,https://www.airbnb.com/rooms/42627429
42638833,$200.00,Neighborhood highlights,4,1,1,3,NA,0,https://www.airbnb.com/rooms/42638833
42638992,NA,NA,3,NA,2,NA,4.76,17,https://www.airbnb.com/rooms/42638992
42640224,$250.00,Neighborhood highlights,6,2,2,3,NA,0,https://www.airbnb.com/rooms/42640224
42645101,"$1,300.00",Neighborhood highlights,6,2,2,4,4.98,160,https://www.airbnb.com/rooms/42645101
42646388,NA,Neighborhood highlights,5,NA,1,NA,4.88,8,https://www.airbnb.com/rooms/42646388
42646413,$70.00,Neighborhood highlights,2,1,1,1,NA,0,https://www.airbnb.com/rooms/42646413
42646624,$65.00,Neighborhood highlights,2,1,1,NA,5,2,https://www.airbnb.com/rooms/42646624
42646720,NA,Neighborhood highlights,2,NA,NA,NA,5,1,https://www.airbnb.com/rooms/42646720
42648198,$72.00,Neighborhood highlights,1,1,1,1,4.86,7,https://www.airbnb.com/rooms/42648198
42653979,NA,Neighborhood highlights,2,NA,1,NA,5,1,https://www.airbnb.com/rooms/42653979
42657328,NA,Neighborhood highlights,2,NA,NA,NA,NA,0,https://www.airbnb.com/rooms/42657328
42662526,NA,Neighborhood highlights,2,NA,2,NA,NA,0,https://www.airbnb.com/rooms/42662526
42665214,NA,Neighborhood highlights,6,NA,2,NA,NA,0,https://www.airbnb.com/rooms/42665214
42666455,NA,Neighborhood highlights,3,NA,1,NA,NA,0,https://www.airbnb.com/rooms/42666455
42667303,$140.00,NA,3,1,1,1,4,2,https://www.airbnb.com/rooms/42667303
42669190,NA,Neighborhood highlights,3,NA,2,NA,NA,0,https://www.airbnb.com/rooms/42669190
42670169,NA,NA,1,NA,NA,NA,NA,0,https://www.airbnb.com/rooms/42670169
42670184,NA,NA,2,NA,1,NA,NA,0,https://www.airbnb.com/rooms/42670184
42672172,$111.00,Neighborhood highlights,2,1,0,1,4.47,211,https://www.airbnb.com/rooms/42672172
42679293,NA,Neighborhood highlights,2,NA,1,NA,5,1,https://www.airbnb.com/rooms/42679293
42682391,NA,NA,1,NA,1,NA,4.71,7,https://www.airbnb.com/rooms/42682391
42682643,$65.00,NA,1,4,1,1,4.45,11,https://www.airbnb.com/rooms/42682643
42682747,$65.00,NA,1,4,1,1,4.62,13,https://www.airbnb.com/rooms/42682747
42683130,$75.00,NA,2,4,1,1,4.83,6,https://www.airbnb.com/rooms/42683130
42686803,NA,NA,1,NA,NA,NA,NA,0,https://www.airbnb.com/rooms/42686803
42688012,$158.00,Neighborhood highlights,3,1,0,2,4.95,21,https://www.airbnb.com/rooms/42688012
42689441,$199.00,NA,6,1,2,2,4.89,66,https://www.airbnb.com/rooms/42689441
42689679,NA,NA,3,NA,1,NA,NA,0,https://www.airbnb.com/rooms/42689679
42689810,$235.00,Neighborhood highlights,3,2,3,3,4.67,85,https://www.airbnb.com/rooms/42689810
42690493,$73.00,Neighborhood highlights,2,1,1,1,4.91,34,https://www.airbnb.com/rooms/42690493
42693824,NA,Neighborhood highlights,1,NA,NA,NA,NA,0,https://www.airbnb.com/rooms/42693824
42693963,NA,Neighborhood highlights,2,NA,NA,NA,NA,0,https://www.airbnb.com/rooms/42693963
42694266,NA,Neighborhood highlights,1,NA,NA,NA,NA,0,https://www.airbnb.com/rooms/42694266
42694722,NA,Neighborhood highlights,2,NA,NA,NA,4.94,50,https://www.airbnb.com/rooms/42694722
42695549,NA,NA,4,NA,NA,NA,NA,0,https://www.airbnb.com/rooms/42695549
42708978,NA,NA,2,NA,NA,NA,NA,0,https://www.airbnb.com/rooms/42708978
42711037,$259.00,Neighborhood highlights,1,1,1,1,4.98,97,https://www.airbnb.com/rooms/42711037
42715179,NA,NA,6,NA,1,NA,NA,0,https://www.airbnb.com/rooms/42715179
42717193,NA,NA,4,NA,1,NA,4.53,19,https://www.airbnb.com/rooms/42717193
42718455,NA,Neighborhood highlights,2,NA,NA,NA,NA,0,https://www.airbnb.com/rooms/42718455
42726674,$80.00,Neighborhood highlights,2,1,0,2,4.41,17,https://www.airbnb.com/rooms/42726674
42735065,$123.00,Neighborhood highlights,3,1,0,2,4.86,7,https://www.airbnb.com/rooms/42735065
42735424,$134.00,Neighborhood highlights,2,1,1,2,5,4,https://www.airbnb.com/rooms/42735424
42735863,$180.00,Neighborhood highlights,4,1,2,3,3.5,2,https://www.airbnb.com/rooms/42735863
42736392,NA,NA,4,NA,NA,NA,NA,0,https://www.airbnb.com/rooms/42736392
42738424,$370.00,NA,5,2,2,2,4.55,11,https://www.airbnb.com/rooms/42738424
42741138,$55.00,NA,1,1,1,1,4.88,25,https://www.airbnb.com/rooms/42741138
42743073,NA,Neighborhood highlights,5,NA,NA,NA,NA,0,https://www.airbnb.com/rooms/42743073
42743290,NA,Neighborhood highlights,3,NA,1,NA,4.33,3,https://www.airbnb.com/rooms/42743290
42744670,NA,Neighborhood highlights,2,NA,NA,NA,NA,0,https://www.airbnb.com/rooms/42744670
42745382,$200.00,NA,4,1,2,3,NA,0,https://www.airbnb.com/rooms/42745382
42746430,NA,Neighborhood highlights,2,NA,NA,NA,4.82,11,https://www.airbnb.com/rooms/42746430
42746488,$134.00,Neighborhood highlights,2,1,0,2,4.56,220,https://www.airbnb.com/rooms/42746488
42750969,NA,NA,2,NA,NA,NA,NA,0,https://www.airbnb.com/rooms/42750969
42755540,NA,Neighborhood highlights,1,NA,NA,NA,NA,0,https://www.airbnb.com/rooms/42755540
42757120,NA,NA,3,NA,NA,NA,5,1,https://www.airbnb.com/rooms/42757120
42758764,$200.00,Neighborhood highlights,4,1,2,2,4.43,14,https://www.airbnb.com/rooms/42758764
42761887,$45.00,Neighborhood highlights,4,1,1,2,1,1,https://www.airbnb.com/rooms/42761887
42762081,NA,Neighborhood highlights,1,NA,NA,NA,3,4,https://www.airbnb.com/rooms/42762081
42764053,NA,NA,1,NA,1,NA,5,1,https://www.airbnb.com/rooms/42764053
42764450,NA,Neighborhood highlights,2,NA,NA,NA,NA,0,https://www.airbnb.com/rooms/42764450
42769704,$39.00,Neighborhood highlights,1,1,1,1,4.33,3,https://www.airbnb.com/rooms/42769704
42770658,$45.00,Neighborhood highlights,2,1,1,1,4.5,2,https://www.airbnb.com/rooms/42770658
42770756,NA,Neighborhood highlights,1,NA,NA,NA,2,1,https://www.airbnb.com/rooms/42770756
42771207,$48.00,Neighborhood highlights,2,1,1,1,4,2,https://www.airbnb.com/rooms/42771207
42774089,NA,NA,2,NA,1,NA,NA,0,https://www.airbnb.com/rooms/42774089
42784564,NA,NA,4,NA,1,NA,NA,0,https://www.airbnb.com/rooms/42784564
42788958,$80.00,Neighborhood highlights,1,1,1,1,5,2,https://www.airbnb.com/rooms/42788958
42789033,NA,Neighborhood highlights,2,NA,NA,NA,NA,0,https://www.airbnb.com/rooms/42789033
42795401,NA,Neighborhood highlights,2,NA,NA,NA,5,1,https://www.airbnb.com/rooms/42795401
42795487,NA,Neighborhood highlights,1,NA,NA,NA,4,1,https://www.airbnb.com/rooms/42795487
42795515,NA,Neighborhood highlights,2,NA,NA,NA,4.57,7,https://www.airbnb.com/rooms/42795515
42800812,NA,Neighborhood highlights,1,NA,NA,NA,4,4,https://www.airbnb.com/rooms/42800812
42805340,$270.00,NA,5,1,2,2,4.67,3,https://www.airbnb.com/rooms/42805340
42806766,$337.00,Neighborhood highlights,2,1,1,1,1,1,https://www.airbnb.com/rooms/42806766
42812068,$499.00,Neighborhood highlights,11,3.5,4,5,NA,0,https://www.airbnb.com/rooms/42812068
42812799,NA,NA,2,NA,NA,NA,NA,0,https://www.airbnb.com/rooms/42812799
42813732,NA,NA,2,NA,1,NA,NA,0,https://www.airbnb.com/rooms/42813732
42814604,NA,Neighborhood highlights,3,NA,NA,NA,NA,0,https://www.airbnb.com/rooms/42814604
42817298,$118.00,Neighborhood highlights,1,1,1,1,4.96,47,https://www.airbnb.com/rooms/42817298
42817699,$200.00,Neighborhood highlights,2,1,1,1,5,2,https://www.airbnb.com/rooms/42817699
42818093,$160.00,Neighborhood highlights,2,1,0,1,NA,0,https://www.airbnb.com/rooms/42818093
42827034,NA,Neighborhood highlights,2,NA,NA,NA,NA,0,https://www.airbnb.com/rooms/42827034
42835727,$116.00,NA,2,1,1,1,4.91,11,https://www.airbnb.com/rooms/42835727
42835790,$115.00,NA,2,1,0,1,4.86,14,https://www.airbnb.com/rooms/42835790
42836963,NA,NA,1,NA,NA,NA,NA,0,https://www.airbnb.com/rooms/42836963
42840583,$70.00,Neighborhood highlights,2,1,1,1,5,1,https://www.airbnb.com/rooms/42840583
42841450,$145.00,Neighborhood highlights,4,1,2,2,4.87,101,https://www.airbnb.com/rooms/42841450
42841568,$189.00,Neighborhood highlights,4,1,2,2,NA,0,https://www.airbnb.com/rooms/42841568
42842323,NA,NA,2,NA,1,NA,5,1,https://www.airbnb.com/rooms/42842323
42868646,$217.00,Neighborhood highlights,2,1,0,1,NA,0,https://www.airbnb.com/rooms/42868646
42868661,$381.00,Neighborhood highlights,2,1,1,1,NA,0,https://www.airbnb.com/rooms/42868661
42871724,$125.00,Neighborhood highlights,6,1,2,4,4.78,77,https://www.airbnb.com/rooms/42871724
42871912,NA,NA,2,NA,1,NA,NA,0,https://www.airbnb.com/rooms/42871912
42878514,$225.00,NA,5,1,2,3,4.6,10,https://www.airbnb.com/rooms/42878514
42878855,NA,NA,6,NA,2,NA,NA,0,https://www.airbnb.com/rooms/42878855
42879079,NA,Neighborhood highlights,2,NA,1,NA,4.5,2,https://www.airbnb.com/rooms/42879079
42880564,$66.00,Neighborhood highlights,1,1,1,1,4.79,14,https://www.airbnb.com/rooms/42880564
42882271,NA,Neighborhood highlights,4,NA,2,NA,5,15,https://www.airbnb.com/rooms/42882271
42883053,NA,Neighborhood highlights,2,NA,NA,NA,NA,0,https://www.airbnb.com/rooms/42883053
42889062,$43.00,Neighborhood highlights,2,1,1,NA,NA,0,https://www.airbnb.com/rooms/42889062
42889280,NA,Neighborhood highlights,2,NA,NA,NA,NA,0,https://www.airbnb.com/rooms/42889280
42889599,NA,Neighborhood highlights,1,NA,NA,NA,3.67,3,https://www.airbnb.com/rooms/42889599
42889855,NA,Neighborhood highlights,2,NA,NA,NA,NA,0,https://www.airbnb.com/rooms/42889855
42890061,NA,Neighborhood highlights,1,NA,NA,NA,NA,0,https://www.airbnb.com/rooms/42890061
42890474,NA,Neighborhood highlights,3,NA,1,NA,NA,0,https://www.airbnb.com/rooms/42890474
42895670,$40.00,Neighborhood highlights,2,1,1,1,5,2,https://www.airbnb.com/rooms/42895670
42913200,$200.00,Neighborhood highlights,2,1,1,1,4,8,https://www.airbnb.com/rooms/42913200
42914015,$60.00,NA,3,1,1,2,3.93,15,https://www.airbnb.com/rooms/42914015
42916276,NA,NA,1,NA,NA,NA,NA,0,https://www.airbnb.com/rooms/42916276
42916427,NA,NA,1,NA,NA,NA,NA,0,https://www.airbnb.com/rooms/42916427
42916660,NA,Neighborhood highlights,2,NA,NA,NA,NA,0,https://www.airbnb.com/rooms/42916660
42916855,NA,Neighborhood highlights,1,NA,NA,NA,5,1,https://www.airbnb.com/rooms/42916855
42916918,NA,Neighborhood highlights,1,NA,NA,NA,5,3,https://www.airbnb.com/rooms/42916918
42925669,$180.00,NA,3,1,1,2,3.67,6,https://www.airbnb.com/rooms/42925669
42927800,$60.00,Neighborhood highlights,2,1,NA,1,NA,0,https://www.airbnb.com/rooms/42927800
42927825,$186.00,Neighborhood highlights,3,1,1,2,5,18,https://www.airbnb.com/rooms/42927825
42935766,NA,Neighborhood highlights,2,NA,NA,NA,4.67,6,https://www.airbnb.com/rooms/42935766
42935943,NA,Neighborhood highlights,2,NA,NA,NA,4.5,2,https://www.airbnb.com/rooms/42935943
42936229,$55.00,Neighborhood highlights,2,1,1,1,4.67,3,https://www.airbnb.com/rooms/42936229
42936364,$60.00,Neighborhood highlights,2,1,1,1,4.43,7,https://www.airbnb.com/rooms/42936364
42938172,NA,Neighborhood highlights,5,NA,2,NA,NA,0,https://www.airbnb.com/rooms/42938172
42938323,$228.00,Neighborhood highlights,2,1,1,1,5,1,https://www.airbnb.com/rooms/42938323
42942055,NA,Neighborhood highlights,2,NA,NA,NA,4,1,https://www.airbnb.com/rooms/42942055
42942408,$65.00,Neighborhood highlights,2,1,1,1,4,2,https://www.airbnb.com/rooms/42942408
42942722,NA,Neighborhood highlights,2,NA,NA,NA,5,1,https://www.airbnb.com/rooms/42942722
42942785,NA,Neighborhood highlights,2,NA,NA,NA,4,2,https://www.airbnb.com/rooms/42942785
42949133,$42.00,Neighborhood highlights,2,1,1,NA,4.5,2,https://www.airbnb.com/rooms/42949133
42950259,NA,NA,2,NA,NA,NA,NA,0,https://www.airbnb.com/rooms/42950259
42951968,$48.00,Neighborhood highlights,2,1,1,1,2.33,3,https://www.airbnb.com/rooms/42951968
42952092,NA,Neighborhood highlights,2,NA,NA,NA,NA,0,https://www.airbnb.com/rooms/42952092
42954820,NA,Neighborhood highlights,3,NA,NA,NA,NA,0,https://www.airbnb.com/rooms/42954820
42962887,NA,Neighborhood highlights,2,NA,NA,NA,NA,0,https://www.airbnb.com/rooms/42962887
42962993,NA,Neighborhood highlights,1,NA,NA,NA,NA,0,https://www.airbnb.com/rooms/42962993
42963167,NA,Neighborhood highlights,2,NA,NA,NA,4.5,2,https://www.airbnb.com/rooms/42963167
42965074,$125.00,Neighborhood highlights,6,2,2,2,4.73,113,https://www.airbnb.com/rooms/42965074
42970160,$95.00,NA,3,1,1,1,4.63,38,https://www.airbnb.com/rooms/42970160
42972333,NA,Neighborhood highlights,3,NA,1,NA,5,1,https://www.airbnb.com/rooms/42972333
42973039,$165.00,Neighborhood highlights,7,1,4,5,4.13,8,https://www.airbnb.com/rooms/42973039
42973259,$150.00,Neighborhood highlights,4,1,2,5,5,10,https://www.airbnb.com/rooms/42973259
42974078,NA,Neighborhood highlights,3,NA,3,NA,NA,0,https://www.airbnb.com/rooms/42974078
42974357,NA,NA,1,NA,NA,NA,NA,0,https://www.airbnb.com/rooms/42974357
42975131,NA,Neighborhood highlights,2,NA,2,NA,NA,0,https://www.airbnb.com/rooms/42975131
42975689,$199.00,Neighborhood highlights,5,1,1,1,4.76,29,https://www.airbnb.com/rooms/42975689
42978999,NA,Neighborhood highlights,2,NA,2,NA,NA,0,https://www.airbnb.com/rooms/42978999
42981740,NA,Neighborhood highlights,2,NA,1,NA,NA,0,https://www.airbnb.com/rooms/42981740
42982053,$85.00,Neighborhood highlights,2,1,1,1,4.84,96,https://www.airbnb.com/rooms/42982053
42982243,NA,Neighborhood highlights,2,NA,1,NA,5,1,https://www.airbnb.com/rooms/42982243
42988932,NA,NA,1,NA,1,NA,5,1,https://www.airbnb.com/rooms/42988932
42989102,$55.00,Neighborhood highlights,2,1,1,NA,NA,0,https://www.airbnb.com/rooms/42989102
42989213,$100.00,Neighborhood highlights,1,1,1,1,3.43,7,https://www.airbnb.com/rooms/42989213
42989701,NA,Neighborhood highlights,2,NA,1,NA,5,1,https://www.airbnb.com/rooms/42989701
42994330,NA,Neighborhood highlights,3,NA,1,NA,2,1,https://www.airbnb.com/rooms/42994330
42996551,NA,Neighborhood highlights,5,NA,2,NA,5,1,https://www.airbnb.com/rooms/42996551
42996746,NA,Neighborhood highlights,1,NA,NA,NA,4,2,https://www.airbnb.com/rooms/42996746
42997858,$186.00,Neighborhood highlights,3,1,1,2,5,16,https://www.airbnb.com/rooms/42997858
42998162,NA,NA,2,NA,NA,NA,NA,0,https://www.airbnb.com/rooms/42998162
42999074,NA,Neighborhood highlights,4,NA,3,NA,5,2,https://www.airbnb.com/rooms/42999074
42999798,$150.00,Neighborhood highlights,4,1,1,2,NA,0,https://www.airbnb.com/rooms/42999798
42999903,NA,NA,1,NA,NA,NA,NA,0,https://www.airbnb.com/rooms/42999903
43002373,NA,NA,4,NA,NA,NA,NA,0,https://www.airbnb.com/rooms/43002373
43008963,NA,Neighborhood highlights,3,NA,3,NA,NA,0,https://www.airbnb.com/rooms/43008963
43008966,NA,Neighborhood highlights,3,NA,3,NA,NA,0,https://www.airbnb.com/rooms/43008966
43011035,NA,Neighborhood highlights,3,NA,3,NA,NA,0,https://www.airbnb.com/rooms/43011035
43011293,$650.00,Neighborhood highlights,3,1,1,2,4.77,13,https://www.airbnb.com/rooms/43011293
43012924,$220.00,Neighborhood highlights,4,1,3,3,4.75,12,https://www.airbnb.com/rooms/43012924
43013278,NA,Neighborhood highlights,5,NA,2,NA,NA,0,https://www.airbnb.com/rooms/43013278
43018237,$115.00,Neighborhood highlights,2,1,1,1,4.8,5,https://www.airbnb.com/rooms/43018237
43021708,NA,Neighborhood highlights,4,NA,3,NA,NA,0,https://www.airbnb.com/rooms/43021708
43022394,NA,Neighborhood highlights,3,NA,3,NA,NA,0,https://www.airbnb.com/rooms/43022394
43022519,$220.00,Neighborhood highlights,2,1,0,1,4.8,10,https://www.airbnb.com/rooms/43022519
43022644,NA,Neighborhood highlights,3,NA,3,NA,NA,0,https://www.airbnb.com/rooms/43022644
43023204,NA,Neighborhood highlights,1,NA,NA,NA,NA,0,https://www.airbnb.com/rooms/43023204
43024159,NA,NA,1,NA,NA,NA,NA,0,https://www.airbnb.com/rooms/43024159
43032925,$140.00,Neighborhood highlights,2,1,1,3,4.75,121,https://www.airbnb.com/rooms/43032925
43033010,NA,NA,1,NA,1,NA,NA,0,https://www.airbnb.com/rooms/43033010
43034073,NA,Neighborhood highlights,3,NA,3,NA,NA,0,https://www.airbnb.com/rooms/43034073
43034137,NA,Neighborhood highlights,3,NA,3,NA,NA,0,https://www.airbnb.com/rooms/43034137
43034172,$200.00,Neighborhood highlights,4,1,2,2,4.87,15,https://www.airbnb.com/rooms/43034172
43038479,$38.00,Neighborhood highlights,1,1,1,1,4.5,6,https://www.airbnb.com/rooms/43038479
43038569,NA,NA,2,NA,1,NA,4.25,4,https://www.airbnb.com/rooms/43038569
43038680,$38.00,Neighborhood highlights,1,1,1,1,NA,0,https://www.airbnb.com/rooms/43038680
43038779,$43.00,Neighborhood highlights,1,2,1,1,NA,0,https://www.airbnb.com/rooms/43038779
43042861,$40.00,Neighborhood highlights,1,2,1,1,3,1,https://www.airbnb.com/rooms/43042861
43043013,NA,Neighborhood highlights,1,NA,NA,NA,NA,0,https://www.airbnb.com/rooms/43043013
43043180,NA,Neighborhood highlights,2,NA,NA,NA,NA,0,https://www.airbnb.com/rooms/43043180
43043695,$100.00,Neighborhood highlights,1,1,1,NA,NA,0,https://www.airbnb.com/rooms/43043695
43044060,NA,Neighborhood highlights,1,NA,NA,NA,NA,0,https://www.airbnb.com/rooms/43044060
43044085,$180.00,Neighborhood highlights,4,1,1,2,4.77,30,https://www.airbnb.com/rooms/43044085
43044132,$45.00,Neighborhood highlights,2,2.5,1,1,5,3,https://www.airbnb.com/rooms/43044132
43044308,NA,Neighborhood highlights,1,NA,NA,NA,4.67,3,https://www.airbnb.com/rooms/43044308
43044458,NA,Neighborhood highlights,2,NA,NA,NA,4.13,8,https://www.airbnb.com/rooms/43044458
43047305,NA,NA,6,NA,3,NA,NA,0,https://www.airbnb.com/rooms/43047305
43053403,NA,Neighborhood highlights,2,NA,NA,NA,5,3,https://www.airbnb.com/rooms/43053403
43053652,NA,Neighborhood highlights,1,NA,NA,NA,3.25,4,https://www.airbnb.com/rooms/43053652
43053681,NA,Neighborhood highlights,1,NA,NA,NA,5,2,https://www.airbnb.com/rooms/43053681
43054040,NA,NA,2,1,1,1,4.5,20,https://www.airbnb.com/rooms/43054040
43054170,$113.00,NA,2,1,1,1,4.6,5,https://www.airbnb.com/rooms/43054170
43061729,NA,NA,2,NA,1,NA,5,12,https://www.airbnb.com/rooms/43061729
43069280,$340.00,Neighborhood highlights,2,1,1,1,4.41,261,https://www.airbnb.com/rooms/43069280
43070436,NA,NA,2,NA,0,NA,NA,0,https://www.airbnb.com/rooms/43070436
43072325,NA,Neighborhood highlights,2,NA,1,NA,NA,0,https://www.airbnb.com/rooms/43072325
43077519,$105.00,NA,2,1,0,1,4.8,10,https://www.airbnb.com/rooms/43077519
43077828,NA,Neighborhood highlights,2,NA,NA,NA,4,2,https://www.airbnb.com/rooms/43077828
43080604,NA,Neighborhood highlights,2,NA,NA,NA,4,1,https://www.airbnb.com/rooms/43080604
43095223,NA,Neighborhood highlights,2,NA,NA,NA,5,1,https://www.airbnb.com/rooms/43095223
43095664,NA,Neighborhood highlights,1,NA,NA,NA,NA,0,https://www.airbnb.com/rooms/43095664
43096646,$210.00,Neighborhood highlights,4,1,2,2,4.67,3,https://www.airbnb.com/rooms/43096646
43097106,NA,NA,6,NA,2,NA,NA,0,https://www.airbnb.com/rooms/43097106
43098254,$450.00,NA,9,1.5,2,2,NA,0,https://www.airbnb.com/rooms/43098254
43104815,NA,Neighborhood highlights,2,NA,NA,NA,NA,0,https://www.airbnb.com/rooms/43104815
43104937,$120.00,Neighborhood highlights,2,1,1,1,4.84,150,https://www.airbnb.com/rooms/43104937
43106565,NA,Neighborhood highlights,3,NA,1,NA,NA,0,https://www.airbnb.com/rooms/43106565
43111767,$58.00,Neighborhood highlights,1,1,1,1,5,8,https://www.airbnb.com/rooms/43111767
43112861,NA,Neighborhood highlights,3,NA,1,NA,5,3,https://www.airbnb.com/rooms/43112861
43117248,NA,Neighborhood highlights,8,NA,3,NA,NA,0,https://www.airbnb.com/rooms/43117248
43118939,NA,Neighborhood highlights,3,NA,1,NA,NA,0,https://www.airbnb.com/rooms/43118939
43123958,$52.00,Neighborhood highlights,1,1,1,1,4.67,3,https://www.airbnb.com/rooms/43123958
43125802,NA,Neighborhood highlights,2,NA,NA,NA,5,1,https://www.airbnb.com/rooms/43125802
43126400,$150.00,Neighborhood highlights,4,1,2,2,4.71,7,https://www.airbnb.com/rooms/43126400
43131145,NA,Neighborhood highlights,1,NA,1,NA,3,1,https://www.airbnb.com/rooms/43131145
43131502,$59.00,Neighborhood highlights,2,2,1,1,4.5,8,https://www.airbnb.com/rooms/43131502
43132765,$107.00,Neighborhood highlights,2,1,1,1,4.92,72,https://www.airbnb.com/rooms/43132765
43147403,$175.00,Neighborhood highlights,5,2,3,4,NA,0,https://www.airbnb.com/rooms/43147403
43148901,NA,Neighborhood highlights,2,NA,1,NA,5,3,https://www.airbnb.com/rooms/43148901
43149336,NA,NA,2,NA,1,NA,4.67,3,https://www.airbnb.com/rooms/43149336
43150235,NA,NA,2,NA,NA,NA,NA,0,https://www.airbnb.com/rooms/43150235
43150520,$124.00,Neighborhood highlights,2,1,1,2,4.38,92,https://www.airbnb.com/rooms/43150520
43152182,$108.00,Neighborhood highlights,3,1,1,1,4.67,6,https://www.airbnb.com/rooms/43152182
43156881,$105.00,Neighborhood highlights,1,1,1,1,5,1,https://www.airbnb.com/rooms/43156881
43157624,NA,Neighborhood highlights,6,NA,2,NA,4.5,2,https://www.airbnb.com/rooms/43157624
43158150,NA,NA,4,NA,2,NA,5,1,https://www.airbnb.com/rooms/43158150
43161885,$212.00,Neighborhood highlights,2,1,1,2,4.66,135,https://www.airbnb.com/rooms/43161885
43163186,$200.00,NA,2,1,1,1,4.93,14,https://www.airbnb.com/rooms/43163186
43164910,NA,NA,2,NA,NA,NA,NA,0,https://www.airbnb.com/rooms/43164910
43170046,$160.00,NA,4,1,3,3,4.86,35,https://www.airbnb.com/rooms/43170046
43174785,$52.00,Neighborhood highlights,1,1,1,1,5,1,https://www.airbnb.com/rooms/43174785
43174844,$51.00,Neighborhood highlights,1,1,1,1,5,1,https://www.airbnb.com/rooms/43174844
43176850,NA,NA,2,NA,NA,NA,NA,0,https://www.airbnb.com/rooms/43176850
43177809,$199.00,Neighborhood highlights,2,1,1,0,NA,0,https://www.airbnb.com/rooms/43177809
43178622,NA,Neighborhood highlights,6,NA,2,NA,NA,0,https://www.airbnb.com/rooms/43178622
43185743,$239.00,Neighborhood highlights,2,1,2,2,4.86,118,https://www.airbnb.com/rooms/43185743
43189098,NA,Neighborhood highlights,4,NA,1,NA,NA,0,https://www.airbnb.com/rooms/43189098
43197566,$160.00,NA,7,1,2,4,4.73,48,https://www.airbnb.com/rooms/43197566
43203702,NA,Neighborhood highlights,8,NA,4,NA,5,1,https://www.airbnb.com/rooms/43203702
43207089,$52.00,Neighborhood highlights,2,1,1,1,4.76,74,https://www.airbnb.com/rooms/43207089
43207235,NA,NA,3,NA,2,NA,NA,0,https://www.airbnb.com/rooms/43207235
43211440,$43.00,Neighborhood highlights,1,2,1,1,4.5,2,https://www.airbnb.com/rooms/43211440
43211533,$47.00,Neighborhood highlights,1,2,1,1,NA,0,https://www.airbnb.com/rooms/43211533
43211635,$45.00,Neighborhood highlights,1,2,1,1,NA,0,https://www.airbnb.com/rooms/43211635
43211802,$47.00,Neighborhood highlights,1,2,1,1,4,1,https://www.airbnb.com/rooms/43211802
43213162,$105.00,Neighborhood highlights,2,1,1,1,5,11,https://www.airbnb.com/rooms/43213162
43218562,$75.00,Neighborhood highlights,2,1,1,1,NA,0,https://www.airbnb.com/rooms/43218562
43220447,$170.00,Neighborhood highlights,4,1,1,2,4.95,40,https://www.airbnb.com/rooms/43220447
43221088,$385.00,NA,4,1,2,2,NA,0,https://www.airbnb.com/rooms/43221088
43230953,$89.00,Neighborhood highlights,2,1,1,2,4.6,15,https://www.airbnb.com/rooms/43230953
43231672,$53.00,Neighborhood highlights,1,1,1,1,5,12,https://www.airbnb.com/rooms/43231672
43239496,$100.00,Neighborhood highlights,2,1,0,2,4.94,16,https://www.airbnb.com/rooms/43239496
43245711,NA,Neighborhood highlights,4,NA,1,NA,NA,0,https://www.airbnb.com/rooms/43245711
43245957,$175.00,Neighborhood highlights,2,1,0,1,4.61,38,https://www.airbnb.com/rooms/43245957
43247671,$300.00,NA,4,1,3,1,NA,0,https://www.airbnb.com/rooms/43247671
43251184,$52.00,Neighborhood highlights,1,1,1,1,NA,0,https://www.airbnb.com/rooms/43251184
43251246,$52.00,Neighborhood highlights,1,1,1,1,NA,0,https://www.airbnb.com/rooms/43251246
43251356,$52.00,Neighborhood highlights,1,1,1,1,4,1,https://www.airbnb.com/rooms/43251356
43251455,$52.00,Neighborhood highlights,1,1,1,1,1,1,https://www.airbnb.com/rooms/43251455
43251517,$53.00,Neighborhood highlights,1,1,1,1,4.33,3,https://www.airbnb.com/rooms/43251517
43251669,$51.00,Neighborhood highlights,1,1,1,1,4.67,3,https://www.airbnb.com/rooms/43251669
43251732,$52.00,Neighborhood highlights,1,1,1,1,NA,0,https://www.airbnb.com/rooms/43251732
43255573,$57.00,Neighborhood highlights,1,1,1,1,4.91,11,https://www.airbnb.com/rooms/43255573
43256993,NA,NA,4,NA,1,NA,NA,0,https://www.airbnb.com/rooms/43256993
43259385,$400.00,Neighborhood highlights,7,1.5,2,3,4.89,104,https://www.airbnb.com/rooms/43259385
43264586,NA,Neighborhood highlights,2,NA,NA,NA,5,1,https://www.airbnb.com/rooms/43264586
43266587,$168.00,Neighborhood highlights,2,1,1,1,4.8,40,https://www.airbnb.com/rooms/43266587
43267312,$180.00,Neighborhood highlights,2,1,0,1,4.55,42,https://www.airbnb.com/rooms/43267312
43267372,$165.00,Neighborhood highlights,2,1,0,1,4.6,25,https://www.airbnb.com/rooms/43267372
43268186,$160.00,Neighborhood highlights,2,1,0,1,5,1,https://www.airbnb.com/rooms/43268186
43268369,$215.00,Neighborhood highlights,2,1,NA,1,4.65,34,https://www.airbnb.com/rooms/43268369
43269018,NA,Neighborhood highlights,3,NA,2,NA,NA,0,https://www.airbnb.com/rooms/43269018
43269240,NA,Neighborhood highlights,3,NA,2,NA,NA,0,https://www.airbnb.com/rooms/43269240
43269341,NA,Neighborhood highlights,3,NA,2,NA,NA,0,https://www.airbnb.com/rooms/43269341
43270798,$150.00,Neighborhood highlights,2,1,0,1,4.17,6,https://www.airbnb.com/rooms/43270798
43271004,$200.00,Neighborhood highlights,2,1,1,1,4.83,47,https://www.airbnb.com/rooms/43271004
43275029,$70.00,Neighborhood highlights,1,1,1,1,NA,0,https://www.airbnb.com/rooms/43275029
43275110,$78.00,NA,2,1,0,2,NA,0,https://www.airbnb.com/rooms/43275110
43278897,$46.00,Neighborhood highlights,2,1.5,1,1,4.87,166,https://www.airbnb.com/rooms/43278897
43285857,NA,Neighborhood highlights,2,NA,1,NA,5,2,https://www.airbnb.com/rooms/43285857
43286413,NA,Neighborhood highlights,2,NA,2,NA,NA,0,https://www.airbnb.com/rooms/43286413
43289906,$125.00,Neighborhood highlights,2,1,0,2,4.71,34,https://www.airbnb.com/rooms/43289906
43292248,NA,NA,1,NA,1,NA,NA,0,https://www.airbnb.com/rooms/43292248
43292505,NA,Neighborhood highlights,2,NA,NA,NA,5,1,https://www.airbnb.com/rooms/43292505
43292588,NA,Neighborhood highlights,3,NA,2,NA,NA,0,https://www.airbnb.com/rooms/43292588
43293457,NA,Neighborhood highlights,1,1,1,1,NA,0,https://www.airbnb.com/rooms/43293457
43297952,NA,Neighborhood highlights,2,NA,NA,NA,NA,0,https://www.airbnb.com/rooms/43297952
43298227,NA,Neighborhood highlights,7,NA,4,NA,NA,0,https://www.airbnb.com/rooms/43298227
43303056,$129.00,NA,2,1,1,1,4.58,26,https://www.airbnb.com/rooms/43303056
43310098,$150.00,Neighborhood highlights,2,1,0,1,4.67,43,https://www.airbnb.com/rooms/43310098
43310157,$165.00,Neighborhood highlights,2,1,0,1,4.72,36,https://www.airbnb.com/rooms/43310157
43310180,$155.00,Neighborhood highlights,2,1,0,1,4.35,40,https://www.airbnb.com/rooms/43310180
43310275,$150.00,Neighborhood highlights,2,1,0,1,4.32,19,https://www.airbnb.com/rooms/43310275
43310301,$150.00,Neighborhood highlights,2,1,0,1,4.68,28,https://www.airbnb.com/rooms/43310301
43310986,$150.00,Neighborhood highlights,2,1,0,1,4.73,56,https://www.airbnb.com/rooms/43310986
43311037,$220.00,Neighborhood highlights,2,1,0,1,4.59,27,https://www.airbnb.com/rooms/43311037
43311186,$160.00,Neighborhood highlights,2,1,0,1,4.82,57,https://www.airbnb.com/rooms/43311186
43311252,$150.00,Neighborhood highlights,2,1,0,1,4.73,52,https://www.airbnb.com/rooms/43311252
43311287,$150.00,Neighborhood highlights,2,1,0,1,4.47,30,https://www.airbnb.com/rooms/43311287
43311320,NA,Neighborhood highlights,2,1,0,1,4.68,38,https://www.airbnb.com/rooms/43311320
43311409,$190.00,Neighborhood highlights,2,1,0,1,4.85,39,https://www.airbnb.com/rooms/43311409
43315188,$166.00,Neighborhood highlights,2,1,0,1,4.56,57,https://www.airbnb.com/rooms/43315188
43315235,$175.00,Neighborhood highlights,2,1,0,1,4.81,68,https://www.airbnb.com/rooms/43315235
43315277,$200.00,Neighborhood highlights,2,1,0,1,4.73,15,https://www.airbnb.com/rooms/43315277
43315319,$171.00,Neighborhood highlights,2,1,1,1,4.74,35,https://www.airbnb.com/rooms/43315319
43315428,$180.00,Neighborhood highlights,2,1,0,1,4.73,49,https://www.airbnb.com/rooms/43315428
43315528,$190.00,Neighborhood highlights,2,1,0,1,4.78,36,https://www.airbnb.com/rooms/43315528
43315639,$155.00,Neighborhood highlights,2,1,0,1,4.57,37,https://www.airbnb.com/rooms/43315639
43316108,$175.00,Neighborhood highlights,2,1,1,1,4.8,49,https://www.airbnb.com/rooms/43316108
43317855,$150.00,Neighborhood highlights,2,1,1,1,5,3,https://www.airbnb.com/rooms/43317855
43317941,NA,Neighborhood highlights,1,NA,NA,NA,NA,0,https://www.airbnb.com/rooms/43317941
43319281,NA,Neighborhood highlights,2,NA,1,NA,5,7,https://www.airbnb.com/rooms/43319281
43322738,NA,Neighborhood highlights,3,NA,2,NA,NA,0,https://www.airbnb.com/rooms/43322738
43324727,NA,NA,3,NA,2,NA,NA,0,https://www.airbnb.com/rooms/43324727
43328672,NA,Neighborhood highlights,3,NA,1,NA,NA,0,https://www.airbnb.com/rooms/43328672
43330828,NA,Neighborhood highlights,3,NA,1,NA,4.5,2,https://www.airbnb.com/rooms/43330828
43334707,NA,NA,6,NA,3,NA,NA,0,https://www.airbnb.com/rooms/43334707
43336316,$250.00,NA,2,1,1,1,NA,0,https://www.airbnb.com/rooms/43336316
43348178,$97.00,Neighborhood highlights,1,1,1,1,5,1,https://www.airbnb.com/rooms/43348178
43354556,$373.00,Neighborhood highlights,2,1,1,1,NA,0,https://www.airbnb.com/rooms/43354556
43355067,NA,Neighborhood highlights,2,NA,NA,NA,4.75,4,https://www.airbnb.com/rooms/43355067
43356178,NA,NA,2,NA,NA,NA,NA,0,https://www.airbnb.com/rooms/43356178
43357020,$90.00,Neighborhood highlights,2,1,1,1,5,9,https://www.airbnb.com/rooms/43357020
43357084,NA,Neighborhood highlights,1,NA,NA,NA,4.83,6,https://www.airbnb.com/rooms/43357084
43358518,$464.00,Neighborhood highlights,6,2,2,3,4.96,101,https://www.airbnb.com/rooms/43358518
43363059,$252.00,Neighborhood highlights,2,1,1,2,5,1,https://www.airbnb.com/rooms/43363059
43364918,$200.00,Neighborhood highlights,2,1,1,1,NA,0,https://www.airbnb.com/rooms/43364918
43366290,$42.00,Neighborhood highlights,2,1,1,1,5,1,https://www.airbnb.com/rooms/43366290
43366319,$43.00,Neighborhood highlights,2,1,1,1,4,3,https://www.airbnb.com/rooms/43366319
43366369,$42.00,Neighborhood highlights,2,1,1,1,NA,0,https://www.airbnb.com/rooms/43366369
43366411,$42.00,Neighborhood highlights,2,1,1,1,4,2,https://www.airbnb.com/rooms/43366411
43371304,$80.00,Neighborhood highlights,4,1,1,2,5,1,https://www.airbnb.com/rooms/43371304
43374916,NA,Neighborhood highlights,2,NA,NA,NA,3.5,4,https://www.airbnb.com/rooms/43374916
43374989,$38.00,Neighborhood highlights,2,1,1,1,NA,0,https://www.airbnb.com/rooms/43374989
43375428,NA,Neighborhood highlights,2,NA,NA,NA,4.75,4,https://www.airbnb.com/rooms/43375428
43375476,NA,Neighborhood highlights,2,NA,NA,NA,4.83,6,https://www.airbnb.com/rooms/43375476
43375941,$39.00,Neighborhood highlights,2,1,1,1,4.25,4,https://www.airbnb.com/rooms/43375941
43376016,$38.00,Neighborhood highlights,1,1,1,1,4.67,3,https://www.airbnb.com/rooms/43376016
43379017,$100.00,NA,1,1.5,1,1,5,9,https://www.airbnb.com/rooms/43379017
43379173,$782.00,Neighborhood highlights,7,2,3,4,5,6,https://www.airbnb.com/rooms/43379173
43381880,$75.00,NA,1,1,1,1,4.2,5,https://www.airbnb.com/rooms/43381880
43381881,$50.00,NA,1,1,1,1,4,5,https://www.airbnb.com/rooms/43381881
43383021,NA,NA,2,NA,1,NA,5,1,https://www.airbnb.com/rooms/43383021
43383323,"$1,328.00",Neighborhood highlights,5,2,2,2,4.93,139,https://www.airbnb.com/rooms/43383323
43387363,$177.00,Neighborhood highlights,2,1,1,0,NA,0,https://www.airbnb.com/rooms/43387363
43387965,$40.00,Neighborhood highlights,2,1,1,1,NA,0,https://www.airbnb.com/rooms/43387965
43388049,$40.00,Neighborhood highlights,2,1,1,1,4,4,https://www.airbnb.com/rooms/43388049
43388055,$52.00,Neighborhood highlights,1,1,1,1,NA,0,https://www.airbnb.com/rooms/43388055
43388103,$42.00,Neighborhood highlights,2,1,1,1,5,1,https://www.airbnb.com/rooms/43388103
43388163,NA,Neighborhood highlights,2,NA,NA,NA,5,4,https://www.airbnb.com/rooms/43388163
43388308,$39.00,Neighborhood highlights,2,1,1,1,NA,0,https://www.airbnb.com/rooms/43388308
43391847,NA,Neighborhood highlights,2,NA,NA,NA,5,1,https://www.airbnb.com/rooms/43391847
43391893,NA,Neighborhood highlights,2,NA,NA,NA,4.5,2,https://www.airbnb.com/rooms/43391893
43391999,NA,Neighborhood highlights,1,NA,NA,NA,NA,0,https://www.airbnb.com/rooms/43391999
43395757,NA,NA,6,NA,2,NA,4.86,7,https://www.airbnb.com/rooms/43395757
43397118,NA,Neighborhood highlights,2,NA,1,NA,NA,0,https://www.airbnb.com/rooms/43397118
43405197,NA,Neighborhood highlights,2,NA,NA,NA,NA,0,https://www.airbnb.com/rooms/43405197
43410866,$379.00,Neighborhood highlights,2,1,1,1,4.95,19,https://www.airbnb.com/rooms/43410866
43411687,NA,Neighborhood highlights,4,NA,2,NA,5,2,https://www.airbnb.com/rooms/43411687
43414704,NA,NA,4,NA,1,NA,5,2,https://www.airbnb.com/rooms/43414704
43414885,NA,Neighborhood highlights,1,2.5,1,1,5,1,https://www.airbnb.com/rooms/43414885
43420963,$150.00,Neighborhood highlights,1,1,1,2,4.5,2,https://www.airbnb.com/rooms/43420963
43421180,$407.00,NA,2,1,1,1,5,4,https://www.airbnb.com/rooms/43421180
43422411,NA,NA,6,NA,2,NA,NA,0,https://www.airbnb.com/rooms/43422411
43423542,NA,Neighborhood highlights,4,NA,2,NA,5,1,https://www.airbnb.com/rooms/43423542
43423642,NA,NA,2,NA,NA,NA,5,1,https://www.airbnb.com/rooms/43423642
43424333,NA,NA,5,NA,3,NA,NA,0,https://www.airbnb.com/rooms/43424333
43425023,NA,NA,2,NA,NA,NA,NA,0,https://www.airbnb.com/rooms/43425023
43425402,NA,Neighborhood highlights,2,NA,1,NA,5,1,https://www.airbnb.com/rooms/43425402
43431973,NA,Neighborhood highlights,2,NA,1,NA,4.94,18,https://www.airbnb.com/rooms/43431973
43433217,$980.00,Neighborhood highlights,4,1,2,3,4.68,25,https://www.airbnb.com/rooms/43433217
43434011,NA,NA,4,NA,1,NA,NA,0,https://www.airbnb.com/rooms/43434011
43437306,NA,NA,6,NA,2,NA,NA,0,https://www.airbnb.com/rooms/43437306
43439113,NA,Neighborhood highlights,2,NA,NA,NA,NA,0,https://www.airbnb.com/rooms/43439113
43440132,NA,Neighborhood highlights,3,NA,NA,NA,5,2,https://www.airbnb.com/rooms/43440132
43443260,NA,NA,2,NA,1,NA,NA,0,https://www.airbnb.com/rooms/43443260
43444099,NA,NA,1,NA,NA,NA,NA,0,https://www.airbnb.com/rooms/43444099
43449275,NA,Neighborhood highlights,3,NA,2,NA,5,1,https://www.airbnb.com/rooms/43449275
43450191,$38.00,Neighborhood highlights,1,1,1,1,4,2,https://www.airbnb.com/rooms/43450191
43451168,$310.00,Neighborhood highlights,5,2,3,3,4.5,2,https://www.airbnb.com/rooms/43451168
43451371,$275.00,Neighborhood highlights,2,1,1,1,5,2,https://www.airbnb.com/rooms/43451371
43452122,NA,NA,2,NA,1,NA,5,1,https://www.airbnb.com/rooms/43452122
43452838,NA,NA,6,NA,3,NA,NA,0,https://www.airbnb.com/rooms/43452838
43457055,NA,Neighborhood highlights,3,NA,1,NA,5,19,https://www.airbnb.com/rooms/43457055
43458250,$114.00,Neighborhood highlights,2,1,1,2,4.91,86,https://www.airbnb.com/rooms/43458250
43458806,NA,NA,3,NA,1,NA,NA,0,https://www.airbnb.com/rooms/43458806
43465256,NA,NA,6,NA,2,NA,4.6,10,https://www.airbnb.com/rooms/43465256
43466729,NA,NA,4,NA,2,NA,NA,0,https://www.airbnb.com/rooms/43466729
43468359,$95.00,Neighborhood highlights,2,1,1,1,4.93,91,https://www.airbnb.com/rooms/43468359
43470278,$120.00,Neighborhood highlights,3,1,1,2,5,1,https://www.airbnb.com/rooms/43470278
43476086,NA,Neighborhood highlights,3,NA,1,NA,NA,0,https://www.airbnb.com/rooms/43476086
43477321,$599.00,Neighborhood highlights,4,2,3,5,5,1,https://www.airbnb.com/rooms/43477321
43477970,NA,Neighborhood highlights,1,NA,1,NA,NA,0,https://www.airbnb.com/rooms/43477970
43479666,$96.00,Neighborhood highlights,3,1,1,2,4.75,28,https://www.airbnb.com/rooms/43479666
43485895,NA,Neighborhood highlights,2,NA,2,NA,NA,0,https://www.airbnb.com/rooms/43485895
43485988,$349.00,Neighborhood highlights,10,2,4,0,4.87,138,https://www.airbnb.com/rooms/43485988
43488465,NA,NA,2,NA,NA,NA,NA,0,https://www.airbnb.com/rooms/43488465
43495869,$103.00,Neighborhood highlights,4,1,2,2,4.93,76,https://www.airbnb.com/rooms/43495869
43497073,$250.00,Neighborhood highlights,2,1,1,1,4.93,139,https://www.airbnb.com/rooms/43497073
43497107,$100.00,Neighborhood highlights,1,1,1,1,4.82,44,https://www.airbnb.com/rooms/43497107
43497512,NA,Neighborhood highlights,2,NA,NA,NA,4.52,54,https://www.airbnb.com/rooms/43497512
43498379,$199.00,Neighborhood highlights,4,1,2,2,5,15,https://www.airbnb.com/rooms/43498379
43498999,$146.00,Neighborhood highlights,3,1,1,3,4.83,30,https://www.airbnb.com/rooms/43498999
43499730,$100.00,Neighborhood highlights,2,1,0,1,4.73,55,https://www.airbnb.com/rooms/43499730
43500300,NA,Neighborhood highlights,2,NA,NA,NA,NA,0,https://www.airbnb.com/rooms/43500300
43509173,$111.00,Neighborhood highlights,1,1,1,1,2,1,https://www.airbnb.com/rooms/43509173
43518331,$136.00,Neighborhood highlights,2,1,1,1,4.45,212,https://www.airbnb.com/rooms/43518331
43525694,NA,NA,2,NA,1,NA,NA,0,https://www.airbnb.com/rooms/43525694
43526370,$350.00,NA,4,2.5,2,2,NA,0,https://www.airbnb.com/rooms/43526370
43530040,$66.00,NA,4,1,1,2,NA,0,https://www.airbnb.com/rooms/43530040
43530332,NA,NA,2,NA,1,NA,NA,0,https://www.airbnb.com/rooms/43530332
43535742,NA,NA,1,NA,NA,NA,NA,0,https://www.airbnb.com/rooms/43535742
43536394,NA,NA,1,NA,NA,NA,5,2,https://www.airbnb.com/rooms/43536394
43537431,$275.00,Neighborhood highlights,5,1,2,2,4.93,14,https://www.airbnb.com/rooms/43537431
43542791,NA,NA,8,NA,2,NA,4.29,7,https://www.airbnb.com/rooms/43542791
43544781,NA,Neighborhood highlights,2,NA,1,NA,4.93,56,https://www.airbnb.com/rooms/43544781
43544810,NA,Neighborhood highlights,2,NA,NA,NA,4.82,45,https://www.airbnb.com/rooms/43544810
43547014,$399.00,NA,4,1,2,2,4.77,35,https://www.airbnb.com/rooms/43547014
43547204,$317.00,NA,5,1,2,0,4.65,49,https://www.airbnb.com/rooms/43547204
43553341,$220.00,Neighborhood highlights,2,1,1,1,5,9,https://www.airbnb.com/rooms/43553341
43558157,NA,Neighborhood highlights,4,NA,2,NA,NA,0,https://www.airbnb.com/rooms/43558157
43558333,$50.00,NA,1,1,1,1,NA,0,https://www.airbnb.com/rooms/43558333
43558653,$43.00,NA,1,1,1,1,5,3,https://www.airbnb.com/rooms/43558653
43558836,$45.00,NA,1,1,1,1,NA,0,https://www.airbnb.com/rooms/43558836
43558967,NA,NA,4,NA,1,NA,NA,0,https://www.airbnb.com/rooms/43558967
43568549,$141.00,NA,3,1,1,2,4.64,84,https://www.airbnb.com/rooms/43568549
43569876,$45.00,NA,1,1,1,1,NA,0,https://www.airbnb.com/rooms/43569876
43595974,$130.00,Neighborhood highlights,4,1,2,2,4.43,7,https://www.airbnb.com/rooms/43595974
43596290,NA,NA,6,NA,3,NA,NA,0,https://www.airbnb.com/rooms/43596290
43602072,NA,Neighborhood highlights,1,NA,NA,NA,4.5,4,https://www.airbnb.com/rooms/43602072
43604419,NA,Neighborhood highlights,4,NA,2,NA,5,1,https://www.airbnb.com/rooms/43604419
43605445,NA,Neighborhood highlights,2,NA,NA,NA,4.85,130,https://www.airbnb.com/rooms/43605445
43605509,NA,Neighborhood highlights,2,NA,NA,NA,NA,0,https://www.airbnb.com/rooms/43605509
43609152,NA,Neighborhood highlights,2,NA,NA,NA,NA,0,https://www.airbnb.com/rooms/43609152
43611951,$125.00,Neighborhood highlights,2,1,1,1,NA,0,https://www.airbnb.com/rooms/43611951
43612639,$80.00,NA,2,1,1,1,4.86,118,https://www.airbnb.com/rooms/43612639
43614309,NA,Neighborhood highlights,3,NA,NA,NA,NA,0,https://www.airbnb.com/rooms/43614309
43615808,$666.00,NA,6,3.5,4,4,4.5,8,https://www.airbnb.com/rooms/43615808
43626965,$700.00,Neighborhood highlights,4,1,2,3,4.88,8,https://www.airbnb.com/rooms/43626965
43637634,NA,NA,6,NA,3,NA,NA,0,https://www.airbnb.com/rooms/43637634
43642904,NA,Neighborhood highlights,2,NA,1,NA,5,3,https://www.airbnb.com/rooms/43642904
43652025,$155.00,Neighborhood highlights,4,1,2,2,4.82,68,https://www.airbnb.com/rooms/43652025
43652168,NA,Neighborhood highlights,2,NA,1,NA,5,3,https://www.airbnb.com/rooms/43652168
43652436,NA,Neighborhood highlights,4,NA,1,NA,5,3,https://www.airbnb.com/rooms/43652436
43654099,NA,Neighborhood highlights,2,NA,1,NA,NA,0,https://www.airbnb.com/rooms/43654099
43656521,$180.00,Neighborhood highlights,1,1,1,2,5,1,https://www.airbnb.com/rooms/43656521
43659992,NA,NA,4,NA,1,NA,NA,0,https://www.airbnb.com/rooms/43659992
43661875,NA,NA,2,NA,1,NA,5,1,https://www.airbnb.com/rooms/43661875
43667522,NA,NA,2,NA,NA,NA,5,2,https://www.airbnb.com/rooms/43667522
43667729,NA,NA,2,NA,NA,NA,NA,0,https://www.airbnb.com/rooms/43667729
43667745,$210.00,Neighborhood highlights,4,1,3,3,4.68,106,https://www.airbnb.com/rooms/43667745
43667881,NA,NA,2,NA,NA,NA,3.33,3,https://www.airbnb.com/rooms/43667881
43668339,NA,NA,1,NA,NA,NA,4.38,8,https://www.airbnb.com/rooms/43668339
43669374,NA,Neighborhood highlights,4,NA,NA,NA,4.55,55,https://www.airbnb.com/rooms/43669374
43669769,NA,NA,2,NA,NA,NA,NA,0,https://www.airbnb.com/rooms/43669769
43685703,NA,Neighborhood highlights,4,NA,2,NA,NA,0,https://www.airbnb.com/rooms/43685703
43688142,$229.00,NA,4,1,0,3,4.16,67,https://www.airbnb.com/rooms/43688142
43689646,NA,NA,3,NA,1,NA,5,12,https://www.airbnb.com/rooms/43689646
43691688,NA,Neighborhood highlights,2,NA,1,NA,4.83,6,https://www.airbnb.com/rooms/43691688
43699905,NA,NA,4,NA,1,NA,NA,0,https://www.airbnb.com/rooms/43699905
43701283,NA,Neighborhood highlights,5,NA,NA,NA,4.21,56,https://www.airbnb.com/rooms/43701283
43701555,$179.00,Neighborhood highlights,2,1,1,2,4.8,44,https://www.airbnb.com/rooms/43701555
43703359,$249.00,Neighborhood highlights,6,1,0,3,4.52,61,https://www.airbnb.com/rooms/43703359
43714286,$42.00,NA,1,0.5,1,1,4.25,12,https://www.airbnb.com/rooms/43714286
43716361,NA,Neighborhood highlights,1,NA,NA,NA,NA,0,https://www.airbnb.com/rooms/43716361
43716972,NA,Neighborhood highlights,4,NA,1,NA,5,4,https://www.airbnb.com/rooms/43716972
43720417,NA,NA,2,NA,1,NA,NA,0,https://www.airbnb.com/rooms/43720417
43723972,NA,Neighborhood highlights,2,NA,NA,NA,5,1,https://www.airbnb.com/rooms/43723972
43725737,$285.00,NA,8,2,2,5,4.38,42,https://www.airbnb.com/rooms/43725737
43727448,NA,Neighborhood highlights,4,NA,2,NA,NA,0,https://www.airbnb.com/rooms/43727448
43730511,NA,NA,2,NA,1,NA,NA,0,https://www.airbnb.com/rooms/43730511
43731306,$297.00,Neighborhood highlights,6,1,0,3,4.59,78,https://www.airbnb.com/rooms/43731306
43738037,NA,Neighborhood highlights,3,NA,1,NA,NA,0,https://www.airbnb.com/rooms/43738037
43741958,NA,Neighborhood highlights,4,NA,2,NA,NA,0,https://www.airbnb.com/rooms/43741958
43742522,$110.00,Neighborhood highlights,2,1,1,1,4.62,371,https://www.airbnb.com/rooms/43742522
43743629,NA,NA,2,NA,1,NA,NA,0,https://www.airbnb.com/rooms/43743629
43744465,$75.00,NA,2,1,1,1,5,1,https://www.airbnb.com/rooms/43744465
43744716,NA,Neighborhood highlights,3,NA,2,NA,4.58,153,https://www.airbnb.com/rooms/43744716
43745701,NA,Neighborhood highlights,5,NA,1,NA,4.44,9,https://www.airbnb.com/rooms/43745701
43747226,$132.00,NA,2,1,1,2,3.8,5,https://www.airbnb.com/rooms/43747226
43749311,$98.00,Neighborhood highlights,3,1,0,1,4.92,49,https://www.airbnb.com/rooms/43749311
43751271,$200.00,NA,2,1,1,1,4.83,29,https://www.airbnb.com/rooms/43751271
43753276,NA,Neighborhood highlights,3,NA,1,NA,5,2,https://www.airbnb.com/rooms/43753276
43756020,NA,NA,3,NA,2,NA,NA,0,https://www.airbnb.com/rooms/43756020
43759001,NA,NA,1,NA,NA,NA,NA,0,https://www.airbnb.com/rooms/43759001
43766248,$60.00,Neighborhood highlights,1,1,1,1,5,4,https://www.airbnb.com/rooms/43766248
43769019,NA,NA,1,NA,NA,NA,NA,0,https://www.airbnb.com/rooms/43769019
43769713,NA,Neighborhood highlights,2,NA,NA,NA,NA,0,https://www.airbnb.com/rooms/43769713
43770316,$66.00,Neighborhood highlights,1,2,4,4,5,2,https://www.airbnb.com/rooms/43770316
43785452,$925.00,Neighborhood highlights,5,2,2,2,4.98,40,https://www.airbnb.com/rooms/43785452
43785672,NA,Neighborhood highlights,2,NA,1,NA,5,2,https://www.airbnb.com/rooms/43785672
43785924,NA,NA,2,NA,1,NA,5,1,https://www.airbnb.com/rooms/43785924
43787640,NA,Neighborhood highlights,2,NA,1,NA,NA,0,https://www.airbnb.com/rooms/43787640
43788419,$500.00,NA,8,2,3,6,4.93,28,https://www.airbnb.com/rooms/43788419
43790037,NA,Neighborhood highlights,2,NA,NA,NA,4,10,https://www.airbnb.com/rooms/43790037
43803118,$65.00,Neighborhood highlights,5,1,1,2,5,1,https://www.airbnb.com/rooms/43803118
43803619,NA,NA,1,NA,1,NA,4,1,https://www.airbnb.com/rooms/43803619
43804955,NA,NA,4,NA,2,NA,NA,0,https://www.airbnb.com/rooms/43804955
43806406,$50.00,Neighborhood highlights,1,1,1,1,5,1,https://www.airbnb.com/rooms/43806406
43806992,$59.00,Neighborhood highlights,1,1,1,1,5,4,https://www.airbnb.com/rooms/43806992
43807300,$80.00,Neighborhood highlights,1,1,1,1,5,1,https://www.airbnb.com/rooms/43807300
43813121,NA,NA,3,NA,1,NA,5,1,https://www.airbnb.com/rooms/43813121
43817473,$40.00,NA,2,1,1,1,5,2,https://www.airbnb.com/rooms/43817473
43820337,$75.00,Neighborhood highlights,1,1,1,1,4,5,https://www.airbnb.com/rooms/43820337
43820586,$60.00,Neighborhood highlights,1,1,1,1,4,11,https://www.airbnb.com/rooms/43820586
43821239,$50.00,Neighborhood highlights,1,1,1,0,4.89,9,https://www.airbnb.com/rooms/43821239
43822047,NA,NA,4,NA,2,NA,NA,0,https://www.airbnb.com/rooms/43822047
43831018,$600.00,Neighborhood highlights,5,2,3,3,4.97,166,https://www.airbnb.com/rooms/43831018
43834804,$195.00,Neighborhood highlights,4,1,2,2,4.81,155,https://www.airbnb.com/rooms/43834804
43843432,NA,Neighborhood highlights,5,NA,2,NA,4,1,https://www.airbnb.com/rooms/43843432
43844044,NA,Neighborhood highlights,3,NA,NA,NA,4.16,31,https://www.airbnb.com/rooms/43844044
43846580,$86.00,NA,2,2,1,1,4.68,138,https://www.airbnb.com/rooms/43846580
43847085,$99.00,Neighborhood highlights,2,1,1,1,4.82,249,https://www.airbnb.com/rooms/43847085
43848101,NA,Neighborhood highlights,1,NA,NA,NA,5,6,https://www.airbnb.com/rooms/43848101
43856156,$99.00,Neighborhood highlights,2,1,1,2,4.84,119,https://www.airbnb.com/rooms/43856156
43860696,$140.00,Neighborhood highlights,1,1,1,1,4.75,16,https://www.airbnb.com/rooms/43860696
43862488,NA,Neighborhood highlights,1,NA,NA,NA,5,1,https://www.airbnb.com/rooms/43862488
43869863,$161.00,Neighborhood highlights,2,2,1,1,4.82,51,https://www.airbnb.com/rooms/43869863
43871113,$89.00,Neighborhood highlights,1,1,1,1,4.96,28,https://www.airbnb.com/rooms/43871113
43878655,$39.00,Neighborhood highlights,1,1,1,1,NA,0,https://www.airbnb.com/rooms/43878655
43878868,NA,Neighborhood highlights,2,NA,NA,NA,4.5,2,https://www.airbnb.com/rooms/43878868
43883517,$925.00,Neighborhood highlights,2,1.5,1,0,5,31,https://www.airbnb.com/rooms/43883517
43887651,NA,Neighborhood highlights,1,NA,NA,NA,5,2,https://www.airbnb.com/rooms/43887651
43888356,$487.00,Neighborhood highlights,4,2,2,2,NA,0,https://www.airbnb.com/rooms/43888356
43894383,NA,Neighborhood highlights,4,NA,NA,NA,4.44,39,https://www.airbnb.com/rooms/43894383
43895124,NA,Neighborhood highlights,4,NA,NA,NA,4.57,63,https://www.airbnb.com/rooms/43895124
43898866,NA,Neighborhood highlights,2,NA,1,NA,4.92,12,https://www.airbnb.com/rooms/43898866
43906458,NA,NA,3,NA,NA,NA,NA,0,https://www.airbnb.com/rooms/43906458
43909885,$165.00,Neighborhood highlights,3,1,0,1,4.63,8,https://www.airbnb.com/rooms/43909885
43928714,$123.00,Neighborhood highlights,3,1,0,2,4.8,5,https://www.airbnb.com/rooms/43928714
43929087,$318.00,NA,2,1.5,2,2,5,1,https://www.airbnb.com/rooms/43929087
43931225,$42.00,Neighborhood highlights,2,1,1,1,4,1,https://www.airbnb.com/rooms/43931225
43931448,NA,Neighborhood highlights,1,NA,NA,NA,4.5,2,https://www.airbnb.com/rooms/43931448
43931518,NA,Neighborhood highlights,1,NA,NA,NA,4.67,3,https://www.airbnb.com/rooms/43931518
43932082,NA,NA,1,NA,NA,NA,4,2,https://www.airbnb.com/rooms/43932082
43937175,$118.00,Neighborhood highlights,2,1,1,2,5,3,https://www.airbnb.com/rooms/43937175
43946617,$89.00,Neighborhood highlights,2,1,0,1,4.88,49,https://www.airbnb.com/rooms/43946617
43947562,NA,Neighborhood highlights,2,NA,2,NA,4.75,4,https://www.airbnb.com/rooms/43947562
43954469,NA,Neighborhood highlights,2,NA,1,NA,4.86,14,https://www.airbnb.com/rooms/43954469
43956496,NA,NA,1,NA,1,NA,NA,0,https://www.airbnb.com/rooms/43956496
43956795,$95.00,Neighborhood highlights,1,1,0,2,5,9,https://www.airbnb.com/rooms/43956795
43957282,$145.00,NA,3,1,1,1,5,5,https://www.airbnb.com/rooms/43957282
43959641,NA,NA,2,NA,NA,NA,NA,0,https://www.airbnb.com/rooms/43959641
43961545,$132.00,Neighborhood highlights,2,1,1,1,4.94,34,https://www.airbnb.com/rooms/43961545
43969268,NA,NA,2,NA,1,NA,NA,0,https://www.airbnb.com/rooms/43969268
43969564,$190.00,Neighborhood highlights,3,1,1,1,4.63,8,https://www.airbnb.com/rooms/43969564
43977634,NA,NA,2,NA,1,NA,NA,0,https://www.airbnb.com/rooms/43977634
43980129,$320.00,NA,2,1,1,1,4.92,26,https://www.airbnb.com/rooms/43980129
43986314,$40.00,NA,1,1,1,1,4.29,7,https://www.airbnb.com/rooms/43986314
43986380,NA,NA,2,NA,NA,NA,4,1,https://www.airbnb.com/rooms/43986380
43986438,$38.00,NA,1,1,1,1,NA,0,https://www.airbnb.com/rooms/43986438
43986573,$50.00,Neighborhood highlights,2,1,1,1,4.33,3,https://www.airbnb.com/rooms/43986573
43993168,$125.00,NA,1,1,0,1,4.58,12,https://www.airbnb.com/rooms/43993168
43997034,NA,NA,3,NA,1,NA,NA,0,https://www.airbnb.com/rooms/43997034
43997163,$116.00,NA,4,1,1,2,4.78,55,https://www.airbnb.com/rooms/43997163
43998221,NA,NA,2,NA,NA,NA,NA,0,https://www.airbnb.com/rooms/43998221
44000458,NA,Neighborhood highlights,2,NA,NA,NA,5,2,https://www.airbnb.com/rooms/44000458
44004064,NA,NA,2,NA,NA,NA,5,1,https://www.airbnb.com/rooms/44004064
44004265,NA,NA,1,NA,NA,NA,4.89,9,https://www.airbnb.com/rooms/44004265
44010527,NA,Neighborhood highlights,2,NA,NA,NA,5,1,https://www.airbnb.com/rooms/44010527
44012173,$37.00,NA,1,1,1,1,NA,0,https://www.airbnb.com/rooms/44012173
44012767,$89.00,Neighborhood highlights,1,1,1,1,5,4,https://www.airbnb.com/rooms/44012767
44014632,$42.00,Neighborhood highlights,1,1,1,1,4,1,https://www.airbnb.com/rooms/44014632
44014809,$82.00,Neighborhood highlights,1,1,1,NA,5,3,https://www.airbnb.com/rooms/44014809
44015851,NA,Neighborhood highlights,2,NA,NA,NA,5,3,https://www.airbnb.com/rooms/44015851
44019886,NA,NA,2,NA,1,NA,5,3,https://www.airbnb.com/rooms/44019886
44020205,NA,Neighborhood highlights,2,NA,1,NA,4.96,28,https://www.airbnb.com/rooms/44020205
44020492,NA,Neighborhood highlights,2,NA,NA,NA,5,2,https://www.airbnb.com/rooms/44020492
44028914,$103.00,Neighborhood highlights,2,2,1,1,4.5,2,https://www.airbnb.com/rooms/44028914
44029269,$103.00,Neighborhood highlights,2,2,1,1,4,1,https://www.airbnb.com/rooms/44029269
44032314,NA,Neighborhood highlights,2,NA,NA,NA,NA,0,https://www.airbnb.com/rooms/44032314
44032673,NA,Neighborhood highlights,2,NA,NA,NA,4.75,4,https://www.airbnb.com/rooms/44032673
44033325,$225.00,Neighborhood highlights,3,1,1,2,4.86,7,https://www.airbnb.com/rooms/44033325
44033794,$270.00,Neighborhood highlights,3,1,1,2,5,5,https://www.airbnb.com/rooms/44033794
44034872,NA,NA,6,NA,3,NA,5,1,https://www.airbnb.com/rooms/44034872
44035515,NA,Neighborhood highlights,5,NA,3,NA,5,1,https://www.airbnb.com/rooms/44035515
44040169,$80.00,Neighborhood highlights,1,1,1,NA,4.75,4,https://www.airbnb.com/rooms/44040169
44040868,$80.00,NA,2,1,0,1,5,4,https://www.airbnb.com/rooms/44040868
44043326,NA,Neighborhood highlights,2,NA,NA,NA,NA,0,https://www.airbnb.com/rooms/44043326
44045252,$700.00,Neighborhood highlights,2,1,1,1,5,2,https://www.airbnb.com/rooms/44045252
44048372,$124.00,Neighborhood highlights,5,2,2,2,4.91,45,https://www.airbnb.com/rooms/44048372
44049457,$177.00,NA,2,1,0,1,4.82,38,https://www.airbnb.com/rooms/44049457
44058636,NA,NA,2,NA,NA,NA,NA,0,https://www.airbnb.com/rooms/44058636
44059368,NA,NA,3,NA,3,NA,NA,0,https://www.airbnb.com/rooms/44059368
44059834,$95.00,NA,2,1.5,1,1,4.89,45,https://www.airbnb.com/rooms/44059834
44063431,NA,NA,1,NA,NA,NA,NA,0,https://www.airbnb.com/rooms/44063431
44068157,NA,Neighborhood highlights,2,NA,NA,NA,NA,0,https://www.airbnb.com/rooms/44068157
44072324,$100.00,Neighborhood highlights,1,1,1,1,4.75,4,https://www.airbnb.com/rooms/44072324
44079687,NA,NA,2,NA,NA,NA,NA,0,https://www.airbnb.com/rooms/44079687
44086561,$71.00,NA,2,1,1,2,4.72,68,https://www.airbnb.com/rooms/44086561
44098704,NA,Neighborhood highlights,2,NA,1,NA,5,2,https://www.airbnb.com/rooms/44098704
44098840,NA,NA,2,NA,1,NA,5,2,https://www.airbnb.com/rooms/44098840
44101621,$528.00,Neighborhood highlights,6,2,2,3,4.54,156,https://www.airbnb.com/rooms/44101621
44102245,$90.00,Neighborhood highlights,2,1,0,1,4.82,100,https://www.airbnb.com/rooms/44102245
44103415,NA,NA,2,NA,1,NA,NA,0,https://www.airbnb.com/rooms/44103415
44118529,NA,Neighborhood highlights,5,NA,2,NA,4.88,8,https://www.airbnb.com/rooms/44118529
44121858,NA,NA,1,NA,NA,NA,NA,0,https://www.airbnb.com/rooms/44121858
44148869,$500.00,Neighborhood highlights,4,2,2,2,4.92,155,https://www.airbnb.com/rooms/44148869
44149100,NA,Neighborhood highlights,4,NA,1,NA,4,3,https://www.airbnb.com/rooms/44149100
44154506,NA,NA,2,NA,NA,NA,NA,0,https://www.airbnb.com/rooms/44154506
44154818,NA,NA,2,NA,NA,NA,NA,0,https://www.airbnb.com/rooms/44154818
44164449,$400.00,Neighborhood highlights,8,2,3,3,5,1,https://www.airbnb.com/rooms/44164449
44166880,$431.00,NA,8,2,3,4,5,1,https://www.airbnb.com/rooms/44166880
44171339,NA,NA,1,NA,NA,NA,NA,0,https://www.airbnb.com/rooms/44171339
44180343,NA,Neighborhood highlights,2,NA,2,NA,NA,0,https://www.airbnb.com/rooms/44180343
44182770,$350.00,Neighborhood highlights,2,1.5,1,2,5,12,https://www.airbnb.com/rooms/44182770
44183108,$260.00,NA,5,1,2,2,NA,0,https://www.airbnb.com/rooms/44183108
44186033,NA,Neighborhood highlights,3,NA,1,NA,NA,0,https://www.airbnb.com/rooms/44186033
44189059,$110.00,Neighborhood highlights,6,1,2,2,4.92,13,https://www.airbnb.com/rooms/44189059
44189839,$270.00,NA,4,1,2,1,5,1,https://www.airbnb.com/rooms/44189839
44191733,$160.00,Neighborhood highlights,2,1,1,1,4.64,22,https://www.airbnb.com/rooms/44191733
44192923,$600.00,Neighborhood highlights,4,2,2,2,5,1,https://www.airbnb.com/rooms/44192923
44197064,$100.00,Neighborhood highlights,3,1,1,2,4.77,78,https://www.airbnb.com/rooms/44197064
44203850,NA,NA,4,NA,2,NA,NA,0,https://www.airbnb.com/rooms/44203850
44211352,$199.00,Neighborhood highlights,4,1,1,1,4.83,64,https://www.airbnb.com/rooms/44211352
44223269,NA,NA,1,NA,1,NA,NA,0,https://www.airbnb.com/rooms/44223269
44233789,NA,Neighborhood highlights,2,NA,1,NA,4.58,12,https://www.airbnb.com/rooms/44233789
44242486,$61.00,Neighborhood highlights,1,0,4,1,NA,0,https://www.airbnb.com/rooms/44242486
44243762,$146.00,Neighborhood highlights,1,0,4,1,NA,0,https://www.airbnb.com/rooms/44243762
44244355,NA,Neighborhood highlights,1,0,3,1,NA,0,https://www.airbnb.com/rooms/44244355
44244747,$91.00,Neighborhood highlights,1,0,3,1,4,1,https://www.airbnb.com/rooms/44244747
44247266,NA,Neighborhood highlights,3,NA,2,NA,NA,0,https://www.airbnb.com/rooms/44247266
44248261,$88.00,Neighborhood highlights,3,1,1,2,4.5,4,https://www.airbnb.com/rooms/44248261
44249049,$109.00,NA,2,1,1,1,4.83,162,https://www.airbnb.com/rooms/44249049
44250191,NA,NA,2,NA,1,NA,4.38,8,https://www.airbnb.com/rooms/44250191
44251069,$75.00,Neighborhood highlights,1,1,1,1,4.81,21,https://www.airbnb.com/rooms/44251069
44260623,$90.00,Neighborhood highlights,1,0,4,1,NA,0,https://www.airbnb.com/rooms/44260623
44260862,$89.00,Neighborhood highlights,1,0,3,1,NA,0,https://www.airbnb.com/rooms/44260862
44261042,$70.00,Neighborhood highlights,1,0,4,1,5,1,https://www.airbnb.com/rooms/44261042
44261171,$504.00,Neighborhood highlights,4,2,2,2,4,1,https://www.airbnb.com/rooms/44261171
44261202,$283.00,Neighborhood highlights,2,1,1,1,NA,0,https://www.airbnb.com/rooms/44261202
44262107,$60.00,Neighborhood highlights,2,1,1,1,4.81,32,https://www.airbnb.com/rooms/44262107
44277610,$750.00,NA,6,2,3,4,5,3,https://www.airbnb.com/rooms/44277610
44281187,$210.00,Neighborhood highlights,6,1,0,3,4.64,210,https://www.airbnb.com/rooms/44281187
44282642,$110.00,Neighborhood highlights,2,1,1,2,5,54,https://www.airbnb.com/rooms/44282642
44283460,$189.00,NA,6,1,2,3,4.72,78,https://www.airbnb.com/rooms/44283460
44288421,$213.00,Neighborhood highlights,6,1,2,3,4.57,7,https://www.airbnb.com/rooms/44288421
44289364,$381.00,Neighborhood highlights,2,1,1,2,4.93,92,https://www.airbnb.com/rooms/44289364
44303056,$250.00,Neighborhood highlights,2,1,1,1,4.91,11,https://www.airbnb.com/rooms/44303056
44303641,$105.00,Neighborhood highlights,1,1,1,1,5,5,https://www.airbnb.com/rooms/44303641
44320456,$246.00,Neighborhood highlights,5,1,0,4,4.52,62,https://www.airbnb.com/rooms/44320456
44320572,$175.00,Neighborhood highlights,2,1,1,1,4.68,50,https://www.airbnb.com/rooms/44320572
44321778,$65.00,Neighborhood highlights,1,1,1,1,4.5,4,https://www.airbnb.com/rooms/44321778
44324396,$130.00,Neighborhood highlights,4,1,2,3,5,17,https://www.airbnb.com/rooms/44324396
44338565,NA,NA,1,NA,NA,NA,5,2,https://www.airbnb.com/rooms/44338565
44339323,NA,Neighborhood highlights,3,NA,1,NA,5,6,https://www.airbnb.com/rooms/44339323
44340470,$40.00,NA,1,1,1,1,4.93,45,https://www.airbnb.com/rooms/44340470
44350115,$139.00,Neighborhood highlights,2,1,1,1,4.92,106,https://www.airbnb.com/rooms/44350115
44352853,$575.00,NA,2,1,1,1,5,5,https://www.airbnb.com/rooms/44352853
44353711,$175.00,Neighborhood highlights,2,1,1,2,4.47,72,https://www.airbnb.com/rooms/44353711
44355095,$273.00,NA,2,1,1,1,4.73,22,https://www.airbnb.com/rooms/44355095
44375835,NA,NA,4,NA,NA,NA,NA,0,https://www.airbnb.com/rooms/44375835
44376319,NA,NA,4,NA,NA,NA,NA,0,https://www.airbnb.com/rooms/44376319
44376501,NA,Neighborhood highlights,4,NA,NA,NA,NA,0,https://www.airbnb.com/rooms/44376501
44376631,NA,NA,4,NA,4,NA,NA,0,https://www.airbnb.com/rooms/44376631
44377502,$78.00,Neighborhood highlights,3,1,2,2,4.85,72,https://www.airbnb.com/rooms/44377502
44377677,NA,NA,4,NA,1,NA,NA,0,https://www.airbnb.com/rooms/44377677
44378348,NA,NA,2,NA,1,NA,4.99,70,https://www.airbnb.com/rooms/44378348
44378635,NA,NA,2,NA,NA,NA,NA,0,https://www.airbnb.com/rooms/44378635
44384403,$250.00,Neighborhood highlights,3,1,2,2,4.89,46,https://www.airbnb.com/rooms/44384403
44393462,$225.00,NA,1,0,1,0,NA,0,https://www.airbnb.com/rooms/44393462
44394499,NA,Neighborhood highlights,2,NA,NA,NA,NA,0,https://www.airbnb.com/rooms/44394499
44394628,NA,Neighborhood highlights,1,NA,NA,NA,3.5,4,https://www.airbnb.com/rooms/44394628
44394849,NA,Neighborhood highlights,2,NA,NA,NA,4,1,https://www.airbnb.com/rooms/44394849
44397304,$117.00,Neighborhood highlights,4,1.5,2,3,4.76,106,https://www.airbnb.com/rooms/44397304
44402774,$50.00,Neighborhood highlights,1,1,1,1,5,26,https://www.airbnb.com/rooms/44402774
44403320,NA,NA,2,NA,1,NA,4.75,4,https://www.airbnb.com/rooms/44403320
44408295,$104.00,NA,2,1,1,2,NA,0,https://www.airbnb.com/rooms/44408295
44412244,$300.00,Neighborhood highlights,7,1,2,5,4.53,191,https://www.airbnb.com/rooms/44412244
44415270,NA,NA,1,NA,NA,NA,NA,0,https://www.airbnb.com/rooms/44415270
44415969,$249.00,NA,4,2,2,3,4.81,37,https://www.airbnb.com/rooms/44415969
44416142,$208.00,Neighborhood highlights,3,1,1,2,5,61,https://www.airbnb.com/rooms/44416142
44432970,$75.00,Neighborhood highlights,2,1,1,1,4.92,201,https://www.airbnb.com/rooms/44432970
44433391,NA,Neighborhood highlights,2,NA,NA,NA,4.72,18,https://www.airbnb.com/rooms/44433391
44434069,NA,Neighborhood highlights,2,NA,1,NA,5,4,https://www.airbnb.com/rooms/44434069
44435099,$49.00,NA,1,1,1,2,4.56,82,https://www.airbnb.com/rooms/44435099
44440915,$60.00,Neighborhood highlights,1,1,1,0,5,1,https://www.airbnb.com/rooms/44440915
44448391,NA,NA,10,NA,4,NA,4.31,39,https://www.airbnb.com/rooms/44448391
44448503,NA,Neighborhood highlights,1,NA,NA,NA,5,1,https://www.airbnb.com/rooms/44448503
44456806,$425.00,Neighborhood highlights,4,2,2,4,4.8,5,https://www.airbnb.com/rooms/44456806
44461172,NA,Neighborhood highlights,1,NA,NA,NA,5,1,https://www.airbnb.com/rooms/44461172
44461963,$269.00,Neighborhood highlights,4,1,0,4,4.97,163,https://www.airbnb.com/rooms/44461963
44462674,NA,NA,3,NA,1,NA,NA,0,https://www.airbnb.com/rooms/44462674
44463474,NA,NA,8,NA,4,NA,NA,0,https://www.airbnb.com/rooms/44463474
44463882,$190.00,NA,8,3,3,4,NA,0,https://www.airbnb.com/rooms/44463882
44463986,$275.00,NA,3,1,0,2,NA,0,https://www.airbnb.com/rooms/44463986
44464045,NA,NA,1,NA,1,NA,NA,0,https://www.airbnb.com/rooms/44464045
44465355,NA,Neighborhood highlights,2,NA,NA,NA,4.77,31,https://www.airbnb.com/rooms/44465355
44465405,NA,Neighborhood highlights,16,NA,5,NA,4.31,13,https://www.airbnb.com/rooms/44465405
44466661,$286.00,Neighborhood highlights,7,1,3,5,4.74,61,https://www.airbnb.com/rooms/44466661
44475635,$39.00,Neighborhood highlights,1,1,1,1,5,5,https://www.airbnb.com/rooms/44475635
44475869,NA,Neighborhood highlights,3,NA,1,NA,4.57,58,https://www.airbnb.com/rooms/44475869
44475971,$296.00,Neighborhood highlights,6,2,2,3,5,5,https://www.airbnb.com/rooms/44475971
44476787,NA,Neighborhood highlights,4,2,2,2,4.73,11,https://www.airbnb.com/rooms/44476787
44477235,$400.00,NA,5,1,2,2,4.33,12,https://www.airbnb.com/rooms/44477235
44478543,NA,NA,2,NA,NA,NA,4.8,15,https://www.airbnb.com/rooms/44478543
44478978,$170.00,Neighborhood highlights,5,1,2,3,4.89,9,https://www.airbnb.com/rooms/44478978
44486656,$149.00,Neighborhood highlights,1,1,1,1,NA,0,https://www.airbnb.com/rooms/44486656
44486696,NA,Neighborhood highlights,3,NA,1,NA,4.94,31,https://www.airbnb.com/rooms/44486696
44486935,NA,Neighborhood highlights,4,NA,2,NA,NA,0,https://www.airbnb.com/rooms/44486935
44491409,NA,NA,2,NA,NA,NA,NA,0,https://www.airbnb.com/rooms/44491409
44496053,$311.00,Neighborhood highlights,2,2,2,3,4.96,79,https://www.airbnb.com/rooms/44496053
44497672,NA,NA,4,NA,1,NA,NA,0,https://www.airbnb.com/rooms/44497672
44503706,$125.00,Neighborhood highlights,2,1,1,1,5,3,https://www.airbnb.com/rooms/44503706
44505052,NA,Neighborhood highlights,3,NA,NA,NA,4.38,13,https://www.airbnb.com/rooms/44505052
44505444,$220.00,Neighborhood highlights,2,1,0,1,4.83,12,https://www.airbnb.com/rooms/44505444
44506417,$129.00,Neighborhood highlights,2,1,1,1,4.86,106,https://www.airbnb.com/rooms/44506417
44506958,$212.00,Neighborhood highlights,4,1,0,2,4.56,186,https://www.airbnb.com/rooms/44506958
44516385,NA,NA,1,NA,1,NA,NA,0,https://www.airbnb.com/rooms/44516385
44518620,NA,Neighborhood highlights,4,NA,1,NA,NA,0,https://www.airbnb.com/rooms/44518620
44520855,NA,Neighborhood highlights,2,NA,NA,NA,NA,0,https://www.airbnb.com/rooms/44520855
44521574,$125.00,Neighborhood highlights,1,1,1,1,4.79,14,https://www.airbnb.com/rooms/44521574
44521731,NA,Neighborhood highlights,1,NA,1,NA,4.69,16,https://www.airbnb.com/rooms/44521731
44522852,$180.00,Neighborhood highlights,2,1,1,1,5,5,https://www.airbnb.com/rooms/44522852
44531911,$130.00,Neighborhood highlights,4,1,2,2,4.6,5,https://www.airbnb.com/rooms/44531911
44532028,$150.00,NA,2,1,1,1,NA,0,https://www.airbnb.com/rooms/44532028
44532220,NA,Neighborhood highlights,1,NA,NA,NA,5,1,https://www.airbnb.com/rooms/44532220
44533446,NA,Neighborhood highlights,1,NA,1,NA,NA,0,https://www.airbnb.com/rooms/44533446
44534901,$70.00,Neighborhood highlights,1,1,1,1,4.72,105,https://www.airbnb.com/rooms/44534901
44539744,NA,NA,1,NA,NA,NA,NA,0,https://www.airbnb.com/rooms/44539744
44540011,NA,Neighborhood highlights,1,NA,NA,NA,5,3,https://www.airbnb.com/rooms/44540011
44555814,NA,Neighborhood highlights,1,NA,NA,NA,4.5,2,https://www.airbnb.com/rooms/44555814
44556100,NA,NA,3,NA,1,NA,NA,0,https://www.airbnb.com/rooms/44556100
44558113,$116.00,NA,2,1,0,1,4.88,16,https://www.airbnb.com/rooms/44558113
44560298,$110.00,Neighborhood highlights,2,1,1,2,5,2,https://www.airbnb.com/rooms/44560298
44562723,$63.00,Neighborhood highlights,2,1.5,1,1,4.82,11,https://www.airbnb.com/rooms/44562723
44570625,NA,Neighborhood highlights,4,NA,1,NA,4.25,8,https://www.airbnb.com/rooms/44570625
44572083,$200.00,NA,2,1,1,1,5,18,https://www.airbnb.com/rooms/44572083
44575875,$288.00,Neighborhood highlights,5,1,3,3,4.91,11,https://www.airbnb.com/rooms/44575875
44579912,NA,Neighborhood highlights,2,NA,NA,NA,5,1,https://www.airbnb.com/rooms/44579912
44580140,$42.00,Neighborhood highlights,2,1,1,1,4.5,2,https://www.airbnb.com/rooms/44580140
44580169,$80.00,NA,3,1,0,1,5,1,https://www.airbnb.com/rooms/44580169
44594212,$55.00,Neighborhood highlights,2,1,1,1,4,2,https://www.airbnb.com/rooms/44594212
44594337,$259.00,Neighborhood highlights,6,1,0,3,4.79,57,https://www.airbnb.com/rooms/44594337
44595060,NA,Neighborhood highlights,3,NA,1,NA,5,2,https://www.airbnb.com/rooms/44595060
44595136,$85.00,Neighborhood highlights,1,1,1,1,4.73,11,https://www.airbnb.com/rooms/44595136
44625524,NA,NA,8,NA,4,NA,NA,0,https://www.airbnb.com/rooms/44625524
44630312,$76.00,Neighborhood highlights,1,0,3,1,NA,0,https://www.airbnb.com/rooms/44630312
44631028,$160.00,NA,3,1,2,3,4.86,14,https://www.airbnb.com/rooms/44631028
44631766,$123.00,Neighborhood highlights,2,1,0,2,4.45,11,https://www.airbnb.com/rooms/44631766
44631955,$250.00,NA,2,1,1,1,4.74,35,https://www.airbnb.com/rooms/44631955
44632833,NA,Neighborhood highlights,4,NA,2,NA,5,3,https://www.airbnb.com/rooms/44632833
44635187,$80.00,NA,2,1,1,1,NA,0,https://www.airbnb.com/rooms/44635187
44636829,NA,NA,2,NA,2,NA,NA,0,https://www.airbnb.com/rooms/44636829
44642468,$100.00,Neighborhood highlights,5,1.5,1,2,4.85,72,https://www.airbnb.com/rooms/44642468
44643892,NA,Neighborhood highlights,2,NA,1,NA,4.2,5,https://www.airbnb.com/rooms/44643892
44644295,NA,NA,5,NA,2,NA,NA,0,https://www.airbnb.com/rooms/44644295
44644486,NA,NA,2,NA,NA,NA,NA,0,https://www.airbnb.com/rooms/44644486
44645950,NA,Neighborhood highlights,3,NA,2,NA,4.94,98,https://www.airbnb.com/rooms/44645950
44648831,$438.00,Neighborhood highlights,15,2,4,8,NA,0,https://www.airbnb.com/rooms/44648831
44651142,"$1,800.00",Neighborhood highlights,10,4.5,6,7,4.92,12,https://www.airbnb.com/rooms/44651142
44659585,$99.00,Neighborhood highlights,6,1,3,3,4.79,14,https://www.airbnb.com/rooms/44659585
44662666,$66.00,Neighborhood highlights,1,2,4,4,4.8,5,https://www.airbnb.com/rooms/44662666
44663787,$160.00,NA,2,1,0,1,4.57,14,https://www.airbnb.com/rooms/44663787
44667545,NA,Neighborhood highlights,4,NA,2,NA,5,7,https://www.airbnb.com/rooms/44667545
44677484,$92.00,Neighborhood highlights,1,0,3,1,NA,0,https://www.airbnb.com/rooms/44677484
44677711,NA,NA,1,NA,1,NA,3.8,5,https://www.airbnb.com/rooms/44677711
44684083,NA,NA,2,NA,2,NA,4.7,23,https://www.airbnb.com/rooms/44684083
44685047,NA,NA,3,NA,NA,NA,5,3,https://www.airbnb.com/rooms/44685047
44699042,$115.00,Neighborhood highlights,2,1,1,2,5,15,https://www.airbnb.com/rooms/44699042
44699326,NA,NA,1,NA,0,NA,4.7,23,https://www.airbnb.com/rooms/44699326
44702152,NA,Neighborhood highlights,2,NA,1,NA,NA,0,https://www.airbnb.com/rooms/44702152
44711827,$130.00,Neighborhood highlights,4,1,2,2,4.87,15,https://www.airbnb.com/rooms/44711827
44722548,$72.00,Neighborhood highlights,2,1,0,2,4.51,136,https://www.airbnb.com/rooms/44722548
44739479,NA,Neighborhood highlights,8,NA,3,NA,4.94,130,https://www.airbnb.com/rooms/44739479
44747618,$280.00,Neighborhood highlights,2,1.5,3,3,NA,0,https://www.airbnb.com/rooms/44747618
44747739,NA,Neighborhood highlights,2,NA,1,NA,2.67,3,https://www.airbnb.com/rooms/44747739
44748353,$194.00,Neighborhood highlights,2,1,0,1,4.85,47,https://www.airbnb.com/rooms/44748353
44749327,NA,Neighborhood highlights,9,NA,3,NA,4.84,43,https://www.airbnb.com/rooms/44749327
44749512,$217.00,Neighborhood highlights,2,1,0,1,4.79,34,https://www.airbnb.com/rooms/44749512
44769471,$300.00,Neighborhood highlights,8,2,2,5,3.67,3,https://www.airbnb.com/rooms/44769471
44795562,NA,NA,4,NA,2,NA,NA,0,https://www.airbnb.com/rooms/44795562
44798876,$66.00,Neighborhood highlights,1,2,4,4,5,6,https://www.airbnb.com/rooms/44798876
44799074,$186.00,Neighborhood highlights,2,1,0,1,4.49,45,https://www.airbnb.com/rooms/44799074
44802224,$66.00,Neighborhood highlights,1,2,4,4,5,6,https://www.airbnb.com/rooms/44802224
44804027,$536.00,Neighborhood highlights,8,1.5,3,4,4.67,9,https://www.airbnb.com/rooms/44804027
44853757,$66.00,Neighborhood highlights,2,1,1,1,4.71,7,https://www.airbnb.com/rooms/44853757
44857436,$156.00,NA,4,1,2,3,4.7,179,https://www.airbnb.com/rooms/44857436
44866024,$325.00,NA,2,1,2,4,NA,0,https://www.airbnb.com/rooms/44866024
44867899,NA,NA,1,NA,1,NA,NA,0,https://www.airbnb.com/rooms/44867899
44892016,$200.00,NA,2,1,2,3,NA,0,https://www.airbnb.com/rooms/44892016
44892431,$38.00,Neighborhood highlights,1,1,2,1,4.33,3,https://www.airbnb.com/rooms/44892431
44893832,$42.00,Neighborhood highlights,1,1,1,1,4.8,10,https://www.airbnb.com/rooms/44893832
44899037,$473.00,Neighborhood highlights,7,1,2,3,4.8,124,https://www.airbnb.com/rooms/44899037
44902498,$145.00,Neighborhood highlights,2,1,1,2,5,4,https://www.airbnb.com/rooms/44902498
44909638,$145.00,NA,2,1,1,1,5,1,https://www.airbnb.com/rooms/44909638
44917765,$66.00,Neighborhood highlights,2,1,1,1,4.67,3,https://www.airbnb.com/rooms/44917765
44938771,$97.00,NA,2,1,1,1,4.91,94,https://www.airbnb.com/rooms/44938771
44996894,NA,NA,4,NA,2,NA,NA,0,https://www.airbnb.com/rooms/44996894
44998151,NA,Neighborhood highlights,4,NA,2,NA,NA,0,https://www.airbnb.com/rooms/44998151
44998579,NA,Neighborhood highlights,4,NA,2,NA,4.75,8,https://www.airbnb.com/rooms/44998579
45000294,NA,Neighborhood highlights,2,NA,NA,NA,4.55,20,https://www.airbnb.com/rooms/45000294
45000320,$60.00,Neighborhood highlights,2,1,1,2,4.97,90,https://www.airbnb.com/rooms/45000320
45001256,NA,Neighborhood highlights,2,NA,NA,NA,4.88,16,https://www.airbnb.com/rooms/45001256
45011640,NA,Neighborhood highlights,1,NA,1,NA,5,7,https://www.airbnb.com/rooms/45011640
45013494,$175.00,Neighborhood highlights,2,1,0,1,4.63,27,https://www.airbnb.com/rooms/45013494
45037010,$155.00,Neighborhood highlights,2,1,1,2,NA,0,https://www.airbnb.com/rooms/45037010
45044606,$67.00,Neighborhood highlights,1,0,4,1,NA,0,https://www.airbnb.com/rooms/45044606
45045785,$81.00,NA,1,2,1,1,4.82,11,https://www.airbnb.com/rooms/45045785
45051130,NA,Neighborhood highlights,1,NA,NA,NA,NA,0,https://www.airbnb.com/rooms/45051130
45057731,$37.00,NA,2,1,1,2,3.33,3,https://www.airbnb.com/rooms/45057731
45067068,$250.00,Neighborhood highlights,6,1,2,3,4.85,33,https://www.airbnb.com/rooms/45067068
45068785,NA,Neighborhood highlights,2,NA,1,NA,4.96,25,https://www.airbnb.com/rooms/45068785
45075405,$300.00,Neighborhood highlights,2,1,0,1,4.91,55,https://www.airbnb.com/rooms/45075405
45075497,$250.00,Neighborhood highlights,2,1,1,1,5,30,https://www.airbnb.com/rooms/45075497
45075714,NA,Neighborhood highlights,2,NA,1,NA,5,6,https://www.airbnb.com/rooms/45075714
45076726,$50.00,Neighborhood highlights,1,1,1,1,5,2,https://www.airbnb.com/rooms/45076726
45077681,NA,NA,1,NA,NA,NA,NA,0,https://www.airbnb.com/rooms/45077681
45079976,NA,NA,2,NA,NA,NA,NA,0,https://www.airbnb.com/rooms/45079976
45085252,$50.00,Neighborhood highlights,1,1,1,1,4.92,25,https://www.airbnb.com/rooms/45085252
45086065,$120.00,NA,3,1,0,1,4.73,11,https://www.airbnb.com/rooms/45086065
45087157,NA,NA,3,NA,1,NA,NA,0,https://www.airbnb.com/rooms/45087157
45087905,$39.00,Neighborhood highlights,1,1,1,0,5,2,https://www.airbnb.com/rooms/45087905
45089241,$188.00,Neighborhood highlights,6,1,0,2,4.77,86,https://www.airbnb.com/rooms/45089241
45089745,$38.00,Neighborhood highlights,1,1,1,1,5,2,https://www.airbnb.com/rooms/45089745
45091742,NA,Neighborhood highlights,5,NA,3,NA,4.97,108,https://www.airbnb.com/rooms/45091742
45091953,NA,NA,2,NA,NA,NA,5,1,https://www.airbnb.com/rooms/45091953
45092503,NA,Neighborhood highlights,6,NA,2,NA,4.81,144,https://www.airbnb.com/rooms/45092503
45097782,$161.00,Neighborhood highlights,2,1,0,1,3.5,2,https://www.airbnb.com/rooms/45097782
45099567,$129.00,Neighborhood highlights,2,1,1,1,4.77,75,https://www.airbnb.com/rooms/45099567
45103929,$46.00,NA,2,2,1,1,4.83,71,https://www.airbnb.com/rooms/45103929
45104165,$48.00,Neighborhood highlights,1,1,1,1,4.88,8,https://www.airbnb.com/rooms/45104165
45105081,NA,Neighborhood highlights,1,NA,1,NA,4.8,10,https://www.airbnb.com/rooms/45105081
45105690,NA,NA,2,NA,NA,NA,4.2,59,https://www.airbnb.com/rooms/45105690
45114711,$200.00,NA,4,1,2,2,4.78,9,https://www.airbnb.com/rooms/45114711
45119005,NA,NA,2,NA,1,NA,5,10,https://www.airbnb.com/rooms/45119005
45132366,$185.00,NA,1,1,1,1,4.6,5,https://www.airbnb.com/rooms/45132366
45138225,$150.00,Neighborhood highlights,1,1,1,1,4.5,6,https://www.airbnb.com/rooms/45138225
45138618,$120.00,NA,2,1,0,1,4.83,6,https://www.airbnb.com/rooms/45138618
45138735,$125.00,NA,2,1,0,1,4.63,8,https://www.airbnb.com/rooms/45138735
45138779,NA,NA,2,NA,NA,NA,4.88,8,https://www.airbnb.com/rooms/45138779
45139002,$89.00,NA,2,1,1,1,4.62,102,https://www.airbnb.com/rooms/45139002
45143239,$128.00,Neighborhood highlights,2,1,0,1,4.59,121,https://www.airbnb.com/rooms/45143239
45151029,$117.00,NA,2,1,0,1,5,11,https://www.airbnb.com/rooms/45151029
45157580,$149.00,Neighborhood highlights,3,1,1,1,5,2,https://www.airbnb.com/rooms/45157580
45162346,$65.00,Neighborhood highlights,1,1,1,1,5,7,https://www.airbnb.com/rooms/45162346
45164113,$250.00,Neighborhood highlights,1,1,1,1,4,1,https://www.airbnb.com/rooms/45164113
45173367,$32.00,NA,1,1,1,0,5,1,https://www.airbnb.com/rooms/45173367
45173392,NA,NA,2,NA,NA,NA,NA,0,https://www.airbnb.com/rooms/45173392
45175969,$59.00,NA,2,1,1,2,4.67,18,https://www.airbnb.com/rooms/45175969
45176100,NA,NA,1,NA,NA,NA,NA,0,https://www.airbnb.com/rooms/45176100
45176673,$115.00,NA,2,1,0,1,4.4,5,https://www.airbnb.com/rooms/45176673
45187777,$43.00,NA,1,2,1,1,5,3,https://www.airbnb.com/rooms/45187777
45189535,$81.00,Neighborhood highlights,1,1,2,1,4.96,25,https://www.airbnb.com/rooms/45189535
45191000,NA,Neighborhood highlights,2,NA,NA,NA,NA,0,https://www.airbnb.com/rooms/45191000
45192635,$250.00,Neighborhood highlights,4,2.5,2,2,5,2,https://www.airbnb.com/rooms/45192635
45201591,$65.00,Neighborhood highlights,1,1,1,1,NA,0,https://www.airbnb.com/rooms/45201591
45203126,$225.00,Neighborhood highlights,2,1,1,2,4.75,102,https://www.airbnb.com/rooms/45203126
45203962,$434.00,Neighborhood highlights,4,1,2,2,4.92,168,https://www.airbnb.com/rooms/45203962
45205118,$90.00,Neighborhood highlights,2,1,0,1,5,4,https://www.airbnb.com/rooms/45205118
45205306,NA,NA,3,NA,1,NA,4.86,7,https://www.airbnb.com/rooms/45205306
45214975,$85.00,Neighborhood highlights,1,1,0,1,5,1,https://www.airbnb.com/rooms/45214975
45215694,NA,Neighborhood highlights,1,NA,NA,NA,5,1,https://www.airbnb.com/rooms/45215694
45216874,$46.00,NA,1,1,1,1,4.88,16,https://www.airbnb.com/rooms/45216874
45218458,NA,Neighborhood highlights,7,NA,2,NA,5,3,https://www.airbnb.com/rooms/45218458
45219192,NA,Neighborhood highlights,2,NA,NA,NA,5,2,https://www.airbnb.com/rooms/45219192
45220334,NA,Neighborhood highlights,1,NA,NA,NA,NA,0,https://www.airbnb.com/rooms/45220334
45222438,NA,NA,2,NA,NA,NA,NA,0,https://www.airbnb.com/rooms/45222438
45222805,$45.00,NA,2,3,1,1,5,1,https://www.airbnb.com/rooms/45222805
45223844,NA,Neighborhood highlights,1,NA,NA,NA,5,1,https://www.airbnb.com/rooms/45223844
45224033,$39.00,Neighborhood highlights,2,1,1,1,4,1,https://www.airbnb.com/rooms/45224033
45224180,NA,NA,2,NA,NA,NA,NA,0,https://www.airbnb.com/rooms/45224180
45224909,$369.00,Neighborhood highlights,4,1,0,3,4.37,19,https://www.airbnb.com/rooms/45224909
45235352,NA,NA,1,NA,NA,NA,NA,0,https://www.airbnb.com/rooms/45235352
45235972,NA,Neighborhood highlights,1,NA,NA,NA,NA,0,https://www.airbnb.com/rooms/45235972
45236480,NA,Neighborhood highlights,4,NA,NA,NA,5,1,https://www.airbnb.com/rooms/45236480
45239940,NA,Neighborhood highlights,2,NA,NA,NA,5,4,https://www.airbnb.com/rooms/45239940
45240414,$200.00,Neighborhood highlights,2,1,1,1,NA,0,https://www.airbnb.com/rooms/45240414
45240828,NA,NA,2,NA,1,NA,4.33,3,https://www.airbnb.com/rooms/45240828
45251062,$60.00,Neighborhood highlights,1,1,1,1,4.57,7,https://www.airbnb.com/rooms/45251062
45253125,$100.00,Neighborhood highlights,3,1,1,1,4.76,99,https://www.airbnb.com/rooms/45253125
45254502,NA,Neighborhood highlights,5,NA,2,NA,5,76,https://www.airbnb.com/rooms/45254502
45261830,$177.00,Neighborhood highlights,4,1,0,2,4.59,149,https://www.airbnb.com/rooms/45261830
45261941,$180.00,Neighborhood highlights,4,1,0,2,4.65,169,https://www.airbnb.com/rooms/45261941
45267660,$356.00,NA,8,1.5,2,2,4.5,2,https://www.airbnb.com/rooms/45267660
45267941,$107.00,NA,2,1,1,1,NA,0,https://www.airbnb.com/rooms/45267941
45268111,$378.00,NA,8,1.5,2,2,4.77,31,https://www.airbnb.com/rooms/45268111
45270114,NA,Neighborhood highlights,4,NA,NA,NA,4.61,44,https://www.airbnb.com/rooms/45270114
45270317,NA,Neighborhood highlights,4,NA,NA,NA,4.58,19,https://www.airbnb.com/rooms/45270317
45270476,NA,Neighborhood highlights,6,NA,NA,NA,4.42,33,https://www.airbnb.com/rooms/45270476
45270796,$63.00,NA,2,1,0,1,4.4,5,https://www.airbnb.com/rooms/45270796
45272578,NA,Neighborhood highlights,1,NA,NA,NA,5,1,https://www.airbnb.com/rooms/45272578
45275002,$999.00,Neighborhood highlights,2,1,0,1,4.94,16,https://www.airbnb.com/rooms/45275002
45275194,$121.00,Neighborhood highlights,3,1,0,2,4.55,11,https://www.airbnb.com/rooms/45275194
45277303,$115.00,NA,2,1,0,1,4.22,9,https://www.airbnb.com/rooms/45277303
45277434,$130.00,NA,2,1,0,1,5,5,https://www.airbnb.com/rooms/45277434
45277537,$190.00,NA,4,1,2,1,4.7,10,https://www.airbnb.com/rooms/45277537
45282181,$140.00,NA,1,1,1,1,4,1,https://www.airbnb.com/rooms/45282181
45286452,$38.00,NA,1,1,1,1,NA,0,https://www.airbnb.com/rooms/45286452
45286461,$375.00,Neighborhood highlights,6,1,3,2,5,3,https://www.airbnb.com/rooms/45286461
45286583,$157.00,Neighborhood highlights,1,0,5,1,NA,0,https://www.airbnb.com/rooms/45286583
45286592,$60.00,Neighborhood highlights,1,1,1,NA,4.78,97,https://www.airbnb.com/rooms/45286592
45287391,NA,NA,1,NA,NA,NA,5,1,https://www.airbnb.com/rooms/45287391
45287978,NA,Neighborhood highlights,2,NA,2,NA,5,7,https://www.airbnb.com/rooms/45287978
45290301,NA,NA,3,NA,1,NA,NA,0,https://www.airbnb.com/rooms/45290301
45295952,NA,Neighborhood highlights,4,NA,1,NA,4.97,36,https://www.airbnb.com/rooms/45295952
45296324,NA,Neighborhood highlights,2,NA,2,NA,NA,0,https://www.airbnb.com/rooms/45296324
45300663,$37.00,Neighborhood highlights,1,1,1,1,5,2,https://www.airbnb.com/rooms/45300663
45303002,$57.00,Neighborhood highlights,1,1,1,1,4.95,22,https://www.airbnb.com/rooms/45303002
45305015,$115.00,Neighborhood highlights,3,1,1,1,4.68,116,https://www.airbnb.com/rooms/45305015
45308975,$600.00,Neighborhood highlights,4,2.5,2,2,5,20,https://www.airbnb.com/rooms/45308975
45314941,NA,NA,1,NA,NA,NA,NA,0,https://www.airbnb.com/rooms/45314941
45318765,NA,Neighborhood highlights,7,NA,4,NA,4.94,16,https://www.airbnb.com/rooms/45318765
45327468,$70.00,NA,2,1,1,1,4.75,8,https://www.airbnb.com/rooms/45327468
45328502,NA,Neighborhood highlights,2,NA,NA,NA,4,6,https://www.airbnb.com/rooms/45328502
45330395,$125.00,NA,2,1,0,1,5,7,https://www.airbnb.com/rooms/45330395
45340304,$500.00,Neighborhood highlights,4,2,2,2,5,1,https://www.airbnb.com/rooms/45340304
45340880,NA,NA,1,NA,1,NA,NA,0,https://www.airbnb.com/rooms/45340880
45341673,$289.00,Neighborhood highlights,2,1,0,1,NA,0,https://www.airbnb.com/rooms/45341673
45343404,$100.00,Neighborhood highlights,1,0,4,1,NA,0,https://www.airbnb.com/rooms/45343404
45344367,$256.00,Neighborhood highlights,2,1,1,1,NA,0,https://www.airbnb.com/rooms/45344367
45345628,$259.00,Neighborhood highlights,2,1,1,1,NA,0,https://www.airbnb.com/rooms/45345628
45345960,NA,Neighborhood highlights,1,0,5,1,NA,0,https://www.airbnb.com/rooms/45345960
45349876,$100.00,Neighborhood highlights,2,1,0,2,4.96,74,https://www.airbnb.com/rooms/45349876
45350260,$450.00,Neighborhood highlights,4,2,2,2,5,10,https://www.airbnb.com/rooms/45350260
45350372,$108.00,Neighborhood highlights,2,1,1,1,5,7,https://www.airbnb.com/rooms/45350372
45350621,NA,Neighborhood highlights,2,NA,NA,NA,NA,0,https://www.airbnb.com/rooms/45350621
45359389,NA,Neighborhood highlights,7,NA,3,NA,4.73,11,https://www.airbnb.com/rooms/45359389
45359746,$94.00,Neighborhood highlights,1,0,4,1,NA,0,https://www.airbnb.com/rooms/45359746
45362021,NA,Neighborhood highlights,2,NA,1,NA,5,2,https://www.airbnb.com/rooms/45362021
45362333,$300.00,NA,1,0.5,1,2,5,4,https://www.airbnb.com/rooms/45362333
45362848,NA,NA,1,NA,NA,NA,NA,0,https://www.airbnb.com/rooms/45362848
45366428,NA,NA,1,NA,NA,NA,3,1,https://www.airbnb.com/rooms/45366428
45368990,$155.00,Neighborhood highlights,2,1,0,1,4.91,23,https://www.airbnb.com/rooms/45368990
45375686,$85.00,Neighborhood highlights,1,0,4,1,NA,0,https://www.airbnb.com/rooms/45375686
45378043,$152.00,Neighborhood highlights,1,0,1,1,1,1,https://www.airbnb.com/rooms/45378043
45379767,$44.00,NA,2,1,1,2,4.57,60,https://www.airbnb.com/rooms/45379767
45380558,$40.00,Neighborhood highlights,2,1,1,1,NA,0,https://www.airbnb.com/rooms/45380558
45380846,$120.00,Neighborhood highlights,2,1,0,1,3.75,4,https://www.airbnb.com/rooms/45380846
45383580,NA,Neighborhood highlights,3,NA,1,NA,4,1,https://www.airbnb.com/rooms/45383580
45384737,$343.00,Neighborhood highlights,10,1,3,4,4.61,62,https://www.airbnb.com/rooms/45384737
45384916,$42.00,Neighborhood highlights,2,1,1,1,NA,0,https://www.airbnb.com/rooms/45384916
45385285,$135.00,Neighborhood highlights,2,1,2,2,4.71,102,https://www.airbnb.com/rooms/45385285
45385489,NA,NA,1,NA,NA,NA,5,4,https://www.airbnb.com/rooms/45385489
45396954,$381.00,Neighborhood highlights,4,1,2,2,5,1,https://www.airbnb.com/rooms/45396954
45398227,NA,Neighborhood highlights,6,NA,NA,NA,4.5,2,https://www.airbnb.com/rooms/45398227
45398984,$115.00,NA,2,1,0,1,4.67,9,https://www.airbnb.com/rooms/45398984
45399393,$325.00,NA,4,1,2,2,5,7,https://www.airbnb.com/rooms/45399393
45400472,$149.00,Neighborhood highlights,2,1,1,1,4.95,107,https://www.airbnb.com/rooms/45400472
45407980,$184.00,Neighborhood highlights,6,1,2,4,4.84,92,https://www.airbnb.com/rooms/45407980
45408614,$89.00,Neighborhood highlights,2,1,1,1,4.85,91,https://www.airbnb.com/rooms/45408614
45409765,$320.00,Neighborhood highlights,2,1,1,1,NA,0,https://www.airbnb.com/rooms/45409765
45413193,$150.00,Neighborhood highlights,2,1,1,2,4.96,170,https://www.airbnb.com/rooms/45413193
45414252,$265.00,Neighborhood highlights,3,1,0,2,5,2,https://www.airbnb.com/rooms/45414252
45414303,$250.00,Neighborhood highlights,4,1,1,2,5,6,https://www.airbnb.com/rooms/45414303
45415307,$79.00,Neighborhood highlights,1,0,4,1,5,3,https://www.airbnb.com/rooms/45415307
45417399,$80.00,Neighborhood highlights,1,0,3,1,1,1,https://www.airbnb.com/rooms/45417399
45418350,$125.00,NA,2,1,0,1,4.11,9,https://www.airbnb.com/rooms/45418350
45420463,$334.00,Neighborhood highlights,2,1,0,1,NA,0,https://www.airbnb.com/rooms/45420463
45421986,NA,Neighborhood highlights,3,NA,2,NA,NA,0,https://www.airbnb.com/rooms/45421986
45425730,$129.00,Neighborhood highlights,3,1,1,1,4.69,16,https://www.airbnb.com/rooms/45425730
45427869,$344.00,Neighborhood highlights,2,1,1,1,5,1,https://www.airbnb.com/rooms/45427869
45429765,$101.00,Neighborhood highlights,1,0,3,1,NA,0,https://www.airbnb.com/rooms/45429765
45430375,$92.00,Neighborhood highlights,1,0,4,1,NA,0,https://www.airbnb.com/rooms/45430375
45431952,NA,Neighborhood highlights,1,0,3,1,NA,0,https://www.airbnb.com/rooms/45431952
45433111,NA,NA,1,NA,2,NA,NA,0,https://www.airbnb.com/rooms/45433111
45435227,$149.00,Neighborhood highlights,1,1,1,1,4.89,70,https://www.airbnb.com/rooms/45435227
45439383,NA,Neighborhood highlights,2,NA,1,NA,NA,0,https://www.airbnb.com/rooms/45439383
45440460,$55.00,Neighborhood highlights,1,1,1,1,4.88,16,https://www.airbnb.com/rooms/45440460
45448589,$195.00,Neighborhood highlights,2,1,1,1,4.88,8,https://www.airbnb.com/rooms/45448589
45449294,$334.00,Neighborhood highlights,3,1,1,1,NA,0,https://www.airbnb.com/rooms/45449294
45449415,$297.00,Neighborhood highlights,3,1,1,1,5,2,https://www.airbnb.com/rooms/45449415
45451078,NA,NA,2,NA,1,NA,5,1,https://www.airbnb.com/rooms/45451078
45456352,"$1,428.00",Neighborhood highlights,4,2,2,2,4.85,75,https://www.airbnb.com/rooms/45456352
45457047,$125.00,NA,2,1,0,1,4.5,4,https://www.airbnb.com/rooms/45457047
45460506,$165.00,NA,2,1,1,2,NA,0,https://www.airbnb.com/rooms/45460506
45463342,$105.00,NA,2,1,0,1,5,7,https://www.airbnb.com/rooms/45463342
45463521,NA,Neighborhood highlights,4,NA,1,NA,5,6,https://www.airbnb.com/rooms/45463521
45464865,NA,Neighborhood highlights,2,NA,1,NA,5,1,https://www.airbnb.com/rooms/45464865
45465142,NA,NA,5,NA,2,NA,NA,0,https://www.airbnb.com/rooms/45465142
45466085,$45.00,Neighborhood highlights,2,1,1,1,2,1,https://www.airbnb.com/rooms/45466085
45466241,$57.00,Neighborhood highlights,2,1,0,1,NA,0,https://www.airbnb.com/rooms/45466241
45469752,$43.00,NA,1,2,1,NA,4.33,3,https://www.airbnb.com/rooms/45469752
45471095,$390.00,Neighborhood highlights,6,2,3,3,4.8,49,https://www.airbnb.com/rooms/45471095
45471555,$145.00,NA,1,1,1,1,5,10,https://www.airbnb.com/rooms/45471555
45472312,$115.00,NA,3,1,0,1,4.2,10,https://www.airbnb.com/rooms/45472312
45477103,NA,Neighborhood highlights,1,0,5,1,NA,0,https://www.airbnb.com/rooms/45477103
45479645,$95.00,Neighborhood highlights,3,1,2,2,4.43,7,https://www.airbnb.com/rooms/45479645
45479945,$91.00,Neighborhood highlights,1,0,3,1,5,1,https://www.airbnb.com/rooms/45479945
45480128,$150.00,Neighborhood highlights,2,1,1,1,4.75,4,https://www.airbnb.com/rooms/45480128
45480607,$175.00,NA,2,2,2,2,4.98,138,https://www.airbnb.com/rooms/45480607
45480770,NA,Neighborhood highlights,1,0,1,1,NA,0,https://www.airbnb.com/rooms/45480770
45481225,$324.00,Neighborhood highlights,3,1,1,1,NA,0,https://www.airbnb.com/rooms/45481225
45481292,$329.00,Neighborhood highlights,3,1,1,1,NA,0,https://www.airbnb.com/rooms/45481292
45481299,$296.00,Neighborhood highlights,3,1,1,1,NA,0,https://www.airbnb.com/rooms/45481299
45481851,$49.00,Neighborhood highlights,1,0,4,1,4,1,https://www.airbnb.com/rooms/45481851
45482136,$85.00,Neighborhood highlights,1,0,3,1,NA,0,https://www.airbnb.com/rooms/45482136
45482929,$100.00,Neighborhood highlights,2,1,0,1,3.67,3,https://www.airbnb.com/rooms/45482929
45483048,$125.00,NA,2,1,0,1,4.75,8,https://www.airbnb.com/rooms/45483048
45484178,NA,NA,2,NA,1,NA,4.86,7,https://www.airbnb.com/rooms/45484178
45485378,NA,NA,2,NA,NA,NA,5,1,https://www.airbnb.com/rooms/45485378
45489605,$74.00,Neighborhood highlights,1,0,1,1,NA,0,https://www.airbnb.com/rooms/45489605
45491008,$88.00,Neighborhood highlights,1,0,3,1,NA,0,https://www.airbnb.com/rooms/45491008
45491520,$109.00,Neighborhood highlights,1,0,3,1,NA,0,https://www.airbnb.com/rooms/45491520
45491670,$101.00,Neighborhood highlights,1,0,3,1,NA,0,https://www.airbnb.com/rooms/45491670
45491829,NA,Neighborhood highlights,1,NA,4,NA,NA,0,https://www.airbnb.com/rooms/45491829
45492275,$184.00,Neighborhood highlights,2,1,0,1,5,1,https://www.airbnb.com/rooms/45492275
45492378,$295.00,Neighborhood highlights,3,1,1,1,NA,0,https://www.airbnb.com/rooms/45492378
45492397,$285.00,Neighborhood highlights,3,0,1,1,5,1,https://www.airbnb.com/rooms/45492397
45492428,NA,Neighborhood highlights,2,NA,NA,NA,NA,0,https://www.airbnb.com/rooms/45492428
45492621,NA,NA,2,NA,NA,NA,4.67,3,https://www.airbnb.com/rooms/45492621
45493578,$85.00,Neighborhood highlights,1,0,4,1,NA,0,https://www.airbnb.com/rooms/45493578
45493732,$69.00,Neighborhood highlights,2,1,1,1,NA,0,https://www.airbnb.com/rooms/45493732
45493857,$108.00,Neighborhood highlights,1,0,3,1,NA,0,https://www.airbnb.com/rooms/45493857
45493984,$199.00,NA,3,1,1,1,5,2,https://www.airbnb.com/rooms/45493984
45494041,$97.00,Neighborhood highlights,1,0,3,1,1,1,https://www.airbnb.com/rooms/45494041
45494195,$94.00,Neighborhood highlights,1,0,4,1,NA,0,https://www.airbnb.com/rooms/45494195
45494351,$88.00,Neighborhood highlights,1,0,3,1,NA,0,https://www.airbnb.com/rooms/45494351
45494392,$83.00,Neighborhood highlights,1,0,3,1,NA,0,https://www.airbnb.com/rooms/45494392
45494737,NA,Neighborhood highlights,3,NA,2,NA,NA,0,https://www.airbnb.com/rooms/45494737
45503538,NA,Neighborhood highlights,4,NA,1,NA,5,2,https://www.airbnb.com/rooms/45503538
45503836,$61.00,Neighborhood highlights,2,1,1,2,4.85,41,https://www.airbnb.com/rooms/45503836
45504644,NA,Neighborhood highlights,4,NA,2,NA,4.25,4,https://www.airbnb.com/rooms/45504644
45505206,$170.00,Neighborhood highlights,3,1,1,2,5,23,https://www.airbnb.com/rooms/45505206
45505393,$800.00,NA,4,2,2,2,5,3,https://www.airbnb.com/rooms/45505393
45506170,NA,NA,2,NA,1,NA,NA,0,https://www.airbnb.com/rooms/45506170
45518443,NA,Neighborhood highlights,2,NA,1,NA,4.5,2,https://www.airbnb.com/rooms/45518443
45519132,$48.00,Neighborhood highlights,1,1,1,2,4.73,26,https://www.airbnb.com/rooms/45519132
45522628,$57.00,Neighborhood highlights,1,0,4,1,NA,0,https://www.airbnb.com/rooms/45522628
45522807,$88.00,Neighborhood highlights,1,0,1,1,NA,0,https://www.airbnb.com/rooms/45522807
45523134,$66.00,Neighborhood highlights,1,0,4,1,5,1,https://www.airbnb.com/rooms/45523134
45524309,NA,Neighborhood highlights,1,NA,NA,NA,NA,0,https://www.airbnb.com/rooms/45524309
45526083,$53.00,Neighborhood highlights,1,0,1,1,NA,0,https://www.airbnb.com/rooms/45526083
45527090,$160.00,Neighborhood highlights,2,1,1,1,4.99,203,https://www.airbnb.com/rooms/45527090
45527936,$135.00,NA,2,0,1,1,4.58,100,https://www.airbnb.com/rooms/45527936
45529279,$98.00,Neighborhood highlights,1,0,3,1,NA,0,https://www.airbnb.com/rooms/45529279
45529380,$85.00,Neighborhood highlights,1,0,1,1,NA,0,https://www.airbnb.com/rooms/45529380
45530370,$256.00,NA,4,1,1,2,5,6,https://www.airbnb.com/rooms/45530370
45530424,NA,NA,1,NA,NA,NA,NA,0,https://www.airbnb.com/rooms/45530424
45530663,$289.00,Neighborhood highlights,5,2,2,2,2,1,https://www.airbnb.com/rooms/45530663
45530791,$332.00,Neighborhood highlights,3,0,1,1,5,1,https://www.airbnb.com/rooms/45530791
45530856,$195.00,Neighborhood highlights,3,0,1,1,5,1,https://www.airbnb.com/rooms/45530856
45530901,$195.00,Neighborhood highlights,3,1,1,1,3,1,https://www.airbnb.com/rooms/45530901
45530908,$294.00,Neighborhood highlights,5,2,2,2,5,2,https://www.airbnb.com/rooms/45530908
45531011,$297.00,Neighborhood highlights,3,1,1,1,NA,0,https://www.airbnb.com/rooms/45531011
45531058,$334.00,Neighborhood highlights,3,1,1,1,NA,0,https://www.airbnb.com/rooms/45531058
45531087,$361.00,Neighborhood highlights,3,1,1,1,5,1,https://www.airbnb.com/rooms/45531087
45531339,$70.00,NA,1,1.5,1,1,NA,0,https://www.airbnb.com/rooms/45531339
45531530,$325.00,Neighborhood highlights,3,1,2,2,5,75,https://www.airbnb.com/rooms/45531530
45532748,$495.00,Neighborhood highlights,2,1,1,3,4.92,61,https://www.airbnb.com/rooms/45532748
45543400,$45.00,Neighborhood highlights,2,1.5,1,1,4.41,22,https://www.airbnb.com/rooms/45543400
45547297,$125.00,NA,2,1,0,1,4,4,https://www.airbnb.com/rooms/45547297
45547497,NA,NA,1,NA,NA,NA,4.82,11,https://www.airbnb.com/rooms/45547497
45557476,NA,NA,2,NA,NA,NA,NA,0,https://www.airbnb.com/rooms/45557476
45557629,$155.00,Neighborhood highlights,1,1,1,0,4.5,2,https://www.airbnb.com/rooms/45557629
45558214,$125.00,NA,3,1,1,2,4.93,187,https://www.airbnb.com/rooms/45558214
45559622,NA,NA,2,NA,1,NA,5,2,https://www.airbnb.com/rooms/45559622
45561535,$65.00,NA,2,1.5,1,0,5,2,https://www.airbnb.com/rooms/45561535
45565875,$783.00,Neighborhood highlights,8,3.5,4,4,5,20,https://www.airbnb.com/rooms/45565875
45578810,$532.00,NA,3,1,1,2,4.59,27,https://www.airbnb.com/rooms/45578810
45578986,$115.00,NA,3,1,0,1,4.83,6,https://www.airbnb.com/rooms/45578986
45579937,$299.00,Neighborhood highlights,5,2,2,2,4.33,3,https://www.airbnb.com/rooms/45579937
45579970,$274.00,Neighborhood highlights,2,1,0,1,NA,0,https://www.airbnb.com/rooms/45579970
45579985,$361.00,Neighborhood highlights,3,1,1,1,NA,0,https://www.airbnb.com/rooms/45579985
45580965,$39.00,Neighborhood highlights,1,1.5,3,3,5,1,https://www.airbnb.com/rooms/45580965
45581221,NA,Neighborhood highlights,3,NA,1,NA,NA,0,https://www.airbnb.com/rooms/45581221
45581228,$348.00,Neighborhood highlights,3,0,1,1,NA,0,https://www.airbnb.com/rooms/45581228
45581307,$350.00,Neighborhood highlights,3,1,1,1,NA,0,https://www.airbnb.com/rooms/45581307
45581317,$297.00,Neighborhood highlights,3,1,1,1,5,1,https://www.airbnb.com/rooms/45581317
45581463,$232.00,Neighborhood highlights,2,1,0,1,4,1,https://www.airbnb.com/rooms/45581463
45581475,$260.00,Neighborhood highlights,3,1,1,1,5,1,https://www.airbnb.com/rooms/45581475
45581484,$232.00,Neighborhood highlights,2,1,0,1,NA,0,https://www.airbnb.com/rooms/45581484
45581490,NA,Neighborhood highlights,2,NA,1,NA,NA,0,https://www.airbnb.com/rooms/45581490
45591267,NA,NA,2,NA,2,NA,NA,0,https://www.airbnb.com/rooms/45591267
45591853,$180.00,Neighborhood highlights,2,1,1,1,4.58,33,https://www.airbnb.com/rooms/45591853
45595421,NA,Neighborhood highlights,2,NA,1,NA,4.94,32,https://www.airbnb.com/rooms/45595421
45595551,$150.00,Neighborhood highlights,2,1,0,2,5,17,https://www.airbnb.com/rooms/45595551
45595732,$185.00,Neighborhood highlights,2,1,0,2,4.67,15,https://www.airbnb.com/rooms/45595732
45595850,$125.00,NA,2,1,0,1,4.43,7,https://www.airbnb.com/rooms/45595850
45595993,$225.00,Neighborhood highlights,2,1,1,1,4.78,50,https://www.airbnb.com/rooms/45595993
45599856,NA,NA,1,NA,1,NA,NA,0,https://www.airbnb.com/rooms/45599856
45602209,NA,NA,2,NA,NA,NA,4.5,4,https://www.airbnb.com/rooms/45602209
45605511,NA,NA,2,NA,3,NA,NA,0,https://www.airbnb.com/rooms/45605511
45609365,$57.00,Neighborhood highlights,2,1,1,1,4.7,50,https://www.airbnb.com/rooms/45609365
45609412,NA,NA,4,NA,2,NA,4.5,8,https://www.airbnb.com/rooms/45609412
45615385,$71.00,Neighborhood highlights,1,0,3,1,NA,0,https://www.airbnb.com/rooms/45615385
45616727,$186.00,NA,2,1,0,1,4.42,57,https://www.airbnb.com/rooms/45616727
45617056,$97.00,Neighborhood highlights,1,0,3,1,NA,0,https://www.airbnb.com/rooms/45617056
45622013,NA,Neighborhood highlights,1,NA,NA,NA,5,1,https://www.airbnb.com/rooms/45622013
45623054,$202.00,Neighborhood highlights,2,1,1,0,4.98,131,https://www.airbnb.com/rooms/45623054
45626554,$272.00,Neighborhood highlights,2,1,0,1,NA,0,https://www.airbnb.com/rooms/45626554
45633763,NA,NA,1,NA,1,NA,4,2,https://www.airbnb.com/rooms/45633763
45634265,$220.00,Neighborhood highlights,2,1,1,1,4.73,128,https://www.airbnb.com/rooms/45634265
45634496,$257.00,Neighborhood highlights,5,1,2,2,NA,0,https://www.airbnb.com/rooms/45634496
45636571,NA,Neighborhood highlights,2,NA,NA,NA,5,1,https://www.airbnb.com/rooms/45636571
45638455,NA,NA,2,NA,1,NA,4.75,8,https://www.airbnb.com/rooms/45638455
45642113,$45.00,NA,2,2,1,1,5,1,https://www.airbnb.com/rooms/45642113
45654763,NA,Neighborhood highlights,1,NA,NA,NA,3,3,https://www.airbnb.com/rooms/45654763
45656925,$95.00,Neighborhood highlights,2,1,1,1,4.98,61,https://www.airbnb.com/rooms/45656925
45658557,$110.00,NA,2,1,1,1,4.8,30,https://www.airbnb.com/rooms/45658557
45659035,NA,Neighborhood highlights,2,NA,1,NA,4.65,17,https://www.airbnb.com/rooms/45659035
45659431,NA,NA,4,NA,2,NA,NA,0,https://www.airbnb.com/rooms/45659431
45668457,NA,Neighborhood highlights,2,NA,NA,NA,NA,0,https://www.airbnb.com/rooms/45668457
45670010,NA,NA,3,NA,1,NA,5,5,https://www.airbnb.com/rooms/45670010
45670897,$170.00,NA,2,1,1,5,3.5,8,https://www.airbnb.com/rooms/45670897
45671726,NA,Neighborhood highlights,3,NA,1,NA,NA,0,https://www.airbnb.com/rooms/45671726
45671894,$170.00,NA,2,1,0,2,4.75,16,https://www.airbnb.com/rooms/45671894
45672204,NA,NA,2,NA,1,NA,5,3,https://www.airbnb.com/rooms/45672204
45672270,NA,NA,3,NA,1,NA,NA,0,https://www.airbnb.com/rooms/45672270
45673206,NA,NA,2,NA,NA,NA,NA,0,https://www.airbnb.com/rooms/45673206
45673594,$40.00,Neighborhood highlights,2,1,1,1,NA,0,https://www.airbnb.com/rooms/45673594
45674102,$100.00,Neighborhood highlights,2,1,1,1,4.81,21,https://www.airbnb.com/rooms/45674102
45674595,NA,Neighborhood highlights,1,NA,NA,NA,4.5,2,https://www.airbnb.com/rooms/45674595
45682803,NA,Neighborhood highlights,2,NA,2,NA,4.92,12,https://www.airbnb.com/rooms/45682803
45685520,$195.00,NA,3,1,1,2,5,2,https://www.airbnb.com/rooms/45685520
45686011,NA,Neighborhood highlights,2,NA,1,NA,4.85,39,https://www.airbnb.com/rooms/45686011
45687094,$162.00,Neighborhood highlights,2,1,0,1,5,2,https://www.airbnb.com/rooms/45687094
45688140,NA,NA,2,NA,NA,NA,5,1,https://www.airbnb.com/rooms/45688140
45688536,$432.00,Neighborhood highlights,4,1,1,2,4.44,39,https://www.airbnb.com/rooms/45688536
45688889,$621.00,Neighborhood highlights,6,1,2,3,4.65,123,https://www.airbnb.com/rooms/45688889
45689074,NA,Neighborhood highlights,2,NA,NA,NA,4.71,7,https://www.airbnb.com/rooms/45689074
45689193,$195.00,Neighborhood highlights,3,1,1,1,NA,0,https://www.airbnb.com/rooms/45689193
45689199,$212.00,Neighborhood highlights,3,1,1,1,5,2,https://www.airbnb.com/rooms/45689199
45689218,$287.00,Neighborhood highlights,3,1,1,1,5,1,https://www.airbnb.com/rooms/45689218
45689225,$189.00,Neighborhood highlights,3,1,1,1,NA,0,https://www.airbnb.com/rooms/45689225
45689231,$287.00,Neighborhood highlights,5,2,2,2,4,1,https://www.airbnb.com/rooms/45689231
45689247,$223.00,Neighborhood highlights,3,1,1,1,NA,0,https://www.airbnb.com/rooms/45689247
45689270,$184.00,Neighborhood highlights,3,1,1,1,4.67,3,https://www.airbnb.com/rooms/45689270
45689278,$281.00,Neighborhood highlights,5,2,2,2,5,3,https://www.airbnb.com/rooms/45689278
45689285,$221.00,Neighborhood highlights,3,1,1,1,NA,0,https://www.airbnb.com/rooms/45689285
45689293,$200.00,Neighborhood highlights,3,1,1,1,5,1,https://www.airbnb.com/rooms/45689293
45689456,NA,Neighborhood highlights,1,NA,1,NA,NA,0,https://www.airbnb.com/rooms/45689456
45690330,$45.00,Neighborhood highlights,1,1,1,1,4.81,31,https://www.airbnb.com/rooms/45690330
45691383,$170.00,Neighborhood highlights,2,1,0,1,4.44,36,https://www.airbnb.com/rooms/45691383
45694688,$425.00,Neighborhood highlights,6,4.5,3,4,4.94,18,https://www.airbnb.com/rooms/45694688
45695920,$98.00,Neighborhood highlights,1,0,4,1,NA,0,https://www.airbnb.com/rooms/45695920
45697372,$213.00,Neighborhood highlights,2,1,1,1,4.79,39,https://www.airbnb.com/rooms/45697372
45697674,$698.00,Neighborhood highlights,8,2,3,4,4.47,51,https://www.airbnb.com/rooms/45697674
45697850,$210.00,Neighborhood highlights,2,1,0,1,4.8,41,https://www.airbnb.com/rooms/45697850
45697861,$130.00,NA,2,1,1,1,4.42,12,https://www.airbnb.com/rooms/45697861
45698590,$175.00,Neighborhood highlights,8,1,3,4,4.08,40,https://www.airbnb.com/rooms/45698590
45698750,$468.00,Neighborhood highlights,8,2,3,4,NA,0,https://www.airbnb.com/rooms/45698750
45699931,$900.00,Neighborhood highlights,4,2.5,2,2,NA,0,https://www.airbnb.com/rooms/45699931
45701998,$178.00,Neighborhood highlights,2,1,1,1,4.97,33,https://www.airbnb.com/rooms/45701998
45705785,"$2,000.00",NA,12,6,5,8,NA,0,https://www.airbnb.com/rooms/45705785
45708866,NA,Neighborhood highlights,1,NA,NA,NA,NA,0,https://www.airbnb.com/rooms/45708866
45709602,NA,Neighborhood highlights,2,NA,1,NA,5,2,https://www.airbnb.com/rooms/45709602
45710731,NA,Neighborhood highlights,2,NA,NA,NA,4.43,220,https://www.airbnb.com/rooms/45710731
45711426,NA,Neighborhood highlights,1,NA,NA,NA,5,2,https://www.airbnb.com/rooms/45711426
45720236,$512.00,Neighborhood highlights,6,2,3,3,4.95,88,https://www.airbnb.com/rooms/45720236
45721454,$73.00,Neighborhood highlights,2,1,0,0,4.6,10,https://www.airbnb.com/rooms/45721454
45722884,$180.00,NA,4,1,1,1,4.81,16,https://www.airbnb.com/rooms/45722884
45723636,$206.00,Neighborhood highlights,6,1,2,3,4.81,184,https://www.airbnb.com/rooms/45723636
45725319,NA,NA,2,NA,NA,NA,5,2,https://www.airbnb.com/rooms/45725319
45726160,NA,Neighborhood highlights,4,NA,2,NA,5,3,https://www.airbnb.com/rooms/45726160
45727008,$230.00,NA,4,1,2,3,5,6,https://www.airbnb.com/rooms/45727008
45730924,$80.00,Neighborhood highlights,1,0,4,1,NA,0,https://www.airbnb.com/rooms/45730924
45732456,$120.00,NA,2,1,2,1,2,1,https://www.airbnb.com/rooms/45732456
45733243,$420.00,Neighborhood highlights,6,1,1,3,4.29,31,https://www.airbnb.com/rooms/45733243
45734407,$99.00,Neighborhood highlights,1,0,4,1,NA,0,https://www.airbnb.com/rooms/45734407
45734969,$89.00,Neighborhood highlights,1,0,5,1,NA,0,https://www.airbnb.com/rooms/45734969
45738048,$163.00,Neighborhood highlights,2,1,0,1,4.83,46,https://www.airbnb.com/rooms/45738048
45738105,$100.00,Neighborhood highlights,2,1,1,0,4.85,98,https://www.airbnb.com/rooms/45738105
45738575,NA,Neighborhood highlights,6,NA,2,NA,4.93,165,https://www.airbnb.com/rooms/45738575
45741022,NA,Neighborhood highlights,1,NA,NA,NA,5,4,https://www.airbnb.com/rooms/45741022
45742729,$264.00,NA,5,1,3,4,4.89,9,https://www.airbnb.com/rooms/45742729
45747355,$177.00,Neighborhood highlights,2,1,0,1,4.78,46,https://www.airbnb.com/rooms/45747355
45748469,NA,NA,1,NA,NA,NA,3.67,3,https://www.airbnb.com/rooms/45748469
45748772,$35.00,Neighborhood highlights,1,1,1,1,5,6,https://www.airbnb.com/rooms/45748772
45750107,$166.00,NA,2,1,0,1,4.7,10,https://www.airbnb.com/rooms/45750107
45750319,$106.00,NA,2,1,0,1,4.93,15,https://www.airbnb.com/rooms/45750319
45752036,$170.00,Neighborhood highlights,2,1,1,1,4.67,39,https://www.airbnb.com/rooms/45752036
45752068,$225.00,Neighborhood highlights,6,1,2,4,4.83,6,https://www.airbnb.com/rooms/45752068
45752087,$65.00,NA,2,2,1,1,4.28,82,https://www.airbnb.com/rooms/45752087
45752267,$150.00,Neighborhood highlights,2,1,1,1,4.67,36,https://www.airbnb.com/rooms/45752267
45754166,$260.00,NA,6,2,2,6,5,3,https://www.airbnb.com/rooms/45754166
45754690,$100.00,Neighborhood highlights,1,1.5,1,1,4.69,26,https://www.airbnb.com/rooms/45754690
45756912,NA,Neighborhood highlights,3,NA,NA,NA,4.68,19,https://www.airbnb.com/rooms/45756912
45763274,NA,NA,4,NA,1,NA,NA,0,https://www.airbnb.com/rooms/45763274
45765540,NA,Neighborhood highlights,6,NA,3,NA,5,3,https://www.airbnb.com/rooms/45765540
45767768,$295.00,Neighborhood highlights,2,1,0,1,5,2,https://www.airbnb.com/rooms/45767768
45767800,$260.00,Neighborhood highlights,2,1,0,1,NA,0,https://www.airbnb.com/rooms/45767800
45767833,$572.00,Neighborhood highlights,5,2,2,2,NA,0,https://www.airbnb.com/rooms/45767833
45767853,$295.00,Neighborhood highlights,3,1,1,1,4.5,2,https://www.airbnb.com/rooms/45767853
45767904,$297.00,Neighborhood highlights,3,1,1,1,5,1,https://www.airbnb.com/rooms/45767904
45767972,$263.00,Neighborhood highlights,2,1,0,1,5,1,https://www.airbnb.com/rooms/45767972
45768094,$329.00,Neighborhood highlights,3,1,1,1,NA,0,https://www.airbnb.com/rooms/45768094
45773573,NA,Neighborhood highlights,2,NA,1,NA,5,7,https://www.airbnb.com/rooms/45773573
45781965,$380.00,NA,5,2,2,2,4.5,6,https://www.airbnb.com/rooms/45781965
45783139,$75.00,NA,2,1,1,NA,5,4,https://www.airbnb.com/rooms/45783139
45783587,$115.00,Neighborhood highlights,4,1,2,2,4.67,6,https://www.airbnb.com/rooms/45783587
45783672,$100.00,Neighborhood highlights,3,1,1,1,5,15,https://www.airbnb.com/rooms/45783672
45784522,NA,Neighborhood highlights,5,NA,2,NA,5,2,https://www.airbnb.com/rooms/45784522
45785189,"$1,500.00",Neighborhood highlights,12,6.5,9,9,3.5,2,https://www.airbnb.com/rooms/45785189
45791418,$213.00,Neighborhood highlights,2,1,1,2,5,1,https://www.airbnb.com/rooms/45791418
45797507,NA,Neighborhood highlights,2,NA,1,NA,4.81,94,https://www.airbnb.com/rooms/45797507
45809231,$105.00,Neighborhood highlights,2,1,0,2,4.89,128,https://www.airbnb.com/rooms/45809231
45810858,NA,Neighborhood highlights,1,NA,NA,NA,NA,0,https://www.airbnb.com/rooms/45810858
45813469,$160.00,Neighborhood highlights,2,1,1,1,5,25,https://www.airbnb.com/rooms/45813469
45815060,$62.00,Neighborhood highlights,3,1,1,1,4.69,103,https://www.airbnb.com/rooms/45815060
45817766,NA,Neighborhood highlights,1,NA,1,NA,NA,0,https://www.airbnb.com/rooms/45817766
45825796,NA,NA,4,NA,2,NA,4.88,34,https://www.airbnb.com/rooms/45825796
45829645,NA,NA,2,NA,NA,NA,5,6,https://www.airbnb.com/rooms/45829645
45830163,NA,Neighborhood highlights,2,NA,1,NA,NA,0,https://www.airbnb.com/rooms/45830163
45830845,$150.00,NA,2,1,0,1,5,15,https://www.airbnb.com/rooms/45830845
45834849,$79.00,NA,2,1,1,1,4.31,55,https://www.airbnb.com/rooms/45834849
45838885,NA,Neighborhood highlights,7,NA,3,NA,4.55,80,https://www.airbnb.com/rooms/45838885
45842314,$168.00,NA,4,1,2,2,4.86,7,https://www.airbnb.com/rooms/45842314
45842595,NA,Neighborhood highlights,2,NA,NA,NA,NA,0,https://www.airbnb.com/rooms/45842595
45844343,$38.00,Neighborhood highlights,1,2.5,1,1,NA,0,https://www.airbnb.com/rooms/45844343
45846335,$108.00,NA,2,1,0,NA,5,1,https://www.airbnb.com/rooms/45846335
45847112,$170.00,NA,3,1,2,2,4.5,10,https://www.airbnb.com/rooms/45847112
45850424,NA,Neighborhood highlights,4,NA,NA,NA,NA,0,https://www.airbnb.com/rooms/45850424
45851431,$38.00,NA,1,1,1,1,NA,0,https://www.airbnb.com/rooms/45851431
45860553,$99.00,NA,2,1,0,1,4.51,108,https://www.airbnb.com/rooms/45860553
45861464,NA,NA,2,NA,NA,NA,4.5,6,https://www.airbnb.com/rooms/45861464
45865497,$117.00,Neighborhood highlights,2,1,1,3,4.94,18,https://www.airbnb.com/rooms/45865497
45866168,$175.00,Neighborhood highlights,3,1,1,1,4.7,47,https://www.airbnb.com/rooms/45866168
45873996,NA,Neighborhood highlights,1,NA,5,NA,5,1,https://www.airbnb.com/rooms/45873996
45875030,NA,Neighborhood highlights,1,NA,NA,NA,NA,0,https://www.airbnb.com/rooms/45875030
45878126,NA,Neighborhood highlights,1,NA,NA,NA,4.39,205,https://www.airbnb.com/rooms/45878126
45882814,NA,NA,4,NA,1,NA,4.77,65,https://www.airbnb.com/rooms/45882814
45891693,NA,NA,1,NA,NA,NA,NA,0,https://www.airbnb.com/rooms/45891693
45894834,$54.00,Neighborhood highlights,1,2,1,1,4.5,2,https://www.airbnb.com/rooms/45894834
45895062,NA,Neighborhood highlights,2,NA,1,NA,4.81,16,https://www.airbnb.com/rooms/45895062
45896593,$225.00,NA,4,2,2,2,4.72,50,https://www.airbnb.com/rooms/45896593
45897458,$239.00,Neighborhood highlights,8,3,3,4,4.8,97,https://www.airbnb.com/rooms/45897458
45903786,$122.00,Neighborhood highlights,2,1,1,1,4.69,59,https://www.airbnb.com/rooms/45903786
45904558,$123.00,Neighborhood highlights,1,0,1,1,NA,0,https://www.airbnb.com/rooms/45904558
45904666,$45.00,Neighborhood highlights,1,0,4,1,NA,0,https://www.airbnb.com/rooms/45904666
45904973,$96.00,Neighborhood highlights,1,0,4,1,NA,0,https://www.airbnb.com/rooms/45904973
45906774,$349.00,NA,5,1,2,4,4.94,109,https://www.airbnb.com/rooms/45906774
45907219,$54.00,Neighborhood highlights,1,2,1,1,NA,0,https://www.airbnb.com/rooms/45907219
45907342,$54.00,Neighborhood highlights,1,2,1,1,5,1,https://www.airbnb.com/rooms/45907342
45907938,NA,NA,2,NA,NA,NA,NA,0,https://www.airbnb.com/rooms/45907938
45908302,$240.00,Neighborhood highlights,6,1,3,4,5,1,https://www.airbnb.com/rooms/45908302
45909587,NA,NA,2,NA,1,NA,4.76,72,https://www.airbnb.com/rooms/45909587
45909943,$146.00,Neighborhood highlights,2,1,1,1,5,17,https://www.airbnb.com/rooms/45909943
45912662,NA,Neighborhood highlights,4,NA,1,NA,5,1,https://www.airbnb.com/rooms/45912662
45913437,$190.00,Neighborhood highlights,6,2,3,3,5,5,https://www.airbnb.com/rooms/45913437
45914075,$175.00,NA,4,1,2,2,5,3,https://www.airbnb.com/rooms/45914075
45914463,NA,Neighborhood highlights,3,NA,NA,NA,5,4,https://www.airbnb.com/rooms/45914463
45918592,$61.00,Neighborhood highlights,1,2,1,1,NA,0,https://www.airbnb.com/rooms/45918592
45919566,$90.00,NA,3,2,1,0,5,6,https://www.airbnb.com/rooms/45919566
45922753,$130.00,Neighborhood highlights,2,1,1,1,4.75,8,https://www.airbnb.com/rooms/45922753
45926800,$200.00,Neighborhood highlights,4,1,2,2,4.71,52,https://www.airbnb.com/rooms/45926800
45927831,$150.00,Neighborhood highlights,2,1,0,2,4.86,98,https://www.airbnb.com/rooms/45927831
45930596,$110.00,Neighborhood highlights,2,1,1,2,5,7,https://www.airbnb.com/rooms/45930596
45933728,$256.00,NA,5,1,2,2,4.54,224,https://www.airbnb.com/rooms/45933728
45938560,NA,NA,1,NA,NA,NA,5,8,https://www.airbnb.com/rooms/45938560
45942213,$54.00,Neighborhood highlights,1,1.5,1,1,4.77,13,https://www.airbnb.com/rooms/45942213
45943671,$499.00,NA,5,1,1,2,4.43,7,https://www.airbnb.com/rooms/45943671
45951602,NA,NA,2,NA,NA,NA,4.17,6,https://www.airbnb.com/rooms/45951602
45951781,NA,NA,1,NA,NA,NA,4,1,https://www.airbnb.com/rooms/45951781
45952953,$54.00,Neighborhood highlights,2,2,1,1,NA,0,https://www.airbnb.com/rooms/45952953
45953196,$54.00,Neighborhood highlights,2,2,1,1,4,1,https://www.airbnb.com/rooms/45953196
45954683,$54.00,Neighborhood highlights,2,2,1,1,4,2,https://www.airbnb.com/rooms/45954683
45956901,NA,NA,2,NA,1,NA,4.7,23,https://www.airbnb.com/rooms/45956901
45957861,$325.00,Neighborhood highlights,8,2,3,4,4.67,33,https://www.airbnb.com/rooms/45957861
45968007,NA,NA,2,NA,1,NA,NA,0,https://www.airbnb.com/rooms/45968007
45969792,$325.00,Neighborhood highlights,3,1,1,1,5,9,https://www.airbnb.com/rooms/45969792
45970489,NA,NA,2,NA,1,NA,NA,0,https://www.airbnb.com/rooms/45970489
45972391,$64.00,NA,1,1,1,1,5,1,https://www.airbnb.com/rooms/45972391
45972845,NA,Neighborhood highlights,1,NA,NA,NA,NA,0,https://www.airbnb.com/rooms/45972845
45976517,NA,Neighborhood highlights,4,NA,2,NA,NA,0,https://www.airbnb.com/rooms/45976517
45976871,$225.00,Neighborhood highlights,3,1,2,2,4.67,3,https://www.airbnb.com/rooms/45976871
45977309,$45.00,NA,1,2,4,1,5,2,https://www.airbnb.com/rooms/45977309
45977458,NA,NA,4,NA,1,NA,NA,0,https://www.airbnb.com/rooms/45977458
45985395,$159.00,NA,2,1,1,1,4.81,70,https://www.airbnb.com/rooms/45985395
45987882,NA,Neighborhood highlights,2,NA,NA,NA,4.92,25,https://www.airbnb.com/rooms/45987882
45988097,$329.00,Neighborhood highlights,4,1,2,2,4.98,139,https://www.airbnb.com/rooms/45988097
45990139,$110.00,Neighborhood highlights,4,1,2,3,5,3,https://www.airbnb.com/rooms/45990139
45990473,$115.00,NA,2,1,0,1,4.75,12,https://www.airbnb.com/rooms/45990473
45993212,NA,NA,2,NA,1,NA,4.8,5,https://www.airbnb.com/rooms/45993212
45995828,NA,Neighborhood highlights,2,NA,NA,NA,5,3,https://www.airbnb.com/rooms/45995828
46003877,NA,NA,1,NA,NA,NA,NA,0,https://www.airbnb.com/rooms/46003877
46005473,NA,NA,1,NA,NA,NA,NA,0,https://www.airbnb.com/rooms/46005473
46006972,$62.00,Neighborhood highlights,2,2,1,1,3.75,4,https://www.airbnb.com/rooms/46006972
46007228,NA,Neighborhood highlights,2,NA,NA,NA,4.64,11,https://www.airbnb.com/rooms/46007228
46013470,NA,NA,2,NA,NA,NA,NA,0,https://www.airbnb.com/rooms/46013470
46019862,$216.00,Neighborhood highlights,3,1,1,1,5,1,https://www.airbnb.com/rooms/46019862
46025535,NA,Neighborhood highlights,1,NA,NA,NA,NA,0,https://www.airbnb.com/rooms/46025535
46025711,$150.00,Neighborhood highlights,2,1,0,1,4.68,41,https://www.airbnb.com/rooms/46025711
46032925,NA,Neighborhood highlights,4,NA,2,NA,4.56,9,https://www.airbnb.com/rooms/46032925
46033360,$46.00,NA,1,2,1,1,5,1,https://www.airbnb.com/rooms/46033360
46034949,$140.00,Neighborhood highlights,1,1,1,1,5,10,https://www.airbnb.com/rooms/46034949
46035129,NA,Neighborhood highlights,1,NA,NA,NA,4.78,76,https://www.airbnb.com/rooms/46035129
46037635,NA,NA,2,NA,NA,NA,5,15,https://www.airbnb.com/rooms/46037635
46039534,NA,Neighborhood highlights,4,NA,2,NA,4.71,7,https://www.airbnb.com/rooms/46039534
46046875,NA,Neighborhood highlights,2,NA,1,NA,NA,0,https://www.airbnb.com/rooms/46046875
46047521,$47.00,Neighborhood highlights,2,1,1,1,4.19,16,https://www.airbnb.com/rooms/46047521
46047742,NA,Neighborhood highlights,4,NA,2,NA,4.61,41,https://www.airbnb.com/rooms/46047742
46048266,NA,Neighborhood highlights,4,NA,2,NA,5,2,https://www.airbnb.com/rooms/46048266
46050040,$62.00,Neighborhood highlights,2,2,1,0,4.44,9,https://www.airbnb.com/rooms/46050040
46054095,$256.00,NA,2,1,1,1,4.73,11,https://www.airbnb.com/rooms/46054095
46054149,NA,NA,2,NA,1,NA,NA,0,https://www.airbnb.com/rooms/46054149
46055575,NA,NA,1,NA,NA,NA,NA,0,https://www.airbnb.com/rooms/46055575
46055732,$39.00,Neighborhood highlights,1,1,1,1,NA,0,https://www.airbnb.com/rooms/46055732
46062116,$400.00,NA,6,2,3,3,NA,0,https://www.airbnb.com/rooms/46062116
46065989,$49.00,NA,1,2,1,1,NA,0,https://www.airbnb.com/rooms/46065989
46067261,$110.00,NA,2,1,1,1,4.8,25,https://www.airbnb.com/rooms/46067261
46070318,$49.00,NA,1,2,1,1,5,1,https://www.airbnb.com/rooms/46070318
46070335,$25.00,NA,1,2,1,1,5,1,https://www.airbnb.com/rooms/46070335
46070679,NA,Neighborhood highlights,2,NA,NA,NA,5,1,https://www.airbnb.com/rooms/46070679
46077274,$149.00,Neighborhood highlights,2,1,1,1,4.86,7,https://www.airbnb.com/rooms/46077274
46080480,NA,NA,4,NA,1,NA,NA,0,https://www.airbnb.com/rooms/46080480
46089699,NA,Neighborhood highlights,2,NA,1,NA,5,1,https://www.airbnb.com/rooms/46089699
46089752,NA,Neighborhood highlights,2,NA,1,NA,NA,0,https://www.airbnb.com/rooms/46089752
46097574,NA,NA,4,NA,1,NA,4,2,https://www.airbnb.com/rooms/46097574
46098057,$44.00,NA,1,1,1,1,NA,0,https://www.airbnb.com/rooms/46098057
46100513,$105.00,Neighborhood highlights,2,1,1,1,4.71,7,https://www.airbnb.com/rooms/46100513
46102747,NA,Neighborhood highlights,4,NA,2,NA,5,4,https://www.airbnb.com/rooms/46102747
46102949,$220.00,NA,4,1,1,2,4.93,14,https://www.airbnb.com/rooms/46102949
46104954,NA,Neighborhood highlights,3,NA,1,NA,4.98,84,https://www.airbnb.com/rooms/46104954
46108000,$46.00,NA,1,1,1,1,5,1,https://www.airbnb.com/rooms/46108000
46108976,$239.00,Neighborhood highlights,6,1.5,3,5,5,1,https://www.airbnb.com/rooms/46108976
46109966,NA,NA,2,NA,NA,NA,NA,0,https://www.airbnb.com/rooms/46109966
46110550,NA,NA,3,NA,NA,NA,NA,0,https://www.airbnb.com/rooms/46110550
46113778,$416.00,Neighborhood highlights,4,2,2,2,NA,0,https://www.airbnb.com/rooms/46113778
46113799,$326.00,Neighborhood highlights,2,1,1,1,4,1,https://www.airbnb.com/rooms/46113799
46113818,$296.00,Neighborhood highlights,2,1,1,1,5,1,https://www.airbnb.com/rooms/46113818
46113841,$294.00,Neighborhood highlights,2,1,1,1,NA,0,https://www.airbnb.com/rooms/46113841
46115154,$155.00,Neighborhood highlights,4,1,1,2,4.8,5,https://www.airbnb.com/rooms/46115154
46115871,$185.00,Neighborhood highlights,2,1,1,1,5,3,https://www.airbnb.com/rooms/46115871
46119792,$54.00,Neighborhood highlights,2,2,1,1,NA,0,https://www.airbnb.com/rooms/46119792
46120125,$54.00,Neighborhood highlights,2,2,1,1,3.5,2,https://www.airbnb.com/rooms/46120125
46120337,$54.00,Neighborhood highlights,2,2,1,1,5,3,https://www.airbnb.com/rooms/46120337
46121940,NA,NA,1,NA,1,NA,NA,0,https://www.airbnb.com/rooms/46121940
46123392,NA,NA,1,NA,NA,NA,NA,0,https://www.airbnb.com/rooms/46123392
46127578,$250.00,NA,2,2,3,4,4.48,75,https://www.airbnb.com/rooms/46127578
46137867,$89.00,Neighborhood highlights,2,1,1,2,5,2,https://www.airbnb.com/rooms/46137867
46142886,NA,NA,1,NA,NA,NA,4,2,https://www.airbnb.com/rooms/46142886
46143578,$128.00,Neighborhood highlights,3,1.5,1,1,5,3,https://www.airbnb.com/rooms/46143578
46150727,$44.00,NA,1,1,1,1,5,1,https://www.airbnb.com/rooms/46150727
46151252,$33.00,NA,1,1,1,1,4.5,2,https://www.airbnb.com/rooms/46151252
46151832,NA,NA,1,NA,1,NA,NA,0,https://www.airbnb.com/rooms/46151832
46154815,$69.00,NA,2,1,1,1,4.38,81,https://www.airbnb.com/rooms/46154815
46155562,NA,Neighborhood highlights,3,NA,1,NA,4.86,7,https://www.airbnb.com/rooms/46155562
46156111,$36.00,NA,1,2,1,1,5,1,https://www.airbnb.com/rooms/46156111
46157142,NA,Neighborhood highlights,2,NA,NA,NA,NA,0,https://www.airbnb.com/rooms/46157142
46157567,NA,NA,1,NA,NA,NA,NA,0,https://www.airbnb.com/rooms/46157567
46158013,$42.00,Neighborhood highlights,1,1,1,1,4.9,10,https://www.airbnb.com/rooms/46158013
46158284,$130.00,Neighborhood highlights,4,1,2,2,4.78,174,https://www.airbnb.com/rooms/46158284
46159103,$115.00,Neighborhood highlights,5,1,2,2,4.97,32,https://www.airbnb.com/rooms/46159103
46160422,$115.00,NA,2,1,1,1,4.71,14,https://www.airbnb.com/rooms/46160422
46161668,NA,NA,3,NA,1,NA,4.61,41,https://www.airbnb.com/rooms/46161668
46169618,$569.00,Neighborhood highlights,4,1.5,2,2,4.86,7,https://www.airbnb.com/rooms/46169618
46169958,$59.00,NA,2,1,1,1,4.83,65,https://www.airbnb.com/rooms/46169958
46171697,$55.00,Neighborhood highlights,1,1,1,1,4.83,6,https://www.airbnb.com/rooms/46171697
46173462,NA,Neighborhood highlights,2,NA,NA,NA,3,2,https://www.airbnb.com/rooms/46173462
46179119,NA,NA,2,NA,1,NA,4.89,57,https://www.airbnb.com/rooms/46179119
46180394,NA,NA,1,NA,1,NA,NA,0,https://www.airbnb.com/rooms/46180394
46186886,$297.00,Neighborhood highlights,2,1,1,1,5,1,https://www.airbnb.com/rooms/46186886
46191117,NA,Neighborhood highlights,1,NA,NA,NA,4.67,3,https://www.airbnb.com/rooms/46191117
46192014,$160.00,Neighborhood highlights,6,1,3,4,4.7,56,https://www.airbnb.com/rooms/46192014
46192202,$39.00,Neighborhood highlights,1,1,1,1,4.43,7,https://www.airbnb.com/rooms/46192202
46192900,$105.00,Neighborhood highlights,1,0,3,1,NA,0,https://www.airbnb.com/rooms/46192900
46192932,$140.00,NA,1,1,0,1,4,1,https://www.airbnb.com/rooms/46192932
46193134,$140.00,NA,1,1,0,1,4.5,4,https://www.airbnb.com/rooms/46193134
46193211,$140.00,NA,1,1,0,1,5,7,https://www.airbnb.com/rooms/46193211
46193296,$140.00,NA,1,1,0,1,5,1,https://www.airbnb.com/rooms/46193296
46193401,$140.00,NA,1,1,0,1,NA,0,https://www.airbnb.com/rooms/46193401
46193536,$140.00,NA,1,1,0,1,NA,0,https://www.airbnb.com/rooms/46193536
46193644,$140.00,NA,1,1,0,1,NA,0,https://www.airbnb.com/rooms/46193644
46193714,$130.00,NA,1,1,0,1,3.5,2,https://www.airbnb.com/rooms/46193714
46194587,NA,Neighborhood highlights,2,NA,2,NA,4.76,42,https://www.airbnb.com/rooms/46194587
46194687,NA,NA,2,NA,NA,NA,NA,0,https://www.airbnb.com/rooms/46194687
46195194,$150.00,NA,1,1,0,1,4.8,15,https://www.airbnb.com/rooms/46195194
46195333,$130.00,NA,1,1,0,1,5,1,https://www.airbnb.com/rooms/46195333
46195400,$130.00,NA,1,1,0,1,4.33,3,https://www.airbnb.com/rooms/46195400
46195668,$130.00,NA,1,1,0,1,4,1,https://www.airbnb.com/rooms/46195668
46195854,$130.00,NA,1,1,0,1,5,2,https://www.airbnb.com/rooms/46195854
46197411,NA,NA,2,NA,NA,NA,4.75,12,https://www.airbnb.com/rooms/46197411
46202555,$222.00,Neighborhood highlights,2,1,1,1,4.86,14,https://www.airbnb.com/rooms/46202555
46202921,NA,Neighborhood highlights,2,NA,NA,NA,NA,0,https://www.airbnb.com/rooms/46202921
46210157,$72.00,Neighborhood highlights,1,0,4,1,NA,0,https://www.airbnb.com/rooms/46210157
46211541,NA,NA,1,NA,1,NA,NA,0,https://www.airbnb.com/rooms/46211541
46211796,$327.00,Neighborhood highlights,4,2,2,2,NA,0,https://www.airbnb.com/rooms/46211796
46212641,$525.00,Neighborhood highlights,7,2,4,8,5,12,https://www.airbnb.com/rooms/46212641
46212643,NA,Neighborhood highlights,6,NA,3,NA,5,34,https://www.airbnb.com/rooms/46212643
46213282,NA,NA,6,NA,2,NA,NA,0,https://www.airbnb.com/rooms/46213282
46213647,NA,Neighborhood highlights,3,NA,1,NA,4.2,79,https://www.airbnb.com/rooms/46213647
46214998,NA,NA,1,NA,NA,NA,5,1,https://www.airbnb.com/rooms/46214998
46215494,NA,Neighborhood highlights,3,NA,2,NA,4.29,41,https://www.airbnb.com/rooms/46215494
46216955,NA,Neighborhood highlights,3,NA,2,NA,4.2,15,https://www.airbnb.com/rooms/46216955
46221765,NA,Neighborhood highlights,1,NA,NA,NA,4.84,56,https://www.airbnb.com/rooms/46221765
46225814,NA,NA,2,NA,1,NA,NA,0,https://www.airbnb.com/rooms/46225814
46229870,$99.00,Neighborhood highlights,1,0,4,1,NA,0,https://www.airbnb.com/rooms/46229870
46236500,$142.00,Neighborhood highlights,4,1,2,3,4.96,73,https://www.airbnb.com/rooms/46236500
46241504,$273.00,Neighborhood highlights,5,1,2,2,4.67,3,https://www.airbnb.com/rooms/46241504
46246632,$270.00,Neighborhood highlights,5,1,3,4,5,9,https://www.airbnb.com/rooms/46246632
46254621,$239.00,Neighborhood highlights,3,1,1,1,NA,0,https://www.airbnb.com/rooms/46254621
46260454,NA,NA,2,NA,1,NA,5,2,https://www.airbnb.com/rooms/46260454
46262041,$125.00,NA,2,1,0,1,4.8,5,https://www.airbnb.com/rooms/46262041
46265763,NA,Neighborhood highlights,2,NA,1,NA,4.91,11,https://www.airbnb.com/rooms/46265763
46269173,$50.00,NA,2,1,1,0,4.4,5,https://www.airbnb.com/rooms/46269173
46270175,$70.00,NA,2,1,1,1,4,4,https://www.airbnb.com/rooms/46270175
46270554,$50.00,NA,2,1,1,1,5,2,https://www.airbnb.com/rooms/46270554
46274206,NA,Neighborhood highlights,2,NA,1,NA,5,1,https://www.airbnb.com/rooms/46274206
46274452,NA,Neighborhood highlights,2,NA,NA,NA,NA,0,https://www.airbnb.com/rooms/46274452
46274465,NA,NA,2,NA,NA,NA,NA,0,https://www.airbnb.com/rooms/46274465
46275383,$100.00,Neighborhood highlights,4,1,1,2,4.88,72,https://www.airbnb.com/rooms/46275383
46277582,NA,Neighborhood highlights,1,NA,NA,NA,NA,0,https://www.airbnb.com/rooms/46277582
46278185,$215.00,Neighborhood highlights,4,2,2,5,NA,0,https://www.airbnb.com/rooms/46278185
46279588,$135.00,NA,4,1,1,1,5,1,https://www.airbnb.com/rooms/46279588
46279853,$190.00,NA,4,1,2,1,4.43,7,https://www.airbnb.com/rooms/46279853
46280185,$95.00,NA,1,1,1,1,5,8,https://www.airbnb.com/rooms/46280185
46280898,$207.00,Neighborhood highlights,4,1,0,2,4.74,497,https://www.airbnb.com/rooms/46280898
46281712,NA,Neighborhood highlights,4,NA,1,NA,4.67,3,https://www.airbnb.com/rooms/46281712
46288281,NA,Neighborhood highlights,2,NA,1,NA,4.5,2,https://www.airbnb.com/rooms/46288281
46290411,NA,NA,1,NA,NA,NA,NA,0,https://www.airbnb.com/rooms/46290411
46297226,$38.00,Neighborhood highlights,1,1,1,1,4,3,https://www.airbnb.com/rooms/46297226
46301785,NA,Neighborhood highlights,2,NA,NA,NA,4.92,59,https://www.airbnb.com/rooms/46301785
46308328,NA,NA,3,NA,NA,NA,NA,0,https://www.airbnb.com/rooms/46308328
46308461,$74.00,NA,2,1,1,1,NA,0,https://www.airbnb.com/rooms/46308461
46310277,NA,NA,2,NA,1,NA,5,3,https://www.airbnb.com/rooms/46310277
46310724,$149.00,Neighborhood highlights,1,1,1,1,4.79,33,https://www.airbnb.com/rooms/46310724
46314128,$300.00,Neighborhood highlights,6,2.5,3,4,5,7,https://www.airbnb.com/rooms/46314128
46318416,$250.00,NA,1,1,1,1,4.87,39,https://www.airbnb.com/rooms/46318416
46319349,NA,NA,3,NA,NA,NA,NA,0,https://www.airbnb.com/rooms/46319349
46326697,$564.00,Neighborhood highlights,5,2,2,2,NA,0,https://www.airbnb.com/rooms/46326697
46326872,$369.00,Neighborhood highlights,3,1,1,1,NA,0,https://www.airbnb.com/rooms/46326872
46326912,$318.00,Neighborhood highlights,3,1,1,1,NA,0,https://www.airbnb.com/rooms/46326912
46327016,$285.00,Neighborhood highlights,2,1,0,1,NA,0,https://www.airbnb.com/rooms/46327016
46327032,$268.00,Neighborhood highlights,2,1,0,1,5,1,https://www.airbnb.com/rooms/46327032
46329086,NA,Neighborhood highlights,2,NA,1,NA,NA,0,https://www.airbnb.com/rooms/46329086
46329282,$103.00,Neighborhood highlights,2,2,1,1,NA,0,https://www.airbnb.com/rooms/46329282
46329627,$103.00,Neighborhood highlights,2,2,1,1,5,1,https://www.airbnb.com/rooms/46329627
46330099,$124.00,NA,2,1,1,1,4.8,10,https://www.airbnb.com/rooms/46330099
46330338,$193.00,NA,2,1,1,1,4.88,8,https://www.airbnb.com/rooms/46330338
46331352,NA,NA,8,NA,NA,NA,NA,0,https://www.airbnb.com/rooms/46331352
46331952,NA,NA,7,NA,5,NA,NA,0,https://www.airbnb.com/rooms/46331952
46332020,NA,Neighborhood highlights,2,NA,NA,NA,5,4,https://www.airbnb.com/rooms/46332020
46332413,NA,NA,2,NA,1,NA,5,12,https://www.airbnb.com/rooms/46332413
46332804,$330.00,Neighborhood highlights,3,1,1,1,5,6,https://www.airbnb.com/rooms/46332804
46334036,$130.00,Neighborhood highlights,4,1.5,3,3,NA,0,https://www.airbnb.com/rooms/46334036
46334141,$90.00,Neighborhood highlights,1,1.5,1,1,4.75,4,https://www.airbnb.com/rooms/46334141
46335178,$110.00,NA,3,1,0,1,4.67,6,https://www.airbnb.com/rooms/46335178
46336893,$150.00,NA,2,1,1,1,NA,0,https://www.airbnb.com/rooms/46336893
46336910,$120.00,NA,3,1,0,1,4.67,9,https://www.airbnb.com/rooms/46336910
46346516,NA,Neighborhood highlights,3,NA,1,NA,4.67,3,https://www.airbnb.com/rooms/46346516
46350355,$200.00,Neighborhood highlights,6,2,3,3,4.57,56,https://www.airbnb.com/rooms/46350355
46352910,$189.00,Neighborhood highlights,4,1,0,2,5,10,https://www.airbnb.com/rooms/46352910
46354165,NA,Neighborhood highlights,2,NA,2,NA,3.75,8,https://www.airbnb.com/rooms/46354165
46354423,$180.00,Neighborhood highlights,2,1,1,1,4.78,41,https://www.airbnb.com/rooms/46354423
46354444,$244.00,Neighborhood highlights,2,1,0,2,4.13,298,https://www.airbnb.com/rooms/46354444
46355720,$150.00,NA,4,2,2,3,4.5,2,https://www.airbnb.com/rooms/46355720
46356028,$72.00,Neighborhood highlights,2,1,1,2,4.56,9,https://www.airbnb.com/rooms/46356028
46357127,$99.00,NA,4,1,2,2,5,5,https://www.airbnb.com/rooms/46357127
46357397,$237.00,Neighborhood highlights,3,1,1,1,NA,0,https://www.airbnb.com/rooms/46357397
46358642,NA,Neighborhood highlights,1,NA,NA,NA,5,4,https://www.airbnb.com/rooms/46358642
46361294,"$1,255.00",NA,7,2.5,3,5,4.78,60,https://www.airbnb.com/rooms/46361294
46375046,NA,NA,1,NA,1,NA,5,3,https://www.airbnb.com/rooms/46375046
46375709,$52.00,Neighborhood highlights,2,1,1,2,4.96,45,https://www.airbnb.com/rooms/46375709
46376233,NA,NA,4,NA,1,NA,4.87,75,https://www.airbnb.com/rooms/46376233
46376967,NA,NA,4,NA,1,NA,4.81,80,https://www.airbnb.com/rooms/46376967
46377326,NA,NA,4,NA,1,NA,4.83,47,https://www.airbnb.com/rooms/46377326
46379831,NA,NA,2,NA,1,NA,4.71,35,https://www.airbnb.com/rooms/46379831
46379970,NA,NA,2,NA,1,NA,4.84,90,https://www.airbnb.com/rooms/46379970
46380160,NA,NA,2,NA,1,NA,4.9,41,https://www.airbnb.com/rooms/46380160
46380639,NA,NA,2,NA,1,NA,5,2,https://www.airbnb.com/rooms/46380639
46381019,NA,NA,4,NA,1,NA,4.86,59,https://www.airbnb.com/rooms/46381019
46381862,$43.00,Neighborhood highlights,2,1,1,1,5,1,https://www.airbnb.com/rooms/46381862
46382691,$300.00,NA,3,3,4,4,4.5,4,https://www.airbnb.com/rooms/46382691
46393855,$139.00,Neighborhood highlights,8,1,3,4,4.36,14,https://www.airbnb.com/rooms/46393855
46400759,NA,NA,1,NA,1,NA,NA,0,https://www.airbnb.com/rooms/46400759
46401930,$60.00,Neighborhood highlights,2,1,1,1,4,1,https://www.airbnb.com/rooms/46401930
46402076,$60.00,Neighborhood highlights,2,1,1,1,5,2,https://www.airbnb.com/rooms/46402076
46413038,NA,NA,1,NA,1,NA,5,19,https://www.airbnb.com/rooms/46413038
46413969,NA,NA,4,NA,1,NA,4.81,42,https://www.airbnb.com/rooms/46413969
46414136,NA,NA,4,NA,1,NA,4.86,109,https://www.airbnb.com/rooms/46414136
46414174,$130.00,Neighborhood highlights,4,1,2,2,4.8,40,https://www.airbnb.com/rooms/46414174
46414339,$193.00,NA,4,1,2,2,4.81,83,https://www.airbnb.com/rooms/46414339
46415269,NA,Neighborhood highlights,2,NA,1,NA,5,1,https://www.airbnb.com/rooms/46415269
46415505,$450.00,NA,2,1.5,1,1,4.99,76,https://www.airbnb.com/rooms/46415505
46417232,$212.00,NA,3,1,2,3,4.89,99,https://www.airbnb.com/rooms/46417232
46417510,$150.00,Neighborhood highlights,2,1,1,1,NA,0,https://www.airbnb.com/rooms/46417510
46419119,$295.00,Neighborhood highlights,3,1,1,1,4.97,33,https://www.airbnb.com/rooms/46419119
46419316,$249.00,NA,5,1,0,3,4.61,74,https://www.airbnb.com/rooms/46419316
46420614,NA,NA,2,NA,1,NA,4.65,37,https://www.airbnb.com/rooms/46420614
46420861,NA,NA,2,NA,1,NA,4.74,27,https://www.airbnb.com/rooms/46420861
46420982,NA,NA,4,NA,1,NA,4.88,94,https://www.airbnb.com/rooms/46420982
46428551,NA,NA,4,NA,1,NA,4.78,54,https://www.airbnb.com/rooms/46428551
46428638,NA,NA,4,NA,1,NA,4.72,58,https://www.airbnb.com/rooms/46428638
46428730,NA,NA,2,NA,1,NA,4.78,51,https://www.airbnb.com/rooms/46428730
46429942,NA,Neighborhood highlights,2,NA,NA,NA,NA,0,https://www.airbnb.com/rooms/46429942
46430844,$150.00,NA,4,1,1,2,NA,0,https://www.airbnb.com/rooms/46430844
46432272,$160.00,NA,2,1,1,1,4,9,https://www.airbnb.com/rooms/46432272
46432776,"$1,118.00",Neighborhood highlights,4,1,2,4,NA,0,https://www.airbnb.com/rooms/46432776
46435388,$260.00,Neighborhood highlights,2,1,2,2,4.83,81,https://www.airbnb.com/rooms/46435388
46436269,$96.00,Neighborhood highlights,2,1,1,2,4.74,156,https://www.airbnb.com/rooms/46436269
46436583,$214.00,NA,5,1,0,3,4.51,51,https://www.airbnb.com/rooms/46436583
46438870,NA,NA,1,NA,1,NA,4.55,40,https://www.airbnb.com/rooms/46438870
46441717,NA,Neighborhood highlights,4,NA,1,NA,5,6,https://www.airbnb.com/rooms/46441717
46444812,$200.00,NA,1,1,1,1,5,5,https://www.airbnb.com/rooms/46444812
46449888,$305.00,Neighborhood highlights,5,2,3,3,5,5,https://www.airbnb.com/rooms/46449888
46450521,$202.00,Neighborhood highlights,2,1.5,1,1,4.91,32,https://www.airbnb.com/rooms/46450521
46458377,$60.00,NA,1,1,1,1,4.5,2,https://www.airbnb.com/rooms/46458377
46461933,$165.00,NA,4,1,2,2,4.71,7,https://www.airbnb.com/rooms/46461933
46468503,$139.00,Neighborhood highlights,2,1,1,1,4.9,88,https://www.airbnb.com/rooms/46468503
46470574,$89.00,Neighborhood highlights,2,1,2,2,4.86,139,https://www.airbnb.com/rooms/46470574
46472498,NA,Neighborhood highlights,1,NA,NA,NA,NA,0,https://www.airbnb.com/rooms/46472498
46474689,$159.00,NA,2,1,1,1,5,1,https://www.airbnb.com/rooms/46474689
46475173,NA,Neighborhood highlights,4,NA,2,NA,5,2,https://www.airbnb.com/rooms/46475173
46480002,$469.00,Neighborhood highlights,4,2,2,2,4,2,https://www.airbnb.com/rooms/46480002
46480127,$299.00,Neighborhood highlights,2,1,0,1,NA,0,https://www.airbnb.com/rooms/46480127
46480144,$493.00,Neighborhood highlights,4,2,2,2,5,1,https://www.airbnb.com/rooms/46480144
46480260,$277.00,Neighborhood highlights,2,1,1,1,NA,0,https://www.airbnb.com/rooms/46480260
46480702,$60.00,Neighborhood highlights,2,1,0,2,NA,0,https://www.airbnb.com/rooms/46480702
46490720,NA,NA,2,NA,1,NA,4.5,2,https://www.airbnb.com/rooms/46490720
46495387,NA,NA,4,NA,1,NA,4.78,58,https://www.airbnb.com/rooms/46495387
46498576,$514.00,Neighborhood highlights,4,2,2,2,5,1,https://www.airbnb.com/rooms/46498576
46502639,$108.00,Neighborhood highlights,10,1,2,3,4.77,26,https://www.airbnb.com/rooms/46502639
46503124,$329.00,Neighborhood highlights,3,1,1,1,NA,0,https://www.airbnb.com/rooms/46503124
46503317,$260.00,NA,3,1,1,2,4.8,5,https://www.airbnb.com/rooms/46503317
46507407,NA,Neighborhood highlights,10,NA,5,NA,4.37,49,https://www.airbnb.com/rooms/46507407
46510119,$45.00,Neighborhood highlights,1,1,1,1,4.86,22,https://www.airbnb.com/rooms/46510119
46510270,$295.00,Neighborhood highlights,7,2,4,5,4.97,136,https://www.airbnb.com/rooms/46510270
46511472,NA,NA,1,NA,NA,NA,NA,0,https://www.airbnb.com/rooms/46511472
46516444,$105.00,Neighborhood highlights,2,1,1,1,4.98,46,https://www.airbnb.com/rooms/46516444
46523793,NA,NA,2,NA,NA,NA,NA,0,https://www.airbnb.com/rooms/46523793
46527370,$50.00,NA,2,1,1,1,NA,0,https://www.airbnb.com/rooms/46527370
46527677,$150.00,Neighborhood highlights,2,1,0,1,4.69,48,https://www.airbnb.com/rooms/46527677
46528083,NA,NA,2,NA,1,NA,4.86,119,https://www.airbnb.com/rooms/46528083
46528305,NA,NA,4,NA,1,NA,4.69,62,https://www.airbnb.com/rooms/46528305
46528425,NA,NA,4,NA,1,NA,4.8,117,https://www.airbnb.com/rooms/46528425
46528494,$511.00,Neighborhood highlights,5,2,2,2,NA,0,https://www.airbnb.com/rooms/46528494
46528510,NA,NA,4,NA,1,NA,4.7,61,https://www.airbnb.com/rooms/46528510
46528624,NA,NA,4,NA,1,NA,4.82,82,https://www.airbnb.com/rooms/46528624
46528704,NA,NA,4,NA,1,NA,4.89,82,https://www.airbnb.com/rooms/46528704
46528851,NA,NA,2,NA,1,NA,4.7,30,https://www.airbnb.com/rooms/46528851
46528945,NA,NA,2,NA,1,NA,4.86,36,https://www.airbnb.com/rooms/46528945
46535498,$173.00,Neighborhood highlights,6,1,1,2,4.56,55,https://www.airbnb.com/rooms/46535498
46539011,$114.00,Neighborhood highlights,1,0,1,1,NA,0,https://www.airbnb.com/rooms/46539011
46539701,NA,Neighborhood highlights,2,NA,NA,NA,5,6,https://www.airbnb.com/rooms/46539701
46540786,$293.00,Neighborhood highlights,2,1,1,1,NA,0,https://www.airbnb.com/rooms/46540786
46542773,$232.00,Neighborhood highlights,2,1,0,1,3.5,2,https://www.airbnb.com/rooms/46542773
46542862,NA,NA,2,NA,1,NA,4.86,35,https://www.airbnb.com/rooms/46542862
46542974,NA,NA,2,NA,1,NA,4.85,26,https://www.airbnb.com/rooms/46542974
46543084,NA,Neighborhood highlights,2,NA,NA,NA,4.28,89,https://www.airbnb.com/rooms/46543084
46544008,NA,Neighborhood highlights,3,NA,2,NA,5,1,https://www.airbnb.com/rooms/46544008
46544231,$495.00,Neighborhood highlights,6,2.5,3,3,4.5,2,https://www.airbnb.com/rooms/46544231
46544275,NA,NA,2,NA,1,NA,4.89,145,https://www.airbnb.com/rooms/46544275
46544321,NA,NA,2,NA,1,NA,4.74,50,https://www.airbnb.com/rooms/46544321
46544406,NA,NA,4,NA,1,NA,4.75,96,https://www.airbnb.com/rooms/46544406
46546450,$272.00,NA,2,1,1,1,5,31,https://www.airbnb.com/rooms/46546450
46546926,$181.00,Neighborhood highlights,6,1,1,2,4.67,101,https://www.airbnb.com/rooms/46546926
46546969,NA,Neighborhood highlights,2,NA,1,NA,5,10,https://www.airbnb.com/rooms/46546969
46548617,$55.00,Neighborhood highlights,3,1.5,1,1,4.38,8,https://www.airbnb.com/rooms/46548617
46559649,NA,NA,2,NA,1,NA,4.71,31,https://www.airbnb.com/rooms/46559649
46559912,NA,NA,4,NA,1,NA,4.84,85,https://www.airbnb.com/rooms/46559912
46561750,NA,NA,2,NA,1,NA,4.86,66,https://www.airbnb.com/rooms/46561750
46562002,NA,NA,4,NA,1,NA,4.81,53,https://www.airbnb.com/rooms/46562002
46562291,NA,NA,2,NA,1,NA,4.57,7,https://www.airbnb.com/rooms/46562291
46562384,NA,NA,4,NA,1,NA,4.85,48,https://www.airbnb.com/rooms/46562384
46563507,$41.00,NA,1,2,1,1,NA,0,https://www.airbnb.com/rooms/46563507
46563729,NA,NA,1,NA,NA,NA,NA,0,https://www.airbnb.com/rooms/46563729
46565079,$130.00,NA,4,1,2,2,4.69,16,https://www.airbnb.com/rooms/46565079
46566048,$134.00,Neighborhood highlights,2,1,1,2,4.88,88,https://www.airbnb.com/rooms/46566048
46566088,NA,NA,2,NA,1,NA,4.94,78,https://www.airbnb.com/rooms/46566088
46566199,NA,NA,2,NA,1,NA,4.8,51,https://www.airbnb.com/rooms/46566199
46569497,$129.00,Neighborhood highlights,3,1,2,1,4.9,30,https://www.airbnb.com/rooms/46569497
46575820,NA,NA,4,NA,2,NA,NA,0,https://www.airbnb.com/rooms/46575820
46582283,$183.00,Neighborhood highlights,2,1,1,1,4.91,255,https://www.airbnb.com/rooms/46582283
46583888,NA,Neighborhood highlights,4,NA,2,NA,NA,0,https://www.airbnb.com/rooms/46583888
46584138,NA,NA,1,NA,1,NA,4.5,2,https://www.airbnb.com/rooms/46584138
46595759,$166.00,NA,2,1,1,2,4.86,7,https://www.airbnb.com/rooms/46595759
46597364,NA,Neighborhood highlights,2,NA,NA,NA,5,6,https://www.airbnb.com/rooms/46597364
46601386,$109.00,Neighborhood highlights,2,0,1,1,4.74,180,https://www.airbnb.com/rooms/46601386
46605367,NA,Neighborhood highlights,1,NA,NA,NA,5,2,https://www.airbnb.com/rooms/46605367
46620203,NA,Neighborhood highlights,3,NA,1,NA,NA,0,https://www.airbnb.com/rooms/46620203
46624461,NA,NA,2,NA,1,NA,4.71,31,https://www.airbnb.com/rooms/46624461
46624549,NA,NA,2,NA,1,NA,4.91,45,https://www.airbnb.com/rooms/46624549
46624622,NA,NA,2,NA,1,NA,4.84,49,https://www.airbnb.com/rooms/46624622
46632221,NA,Neighborhood highlights,3,NA,1,NA,NA,0,https://www.airbnb.com/rooms/46632221
46640265,NA,Neighborhood highlights,3,NA,1,NA,5,2,https://www.airbnb.com/rooms/46640265
46640630,$116.00,Neighborhood highlights,2,1,1,1,4.85,103,https://www.airbnb.com/rooms/46640630
46640912,$240.00,Neighborhood highlights,3,1,0,2,5,6,https://www.airbnb.com/rooms/46640912
46641129,NA,Neighborhood highlights,4,NA,2,NA,5,1,https://www.airbnb.com/rooms/46641129
46642069,$399.00,NA,5,1,2,3,5,4,https://www.airbnb.com/rooms/46642069
46645146,$188.00,NA,7,1,1,2,4.67,39,https://www.airbnb.com/rooms/46645146
46646140,$575.00,Neighborhood highlights,3,1,1,2,4.8,5,https://www.airbnb.com/rooms/46646140
46657645,NA,NA,2,NA,1,NA,4.77,65,https://www.airbnb.com/rooms/46657645
46658177,NA,NA,4,NA,NA,NA,4.74,23,https://www.airbnb.com/rooms/46658177
46658461,$280.00,NA,4,2,2,2,NA,0,https://www.airbnb.com/rooms/46658461
46660627,NA,Neighborhood highlights,3,NA,1,NA,5,3,https://www.airbnb.com/rooms/46660627
46667674,$256.00,Neighborhood highlights,2,1,1,1,NA,0,https://www.airbnb.com/rooms/46667674
46667694,$331.00,Neighborhood highlights,2,1,1,1,NA,0,https://www.airbnb.com/rooms/46667694
46667739,$244.00,Neighborhood highlights,2,1,1,1,4,3,https://www.airbnb.com/rooms/46667739
46669233,$192.00,Neighborhood highlights,2,1,1,2,4.69,13,https://www.airbnb.com/rooms/46669233
46671066,$100.00,Neighborhood highlights,1,0,4,1,NA,0,https://www.airbnb.com/rooms/46671066
46671880,NA,Neighborhood highlights,4,NA,2,NA,5,3,https://www.airbnb.com/rooms/46671880
46672848,$150.00,Neighborhood highlights,2,1,1,1,5,4,https://www.airbnb.com/rooms/46672848
46673031,$132.00,NA,1,0,5,1,NA,0,https://www.airbnb.com/rooms/46673031
46676759,NA,Neighborhood highlights,2,NA,NA,NA,5,2,https://www.airbnb.com/rooms/46676759
46677269,$62.00,Neighborhood highlights,2,2,1,1,5,2,https://www.airbnb.com/rooms/46677269
46678638,NA,NA,2,NA,1,NA,4.66,32,https://www.airbnb.com/rooms/46678638
46678697,NA,NA,2,NA,1,NA,4.78,101,https://www.airbnb.com/rooms/46678697
46679008,NA,Neighborhood highlights,3,NA,2,NA,NA,0,https://www.airbnb.com/rooms/46679008
46679248,NA,NA,2,NA,NA,NA,NA,0,https://www.airbnb.com/rooms/46679248
46682819,NA,NA,3,NA,NA,NA,4.94,16,https://www.airbnb.com/rooms/46682819
46683990,$290.00,NA,1,1,1,2,5,3,https://www.airbnb.com/rooms/46683990
46687219,NA,NA,4,NA,2,NA,NA,0,https://www.airbnb.com/rooms/46687219
46687986,NA,NA,1,NA,NA,NA,5,2,https://www.airbnb.com/rooms/46687986
46688810,$120.00,NA,5,1,2,4,4.84,161,https://www.airbnb.com/rooms/46688810
46689847,$120.00,Neighborhood highlights,4,1,1,2,4.65,20,https://www.airbnb.com/rooms/46689847
46695446,$50.00,NA,2,1.5,1,1,4.33,3,https://www.airbnb.com/rooms/46695446
46698888,$253.00,Neighborhood highlights,3,1,2,3,5,2,https://www.airbnb.com/rooms/46698888
46705156,$125.00,Neighborhood highlights,5,2,2,3,4.75,111,https://www.airbnb.com/rooms/46705156
46706771,$188.00,NA,4,1,1,2,4.66,41,https://www.airbnb.com/rooms/46706771
46708413,NA,Neighborhood highlights,2,NA,1,NA,5,2,https://www.airbnb.com/rooms/46708413
46712287,$125.00,Neighborhood highlights,2,1,1,2,4.71,34,https://www.airbnb.com/rooms/46712287
46713266,$57.00,Neighborhood highlights,2,2,1,1,3.5,2,https://www.airbnb.com/rooms/46713266
46715472,$433.00,Neighborhood highlights,3,1,1,2,4.94,17,https://www.airbnb.com/rooms/46715472
46720587,$360.00,Neighborhood highlights,4,1.5,2,2,5,2,https://www.airbnb.com/rooms/46720587
46725288,$124.00,NA,2,1,1,1,4.92,12,https://www.airbnb.com/rooms/46725288
46725493,$115.00,NA,2,1,0,1,4.71,7,https://www.airbnb.com/rooms/46725493
46727329,$250.00,Neighborhood highlights,4,1,2,2,4.93,96,https://www.airbnb.com/rooms/46727329
46727423,NA,NA,1,NA,NA,NA,NA,0,https://www.airbnb.com/rooms/46727423
46727487,NA,NA,2,NA,1,NA,NA,0,https://www.airbnb.com/rooms/46727487
46729395,$100.00,NA,3,1,0,1,4.79,14,https://www.airbnb.com/rooms/46729395
46729545,$179.00,Neighborhood highlights,3,1,2,3,4.9,114,https://www.airbnb.com/rooms/46729545
46729678,$229.00,Neighborhood highlights,3,1,1,3,4.99,72,https://www.airbnb.com/rooms/46729678
46729892,$250.00,Neighborhood highlights,6,1,2,3,4.79,84,https://www.airbnb.com/rooms/46729892
46729966,$209.00,Neighborhood highlights,2,1,2,3,4.91,97,https://www.airbnb.com/rooms/46729966
46730982,$127.00,NA,2,1,0,1,4.5,6,https://www.airbnb.com/rooms/46730982
46731336,NA,NA,4,NA,1,NA,NA,0,https://www.airbnb.com/rooms/46731336
46732441,NA,Neighborhood highlights,1,NA,0,NA,4.92,77,https://www.airbnb.com/rooms/46732441
46732594,$150.00,NA,5,1,3,3,NA,0,https://www.airbnb.com/rooms/46732594
46734542,$389.00,Neighborhood highlights,2,1,1,1,4.85,84,https://www.airbnb.com/rooms/46734542
46737044,$68.00,Neighborhood highlights,2,1.5,1,1,4.42,53,https://www.airbnb.com/rooms/46737044
46737074,$78.00,Neighborhood highlights,2,1.5,1,1,4.67,30,https://www.airbnb.com/rooms/46737074
46746791,$149.00,NA,2,1,0,NA,4.6,5,https://www.airbnb.com/rooms/46746791
46749739,NA,NA,2,NA,1,NA,5,17,https://www.airbnb.com/rooms/46749739
46750647,$850.00,Neighborhood highlights,6,3.5,3,2,5,2,https://www.airbnb.com/rooms/46750647
46751044,$317.00,NA,8,1,1,5,4.62,100,https://www.airbnb.com/rooms/46751044
46757310,NA,Neighborhood highlights,2,NA,1,NA,NA,0,https://www.airbnb.com/rooms/46757310
46758057,NA,Neighborhood highlights,1,NA,NA,NA,5,3,https://www.airbnb.com/rooms/46758057
46768272,$180.00,NA,2,1,1,1,5,9,https://www.airbnb.com/rooms/46768272
46768899,$42.00,NA,1,0,1,1,NA,0,https://www.airbnb.com/rooms/46768899
46769060,$136.00,Neighborhood highlights,1,0,4,1,NA,0,https://www.airbnb.com/rooms/46769060
46771659,NA,NA,2,NA,1,NA,5,2,https://www.airbnb.com/rooms/46771659
46773212,$70.00,Neighborhood highlights,2,1,1,1,4.62,94,https://www.airbnb.com/rooms/46773212
46779286,NA,Neighborhood highlights,1,NA,NA,NA,4,1,https://www.airbnb.com/rooms/46779286
46779447,$60.00,Neighborhood highlights,1,1,1,1,5,1,https://www.airbnb.com/rooms/46779447
46786946,NA,NA,7,NA,5,NA,NA,0,https://www.airbnb.com/rooms/46786946
46787572,$130.00,NA,1,1,0,1,5,2,https://www.airbnb.com/rooms/46787572
46787942,$130.00,NA,1,1,0,1,4,1,https://www.airbnb.com/rooms/46787942
46788013,$130.00,NA,1,1,0,1,NA,0,https://www.airbnb.com/rooms/46788013
46788207,$130.00,NA,1,1,0,1,4,3,https://www.airbnb.com/rooms/46788207
46788208,$80.00,Neighborhood highlights,1,1,2,3,4.67,3,https://www.airbnb.com/rooms/46788208
46788335,$130.00,NA,1,1,0,1,NA,0,https://www.airbnb.com/rooms/46788335
46788551,$130.00,NA,1,1,0,1,4.5,2,https://www.airbnb.com/rooms/46788551
46788667,$130.00,NA,1,1,0,1,5,1,https://www.airbnb.com/rooms/46788667
46788718,$130.00,NA,1,1,0,1,NA,0,https://www.airbnb.com/rooms/46788718
46788841,$130.00,NA,1,1,0,1,NA,0,https://www.airbnb.com/rooms/46788841
46788955,$130.00,NA,1,1,0,1,NA,0,https://www.airbnb.com/rooms/46788955
46789948,NA,Neighborhood highlights,4,NA,1,NA,NA,0,https://www.airbnb.com/rooms/46789948
46790253,$60.00,Neighborhood highlights,1,0,5,1,NA,0,https://www.airbnb.com/rooms/46790253
46791050,$87.00,Neighborhood highlights,1,0,1,1,NA,0,https://www.airbnb.com/rooms/46791050
46791082,$204.00,Neighborhood highlights,2,1,0,1,4.69,188,https://www.airbnb.com/rooms/46791082
46795036,NA,Neighborhood highlights,1,NA,NA,NA,NA,0,https://www.airbnb.com/rooms/46795036
46795911,NA,Neighborhood highlights,2,NA,NA,NA,NA,0,https://www.airbnb.com/rooms/46795911
46797041,NA,Neighborhood highlights,2,NA,NA,NA,4,2,https://www.airbnb.com/rooms/46797041
46797479,$174.00,Neighborhood highlights,4,1,1,3,5,7,https://www.airbnb.com/rooms/46797479
46798669,NA,NA,5,NA,2,NA,5,2,https://www.airbnb.com/rooms/46798669
46799074,NA,Neighborhood highlights,1,NA,NA,NA,4.94,18,https://www.airbnb.com/rooms/46799074
46814731,NA,NA,2,NA,1,NA,NA,0,https://www.airbnb.com/rooms/46814731
46829853,NA,NA,2,NA,1,NA,4.88,57,https://www.airbnb.com/rooms/46829853
46829934,NA,NA,2,NA,1,NA,4.88,81,https://www.airbnb.com/rooms/46829934
46829983,NA,NA,2,NA,1,NA,4.81,63,https://www.airbnb.com/rooms/46829983
46830353,NA,NA,2,NA,1,NA,NA,0,https://www.airbnb.com/rooms/46830353
46832153,NA,NA,2,NA,NA,NA,NA,0,https://www.airbnb.com/rooms/46832153
46832297,NA,Neighborhood highlights,5,NA,2,NA,5,10,https://www.airbnb.com/rooms/46832297
46833665,$125.00,NA,2,1,1,2,4.58,57,https://www.airbnb.com/rooms/46833665
46833784,NA,NA,4,NA,1,NA,5,1,https://www.airbnb.com/rooms/46833784
46834761,NA,NA,1,NA,1,NA,NA,0,https://www.airbnb.com/rooms/46834761
46849273,$72.00,Neighborhood highlights,1,0,4,1,NA,0,https://www.airbnb.com/rooms/46849273
46849410,$75.00,Neighborhood highlights,1,0,5,1,NA,0,https://www.airbnb.com/rooms/46849410
46851568,$60.00,Neighborhood highlights,1,1.5,1,1,5,2,https://www.airbnb.com/rooms/46851568
46852193,$956.00,NA,2,1,1,1,NA,0,https://www.airbnb.com/rooms/46852193
46852430,NA,NA,1,NA,1,NA,NA,0,https://www.airbnb.com/rooms/46852430
46854989,$93.00,Neighborhood highlights,3,1,0,2,4.7,23,https://www.airbnb.com/rooms/46854989
46856605,NA,NA,1,NA,NA,NA,5,2,https://www.airbnb.com/rooms/46856605
46868917,$48.00,NA,1,1,1,1,NA,0,https://www.airbnb.com/rooms/46868917
46869849,$43.00,NA,1,2,1,1,NA,0,https://www.airbnb.com/rooms/46869849
46872148,NA,Neighborhood highlights,2,NA,1,NA,NA,0,https://www.airbnb.com/rooms/46872148
46873173,$125.00,Neighborhood highlights,2,1,1,1,3.33,3,https://www.airbnb.com/rooms/46873173
46881502,NA,Neighborhood highlights,4,NA,1,NA,4.62,13,https://www.airbnb.com/rooms/46881502
46887738,$448.00,Neighborhood highlights,2,1,1,1,5,1,https://www.airbnb.com/rooms/46887738
46891080,NA,Neighborhood highlights,1,NA,NA,NA,4.67,3,https://www.airbnb.com/rooms/46891080
46892658,$220.00,Neighborhood highlights,2,1,2,2,NA,0,https://www.airbnb.com/rooms/46892658
46892859,NA,Neighborhood highlights,2,NA,1,NA,NA,0,https://www.airbnb.com/rooms/46892859
46894179,$99.00,NA,1,1,1,1,5,15,https://www.airbnb.com/rooms/46894179
46895055,$139.00,NA,2,1,1,1,5,9,https://www.airbnb.com/rooms/46895055
46895868,$125.00,NA,2,1,1,1,5,9,https://www.airbnb.com/rooms/46895868
46896384,NA,NA,2,NA,1,NA,5,4,https://www.airbnb.com/rooms/46896384
46899354,NA,NA,1,NA,NA,NA,NA,0,https://www.airbnb.com/rooms/46899354
46899528,NA,NA,1,NA,NA,NA,5,2,https://www.airbnb.com/rooms/46899528
46900455,$70.00,NA,1,1,1,1,4,1,https://www.airbnb.com/rooms/46900455
46900879,NA,Neighborhood highlights,4,NA,2,NA,NA,0,https://www.airbnb.com/rooms/46900879
46901954,$44.00,NA,1,2,1,1,5,1,https://www.airbnb.com/rooms/46901954
46913873,$225.00,NA,2,1.5,1,1,4.94,79,https://www.airbnb.com/rooms/46913873
46917182,$119.00,Neighborhood highlights,3,1,1,2,5,53,https://www.airbnb.com/rooms/46917182
46920019,NA,Neighborhood highlights,2,NA,NA,NA,5,11,https://www.airbnb.com/rooms/46920019
46923174,$368.00,Neighborhood highlights,4,1,2,2,4.62,50,https://www.airbnb.com/rooms/46923174
46923243,$323.00,Neighborhood highlights,6,1,3,5,4.97,164,https://www.airbnb.com/rooms/46923243
46926774,NA,NA,5,NA,2,NA,NA,0,https://www.airbnb.com/rooms/46926774
46929299,$500.00,NA,1,1,1,1,5,1,https://www.airbnb.com/rooms/46929299
46942559,NA,Neighborhood highlights,6,NA,3,NA,4.67,3,https://www.airbnb.com/rooms/46942559
46943882,$140.00,NA,4,1,2,4,4.87,60,https://www.airbnb.com/rooms/46943882
46944839,$120.00,NA,2,1,1,1,4.71,7,https://www.airbnb.com/rooms/46944839
46953059,$150.00,NA,2,1,1,1,5,1,https://www.airbnb.com/rooms/46953059
46959266,$85.00,Neighborhood highlights,1,0,3,1,NA,0,https://www.airbnb.com/rooms/46959266
46960664,$99.00,NA,2,1,1,1,3.75,4,https://www.airbnb.com/rooms/46960664
46966951,NA,NA,2,NA,1,NA,4.85,82,https://www.airbnb.com/rooms/46966951
46967616,$31.00,NA,2,1,1,2,4.31,45,https://www.airbnb.com/rooms/46967616
46967629,NA,NA,2,NA,1,NA,4.76,33,https://www.airbnb.com/rooms/46967629
46967723,NA,NA,2,NA,1,NA,4.75,60,https://www.airbnb.com/rooms/46967723
46971592,NA,Neighborhood highlights,2,NA,NA,NA,NA,0,https://www.airbnb.com/rooms/46971592
46971867,NA,Neighborhood highlights,2,NA,1,NA,NA,0,https://www.airbnb.com/rooms/46971867
46972585,$75.00,Neighborhood highlights,1,1,1,1,4.69,58,https://www.airbnb.com/rooms/46972585
46975030,NA,NA,2,NA,NA,NA,5,2,https://www.airbnb.com/rooms/46975030
46978495,NA,NA,2,NA,1,NA,NA,0,https://www.airbnb.com/rooms/46978495
46985748,NA,NA,2,NA,1,NA,4.86,90,https://www.airbnb.com/rooms/46985748
46985797,NA,NA,2,NA,1,NA,4.91,75,https://www.airbnb.com/rooms/46985797
46985853,NA,NA,2,NA,1,NA,4.87,54,https://www.airbnb.com/rooms/46985853
46985902,NA,NA,2,NA,1,NA,4.86,49,https://www.airbnb.com/rooms/46985902
46985961,NA,NA,2,NA,1,NA,4.81,104,https://www.airbnb.com/rooms/46985961
46987549,$140.00,Neighborhood highlights,3,1,1,1,4.28,32,https://www.airbnb.com/rooms/46987549
46991303,$100.00,Neighborhood highlights,1,1,1,1,4.63,62,https://www.airbnb.com/rooms/46991303
46992098,$60.00,NA,2,1,1,1,4.86,21,https://www.airbnb.com/rooms/46992098
46992348,NA,NA,3,NA,1,NA,NA,0,https://www.airbnb.com/rooms/46992348
46992656,$310.00,Neighborhood highlights,2,1,1,1,4.7,20,https://www.airbnb.com/rooms/46992656
46996172,NA,NA,2,NA,NA,NA,5,1,https://www.airbnb.com/rooms/46996172
46999617,$205.00,NA,4,1,2,2,4.4,5,https://www.airbnb.com/rooms/46999617
47000799,$105.00,NA,2,1,1,1,5,5,https://www.airbnb.com/rooms/47000799
47001322,$195.00,Neighborhood highlights,2,1,1,1,4.88,73,https://www.airbnb.com/rooms/47001322
47005438,NA,NA,6,NA,4,NA,NA,0,https://www.airbnb.com/rooms/47005438
47009616,$71.00,Neighborhood highlights,2,1,1,1,4.71,24,https://www.airbnb.com/rooms/47009616
47012155,$250.00,Neighborhood highlights,2,1,1,1,4.83,12,https://www.airbnb.com/rooms/47012155
47020052,NA,NA,5,NA,1,NA,4.68,57,https://www.airbnb.com/rooms/47020052
47021215,$96.00,Neighborhood highlights,1,0,1,1,NA,0,https://www.airbnb.com/rooms/47021215
47022846,$93.00,Neighborhood highlights,1,0,4,1,NA,0,https://www.airbnb.com/rooms/47022846
47025134,NA,NA,1,NA,NA,NA,NA,0,https://www.airbnb.com/rooms/47025134
47026093,$95.00,Neighborhood highlights,2,1,1,1,4.97,94,https://www.airbnb.com/rooms/47026093
47031259,$210.00,Neighborhood highlights,2,1,1,1,4.95,21,https://www.airbnb.com/rooms/47031259
47033862,NA,Neighborhood highlights,2,NA,NA,NA,NA,0,https://www.airbnb.com/rooms/47033862
47036529,NA,NA,2,NA,NA,NA,5,3,https://www.airbnb.com/rooms/47036529
47042470,$389.00,Neighborhood highlights,2,1,1,1,NA,0,https://www.airbnb.com/rooms/47042470
47042494,$277.00,Neighborhood highlights,2,2,1,1,NA,0,https://www.airbnb.com/rooms/47042494
47042517,$389.00,Neighborhood highlights,2,1,1,1,NA,0,https://www.airbnb.com/rooms/47042517
47044684,$169.00,NA,6,1,3,3,4.76,85,https://www.airbnb.com/rooms/47044684
47045396,$180.00,Neighborhood highlights,2,1,1,1,4.43,7,https://www.airbnb.com/rooms/47045396
47047419,"$2,064.00",Neighborhood highlights,13,7,8,11,4.88,72,https://www.airbnb.com/rooms/47047419
47048969,$178.00,Neighborhood highlights,2,1,0,1,4.59,153,https://www.airbnb.com/rooms/47048969
47050312,$198.00,Neighborhood highlights,2,1,0,1,4.65,178,https://www.airbnb.com/rooms/47050312
47050614,$203.00,Neighborhood highlights,2,1,1,1,4.58,177,https://www.airbnb.com/rooms/47050614
47052694,$511.00,Neighborhood highlights,5,2,2,2,NA,0,https://www.airbnb.com/rooms/47052694
47052701,$280.00,NA,5,1,2,2,4.92,13,https://www.airbnb.com/rooms/47052701
47052753,$295.00,Neighborhood highlights,3,1,1,1,NA,0,https://www.airbnb.com/rooms/47052753
47052885,$255.00,Neighborhood highlights,3,1,1,1,NA,0,https://www.airbnb.com/rooms/47052885
47052940,$290.00,Neighborhood highlights,2,1,0,1,4.8,5,https://www.airbnb.com/rooms/47052940
47062589,$86.00,Neighborhood highlights,1,0,4,1,NA,0,https://www.airbnb.com/rooms/47062589
47070240,$44.00,NA,1,2,1,1,NA,0,https://www.airbnb.com/rooms/47070240
47075658,NA,NA,1,NA,NA,NA,NA,0,https://www.airbnb.com/rooms/47075658
47076840,$115.00,NA,2,1,0,NA,4.8,5,https://www.airbnb.com/rooms/47076840
47076985,NA,NA,8,NA,6,NA,5,2,https://www.airbnb.com/rooms/47076985
47077578,$42.00,Neighborhood highlights,1,1,1,1,4.75,4,https://www.airbnb.com/rooms/47077578
47078080,$130.00,NA,4,1,2,2,5,1,https://www.airbnb.com/rooms/47078080
47078812,NA,Neighborhood highlights,2,NA,1,NA,4.33,6,https://www.airbnb.com/rooms/47078812
47080388,$80.00,NA,1,1,0,1,5,9,https://www.airbnb.com/rooms/47080388
47096346,NA,NA,1,NA,NA,NA,5,6,https://www.airbnb.com/rooms/47096346
47097490,$224.00,Neighborhood highlights,2,1,1,1,5,9,https://www.airbnb.com/rooms/47097490
47098575,$125.00,NA,2,1,0,1,4,4,https://www.airbnb.com/rooms/47098575
47100985,$124.00,Neighborhood highlights,2,1,1,1,4.91,177,https://www.airbnb.com/rooms/47100985
47101654,NA,NA,1,NA,NA,NA,5,1,https://www.airbnb.com/rooms/47101654
47106347,$300.00,Neighborhood highlights,4,1,2,2,4.6,20,https://www.airbnb.com/rooms/47106347
47115606,NA,NA,1,NA,NA,NA,5,2,https://www.airbnb.com/rooms/47115606
47117781,$290.00,Neighborhood highlights,3,1,1,1,NA,0,https://www.airbnb.com/rooms/47117781
47120135,$98.00,Neighborhood highlights,2,1,2,2,4.83,127,https://www.airbnb.com/rooms/47120135
47138527,NA,Neighborhood highlights,6,NA,3,NA,4.91,11,https://www.airbnb.com/rooms/47138527
47141317,$90.00,NA,2,1,1,1,4,4,https://www.airbnb.com/rooms/47141317
47142595,$200.00,Neighborhood highlights,3,1,1,1,4.84,51,https://www.airbnb.com/rooms/47142595
47152307,$279.00,Neighborhood highlights,2,1,1,1,5,11,https://www.airbnb.com/rooms/47152307
47153673,NA,NA,1,NA,NA,NA,NA,0,https://www.airbnb.com/rooms/47153673
47159537,$274.00,Neighborhood highlights,6,1,2,3,4.27,11,https://www.airbnb.com/rooms/47159537
47162719,$133.00,Neighborhood highlights,2,1,1,1,4.81,184,https://www.airbnb.com/rooms/47162719
47163530,NA,NA,1,NA,NA,NA,NA,0,https://www.airbnb.com/rooms/47163530
47169578,$448.00,Neighborhood highlights,2,1,1,1,NA,0,https://www.airbnb.com/rooms/47169578
47169602,$864.00,Neighborhood highlights,4,2,2,2,NA,0,https://www.airbnb.com/rooms/47169602
47173334,$150.00,NA,5,1,2,4,4.89,62,https://www.airbnb.com/rooms/47173334
47175997,$150.00,NA,2,1,1,1,4.83,116,https://www.airbnb.com/rooms/47175997
47177315,$165.00,NA,1,1,0,1,4.8,5,https://www.airbnb.com/rooms/47177315
47179119,$120.00,NA,4,2,2,2,4.74,104,https://www.airbnb.com/rooms/47179119
47179845,$177.00,Neighborhood highlights,2,1,0,1,4.78,9,https://www.airbnb.com/rooms/47179845
47181087,$75.00,NA,2,2,1,1,4.86,172,https://www.airbnb.com/rooms/47181087
47181377,$75.00,NA,3,2,1,1,4.82,218,https://www.airbnb.com/rooms/47181377
47181609,$75.00,NA,2,2,1,1,4.84,180,https://www.airbnb.com/rooms/47181609
47181832,$75.00,NA,2,2,1,1,4.83,183,https://www.airbnb.com/rooms/47181832
47183756,$101.00,Neighborhood highlights,2,1,1,1,4.99,74,https://www.airbnb.com/rooms/47183756
47185178,NA,NA,3,NA,NA,NA,4.33,3,https://www.airbnb.com/rooms/47185178
47197021,$83.00,Neighborhood highlights,3,1,0,2,4.88,76,https://www.airbnb.com/rooms/47197021
47199810,NA,Neighborhood highlights,2,NA,1,NA,5,5,https://www.airbnb.com/rooms/47199810
47200398,NA,NA,2,NA,1,NA,4.43,7,https://www.airbnb.com/rooms/47200398
47200701,NA,NA,2,NA,1,NA,5,1,https://www.airbnb.com/rooms/47200701
47200804,NA,NA,2,NA,1,NA,4.86,21,https://www.airbnb.com/rooms/47200804
47200931,NA,NA,2,NA,1,NA,4.64,11,https://www.airbnb.com/rooms/47200931
47200986,NA,NA,2,NA,1,NA,4.86,76,https://www.airbnb.com/rooms/47200986
47202211,NA,Neighborhood highlights,2,NA,1,NA,4.57,7,https://www.airbnb.com/rooms/47202211
47203801,NA,Neighborhood highlights,1,NA,NA,NA,4.95,40,https://www.airbnb.com/rooms/47203801
47206059,$86.00,NA,3,1,1,2,4.38,16,https://www.airbnb.com/rooms/47206059
47210401,$336.00,Neighborhood highlights,2,1,0,1,NA,0,https://www.airbnb.com/rooms/47210401
47210461,$398.00,Neighborhood highlights,4,2,2,2,5,1,https://www.airbnb.com/rooms/47210461
47210471,$294.00,Neighborhood highlights,2,2,1,1,NA,0,https://www.airbnb.com/rooms/47210471
47214900,$299.00,Neighborhood highlights,2,2,1,1,NA,0,https://www.airbnb.com/rooms/47214900
47219783,$176.00,Neighborhood highlights,2,1,2,2,4.88,8,https://www.airbnb.com/rooms/47219783
47223694,NA,NA,1,NA,1,NA,NA,0,https://www.airbnb.com/rooms/47223694
47226137,$138.00,Neighborhood highlights,4,1,2,2,4.69,49,https://www.airbnb.com/rooms/47226137
47230196,$324.00,Neighborhood highlights,2,1,1,1,5,1,https://www.airbnb.com/rooms/47230196
47232956,NA,NA,2,NA,1,NA,NA,0,https://www.airbnb.com/rooms/47232956
47239416,$81.00,NA,4,1,1,1,4.67,6,https://www.airbnb.com/rooms/47239416
47243424,$105.00,Neighborhood highlights,2,1,1,1,4.4,513,https://www.airbnb.com/rooms/47243424
47250386,$75.00,NA,1,1,1,1,5,10,https://www.airbnb.com/rooms/47250386
47250831,$75.00,NA,1,1,1,1,4.75,12,https://www.airbnb.com/rooms/47250831
47257626,$289.00,Neighborhood highlights,6,1.5,3,5,5,3,https://www.airbnb.com/rooms/47257626
47258482,$99.00,Neighborhood highlights,5,1,2,3,4.64,14,https://www.airbnb.com/rooms/47258482
47267003,$185.00,NA,4,1,1,2,4.94,16,https://www.airbnb.com/rooms/47267003
47269867,$400.00,NA,2,1,1,1,5,5,https://www.airbnb.com/rooms/47269867
47272247,$500.00,NA,4,1,2,2,4.89,121,https://www.airbnb.com/rooms/47272247
47276663,NA,NA,2,NA,NA,NA,4.81,27,https://www.airbnb.com/rooms/47276663
47276861,$529.00,NA,2,1,1,1,NA,0,https://www.airbnb.com/rooms/47276861
47277456,$150.00,NA,2,1,1,1,4.83,6,https://www.airbnb.com/rooms/47277456
47281460,$300.00,Neighborhood highlights,2,1,1,1,5,1,https://www.airbnb.com/rooms/47281460
47286267,$85.00,NA,1,1,1,1,5,12,https://www.airbnb.com/rooms/47286267
47287837,NA,NA,2,NA,1,NA,NA,0,https://www.airbnb.com/rooms/47287837
47289921,$250.00,NA,4,3,2,2,5,4,https://www.airbnb.com/rooms/47289921
47290538,$225.00,Neighborhood highlights,4,1,2,3,4.95,96,https://www.airbnb.com/rooms/47290538
47292258,NA,NA,2,NA,NA,NA,NA,0,https://www.airbnb.com/rooms/47292258
47292906,$135.00,NA,4,1,2,3,4.51,71,https://www.airbnb.com/rooms/47292906
47293776,$50.00,Neighborhood highlights,1,1,1,1,4.45,51,https://www.airbnb.com/rooms/47293776
47293809,$170.00,Neighborhood highlights,6,1,2,5,4.9,159,https://www.airbnb.com/rooms/47293809
47294439,NA,Neighborhood highlights,6,NA,3,NA,4.9,156,https://www.airbnb.com/rooms/47294439
47295535,$118.00,Neighborhood highlights,1,1,1,1,4.93,43,https://www.airbnb.com/rooms/47295535
47295606,$59.00,NA,2,1,1,1,4.6,50,https://www.airbnb.com/rooms/47295606
47305871,NA,Neighborhood highlights,1,NA,4,NA,NA,0,https://www.airbnb.com/rooms/47305871
47306228,NA,Neighborhood highlights,1,0,5,1,NA,0,https://www.airbnb.com/rooms/47306228
47310530,NA,NA,4,NA,2,NA,NA,0,https://www.airbnb.com/rooms/47310530
47310723,NA,NA,1,NA,NA,NA,5,1,https://www.airbnb.com/rooms/47310723
47311675,NA,Neighborhood highlights,4,NA,1,NA,NA,0,https://www.airbnb.com/rooms/47311675
47313887,$400.00,Neighborhood highlights,7,2,3,3,4,1,https://www.airbnb.com/rooms/47313887
47315577,$220.00,Neighborhood highlights,4,1,1,1,5,1,https://www.airbnb.com/rooms/47315577
47316061,$125.00,Neighborhood highlights,4,1,1,2,4.92,66,https://www.airbnb.com/rooms/47316061
47316320,$260.00,Neighborhood highlights,5,1,2,2,5,1,https://www.airbnb.com/rooms/47316320
47316506,$179.00,NA,3,1,1,1,4.89,45,https://www.airbnb.com/rooms/47316506
47326289,$225.00,Neighborhood highlights,2,1,1,1,NA,0,https://www.airbnb.com/rooms/47326289
47327417,$48.00,NA,1,1,0,1,NA,0,https://www.airbnb.com/rooms/47327417
47329158,NA,NA,2,NA,1,NA,4.4,15,https://www.airbnb.com/rooms/47329158
47331153,$90.00,NA,3,1,1,1,4.48,66,https://www.airbnb.com/rooms/47331153
47333781,$449.00,Neighborhood highlights,4,1.5,2,2,4.59,165,https://www.airbnb.com/rooms/47333781
47334663,NA,NA,1,NA,NA,NA,5,1,https://www.airbnb.com/rooms/47334663
47336390,$43.00,Neighborhood highlights,2,1,1,1,4,1,https://www.airbnb.com/rooms/47336390
47337463,$140.00,NA,2,1,1,1,4.72,131,https://www.airbnb.com/rooms/47337463
47341575,$65.00,Neighborhood highlights,2,2.5,1,1,4.33,46,https://www.airbnb.com/rooms/47341575
47355083,NA,Neighborhood highlights,1,NA,NA,NA,4.69,29,https://www.airbnb.com/rooms/47355083
47355990,$79.00,Neighborhood highlights,6,1,2,3,4.3,23,https://www.airbnb.com/rooms/47355990
47356141,$140.00,Neighborhood highlights,2,1,1,2,5,1,https://www.airbnb.com/rooms/47356141
47356150,$165.00,Neighborhood highlights,5,1,1,1,4.71,31,https://www.airbnb.com/rooms/47356150
47358818,NA,NA,2,NA,1,NA,4.59,37,https://www.airbnb.com/rooms/47358818
47359500,$260.00,Neighborhood highlights,4,1,1,3,4.75,61,https://www.airbnb.com/rooms/47359500
47362969,NA,NA,9,NA,4,NA,NA,0,https://www.airbnb.com/rooms/47362969
47370088,NA,NA,2,NA,1,NA,4.67,3,https://www.airbnb.com/rooms/47370088
47372315,NA,Neighborhood highlights,1,NA,1,NA,NA,0,https://www.airbnb.com/rooms/47372315
47372852,NA,NA,1,NA,NA,NA,NA,0,https://www.airbnb.com/rooms/47372852
47373382,$60.00,NA,2,2,1,2,4.68,154,https://www.airbnb.com/rooms/47373382
47373389,$199.00,Neighborhood highlights,2,1,1,1,5,4,https://www.airbnb.com/rooms/47373389
47373597,$269.00,Neighborhood highlights,4,1,2,2,5,8,https://www.airbnb.com/rooms/47373597
47376191,NA,NA,2,NA,NA,NA,NA,0,https://www.airbnb.com/rooms/47376191
47377021,NA,NA,2,NA,NA,NA,5,1,https://www.airbnb.com/rooms/47377021
47390691,NA,NA,6,NA,NA,NA,5,1,https://www.airbnb.com/rooms/47390691
47391825,NA,Neighborhood highlights,2,NA,1,NA,NA,0,https://www.airbnb.com/rooms/47391825
47395232,$186.00,NA,4,1,0,2,4.53,168,https://www.airbnb.com/rooms/47395232
47396746,$196.00,NA,4,1,0,2,4.61,207,https://www.airbnb.com/rooms/47396746
47397326,$175.00,NA,4,1,0,2,4.54,200,https://www.airbnb.com/rooms/47397326
47397498,$192.00,NA,4,1,0,2,4.55,158,https://www.airbnb.com/rooms/47397498
47402779,$85.00,Neighborhood highlights,5,1,2,2,5,1,https://www.airbnb.com/rooms/47402779
47410952,$280.00,NA,4,1,1,1,4.82,11,https://www.airbnb.com/rooms/47410952
47411727,$199.00,Neighborhood highlights,6,1,2,2,4.83,134,https://www.airbnb.com/rooms/47411727
47412929,$118.00,Neighborhood highlights,2,1,1,2,4.78,212,https://www.airbnb.com/rooms/47412929
47421830,$200.00,NA,2,1,1,1,NA,0,https://www.airbnb.com/rooms/47421830
47443009,$110.00,Neighborhood highlights,2,1,1,1,NA,0,https://www.airbnb.com/rooms/47443009
47444016,$330.00,Neighborhood highlights,3,1,0,1,4.82,39,https://www.airbnb.com/rooms/47444016
47448046,$120.00,NA,2,1,0,NA,4.33,6,https://www.airbnb.com/rooms/47448046
47448127,$250.00,Neighborhood highlights,2,1,1,2,5,4,https://www.airbnb.com/rooms/47448127
47449728,$145.00,Neighborhood highlights,2,1,1,1,NA,0,https://www.airbnb.com/rooms/47449728
47451852,$150.00,Neighborhood highlights,4,1,2,2,5,1,https://www.airbnb.com/rooms/47451852
47453310,NA,Neighborhood highlights,6,NA,3,NA,5,5,https://www.airbnb.com/rooms/47453310
47454498,$80.00,NA,2,1,1,1,4.95,40,https://www.airbnb.com/rooms/47454498
47464130,NA,NA,3,NA,2,NA,5,2,https://www.airbnb.com/rooms/47464130
47465022,NA,Neighborhood highlights,4,NA,1,NA,5,1,https://www.airbnb.com/rooms/47465022
47466775,NA,NA,3,NA,1,NA,4.88,8,https://www.airbnb.com/rooms/47466775
47467110,$135.00,NA,4,1,2,2,4.26,43,https://www.airbnb.com/rooms/47467110
47468531,$31.00,NA,1,1,1,1,NA,0,https://www.airbnb.com/rooms/47468531
47469926,NA,NA,2,NA,NA,NA,NA,0,https://www.airbnb.com/rooms/47469926
47472308,$75.00,NA,3,1,1,1,3.65,43,https://www.airbnb.com/rooms/47472308
47473722,$41.00,NA,1,2,1,1,5,1,https://www.airbnb.com/rooms/47473722
47474703,$207.00,Neighborhood highlights,3,1,1,1,4.81,109,https://www.airbnb.com/rooms/47474703
47476719,NA,Neighborhood highlights,1,NA,NA,NA,5,2,https://www.airbnb.com/rooms/47476719
47483640,NA,Neighborhood highlights,2,NA,NA,NA,3.67,3,https://www.airbnb.com/rooms/47483640
47486935,$60.00,NA,4,1,1,1,4.77,107,https://www.airbnb.com/rooms/47486935
47493324,$246.00,NA,5,1,0,3,4.63,232,https://www.airbnb.com/rooms/47493324
47496129,$90.00,Neighborhood highlights,1,1,2,2,4.98,102,https://www.airbnb.com/rooms/47496129
47497466,$200.00,Neighborhood highlights,1,1,1,1,4.88,25,https://www.airbnb.com/rooms/47497466
47498090,NA,Neighborhood highlights,1,NA,NA,NA,4.67,9,https://www.airbnb.com/rooms/47498090
47508411,NA,Neighborhood highlights,2,NA,NA,NA,4.74,43,https://www.airbnb.com/rooms/47508411
47510694,$160.00,Neighborhood highlights,3,1,1,1,NA,0,https://www.airbnb.com/rooms/47510694
47510760,NA,NA,3,NA,NA,NA,5,1,https://www.airbnb.com/rooms/47510760
47512919,NA,Neighborhood highlights,2,NA,1,NA,4.64,11,https://www.airbnb.com/rooms/47512919
47515294,NA,NA,4,NA,1,NA,4,23,https://www.airbnb.com/rooms/47515294
47528196,NA,NA,6,NA,3,NA,NA,0,https://www.airbnb.com/rooms/47528196
47531146,NA,NA,6,NA,2,NA,NA,0,https://www.airbnb.com/rooms/47531146
47533931,NA,NA,4,NA,2,NA,NA,0,https://www.airbnb.com/rooms/47533931
47536293,NA,NA,1,NA,NA,NA,4.5,2,https://www.airbnb.com/rooms/47536293
47537276,$148.00,Neighborhood highlights,2,1,1,1,4.64,11,https://www.airbnb.com/rooms/47537276
47544056,NA,Neighborhood highlights,2,NA,NA,NA,4.19,68,https://www.airbnb.com/rooms/47544056
47547297,$45.00,Neighborhood highlights,1,3,NA,1,4.9,10,https://www.airbnb.com/rooms/47547297
47551230,NA,Neighborhood highlights,2,NA,NA,NA,5,1,https://www.airbnb.com/rooms/47551230
47551613,$42.00,Neighborhood highlights,2,2.5,1,1,5,1,https://www.airbnb.com/rooms/47551613
47563287,$250.00,Neighborhood highlights,8,2.5,3,4,4.98,98,https://www.airbnb.com/rooms/47563287
47567427,NA,NA,1,NA,NA,NA,NA,0,https://www.airbnb.com/rooms/47567427
47577248,$295.00,Neighborhood highlights,4,1,2,1,4.6,5,https://www.airbnb.com/rooms/47577248
47581594,$130.00,NA,4,1,1,2,5,2,https://www.airbnb.com/rooms/47581594
47584587,NA,NA,5,NA,NA,NA,5,1,https://www.airbnb.com/rooms/47584587
47586814,NA,Neighborhood highlights,3,NA,1,NA,5,2,https://www.airbnb.com/rooms/47586814
47593392,NA,Neighborhood highlights,2,NA,1,NA,5,5,https://www.airbnb.com/rooms/47593392
47595646,NA,Neighborhood highlights,4,NA,1,NA,NA,0,https://www.airbnb.com/rooms/47595646
47596312,NA,Neighborhood highlights,4,NA,1,NA,5,2,https://www.airbnb.com/rooms/47596312
47596692,NA,NA,4,NA,NA,NA,4.7,43,https://www.airbnb.com/rooms/47596692
47703518,"$4,000.00",NA,6,3.5,3,4,5,3,https://www.airbnb.com/rooms/47703518
47704601,$38.00,Neighborhood highlights,1,1,1,NA,4.56,52,https://www.airbnb.com/rooms/47704601
47706983,$225.00,NA,4,1,1,2,5,12,https://www.airbnb.com/rooms/47706983
47715431,$79.00,NA,2,1,0,1,NA,0,https://www.airbnb.com/rooms/47715431
47716158,$64.00,Neighborhood highlights,2,1,1,2,4.89,132,https://www.airbnb.com/rooms/47716158
47718177,$451.00,Neighborhood highlights,3,1,1,2,5,1,https://www.airbnb.com/rooms/47718177
47720387,$68.00,NA,1,1,1,1,NA,0,https://www.airbnb.com/rooms/47720387
47728714,$150.00,Neighborhood highlights,4,1,1,2,NA,0,https://www.airbnb.com/rooms/47728714
47729102,$361.00,Neighborhood highlights,6,1,3,3,5,2,https://www.airbnb.com/rooms/47729102
47730353,$89.00,Neighborhood highlights,2,1,1,1,4.77,39,https://www.airbnb.com/rooms/47730353
47734703,"$1,214.00",NA,2,1,1,2,NA,0,https://www.airbnb.com/rooms/47734703
47736171,NA,Neighborhood highlights,4,NA,2,NA,NA,0,https://www.airbnb.com/rooms/47736171
47737131,$120.00,Neighborhood highlights,3,1,1,1,5,1,https://www.airbnb.com/rooms/47737131
47742821,$130.00,NA,2,1,2,2,NA,0,https://www.airbnb.com/rooms/47742821
47753789,NA,NA,2,NA,1,NA,4.92,78,https://www.airbnb.com/rooms/47753789
47753822,NA,NA,2,NA,1,NA,4.92,24,https://www.airbnb.com/rooms/47753822
47753857,NA,NA,2,NA,1,NA,4.65,43,https://www.airbnb.com/rooms/47753857
47753974,NA,NA,2,NA,1,NA,4.63,38,https://www.airbnb.com/rooms/47753974
47754015,NA,NA,2,NA,1,NA,4.74,43,https://www.airbnb.com/rooms/47754015
47754064,NA,NA,2,NA,1,NA,4.85,33,https://www.airbnb.com/rooms/47754064
47754090,NA,NA,2,NA,1,NA,4.89,53,https://www.airbnb.com/rooms/47754090
47754133,NA,NA,2,NA,1,NA,4.88,24,https://www.airbnb.com/rooms/47754133
47754190,NA,NA,2,NA,1,NA,4.8,20,https://www.airbnb.com/rooms/47754190
47755393,$43.00,NA,1,1,1,1,NA,0,https://www.airbnb.com/rooms/47755393
47761307,NA,NA,3,NA,NA,NA,4.54,26,https://www.airbnb.com/rooms/47761307
47767712,$39.00,Neighborhood highlights,1,1,1,1,4,4,https://www.airbnb.com/rooms/47767712
47770897,NA,Neighborhood highlights,2,NA,NA,NA,4.6,5,https://www.airbnb.com/rooms/47770897
47773433,$110.00,Neighborhood highlights,5,1,2,5,4.8,70,https://www.airbnb.com/rooms/47773433
47774203,$69.00,Neighborhood highlights,3,1.5,1,2,4.79,62,https://www.airbnb.com/rooms/47774203
47783273,$90.00,Neighborhood highlights,4,1,2,4,4.7,54,https://www.airbnb.com/rooms/47783273
47783561,$85.00,Neighborhood highlights,1,1,1,1,4.91,150,https://www.airbnb.com/rooms/47783561
47784065,NA,NA,1,NA,NA,NA,NA,0,https://www.airbnb.com/rooms/47784065
47785146,NA,Neighborhood highlights,4,NA,2,NA,NA,0,https://www.airbnb.com/rooms/47785146
47790304,NA,Neighborhood highlights,4,NA,2,NA,5,5,https://www.airbnb.com/rooms/47790304
47795106,$150.00,NA,4,1,2,2,5,1,https://www.airbnb.com/rooms/47795106
47797312,NA,NA,2,NA,NA,NA,NA,0,https://www.airbnb.com/rooms/47797312
47797468,NA,Neighborhood highlights,2,NA,NA,NA,5,1,https://www.airbnb.com/rooms/47797468
47803501,$41.00,Neighborhood highlights,1,1,1,1,4.61,112,https://www.airbnb.com/rooms/47803501
47803519,$79.00,Neighborhood highlights,2,1,1,1,5,16,https://www.airbnb.com/rooms/47803519
47804493,NA,NA,1,NA,NA,NA,5,1,https://www.airbnb.com/rooms/47804493
47805581,NA,Neighborhood highlights,4,NA,1,NA,NA,0,https://www.airbnb.com/rooms/47805581
47808900,$65.00,Neighborhood highlights,2,1,1,1,4.77,44,https://www.airbnb.com/rooms/47808900
47811977,NA,Neighborhood highlights,1,NA,4,NA,NA,0,https://www.airbnb.com/rooms/47811977
47812540,$55.00,Neighborhood highlights,1,1,1,1,5,4,https://www.airbnb.com/rooms/47812540
47814460,NA,Neighborhood highlights,1,NA,4,NA,NA,0,https://www.airbnb.com/rooms/47814460
47814560,NA,Neighborhood highlights,2,NA,1,NA,5,7,https://www.airbnb.com/rooms/47814560
47815251,NA,Neighborhood highlights,1,NA,NA,NA,5,1,https://www.airbnb.com/rooms/47815251
47823611,NA,NA,6,NA,3,NA,NA,0,https://www.airbnb.com/rooms/47823611
47825830,$185.00,Neighborhood highlights,6,3,3,3,4.25,4,https://www.airbnb.com/rooms/47825830
47831832,$50.00,Neighborhood highlights,2,2,1,1,4.85,65,https://www.airbnb.com/rooms/47831832
47832108,NA,NA,2,NA,NA,NA,NA,0,https://www.airbnb.com/rooms/47832108
47832229,$45.00,Neighborhood highlights,2,2.5,1,1,4.87,62,https://www.airbnb.com/rooms/47832229
47832340,$55.00,Neighborhood highlights,1,2,5,4,5,2,https://www.airbnb.com/rooms/47832340
47833373,NA,Neighborhood highlights,2,NA,NA,NA,5,1,https://www.airbnb.com/rooms/47833373
47833551,NA,Neighborhood highlights,2,NA,NA,NA,3.67,3,https://www.airbnb.com/rooms/47833551
47837331,$205.00,NA,2,1,0,1,5,1,https://www.airbnb.com/rooms/47837331
47841255,NA,Neighborhood highlights,2,NA,NA,NA,NA,0,https://www.airbnb.com/rooms/47841255
47842721,$301.00,NA,2,1,1,1,4.53,43,https://www.airbnb.com/rooms/47842721
47844167,$60.00,Neighborhood highlights,1,2,1,0,4.67,3,https://www.airbnb.com/rooms/47844167
47846567,$72.00,Neighborhood highlights,1,1,1,1,5,15,https://www.airbnb.com/rooms/47846567
47846577,$10.00,NA,2,1,2,2,4.97,32,https://www.airbnb.com/rooms/47846577
47848179,NA,Neighborhood highlights,1,NA,1,NA,4,2,https://www.airbnb.com/rooms/47848179
47848239,NA,NA,2,NA,1,NA,5,2,https://www.airbnb.com/rooms/47848239
47848606,$34.00,NA,1,1,1,1,NA,0,https://www.airbnb.com/rooms/47848606
47848650,$75.00,NA,1,1,1,1,4.9,21,https://www.airbnb.com/rooms/47848650
47848693,$75.00,NA,1,1,1,1,4.84,19,https://www.airbnb.com/rooms/47848693
47848813,$42.00,NA,1,1,1,1,NA,0,https://www.airbnb.com/rooms/47848813
47849424,NA,NA,2,NA,NA,NA,4.33,9,https://www.airbnb.com/rooms/47849424
47855824,$42.00,Neighborhood highlights,2,1,1,1,4.63,184,https://www.airbnb.com/rooms/47855824
47858654,$75.00,NA,6,1,3,3,4.7,47,https://www.airbnb.com/rooms/47858654
47859618,$199.00,Neighborhood highlights,4,1,1,2,4.29,7,https://www.airbnb.com/rooms/47859618
47865944,NA,Neighborhood highlights,3,NA,2,NA,NA,0,https://www.airbnb.com/rooms/47865944
47866275,$114.00,NA,2,1,1,1,4.71,51,https://www.airbnb.com/rooms/47866275
47866487,NA,Neighborhood highlights,2,NA,1,NA,5,4,https://www.airbnb.com/rooms/47866487
47866674,NA,NA,3,NA,1,NA,5,2,https://www.airbnb.com/rooms/47866674
47869412,$60.00,NA,2,1,0,1,3.5,2,https://www.airbnb.com/rooms/47869412
47869588,"$1,000.00",NA,9,1,4,4,4.3,40,https://www.airbnb.com/rooms/47869588
47870168,$80.00,Neighborhood highlights,1,1,1,1,4.57,21,https://www.airbnb.com/rooms/47870168
47873210,$66.00,NA,1,1,1,1,4.85,13,https://www.airbnb.com/rooms/47873210
47874401,$250.00,Neighborhood highlights,4,1,1,2,4.7,91,https://www.airbnb.com/rooms/47874401
47874453,$225.00,Neighborhood highlights,1,1,1,1,5,9,https://www.airbnb.com/rooms/47874453
47874684,NA,Neighborhood highlights,3,NA,1,NA,5,1,https://www.airbnb.com/rooms/47874684
47880558,NA,NA,2,NA,1,NA,5,4,https://www.airbnb.com/rooms/47880558
47881216,$125.00,NA,4,1,1,1,4.71,73,https://www.airbnb.com/rooms/47881216
47881292,$186.00,Neighborhood highlights,1,0,4,1,NA,0,https://www.airbnb.com/rooms/47881292
47882500,NA,Neighborhood highlights,2,NA,NA,NA,NA,0,https://www.airbnb.com/rooms/47882500
47882733,NA,Neighborhood highlights,2,NA,NA,NA,NA,0,https://www.airbnb.com/rooms/47882733
47883677,NA,Neighborhood highlights,2,NA,NA,NA,5,1,https://www.airbnb.com/rooms/47883677
47884246,NA,Neighborhood highlights,2,NA,1,NA,5,22,https://www.airbnb.com/rooms/47884246
47885578,$250.00,Neighborhood highlights,3,1,1,1,NA,0,https://www.airbnb.com/rooms/47885578
47885843,$200.00,NA,2,1,1,2,4.67,6,https://www.airbnb.com/rooms/47885843
47887075,NA,NA,1,NA,NA,NA,NA,0,https://www.airbnb.com/rooms/47887075
47887785,$213.00,Neighborhood highlights,3,1,0,2,4.82,106,https://www.airbnb.com/rooms/47887785
47889158,$175.00,NA,4,1,1,2,5,2,https://www.airbnb.com/rooms/47889158
47890017,$217.00,Neighborhood highlights,2,1,1,2,4.96,47,https://www.airbnb.com/rooms/47890017
47892276,$181.00,Neighborhood highlights,4,1,2,2,4.8,5,https://www.airbnb.com/rooms/47892276
47900810,$111.00,Neighborhood highlights,2,1,1,1,4.92,142,https://www.airbnb.com/rooms/47900810
47906957,$119.00,Neighborhood highlights,4,1,1,2,4.77,300,https://www.airbnb.com/rooms/47906957
47907266,$425.00,Neighborhood highlights,6,1,3,4,4.93,109,https://www.airbnb.com/rooms/47907266
47919864,$46.00,NA,1,1,1,1,5,1,https://www.airbnb.com/rooms/47919864
47920050,$40.00,NA,1,1,1,1,4.5,2,https://www.airbnb.com/rooms/47920050
47921311,"$1,095.00",NA,4,1,1,1,NA,0,https://www.airbnb.com/rooms/47921311
47922647,NA,NA,1,NA,1,NA,NA,0,https://www.airbnb.com/rooms/47922647
47923861,NA,Neighborhood highlights,4,NA,2,NA,4.43,14,https://www.airbnb.com/rooms/47923861
47924038,$185.00,Neighborhood highlights,2,1,0,1,4.94,31,https://www.airbnb.com/rooms/47924038
47933628,$160.00,Neighborhood highlights,1,0,1,1,NA,0,https://www.airbnb.com/rooms/47933628
47934033,NA,Neighborhood highlights,2,NA,NA,NA,5,1,https://www.airbnb.com/rooms/47934033
47938375,$102.00,Neighborhood highlights,2,1,1,1,4.67,9,https://www.airbnb.com/rooms/47938375
47939524,$62.00,NA,1,2,1,1,4.81,177,https://www.airbnb.com/rooms/47939524
47940178,NA,Neighborhood highlights,1,NA,NA,NA,NA,0,https://www.airbnb.com/rooms/47940178
47940310,NA,Neighborhood highlights,1,NA,NA,NA,5,2,https://www.airbnb.com/rooms/47940310
47941354,$399.00,Neighborhood highlights,5,1,2,2,4.62,26,https://www.airbnb.com/rooms/47941354
47942202,$35.00,NA,2,1,1,1,4.67,6,https://www.airbnb.com/rooms/47942202
47944133,$68.00,Neighborhood highlights,2,1.5,1,1,5,12,https://www.airbnb.com/rooms/47944133
47956172,NA,NA,4,NA,1,NA,NA,0,https://www.airbnb.com/rooms/47956172
47967099,$90.00,Neighborhood highlights,2,1,0,3,4.77,13,https://www.airbnb.com/rooms/47967099
47968256,$181.00,Neighborhood highlights,2,1,0,1,5,12,https://www.airbnb.com/rooms/47968256
47968434,$60.00,Neighborhood highlights,1,1,0,1,4.85,13,https://www.airbnb.com/rooms/47968434
47973089,NA,NA,1,NA,NA,NA,4,1,https://www.airbnb.com/rooms/47973089
47973190,NA,NA,6,NA,2,NA,NA,0,https://www.airbnb.com/rooms/47973190
47974913,$190.00,NA,1,1,1,1,NA,0,https://www.airbnb.com/rooms/47974913
47975799,$50.00,Neighborhood highlights,1,2,1,1,4.8,5,https://www.airbnb.com/rooms/47975799
47977116,NA,Neighborhood highlights,2,NA,NA,NA,NA,0,https://www.airbnb.com/rooms/47977116
47977156,$189.00,Neighborhood highlights,4,2,2,1,4.8,40,https://www.airbnb.com/rooms/47977156
47977202,NA,NA,2,NA,NA,NA,4.73,15,https://www.airbnb.com/rooms/47977202
47977634,$72.00,Neighborhood highlights,1,1,1,1,4.76,63,https://www.airbnb.com/rooms/47977634
47977733,NA,Neighborhood highlights,1,NA,NA,NA,NA,0,https://www.airbnb.com/rooms/47977733
47979000,NA,Neighborhood highlights,4,NA,2,NA,NA,0,https://www.airbnb.com/rooms/47979000
47979632,$41.00,Neighborhood highlights,1,1,1,1,NA,0,https://www.airbnb.com/rooms/47979632
47982995,$180.00,Neighborhood highlights,2,1.5,1,1,4.82,67,https://www.airbnb.com/rooms/47982995
47985036,NA,NA,2,NA,NA,NA,4.53,17,https://www.airbnb.com/rooms/47985036
47989542,NA,Neighborhood highlights,4,NA,1,NA,4.92,12,https://www.airbnb.com/rooms/47989542
47989650,NA,Neighborhood highlights,2,NA,1,NA,5,2,https://www.airbnb.com/rooms/47989650
47990503,$617.00,Neighborhood highlights,13,4.5,5,5,5,12,https://www.airbnb.com/rooms/47990503
47993937,$200.00,Neighborhood highlights,3,1,1,1,NA,0,https://www.airbnb.com/rooms/47993937
47994751,"$1,895.00",Neighborhood highlights,10,2.5,5,7,5,15,https://www.airbnb.com/rooms/47994751
47996191,NA,NA,2,1,0,1,4.5,6,https://www.airbnb.com/rooms/47996191
47996705,$291.00,Neighborhood highlights,6,1,3,3,4.75,8,https://www.airbnb.com/rooms/47996705
48000739,$500.00,NA,3,1,2,2,NA,0,https://www.airbnb.com/rooms/48000739
48011354,$176.00,Neighborhood highlights,1,1,1,1,1,1,https://www.airbnb.com/rooms/48011354
48013778,NA,Neighborhood highlights,1,NA,NA,NA,NA,0,https://www.airbnb.com/rooms/48013778
48016092,$150.00,NA,3,1,2,2,5,1,https://www.airbnb.com/rooms/48016092
48017619,$70.00,NA,2,1,1,2,4.82,11,https://www.airbnb.com/rooms/48017619
48024678,$210.00,Neighborhood highlights,2,1,0,2,4.78,18,https://www.airbnb.com/rooms/48024678
48024680,$450.00,Neighborhood highlights,4,1,2,2,4.83,6,https://www.airbnb.com/rooms/48024680
48029069,NA,Neighborhood highlights,1,NA,1,NA,4.79,14,https://www.airbnb.com/rooms/48029069
48030596,$191.00,NA,4,1,0,2,4.6,192,https://www.airbnb.com/rooms/48030596
48033611,NA,NA,1,NA,1,NA,NA,0,https://www.airbnb.com/rooms/48033611
48038944,$118.00,Neighborhood highlights,1,0,4,1,NA,0,https://www.airbnb.com/rooms/48038944
48041698,NA,Neighborhood highlights,1,NA,NA,NA,5,2,https://www.airbnb.com/rooms/48041698
48042018,$250.00,Neighborhood highlights,4,1,2,4,4.46,65,https://www.airbnb.com/rooms/48042018
48042064,NA,Neighborhood highlights,2,NA,1,NA,5,3,https://www.airbnb.com/rooms/48042064
48043063,$220.00,Neighborhood highlights,4,1,2,2,5,10,https://www.airbnb.com/rooms/48043063
48044306,$175.00,Neighborhood highlights,2,1,1,1,4.97,31,https://www.airbnb.com/rooms/48044306
48045041,$98.00,Neighborhood highlights,1,1,1,1,5,5,https://www.airbnb.com/rooms/48045041
48051434,"$1,750.00",NA,16,2,0,1,5,4,https://www.airbnb.com/rooms/48051434
48052304,NA,NA,4,NA,2,NA,5,32,https://www.airbnb.com/rooms/48052304
48052849,$70.00,Neighborhood highlights,1,1,1,1,4.94,33,https://www.airbnb.com/rooms/48052849
48055938,$216.00,Neighborhood highlights,3,1,1,1,NA,0,https://www.airbnb.com/rooms/48055938
48056661,NA,NA,2,NA,NA,NA,NA,0,https://www.airbnb.com/rooms/48056661
48062301,$250.00,Neighborhood highlights,8,1.5,3,3,4.8,82,https://www.airbnb.com/rooms/48062301
48066352,$40.00,Neighborhood highlights,2,1,1,1,NA,0,https://www.airbnb.com/rooms/48066352
48067323,NA,Neighborhood highlights,2,NA,1,NA,NA,0,https://www.airbnb.com/rooms/48067323
48067391,NA,Neighborhood highlights,2,NA,1,NA,4.92,12,https://www.airbnb.com/rooms/48067391
48070665,NA,NA,1,NA,NA,NA,NA,0,https://www.airbnb.com/rooms/48070665
48070696,NA,Neighborhood highlights,1,1,1,1,4.88,8,https://www.airbnb.com/rooms/48070696
48074565,$66.00,Neighborhood highlights,1,0,4,1,NA,0,https://www.airbnb.com/rooms/48074565
48081712,NA,NA,1,NA,NA,NA,NA,0,https://www.airbnb.com/rooms/48081712
48083343,$43.00,NA,1,2,1,1,4,1,https://www.airbnb.com/rooms/48083343
48089766,"$3,300.00",Neighborhood highlights,16,4,1,0,5,1,https://www.airbnb.com/rooms/48089766
48095346,$249.00,NA,5,2,2,2,4.91,11,https://www.airbnb.com/rooms/48095346
48100776,NA,Neighborhood highlights,2,NA,1,NA,NA,0,https://www.airbnb.com/rooms/48100776
48100962,$251.00,Neighborhood highlights,2,1,1,1,NA,0,https://www.airbnb.com/rooms/48100962
48103216,$36.00,Neighborhood highlights,1,1,1,1,4,1,https://www.airbnb.com/rooms/48103216
48103930,$120.00,NA,2,1,0,1,4,11,https://www.airbnb.com/rooms/48103930
48104025,$187.00,NA,4,1,0,2,4.59,41,https://www.airbnb.com/rooms/48104025
48104102,$222.00,Neighborhood highlights,3,1,1,2,4.92,12,https://www.airbnb.com/rooms/48104102
48104906,$155.00,NA,2,1,1,2,4.5,6,https://www.airbnb.com/rooms/48104906
48105141,$169.00,NA,2,1,1,2,4.54,136,https://www.airbnb.com/rooms/48105141
48109162,$85.00,Neighborhood highlights,4,1,1,5,4.66,123,https://www.airbnb.com/rooms/48109162
48110470,$425.00,Neighborhood highlights,6,1,3,4,4.97,74,https://www.airbnb.com/rooms/48110470
48111149,$300.00,Neighborhood highlights,4,1.5,2,1,4.88,17,https://www.airbnb.com/rooms/48111149
48111332,$35.00,NA,1,2,4,1,5,1,https://www.airbnb.com/rooms/48111332
48111511,NA,NA,1,2,1,1,5,1,https://www.airbnb.com/rooms/48111511
48111679,$36.00,NA,1,1,1,1,5,1,https://www.airbnb.com/rooms/48111679
48121041,$250.00,Neighborhood highlights,2,1,1,3,NA,0,https://www.airbnb.com/rooms/48121041
48121515,NA,Neighborhood highlights,1,NA,NA,NA,4.18,11,https://www.airbnb.com/rooms/48121515
48121560,NA,NA,3,NA,1,NA,4.9,10,https://www.airbnb.com/rooms/48121560
48123720,NA,Neighborhood highlights,1,NA,NA,NA,NA,0,https://www.airbnb.com/rooms/48123720
48124602,$180.00,NA,4,1,1,2,5,7,https://www.airbnb.com/rooms/48124602
48126670,NA,Neighborhood highlights,6,NA,2,NA,4.95,21,https://www.airbnb.com/rooms/48126670
48127084,NA,NA,4,NA,2,NA,4.2,5,https://www.airbnb.com/rooms/48127084
48127867,$110.00,Neighborhood highlights,1,0,3,1,NA,0,https://www.airbnb.com/rooms/48127867
48128688,$130.00,NA,4,1,1,2,5,5,https://www.airbnb.com/rooms/48128688
48130923,$100.00,Neighborhood highlights,2,1,1,1,4.88,49,https://www.airbnb.com/rooms/48130923
48133291,$85.00,Neighborhood highlights,2,1,1,1,4.73,11,https://www.airbnb.com/rooms/48133291
48134893,$452.00,Neighborhood highlights,4,1.5,2,2,NA,0,https://www.airbnb.com/rooms/48134893
48135717,$300.00,NA,2,1,0,1,4.24,45,https://www.airbnb.com/rooms/48135717
48137872,"$1,000.00",NA,7,1,3,3,4.68,25,https://www.airbnb.com/rooms/48137872
48139155,$316.00,Neighborhood highlights,2,1,1,1,NA,0,https://www.airbnb.com/rooms/48139155
48142110,$157.00,Neighborhood highlights,2,1,1,1,4.81,111,https://www.airbnb.com/rooms/48142110
48146527,$250.00,Neighborhood highlights,5,1,2,2,4.86,14,https://www.airbnb.com/rooms/48146527
48149045,NA,Neighborhood highlights,1,NA,NA,NA,NA,0,https://www.airbnb.com/rooms/48149045
48149133,$39.00,Neighborhood highlights,1,1,1,1,NA,0,https://www.airbnb.com/rooms/48149133
48149253,NA,Neighborhood highlights,1,NA,NA,NA,4,2,https://www.airbnb.com/rooms/48149253
48155132,$102.00,Neighborhood highlights,3,1,2,2,NA,0,https://www.airbnb.com/rooms/48155132
48158231,NA,Neighborhood highlights,1,NA,NA,NA,1,1,https://www.airbnb.com/rooms/48158231
48158801,NA,NA,1,NA,6,NA,NA,0,https://www.airbnb.com/rooms/48158801
48159314,$325.00,Neighborhood highlights,2,1,1,2,4.91,79,https://www.airbnb.com/rooms/48159314
48159573,NA,NA,2,NA,1,NA,NA,0,https://www.airbnb.com/rooms/48159573
48160521,$220.00,NA,6,1.5,3,4,NA,0,https://www.airbnb.com/rooms/48160521
48168657,$267.00,Neighborhood highlights,2,1,1,1,4.63,19,https://www.airbnb.com/rooms/48168657
48169403,NA,NA,1,NA,NA,NA,NA,0,https://www.airbnb.com/rooms/48169403
48170918,$99.00,NA,6,1,2,2,4.44,59,https://www.airbnb.com/rooms/48170918
48181694,$43.00,NA,1,1,1,1,NA,0,https://www.airbnb.com/rooms/48181694
48182605,$86.00,Neighborhood highlights,1,1,1,1,4.95,105,https://www.airbnb.com/rooms/48182605
48182736,$409.00,NA,8,1,3,5,4.9,50,https://www.airbnb.com/rooms/48182736
48182954,$175.00,NA,4,1,1,2,4.86,7,https://www.airbnb.com/rooms/48182954
48191811,$210.00,Neighborhood highlights,1,0,1,1,NA,0,https://www.airbnb.com/rooms/48191811
48194167,NA,NA,2,NA,NA,NA,5,2,https://www.airbnb.com/rooms/48194167
48210064,$32.00,NA,1,1,1,1,NA,0,https://www.airbnb.com/rooms/48210064
48213630,$36.00,Neighborhood highlights,1,1,1,1,2.5,4,https://www.airbnb.com/rooms/48213630
48215693,$102.00,Neighborhood highlights,2,1,1,1,4.65,54,https://www.airbnb.com/rooms/48215693
48216295,NA,NA,3,NA,2,NA,4.86,7,https://www.airbnb.com/rooms/48216295
48216301,$60.00,NA,2,1,1,1,5,2,https://www.airbnb.com/rooms/48216301
48216778,$148.00,Neighborhood highlights,3,1,1,2,5,8,https://www.airbnb.com/rooms/48216778
48230852,$150.00,NA,2,1,0,1,5,12,https://www.airbnb.com/rooms/48230852
48230897,$151.00,NA,1,1,0,1,4.78,9,https://www.airbnb.com/rooms/48230897
48231063,$161.00,NA,1,1,0,1,4.5,6,https://www.airbnb.com/rooms/48231063
48233657,$235.00,Neighborhood highlights,2,1,1,1,4.6,5,https://www.airbnb.com/rooms/48233657
48242704,NA,NA,2,NA,NA,NA,4.78,87,https://www.airbnb.com/rooms/48242704
48243028,$275.00,Neighborhood highlights,4,2.5,2,2,4.93,40,https://www.airbnb.com/rooms/48243028
48246413,NA,NA,2,NA,1,NA,5,18,https://www.airbnb.com/rooms/48246413
48247577,$46.00,NA,1,1,1,1,5,1,https://www.airbnb.com/rooms/48247577
48251477,NA,NA,2,NA,1,NA,4.86,69,https://www.airbnb.com/rooms/48251477
48251602,NA,NA,2,NA,1,NA,4.85,41,https://www.airbnb.com/rooms/48251602
48251757,NA,NA,2,NA,1,NA,4.9,20,https://www.airbnb.com/rooms/48251757
48251788,NA,NA,2,NA,1,NA,4.38,8,https://www.airbnb.com/rooms/48251788
48252078,NA,NA,2,NA,1,NA,4.79,77,https://www.airbnb.com/rooms/48252078
48253767,NA,Neighborhood highlights,2,NA,NA,NA,4.83,12,https://www.airbnb.com/rooms/48253767
48255368,$400.00,NA,1,1,1,1,NA,0,https://www.airbnb.com/rooms/48255368
48255376,NA,Neighborhood highlights,8,NA,3,NA,4.88,182,https://www.airbnb.com/rooms/48255376
48256339,NA,NA,2,NA,1,NA,4.78,18,https://www.airbnb.com/rooms/48256339
48257064,$99.00,NA,2,1,1,1,5,3,https://www.airbnb.com/rooms/48257064
48257309,NA,NA,2,NA,1,NA,4.62,13,https://www.airbnb.com/rooms/48257309
48257323,NA,NA,2,NA,1,NA,4.5,2,https://www.airbnb.com/rooms/48257323
48257348,NA,NA,2,NA,1,NA,4.9,69,https://www.airbnb.com/rooms/48257348
48257412,NA,NA,2,NA,1,NA,NA,0,https://www.airbnb.com/rooms/48257412
48257496,NA,NA,2,NA,1,NA,NA,0,https://www.airbnb.com/rooms/48257496
48257515,NA,NA,2,NA,1,NA,5,5,https://www.airbnb.com/rooms/48257515
48257754,NA,NA,2,NA,1,NA,4.73,11,https://www.airbnb.com/rooms/48257754
48257775,NA,NA,2,NA,1,NA,4.79,14,https://www.airbnb.com/rooms/48257775
48257812,NA,NA,2,NA,1,NA,4.67,3,https://www.airbnb.com/rooms/48257812
48263817,NA,Neighborhood highlights,4,NA,2,NA,4.95,22,https://www.airbnb.com/rooms/48263817
48265859,NA,NA,1,NA,NA,NA,NA,0,https://www.airbnb.com/rooms/48265859
48265994,NA,Neighborhood highlights,1,NA,NA,NA,4.5,2,https://www.airbnb.com/rooms/48265994
48266114,$380.00,Neighborhood highlights,6,1,2,2,4.41,17,https://www.airbnb.com/rooms/48266114
48266140,$92.00,NA,1,1,1,0,5,2,https://www.airbnb.com/rooms/48266140
48267691,$44.00,NA,1,1,1,1,5,2,https://www.airbnb.com/rooms/48267691
48270362,$54.00,NA,2,1,0,1,4.59,86,https://www.airbnb.com/rooms/48270362
48279821,$161.00,NA,1,1,0,1,4.83,6,https://www.airbnb.com/rooms/48279821
48282693,$125.00,NA,2,1,0,1,4.8,5,https://www.airbnb.com/rooms/48282693
48285269,NA,NA,4,NA,1,NA,NA,0,https://www.airbnb.com/rooms/48285269
48290153,NA,NA,2,NA,1,NA,5,3,https://www.airbnb.com/rooms/48290153
48295351,$223.00,Neighborhood highlights,4,1,1,1,4.46,26,https://www.airbnb.com/rooms/48295351
48295531,$175.00,Neighborhood highlights,2,1.5,1,1,NA,0,https://www.airbnb.com/rooms/48295531
48295887,$260.00,NA,1,1,1,1,4.69,228,https://www.airbnb.com/rooms/48295887
48297656,NA,NA,4,NA,1,NA,NA,0,https://www.airbnb.com/rooms/48297656
48297854,$229.00,Neighborhood highlights,4,1,3,3,4.78,228,https://www.airbnb.com/rooms/48297854
48298144,NA,NA,1,NA,NA,NA,NA,0,https://www.airbnb.com/rooms/48298144
48298348,NA,NA,1,NA,1,NA,5,6,https://www.airbnb.com/rooms/48298348
48300185,$314.00,Neighborhood highlights,4,2,2,2,4.86,7,https://www.airbnb.com/rooms/48300185
48302721,NA,NA,2,NA,NA,NA,5,7,https://www.airbnb.com/rooms/48302721
48304015,$130.00,NA,2,1,0,NA,5,3,https://www.airbnb.com/rooms/48304015
48306423,$90.00,Neighborhood highlights,1,0,3,1,NA,0,https://www.airbnb.com/rooms/48306423
48312829,NA,Neighborhood highlights,1,NA,NA,NA,5,1,https://www.airbnb.com/rooms/48312829
48313976,NA,Neighborhood highlights,6,NA,3,NA,5,2,https://www.airbnb.com/rooms/48313976
48316162,$320.00,Neighborhood highlights,2,1,0,1,4.5,12,https://www.airbnb.com/rooms/48316162
48316241,$273.00,Neighborhood highlights,2,1,0,1,4.33,21,https://www.airbnb.com/rooms/48316241
48316249,$274.00,Neighborhood highlights,2,1,0,1,4.56,466,https://www.airbnb.com/rooms/48316249
48316258,$355.00,Neighborhood highlights,2,1,0,1,4.58,95,https://www.airbnb.com/rooms/48316258
48316284,$288.00,Neighborhood highlights,2,1,0,1,4.51,118,https://www.airbnb.com/rooms/48316284
48317954,$229.00,NA,2,1,2,2,4.83,6,https://www.airbnb.com/rooms/48317954
48318184,$245.00,NA,2,1,2,2,5,8,https://www.airbnb.com/rooms/48318184
48321960,NA,NA,1,NA,NA,NA,NA,0,https://www.airbnb.com/rooms/48321960
48323889,$165.00,Neighborhood highlights,4,1,2,3,4.9,30,https://www.airbnb.com/rooms/48323889
48324302,$102.00,Neighborhood highlights,1,0,3,1,NA,0,https://www.airbnb.com/rooms/48324302
48324393,$53.00,Neighborhood highlights,1,0,4,1,NA,0,https://www.airbnb.com/rooms/48324393
48324683,$97.00,Neighborhood highlights,1,0,1,1,NA,0,https://www.airbnb.com/rooms/48324683
48328710,$117.00,NA,1,1,0,1,4.64,11,https://www.airbnb.com/rooms/48328710
48331524,$75.00,Neighborhood highlights,2,1,0,1,4.55,22,https://www.airbnb.com/rooms/48331524
48333932,NA,NA,2,NA,1,NA,4,1,https://www.airbnb.com/rooms/48333932
48334556,$63.00,Neighborhood highlights,2,1,1,1,4.4,10,https://www.airbnb.com/rooms/48334556
48341938,$181.00,Neighborhood highlights,1,1,1,1,4.95,127,https://www.airbnb.com/rooms/48341938
48343270,$100.00,Neighborhood highlights,2,1,0,2,4.5,6,https://www.airbnb.com/rooms/48343270
48344749,$296.00,NA,2,1,0,1,4.11,9,https://www.airbnb.com/rooms/48344749
48344963,NA,NA,8,NA,NA,NA,4.61,54,https://www.airbnb.com/rooms/48344963
48345047,$586.00,NA,8,1,1,2,4.47,49,https://www.airbnb.com/rooms/48345047
48345099,$120.00,Neighborhood highlights,2,1,0,2,4.17,6,https://www.airbnb.com/rooms/48345099
48345227,$296.00,NA,2,1,0,1,4.83,6,https://www.airbnb.com/rooms/48345227
48345447,NA,NA,6,NA,NA,NA,4.52,44,https://www.airbnb.com/rooms/48345447
48349321,NA,Neighborhood highlights,2,NA,NA,NA,4.5,4,https://www.airbnb.com/rooms/48349321
48356312,$145.00,NA,1,1,1,1,NA,0,https://www.airbnb.com/rooms/48356312
48357548,$48.00,NA,1,1,1,1,5,4,https://www.airbnb.com/rooms/48357548
48360362,$75.00,Neighborhood highlights,1,1,1,1,4.85,13,https://www.airbnb.com/rooms/48360362
48361053,NA,NA,4,NA,2,NA,4.92,13,https://www.airbnb.com/rooms/48361053
48365708,$250.00,Neighborhood highlights,3,1,3,3,4.8,46,https://www.airbnb.com/rooms/48365708
48367018,$225.00,Neighborhood highlights,2,1,1,1,4.94,143,https://www.airbnb.com/rooms/48367018
48369592,$406.00,Neighborhood highlights,2,1,1,1,5,15,https://www.airbnb.com/rooms/48369592
48380142,NA,Neighborhood highlights,1,NA,NA,NA,4,1,https://www.airbnb.com/rooms/48380142
48380523,$145.00,NA,2,1,0,0,5,1,https://www.airbnb.com/rooms/48380523
48380680,NA,Neighborhood highlights,2,NA,NA,NA,NA,0,https://www.airbnb.com/rooms/48380680
48380889,NA,Neighborhood highlights,2,NA,NA,NA,NA,0,https://www.airbnb.com/rooms/48380889
48381141,NA,Neighborhood highlights,2,NA,NA,NA,NA,0,https://www.airbnb.com/rooms/48381141
48381288,NA,Neighborhood highlights,2,NA,NA,NA,NA,0,https://www.airbnb.com/rooms/48381288
48381528,NA,Neighborhood highlights,1,NA,NA,NA,NA,0,https://www.airbnb.com/rooms/48381528
48381921,NA,Neighborhood highlights,1,NA,NA,NA,NA,0,https://www.airbnb.com/rooms/48381921
48382101,$117.00,Neighborhood highlights,2,1,1,1,4.82,28,https://www.airbnb.com/rooms/48382101
48382130,NA,Neighborhood highlights,2,NA,NA,NA,4,1,https://www.airbnb.com/rooms/48382130
48382594,NA,Neighborhood highlights,1,NA,NA,NA,NA,0,https://www.airbnb.com/rooms/48382594
48382776,NA,Neighborhood highlights,2,NA,NA,NA,NA,0,https://www.airbnb.com/rooms/48382776
48383033,NA,Neighborhood highlights,2,NA,NA,NA,NA,0,https://www.airbnb.com/rooms/48383033
48383636,$333.00,Neighborhood highlights,8,1,3,3,4.21,14,https://www.airbnb.com/rooms/48383636
48383682,$149.00,Neighborhood highlights,4,1,2,2,4.94,102,https://www.airbnb.com/rooms/48383682
48383760,$45.00,NA,1,1,1,1,5,7,https://www.airbnb.com/rooms/48383760
48384100,NA,NA,1,NA,NA,NA,5,1,https://www.airbnb.com/rooms/48384100
48384560,NA,Neighborhood highlights,2,NA,NA,NA,NA,0,https://www.airbnb.com/rooms/48384560
48384753,NA,Neighborhood highlights,2,NA,NA,NA,NA,0,https://www.airbnb.com/rooms/48384753
48384761,$75.00,Neighborhood highlights,2,1.5,1,1,3,2,https://www.airbnb.com/rooms/48384761
48384825,NA,Neighborhood highlights,2,NA,NA,NA,5,1,https://www.airbnb.com/rooms/48384825
48384916,NA,NA,1,NA,NA,NA,4.5,2,https://www.airbnb.com/rooms/48384916
48384920,NA,Neighborhood highlights,1,NA,NA,NA,NA,0,https://www.airbnb.com/rooms/48384920
48393913,NA,NA,1,NA,1,NA,NA,0,https://www.airbnb.com/rooms/48393913
48395779,$61.00,Neighborhood highlights,1,0,4,1,NA,0,https://www.airbnb.com/rooms/48395779
48397375,NA,NA,5,NA,3,NA,5,10,https://www.airbnb.com/rooms/48397375
48399663,$330.00,NA,6,1,3,3,4.5,4,https://www.airbnb.com/rooms/48399663
48402078,$201.00,NA,2,1,2,2,4.81,203,https://www.airbnb.com/rooms/48402078
48402757,NA,Neighborhood highlights,3,NA,1,NA,4.88,52,https://www.airbnb.com/rooms/48402757
48403914,NA,NA,2,NA,2,NA,4.93,159,https://www.airbnb.com/rooms/48403914
48404024,NA,Neighborhood highlights,2,NA,1,NA,4.7,10,https://www.airbnb.com/rooms/48404024
48404504,$500.00,NA,2,1,1,NA,NA,0,https://www.airbnb.com/rooms/48404504
48413404,$40.00,NA,1,1,1,1,5,2,https://www.airbnb.com/rooms/48413404
48414050,$39.00,NA,1,1,1,1,5,1,https://www.airbnb.com/rooms/48414050
48415866,NA,Neighborhood highlights,1,NA,NA,NA,NA,0,https://www.airbnb.com/rooms/48415866
48416088,$175.00,NA,3,1,2,2,5,1,https://www.airbnb.com/rooms/48416088
48422033,$75.00,NA,2,2,1,1,4.78,96,https://www.airbnb.com/rooms/48422033
48423570,$210.00,Neighborhood highlights,2,1,1,1,5,3,https://www.airbnb.com/rooms/48423570
48425681,NA,Neighborhood highlights,1,NA,NA,NA,NA,0,https://www.airbnb.com/rooms/48425681
48426005,NA,Neighborhood highlights,2,NA,NA,NA,NA,0,https://www.airbnb.com/rooms/48426005
48426539,NA,Neighborhood highlights,2,NA,NA,NA,NA,0,https://www.airbnb.com/rooms/48426539
48427036,NA,Neighborhood highlights,2,NA,NA,NA,NA,0,https://www.airbnb.com/rooms/48427036
48427492,NA,Neighborhood highlights,2,NA,1,NA,5,20,https://www.airbnb.com/rooms/48427492
48430489,$42.00,NA,1,1,1,1,4.88,26,https://www.airbnb.com/rooms/48430489
48440192,$125.00,NA,4,1,1,1,NA,0,https://www.airbnb.com/rooms/48440192
48442281,$95.00,Neighborhood highlights,2,1,0,2,4.83,6,https://www.airbnb.com/rooms/48442281
48444133,$395.00,Neighborhood highlights,2,1,3,5,NA,0,https://www.airbnb.com/rooms/48444133
48444474,$364.00,Neighborhood highlights,3,1.5,1,1,NA,0,https://www.airbnb.com/rooms/48444474
48445362,$32.00,NA,1,1.5,1,1,5,24,https://www.airbnb.com/rooms/48445362
48449621,$120.00,NA,4,1,1,2,1,1,https://www.airbnb.com/rooms/48449621
48451638,NA,NA,1,NA,NA,NA,5,1,https://www.airbnb.com/rooms/48451638
48456241,$209.00,Neighborhood highlights,4,1,2,4,4.95,98,https://www.airbnb.com/rooms/48456241
48461879,NA,Neighborhood highlights,2,NA,NA,NA,5,1,https://www.airbnb.com/rooms/48461879
48463531,$36.00,Neighborhood highlights,1,1,1,1,4.5,4,https://www.airbnb.com/rooms/48463531
48463899,$38.00,Neighborhood highlights,1,1,1,1,NA,0,https://www.airbnb.com/rooms/48463899
48467225,NA,NA,2,NA,NA,NA,4.13,8,https://www.airbnb.com/rooms/48467225
48467390,$275.00,Neighborhood highlights,2,1,1,1,4.95,21,https://www.airbnb.com/rooms/48467390
48470766,$120.00,NA,4,2,2,2,4.57,53,https://www.airbnb.com/rooms/48470766
48474144,NA,NA,2,NA,NA,NA,4.86,35,https://www.airbnb.com/rooms/48474144
48482250,$200.00,NA,2,1,0,NA,5,3,https://www.airbnb.com/rooms/48482250
48483049,$93.00,NA,2,1,0,1,4.81,16,https://www.airbnb.com/rooms/48483049
48489567,$85.00,Neighborhood highlights,1,1.5,1,1,5,1,https://www.airbnb.com/rooms/48489567
48489664,NA,NA,12,NA,4,NA,NA,0,https://www.airbnb.com/rooms/48489664
48489975,$120.00,NA,2,1,0,NA,5,2,https://www.airbnb.com/rooms/48489975
48492440,NA,Neighborhood highlights,2,NA,NA,NA,4.94,16,https://www.airbnb.com/rooms/48492440
48493122,$323.00,Neighborhood highlights,3,1,1,1,NA,0,https://www.airbnb.com/rooms/48493122
48503146,$80.00,Neighborhood highlights,2,1,1,1,4.75,24,https://www.airbnb.com/rooms/48503146
48503504,$175.00,NA,2,1,1,2,4.89,111,https://www.airbnb.com/rooms/48503504
48514229,NA,Neighborhood highlights,1,NA,4,NA,NA,0,https://www.airbnb.com/rooms/48514229
48519376,$36.00,Neighborhood highlights,1,1,1,1,5,5,https://www.airbnb.com/rooms/48519376
48520815,$130.00,Neighborhood highlights,2,1,0,2,5,110,https://www.airbnb.com/rooms/48520815
48524254,$350.00,NA,5,1,2,2,4.35,31,https://www.airbnb.com/rooms/48524254
48527525,$56.00,Neighborhood highlights,1,1,1,1,5,7,https://www.airbnb.com/rooms/48527525
48528952,$48.00,NA,1,1,1,1,5,2,https://www.airbnb.com/rooms/48528952
48541458,$856.00,Neighborhood highlights,8,2.5,3,4,4.96,26,https://www.airbnb.com/rooms/48541458
48549263,$90.00,Neighborhood highlights,2,1,0,1,4.67,9,https://www.airbnb.com/rooms/48549263
48559980,$105.00,NA,2,1,0,1,4.25,4,https://www.airbnb.com/rooms/48559980
48561129,NA,NA,4,NA,2,NA,NA,0,https://www.airbnb.com/rooms/48561129
48561933,$174.00,Neighborhood highlights,2,1,0,1,4.79,103,https://www.airbnb.com/rooms/48561933
48562671,NA,NA,3,NA,NA,NA,5,1,https://www.airbnb.com/rooms/48562671
48562814,NA,NA,4,NA,NA,NA,4.78,27,https://www.airbnb.com/rooms/48562814
48562902,NA,NA,4,NA,NA,NA,4.76,33,https://www.airbnb.com/rooms/48562902
48563315,NA,NA,4,NA,NA,NA,4.65,31,https://www.airbnb.com/rooms/48563315
48565695,NA,NA,8,NA,4,NA,NA,0,https://www.airbnb.com/rooms/48565695
48566707,$199.00,Neighborhood highlights,4,1,0,2,4.75,36,https://www.airbnb.com/rooms/48566707
48569389,"$1,164.00",Neighborhood highlights,2,1,0,1,4.96,45,https://www.airbnb.com/rooms/48569389
48571590,$190.00,NA,4,1,2,2,4.13,48,https://www.airbnb.com/rooms/48571590
48581688,$85.00,Neighborhood highlights,1,0,3,1,NA,0,https://www.airbnb.com/rooms/48581688
48585070,$195.00,Neighborhood highlights,2,1.5,3,4,4.61,49,https://www.airbnb.com/rooms/48585070
48585303,NA,NA,1,NA,NA,NA,NA,0,https://www.airbnb.com/rooms/48585303
48586222,$352.00,Neighborhood highlights,2,1,1,1,4.83,214,https://www.airbnb.com/rooms/48586222
48587319,$404.00,Neighborhood highlights,2,1,1,1,5,1,https://www.airbnb.com/rooms/48587319
48587320,$412.00,Neighborhood highlights,2,1,1,1,4.53,34,https://www.airbnb.com/rooms/48587320
48587324,$351.00,Neighborhood highlights,2,1,1,1,4.82,11,https://www.airbnb.com/rooms/48587324
48587330,$562.00,Neighborhood highlights,4,1,1,2,4.71,7,https://www.airbnb.com/rooms/48587330
48587331,$489.00,Neighborhood highlights,4,1,1,2,4.79,14,https://www.airbnb.com/rooms/48587331
48587332,$495.00,Neighborhood highlights,4,1,1,2,5,7,https://www.airbnb.com/rooms/48587332
48587333,$846.00,Neighborhood highlights,4,1,1,2,4.63,8,https://www.airbnb.com/rooms/48587333
48587864,$220.00,NA,3,1,1,2,5,1,https://www.airbnb.com/rooms/48587864
48601027,$200.00,NA,3,1,1,2,3.67,3,https://www.airbnb.com/rooms/48601027
48601046,NA,Neighborhood highlights,5,NA,1,NA,4.77,71,https://www.airbnb.com/rooms/48601046
48601052,$200.00,NA,3,1,1,2,4.67,3,https://www.airbnb.com/rooms/48601052
48601560,$200.00,NA,3,1,1,2,2,1,https://www.airbnb.com/rooms/48601560
48601706,$200.00,NA,3,1,1,2,5,2,https://www.airbnb.com/rooms/48601706
48601811,$200.00,NA,3,1,1,2,NA,0,https://www.airbnb.com/rooms/48601811
48602128,$200.00,NA,3,1,1,1,4.5,2,https://www.airbnb.com/rooms/48602128
48602260,$200.00,NA,3,1,1,1,5,1,https://www.airbnb.com/rooms/48602260
48602318,$200.00,NA,3,1,1,1,5,1,https://www.airbnb.com/rooms/48602318
48602370,$200.00,NA,3,1,1,1,NA,0,https://www.airbnb.com/rooms/48602370
48611645,$175.00,NA,4,1,1,2,NA,0,https://www.airbnb.com/rooms/48611645
48612262,$105.00,Neighborhood highlights,1,1,1,1,4.9,119,https://www.airbnb.com/rooms/48612262
48621625,NA,NA,4,NA,1,NA,4.84,55,https://www.airbnb.com/rooms/48621625
48621914,NA,NA,4,NA,1,NA,4.61,49,https://www.airbnb.com/rooms/48621914
48621980,NA,NA,4,NA,1,NA,4.8,60,https://www.airbnb.com/rooms/48621980
48622044,NA,NA,4,NA,1,NA,4.61,31,https://www.airbnb.com/rooms/48622044
48622138,NA,NA,4,NA,1,NA,4.85,59,https://www.airbnb.com/rooms/48622138
48622261,NA,NA,2,NA,1,NA,4.88,24,https://www.airbnb.com/rooms/48622261
48622379,NA,NA,2,NA,1,NA,4.56,9,https://www.airbnb.com/rooms/48622379
48622476,$180.00,Neighborhood highlights,4,2,2,2,5,9,https://www.airbnb.com/rooms/48622476
48622483,NA,NA,2,NA,1,NA,4.77,56,https://www.airbnb.com/rooms/48622483
48625147,NA,NA,2,NA,1,NA,4.44,9,https://www.airbnb.com/rooms/48625147
48625432,NA,NA,2,NA,1,NA,4.5,2,https://www.airbnb.com/rooms/48625432
48625609,NA,NA,2,NA,1,NA,5,2,https://www.airbnb.com/rooms/48625609
48625937,NA,NA,2,NA,1,NA,4.92,62,https://www.airbnb.com/rooms/48625937
48627687,$170.00,NA,2,1,1,1,4,3,https://www.airbnb.com/rooms/48627687
48632932,NA,NA,2,NA,NA,NA,NA,0,https://www.airbnb.com/rooms/48632932
48636094,$128.00,NA,2,1,1,1,4.85,105,https://www.airbnb.com/rooms/48636094
48639298,$150.00,Neighborhood highlights,6,1,3,0,4.85,20,https://www.airbnb.com/rooms/48639298
48639884,NA,NA,4,NA,1,NA,NA,0,https://www.airbnb.com/rooms/48639884
48654449,$79.00,NA,2,1,1,1,4.78,116,https://www.airbnb.com/rooms/48654449
48657187,$165.00,Neighborhood highlights,4,1.5,2,2,4.63,32,https://www.airbnb.com/rooms/48657187
48658249,$800.00,NA,6,2.5,3,4,4.92,48,https://www.airbnb.com/rooms/48658249
48658534,NA,NA,2,NA,1,NA,4.95,81,https://www.airbnb.com/rooms/48658534
48659103,$134.00,Neighborhood highlights,2,1,2,2,4.86,42,https://www.airbnb.com/rooms/48659103
48661038,$275.00,NA,6,3.5,6,12,4.82,28,https://www.airbnb.com/rooms/48661038
48662231,NA,NA,2,NA,1,NA,4.67,3,https://www.airbnb.com/rooms/48662231
48667643,$75.00,Neighborhood highlights,1,0,3,1,NA,0,https://www.airbnb.com/rooms/48667643
48672660,$255.00,Neighborhood highlights,4,1,2,2,NA,0,https://www.airbnb.com/rooms/48672660
48674402,$199.00,NA,2,1,1,1,4.89,18,https://www.airbnb.com/rooms/48674402
48674893,$95.00,Neighborhood highlights,2,1,0,1,4.5,8,https://www.airbnb.com/rooms/48674893
48676880,NA,Neighborhood highlights,1,NA,NA,NA,5,1,https://www.airbnb.com/rooms/48676880
48676981,$271.00,Neighborhood highlights,4,1,1,2,4.82,71,https://www.airbnb.com/rooms/48676981
48677043,$100.00,NA,1,2,1,1,4.61,23,https://www.airbnb.com/rooms/48677043
48677256,NA,NA,4,NA,2,NA,NA,0,https://www.airbnb.com/rooms/48677256
48679571,$183.00,Neighborhood highlights,4,0,1,2,4.82,72,https://www.airbnb.com/rooms/48679571
48679875,NA,NA,4,NA,2,NA,5,1,https://www.airbnb.com/rooms/48679875
48681298,$60.00,Neighborhood highlights,1,1,1,1,5,44,https://www.airbnb.com/rooms/48681298
48682927,$341.00,Neighborhood highlights,2,1,1,2,4.95,134,https://www.airbnb.com/rooms/48682927
48697648,NA,Neighborhood highlights,2,NA,1,NA,5,2,https://www.airbnb.com/rooms/48697648
48699809,$101.00,NA,6,1,2,2,4.57,100,https://www.airbnb.com/rooms/48699809
48704743,$700.00,NA,1,1,1,1,NA,0,https://www.airbnb.com/rooms/48704743
48711194,$149.00,NA,2,1,1,2,4.93,43,https://www.airbnb.com/rooms/48711194
48713339,$95.00,NA,2,1,0,1,4.54,13,https://www.airbnb.com/rooms/48713339
48716450,NA,Neighborhood highlights,2,NA,NA,NA,NA,0,https://www.airbnb.com/rooms/48716450
48720514,$150.00,NA,2,1,0,1,4.89,9,https://www.airbnb.com/rooms/48720514
48721300,$170.00,Neighborhood highlights,2,1,2,3,4.98,126,https://www.airbnb.com/rooms/48721300
48731947,$65.00,Neighborhood highlights,1,1,1,1,5,5,https://www.airbnb.com/rooms/48731947
48733636,$130.00,NA,2,1,0,1,4.33,3,https://www.airbnb.com/rooms/48733636
48735370,$680.00,NA,7,2.5,4,4,4.9,10,https://www.airbnb.com/rooms/48735370
48736649,$145.00,NA,6,1,2,3,3.5,4,https://www.airbnb.com/rooms/48736649
48737369,NA,Neighborhood highlights,1,NA,NA,NA,4.75,4,https://www.airbnb.com/rooms/48737369
48738829,NA,NA,2,NA,NA,NA,NA,0,https://www.airbnb.com/rooms/48738829
48740080,$66.00,NA,2,1,1,1,NA,0,https://www.airbnb.com/rooms/48740080
48740096,$50.00,NA,1,1,1,1,4.91,82,https://www.airbnb.com/rooms/48740096
48741152,$80.00,Neighborhood highlights,2,1,1,1,4.85,60,https://www.airbnb.com/rooms/48741152
48752329,$359.00,Neighborhood highlights,4,2,2,2,5,7,https://www.airbnb.com/rooms/48752329
48754031,$200.00,NA,3,1,1,1,4.71,14,https://www.airbnb.com/rooms/48754031
48754399,$55.00,Neighborhood highlights,1,1,1,1,4.78,64,https://www.airbnb.com/rooms/48754399
48758785,$107.00,NA,2,1,0,1,4.91,182,https://www.airbnb.com/rooms/48758785
48758887,$50.00,Neighborhood highlights,1,1,1,1,4.88,51,https://www.airbnb.com/rooms/48758887
48764611,$48.00,NA,1,2,1,1,5,4,https://www.airbnb.com/rooms/48764611
48764668,$48.00,NA,1,2,1,1,4.33,3,https://www.airbnb.com/rooms/48764668
48767472,$286.00,NA,3,1,1,2,4.46,94,https://www.airbnb.com/rooms/48767472
48767648,$112.00,Neighborhood highlights,3,1,0,2,4.5,6,https://www.airbnb.com/rooms/48767648
48768760,NA,NA,3,NA,1,NA,4.21,72,https://www.airbnb.com/rooms/48768760
48773575,NA,NA,4,NA,NA,NA,5,2,https://www.airbnb.com/rooms/48773575
48782140,$82.00,Neighborhood highlights,3,1,1,1,4.8,10,https://www.airbnb.com/rooms/48782140
48786590,$299.00,Neighborhood highlights,7,2,3,4,5,3,https://www.airbnb.com/rooms/48786590
48787510,$58.00,NA,2,1,2,1,4.44,70,https://www.airbnb.com/rooms/48787510
48787946,NA,NA,2,NA,NA,NA,5,3,https://www.airbnb.com/rooms/48787946
48789001,$255.00,Neighborhood highlights,5,1,2,3,4.88,80,https://www.airbnb.com/rooms/48789001
48790712,NA,NA,8,NA,2,NA,4.4,15,https://www.airbnb.com/rooms/48790712
48802079,$200.00,NA,3,1,0,2,NA,0,https://www.airbnb.com/rooms/48802079
48804279,$700.00,Neighborhood highlights,16,1,0,NA,5,2,https://www.airbnb.com/rooms/48804279
48808003,$85.00,Neighborhood highlights,1,1.5,1,1,4,3,https://www.airbnb.com/rooms/48808003
48808190,NA,Neighborhood highlights,2,NA,NA,NA,4,1,https://www.airbnb.com/rooms/48808190
48809059,NA,Neighborhood highlights,2,NA,NA,NA,NA,0,https://www.airbnb.com/rooms/48809059
48809258,$37.00,NA,1,1,1,1,NA,0,https://www.airbnb.com/rooms/48809258
48809400,$39.00,NA,1,2,1,1,NA,0,https://www.airbnb.com/rooms/48809400
48809783,$44.00,NA,1,1,1,1,NA,0,https://www.airbnb.com/rooms/48809783
48810194,NA,Neighborhood highlights,2,NA,NA,NA,NA,0,https://www.airbnb.com/rooms/48810194
48810304,NA,Neighborhood highlights,2,NA,NA,NA,NA,0,https://www.airbnb.com/rooms/48810304
48810846,$829.00,NA,4,2,2,2,5,6,https://www.airbnb.com/rooms/48810846
48811129,$135.00,Neighborhood highlights,4,1,2,2,4.46,13,https://www.airbnb.com/rooms/48811129
48812738,$160.00,NA,6,1,2,3,NA,0,https://www.airbnb.com/rooms/48812738
48825622,$216.00,NA,6,1,1,1,4.42,19,https://www.airbnb.com/rooms/48825622
48828204,$93.00,NA,2,1,0,1,4.29,7,https://www.airbnb.com/rooms/48828204
48828867,$297.00,Neighborhood highlights,4,1,1,1,4.73,45,https://www.airbnb.com/rooms/48828867
48845751,"$1,046.00",Neighborhood highlights,6,6.5,3,4,5,9,https://www.airbnb.com/rooms/48845751
48848319,$41.00,NA,1,1,1,1,NA,0,https://www.airbnb.com/rooms/48848319
48848322,$140.00,NA,1,1,0,1,5,9,https://www.airbnb.com/rooms/48848322
48848698,$160.00,NA,1,1,0,1,5,11,https://www.airbnb.com/rooms/48848698
48848891,$155.00,NA,1,1,0,1,5,8,https://www.airbnb.com/rooms/48848891
48849201,$160.00,NA,1,1,0,1,4.83,6,https://www.airbnb.com/rooms/48849201
48851559,NA,Neighborhood highlights,2,NA,1,NA,5,1,https://www.airbnb.com/rooms/48851559
48859165,NA,Neighborhood highlights,2,NA,NA,NA,NA,0,https://www.airbnb.com/rooms/48859165
48860567,$300.00,Neighborhood highlights,4,1,2,2,4.92,191,https://www.airbnb.com/rooms/48860567
48867046,$124.00,NA,2,1,0,1,5,8,https://www.airbnb.com/rooms/48867046
48871083,$34.00,NA,1,1,1,1,5,2,https://www.airbnb.com/rooms/48871083
48871242,$43.00,NA,1,1,1,1,NA,0,https://www.airbnb.com/rooms/48871242
48871991,NA,NA,2,NA,1,NA,NA,0,https://www.airbnb.com/rooms/48871991
48879282,$70.00,Neighborhood highlights,4,1,1,2,4.33,18,https://www.airbnb.com/rooms/48879282
48879797,NA,NA,5,1,2,2,4.96,70,https://www.airbnb.com/rooms/48879797
48886368,NA,NA,2,NA,1,NA,4.86,14,https://www.airbnb.com/rooms/48886368
48886891,$115.00,NA,2,1,1,1,4.96,92,https://www.airbnb.com/rooms/48886891
48887283,NA,NA,1,NA,NA,NA,NA,0,https://www.airbnb.com/rooms/48887283
48891112,$100.00,Neighborhood highlights,1,1,1,1,4,2,https://www.airbnb.com/rooms/48891112
48891803,$60.00,Neighborhood highlights,1,2,1,1,4.96,47,https://www.airbnb.com/rooms/48891803
48904271,NA,Neighborhood highlights,2,NA,1,NA,5,7,https://www.airbnb.com/rooms/48904271
48910461,NA,NA,2,NA,NA,NA,4.67,45,https://www.airbnb.com/rooms/48910461
48913390,NA,NA,2,NA,1,NA,5,14,https://www.airbnb.com/rooms/48913390
48913889,NA,NA,1,NA,NA,NA,4.9,10,https://www.airbnb.com/rooms/48913889
48919541,$160.00,Neighborhood highlights,3,1,1,2,NA,0,https://www.airbnb.com/rooms/48919541
48920995,$150.00,Neighborhood highlights,5,1,2,2,4.63,98,https://www.airbnb.com/rooms/48920995
48921389,NA,Neighborhood highlights,1,NA,1,NA,NA,0,https://www.airbnb.com/rooms/48921389
48921786,$106.00,Neighborhood highlights,2,0,1,1,4.86,123,https://www.airbnb.com/rooms/48921786
48922519,$160.00,NA,2,1,1,NA,4.89,9,https://www.airbnb.com/rooms/48922519
48933117,$199.00,Neighborhood highlights,2,1,1,3,4.6,5,https://www.airbnb.com/rooms/48933117
48935632,$532.00,Neighborhood highlights,4,1,0,2,4.72,79,https://www.airbnb.com/rooms/48935632
48936420,$389.00,Neighborhood highlights,2,1,1,1,4.61,41,https://www.airbnb.com/rooms/48936420
48936871,$489.00,Neighborhood highlights,2,1,0,1,4.61,157,https://www.airbnb.com/rooms/48936871
48938639,$491.00,Neighborhood highlights,2,1,0,1,4.88,40,https://www.airbnb.com/rooms/48938639
48938894,$430.00,Neighborhood highlights,2,1,0,1,4.84,322,https://www.airbnb.com/rooms/48938894
48939308,NA,NA,3,NA,1,NA,NA,0,https://www.airbnb.com/rooms/48939308
48939322,NA,NA,2,NA,NA,NA,NA,0,https://www.airbnb.com/rooms/48939322
48939444,$299.00,NA,4,1,2,3,4.31,58,https://www.airbnb.com/rooms/48939444
48941264,$158.00,NA,2,1,1,1,5,1,https://www.airbnb.com/rooms/48941264
48941935,$453.00,Neighborhood highlights,2,1,0,1,4.76,33,https://www.airbnb.com/rooms/48941935
48942328,$92.00,NA,1,1,1,1,4.25,12,https://www.airbnb.com/rooms/48942328
48942624,$158.00,NA,3,1,0,1,4.75,20,https://www.airbnb.com/rooms/48942624
48942774,$158.00,NA,2,1,1,1,4.61,114,https://www.airbnb.com/rooms/48942774
48943038,$39.00,NA,2,1,1,1,5,5,https://www.airbnb.com/rooms/48943038
48943933,$380.00,Neighborhood highlights,6,1,2,3,4.43,21,https://www.airbnb.com/rooms/48943933
48944147,$410.00,Neighborhood highlights,5,1,0,4,4.33,12,https://www.airbnb.com/rooms/48944147
48945306,NA,NA,2,NA,NA,NA,NA,0,https://www.airbnb.com/rooms/48945306
48950531,$175.00,NA,4,1,1,2,NA,0,https://www.airbnb.com/rooms/48950531
48955719,NA,Neighborhood highlights,2,NA,NA,NA,4,8,https://www.airbnb.com/rooms/48955719
48956711,$265.00,Neighborhood highlights,5,1,1,1,4.92,107,https://www.airbnb.com/rooms/48956711
48958753,NA,Neighborhood highlights,4,NA,2,NA,NA,0,https://www.airbnb.com/rooms/48958753
48959233,NA,Neighborhood highlights,2,NA,1,NA,5,5,https://www.airbnb.com/rooms/48959233
48959254,NA,NA,2,NA,NA,NA,4.8,10,https://www.airbnb.com/rooms/48959254
48959628,$265.00,Neighborhood highlights,5,1,1,3,4.94,100,https://www.airbnb.com/rooms/48959628
48972837,$493.00,Neighborhood highlights,4,1,1,2,4.58,12,https://www.airbnb.com/rooms/48972837
48973504,$88.00,Neighborhood highlights,2,1,0,1,4.25,8,https://www.airbnb.com/rooms/48973504
48976390,$95.00,NA,2,1,1,1,4,2,https://www.airbnb.com/rooms/48976390
48978779,$48.00,Neighborhood highlights,2,1,1,1,4.38,40,https://www.airbnb.com/rooms/48978779
48981222,$380.00,Neighborhood highlights,6,1,2,3,4.83,24,https://www.airbnb.com/rooms/48981222
48982479,$46.00,NA,1,1,4,1,NA,0,https://www.airbnb.com/rooms/48982479
48982617,$90.00,Neighborhood highlights,3,1,1,2,4.75,56,https://www.airbnb.com/rooms/48982617
48983218,$70.00,Neighborhood highlights,1,1,1,1,5,10,https://www.airbnb.com/rooms/48983218
48983715,$67.00,Neighborhood highlights,1,1,1,1,5,10,https://www.airbnb.com/rooms/48983715
48984579,$65.00,Neighborhood highlights,1,1,1,1,5,6,https://www.airbnb.com/rooms/48984579
48985558,$64.00,Neighborhood highlights,1,1,1,1,5,2,https://www.airbnb.com/rooms/48985558
48989849,$140.00,NA,1,1,0,1,5,7,https://www.airbnb.com/rooms/48989849
48989915,$65.00,Neighborhood highlights,1,1,1,1,5,9,https://www.airbnb.com/rooms/48989915
48992874,$60.00,NA,2,1,1,1,4.73,48,https://www.airbnb.com/rooms/48992874
48994025,$350.00,Neighborhood highlights,4,2,2,2,NA,0,https://www.airbnb.com/rooms/48994025
48995084,NA,Neighborhood highlights,4,NA,3,NA,5,1,https://www.airbnb.com/rooms/48995084
48995883,NA,Neighborhood highlights,4,NA,2,NA,4.2,5,https://www.airbnb.com/rooms/48995883
48996609,$70.00,NA,4,1,3,3,4.77,69,https://www.airbnb.com/rooms/48996609
48996689,$169.00,Neighborhood highlights,2,1,1,1,4.78,32,https://www.airbnb.com/rooms/48996689
48998267,$65.00,Neighborhood highlights,1,1,1,1,5,5,https://www.airbnb.com/rooms/48998267
48998414,$62.00,Neighborhood highlights,1,1,1,1,5,5,https://www.airbnb.com/rooms/48998414
48998616,NA,Neighborhood highlights,4,NA,2,NA,4.96,70,https://www.airbnb.com/rooms/48998616
49002584,$130.00,Neighborhood highlights,5,2,3,3,4.85,26,https://www.airbnb.com/rooms/49002584
49003714,$295.00,Neighborhood highlights,6,2,3,4,4.76,101,https://www.airbnb.com/rooms/49003714
49009747,$136.00,Neighborhood highlights,1,0,4,1,NA,0,https://www.airbnb.com/rooms/49009747
49011831,$797.00,Neighborhood highlights,4,1,3,3,4.38,8,https://www.airbnb.com/rooms/49011831
49013421,$296.00,NA,2,1,0,1,4.64,14,https://www.airbnb.com/rooms/49013421
49014354,$47.00,NA,1,2,1,1,5,1,https://www.airbnb.com/rooms/49014354
49014923,$175.00,Neighborhood highlights,2,1,1,2,4.92,13,https://www.airbnb.com/rooms/49014923
49016783,$420.00,Neighborhood highlights,5,1,2,3,4.56,9,https://www.airbnb.com/rooms/49016783
49018761,$200.00,NA,2,1,1,1,4.25,4,https://www.airbnb.com/rooms/49018761
49019237,$380.00,Neighborhood highlights,6,1,2,2,4.77,26,https://www.airbnb.com/rooms/49019237
49022805,NA,NA,4,NA,1,NA,4.29,63,https://www.airbnb.com/rooms/49022805
49024100,$189.00,Neighborhood highlights,2,1,1,1,4.92,74,https://www.airbnb.com/rooms/49024100
49025068,$79.00,NA,2,1,1,1,4.89,19,https://www.airbnb.com/rooms/49025068
49026948,NA,NA,3,NA,1,NA,4.16,44,https://www.airbnb.com/rooms/49026948
49029323,NA,NA,1,NA,NA,NA,4,2,https://www.airbnb.com/rooms/49029323
49030864,NA,NA,2,NA,NA,NA,NA,0,https://www.airbnb.com/rooms/49030864
49030865,$299.00,Neighborhood highlights,8,1.5,3,3,4.77,60,https://www.airbnb.com/rooms/49030865
49039026,$220.00,Neighborhood highlights,2,1,2,3,4.76,51,https://www.airbnb.com/rooms/49039026
49041803,$240.00,Neighborhood highlights,2,1,1,1,5,10,https://www.airbnb.com/rooms/49041803
49041989,$47.00,Neighborhood highlights,2,1,1,1,4.85,158,https://www.airbnb.com/rooms/49041989
49042509,$125.00,NA,2,1,1,1,4.84,32,https://www.airbnb.com/rooms/49042509
49044299,$37.00,Neighborhood highlights,2,1,0,1,4.67,6,https://www.airbnb.com/rooms/49044299
49044619,$92.00,Neighborhood highlights,2,1,1,2,4.76,121,https://www.airbnb.com/rooms/49044619
49046539,NA,Neighborhood highlights,4,NA,NA,NA,5,3,https://www.airbnb.com/rooms/49046539
49046672,$193.00,NA,6,1,1,2,5,10,https://www.airbnb.com/rooms/49046672
49051881,NA,NA,2,NA,1,NA,4.94,127,https://www.airbnb.com/rooms/49051881
49052902,NA,Neighborhood highlights,1,NA,NA,NA,5,1,https://www.airbnb.com/rooms/49052902
49053064,NA,Neighborhood highlights,2,NA,NA,NA,NA,0,https://www.airbnb.com/rooms/49053064
49053546,$137.00,Neighborhood highlights,1,0,4,1,NA,0,https://www.airbnb.com/rooms/49053546
49053647,NA,Neighborhood highlights,1,NA,NA,NA,NA,0,https://www.airbnb.com/rooms/49053647
49054182,$140.00,NA,2,1,1,1,5,7,https://www.airbnb.com/rooms/49054182
49057606,NA,NA,1,NA,NA,NA,5,2,https://www.airbnb.com/rooms/49057606
49057864,NA,NA,1,NA,NA,NA,5,1,https://www.airbnb.com/rooms/49057864
49059730,$240.00,NA,1,1,0,1,5,3,https://www.airbnb.com/rooms/49059730
49060074,$175.00,NA,2,1,2,2,4.8,66,https://www.airbnb.com/rooms/49060074
49065181,$47.00,NA,1,2,0,2,4.5,12,https://www.airbnb.com/rooms/49065181
49070045,NA,NA,2,NA,NA,NA,4.85,104,https://www.airbnb.com/rooms/49070045
49072113,$155.00,Neighborhood highlights,2,1,1,1,4.87,95,https://www.airbnb.com/rooms/49072113
49074308,$42.00,Neighborhood highlights,1,2,1,NA,4.33,3,https://www.airbnb.com/rooms/49074308
49074726,$212.00,Neighborhood highlights,4,1,1,2,4,1,https://www.airbnb.com/rooms/49074726
49074929,NA,Neighborhood highlights,3,NA,1,NA,4,5,https://www.airbnb.com/rooms/49074929
49075743,$48.00,Neighborhood highlights,2,1,1,1,4.66,151,https://www.airbnb.com/rooms/49075743
49077488,$525.00,Neighborhood highlights,5,1,3,2,5,2,https://www.airbnb.com/rooms/49077488
49079603,$36.00,NA,2,1,1,0,4.43,7,https://www.airbnb.com/rooms/49079603
49081266,"$1,200.00",Neighborhood highlights,6,3,3,3,4.25,8,https://www.airbnb.com/rooms/49081266
49088129,$77.00,Neighborhood highlights,1,0,1,1,4,5,https://www.airbnb.com/rooms/49088129
49089324,$160.00,Neighborhood highlights,1,0,1,1,5,1,https://www.airbnb.com/rooms/49089324
49089376,$183.00,Neighborhood highlights,1,0,1,1,NA,0,https://www.airbnb.com/rooms/49089376
49089414,$189.00,NA,1,0,1,1,NA,0,https://www.airbnb.com/rooms/49089414
49089488,$222.00,NA,1,0,1,1,NA,0,https://www.airbnb.com/rooms/49089488
49089500,$179.00,NA,1,0,1,1,NA,0,https://www.airbnb.com/rooms/49089500
49089513,$189.00,NA,1,0,1,1,5,1,https://www.airbnb.com/rooms/49089513
49089574,$189.00,NA,1,0,1,1,4,1,https://www.airbnb.com/rooms/49089574
49089583,$160.00,Neighborhood highlights,1,0,1,1,NA,0,https://www.airbnb.com/rooms/49089583
49089593,$189.00,NA,1,0,1,1,NA,0,https://www.airbnb.com/rooms/49089593
49089605,$165.00,NA,1,0,1,1,5,1,https://www.airbnb.com/rooms/49089605
49089633,$189.00,NA,1,0,1,1,NA,0,https://www.airbnb.com/rooms/49089633
49089728,$189.00,NA,1,0,1,1,NA,0,https://www.airbnb.com/rooms/49089728
49089734,$189.00,Neighborhood highlights,1,0,1,1,NA,0,https://www.airbnb.com/rooms/49089734
49089753,$189.00,Neighborhood highlights,1,0,1,1,NA,0,https://www.airbnb.com/rooms/49089753
49089760,$189.00,NA,1,0,1,1,NA,0,https://www.airbnb.com/rooms/49089760
49089771,$189.00,NA,1,0,1,1,NA,0,https://www.airbnb.com/rooms/49089771
49089796,$222.00,NA,1,0,1,1,NA,0,https://www.airbnb.com/rooms/49089796
49089859,$165.00,Neighborhood highlights,1,0,1,1,1,1,https://www.airbnb.com/rooms/49089859
49091394,NA,Neighborhood highlights,4,NA,2,NA,NA,0,https://www.airbnb.com/rooms/49091394
49091621,NA,Neighborhood highlights,2,NA,NA,NA,4.43,7,https://www.airbnb.com/rooms/49091621
49092035,$189.00,NA,1,0,1,1,5,1,https://www.airbnb.com/rooms/49092035
49092042,$93.00,Neighborhood highlights,2,1,0,1,4.8,10,https://www.airbnb.com/rooms/49092042
49092069,NA,NA,1,NA,1,NA,NA,0,https://www.airbnb.com/rooms/49092069
49092077,$160.00,NA,1,0,1,1,5,2,https://www.airbnb.com/rooms/49092077
49092089,$160.00,NA,1,0,1,1,NA,0,https://www.airbnb.com/rooms/49092089
49092101,$165.00,NA,1,0,1,1,4,2,https://www.airbnb.com/rooms/49092101
49092125,$189.00,NA,1,0,1,1,NA,0,https://www.airbnb.com/rooms/49092125
49094153,$95.00,NA,2,1,0,1,4.6,10,https://www.airbnb.com/rooms/49094153
49099507,$300.00,NA,6,3,4,5,4.67,3,https://www.airbnb.com/rooms/49099507
49099609,$237.00,Neighborhood highlights,4,1,2,3,4.91,119,https://www.airbnb.com/rooms/49099609
49107351,NA,Neighborhood highlights,2,NA,NA,NA,NA,0,https://www.airbnb.com/rooms/49107351
49111268,$150.00,NA,4,1,4,4,4.71,7,https://www.airbnb.com/rooms/49111268
49113280,$95.00,NA,2,1,0,1,4,6,https://www.airbnb.com/rooms/49113280
49113515,$469.00,NA,6,1,0,2,4.39,46,https://www.airbnb.com/rooms/49113515
49113582,$225.00,Neighborhood highlights,2,1,1,1,4.96,121,https://www.airbnb.com/rooms/49113582
49114251,$60.00,NA,3,1,1,1,5,12,https://www.airbnb.com/rooms/49114251
49114361,NA,NA,3,NA,1,NA,4.68,34,https://www.airbnb.com/rooms/49114361
49119149,$166.00,Neighborhood highlights,2,1,1,1,5,6,https://www.airbnb.com/rooms/49119149
49123854,NA,Neighborhood highlights,2,NA,NA,NA,NA,0,https://www.airbnb.com/rooms/49123854
49124533,NA,NA,2,NA,NA,NA,4.33,6,https://www.airbnb.com/rooms/49124533
49124837,NA,NA,2,NA,NA,NA,4.85,13,https://www.airbnb.com/rooms/49124837
49124976,NA,NA,2,NA,NA,NA,4.78,27,https://www.airbnb.com/rooms/49124976
49125305,NA,NA,2,NA,1,NA,4.67,3,https://www.airbnb.com/rooms/49125305
49125584,$47.00,NA,1,1,1,0,NA,0,https://www.airbnb.com/rooms/49125584
49125621,$115.00,Neighborhood highlights,2,1,1,1,4.91,11,https://www.airbnb.com/rooms/49125621
49126418,NA,Neighborhood highlights,2,NA,NA,NA,NA,0,https://www.airbnb.com/rooms/49126418
49126425,$294.00,NA,2,1,0,0,4.67,3,https://www.airbnb.com/rooms/49126425
49126896,$95.00,Neighborhood highlights,4,1,1,1,4.65,49,https://www.airbnb.com/rooms/49126896
49127236,$360.00,NA,6,1,3,3,4.9,72,https://www.airbnb.com/rooms/49127236
49127535,NA,NA,1,NA,NA,NA,5,1,https://www.airbnb.com/rooms/49127535
49128815,NA,NA,3,NA,3,NA,NA,0,https://www.airbnb.com/rooms/49128815
49132815,$125.00,NA,3,1,0,1,4.08,12,https://www.airbnb.com/rooms/49132815
49133282,NA,Neighborhood highlights,4,NA,1,NA,NA,0,https://www.airbnb.com/rooms/49133282
49136477,$175.00,Neighborhood highlights,6,2,3,3,4.68,96,https://www.airbnb.com/rooms/49136477
49138581,$163.00,Neighborhood highlights,2,1,1,1,4.4,25,https://www.airbnb.com/rooms/49138581
49141926,$60.00,Neighborhood highlights,2,1,1,1,4.71,133,https://www.airbnb.com/rooms/49141926
49142923,$95.00,NA,6,1,3,4,4.65,112,https://www.airbnb.com/rooms/49142923
49145224,NA,NA,2,NA,NA,NA,5,1,https://www.airbnb.com/rooms/49145224
49145365,$66.00,Neighborhood highlights,2,1,1,1,5,6,https://www.airbnb.com/rooms/49145365
49152970,$70.00,NA,1,1,1,1,5,1,https://www.airbnb.com/rooms/49152970
49157025,$160.00,Neighborhood highlights,2,1,1,1,4.8,40,https://www.airbnb.com/rooms/49157025
49157424,$63.00,Neighborhood highlights,1,1,1,1,4.88,58,https://www.airbnb.com/rooms/49157424
49158456,$368.00,Neighborhood highlights,2,1,1,1,4.6,20,https://www.airbnb.com/rooms/49158456
49159620,NA,NA,1,NA,1,NA,NA,0,https://www.airbnb.com/rooms/49159620
49159942,NA,Neighborhood highlights,2,NA,1,NA,5,2,https://www.airbnb.com/rooms/49159942
49169710,$400.00,NA,3,1,1,1,4.88,16,https://www.airbnb.com/rooms/49169710
49171376,NA,Neighborhood highlights,2,NA,1,NA,4.65,136,https://www.airbnb.com/rooms/49171376
49174756,$155.00,Neighborhood highlights,2,1,1,1,4.87,105,https://www.airbnb.com/rooms/49174756
49175784,NA,Neighborhood highlights,2,NA,1,NA,5,1,https://www.airbnb.com/rooms/49175784
49175978,$90.00,NA,1,1,0,1,4.83,6,https://www.airbnb.com/rooms/49175978
49176281,NA,Neighborhood highlights,2,NA,NA,NA,5,1,https://www.airbnb.com/rooms/49176281
49177425,$200.00,Neighborhood highlights,3,1,1,2,NA,0,https://www.airbnb.com/rooms/49177425
49177819,$159.00,Neighborhood highlights,2,1,1,2,4.98,101,https://www.airbnb.com/rooms/49177819
49178290,$40.00,NA,1,1,1,0,5,6,https://www.airbnb.com/rooms/49178290
49179008,$108.00,Neighborhood highlights,4,1,1,1,5,12,https://www.airbnb.com/rooms/49179008
49188543,NA,NA,2,NA,NA,NA,4.5,4,https://www.airbnb.com/rooms/49188543
49190919,$250.00,NA,2,1,2,5,4.85,105,https://www.airbnb.com/rooms/49190919
49193889,$172.00,NA,2,1,1,1,4.83,6,https://www.airbnb.com/rooms/49193889
49199952,$201.00,Neighborhood highlights,3,1.5,1,2,4.83,12,https://www.airbnb.com/rooms/49199952
49206870,NA,NA,2,NA,2,NA,NA,0,https://www.airbnb.com/rooms/49206870
49208181,$42.00,NA,1,1,1,1,5,1,https://www.airbnb.com/rooms/49208181
49208965,$99.00,Neighborhood highlights,8,1,2,2,4.9,90,https://www.airbnb.com/rooms/49208965
49209163,$146.00,Neighborhood highlights,2,1,1,1,4.95,19,https://www.airbnb.com/rooms/49209163
49211825,$70.00,NA,2,1,1,1,4.62,61,https://www.airbnb.com/rooms/49211825
49214530,$49.00,Neighborhood highlights,2,1,1,NA,4.69,51,https://www.airbnb.com/rooms/49214530
49214699,$526.00,Neighborhood highlights,4,1,1,1,4.91,79,https://www.airbnb.com/rooms/49214699
49218440,$308.00,Neighborhood highlights,2,1,1,1,5,1,https://www.airbnb.com/rooms/49218440
49225568,NA,NA,8,NA,1,NA,5,4,https://www.airbnb.com/rooms/49225568
49225747,NA,NA,2,NA,1,NA,5,1,https://www.airbnb.com/rooms/49225747
49226616,$190.00,NA,2,1,1,1,5,2,https://www.airbnb.com/rooms/49226616
49227835,$68.00,Neighborhood highlights,1,0,4,1,NA,0,https://www.airbnb.com/rooms/49227835
49228423,$72.00,Neighborhood highlights,1,0,4,1,NA,0,https://www.airbnb.com/rooms/49228423
49228776,$103.00,Neighborhood highlights,1,1,0,1,4.3,10,https://www.airbnb.com/rooms/49228776
49241398,NA,Neighborhood highlights,2,NA,NA,NA,4.14,7,https://www.airbnb.com/rooms/49241398
49241564,$283.00,Neighborhood highlights,4,1,2,2,NA,0,https://www.airbnb.com/rooms/49241564
49243212,$586.00,NA,8,1,0,0,4.62,69,https://www.airbnb.com/rooms/49243212
49244215,$469.00,NA,6,1,0,2,4.63,46,https://www.airbnb.com/rooms/49244215
49245482,$48.00,NA,2,1,1,1,4.52,21,https://www.airbnb.com/rooms/49245482
49246673,$109.00,NA,2,1,0,1,4.8,10,https://www.airbnb.com/rooms/49246673
49247483,$176.00,Neighborhood highlights,4,1,1,2,4.95,80,https://www.airbnb.com/rooms/49247483
49247694,NA,Neighborhood highlights,4,NA,2,NA,5,18,https://www.airbnb.com/rooms/49247694
49249517,$117.00,Neighborhood highlights,4,1,1,1,4.92,13,https://www.airbnb.com/rooms/49249517
49250263,NA,NA,4,NA,2,NA,4,1,https://www.airbnb.com/rooms/49250263
49256890,$197.00,NA,2,1,1,2,4.79,58,https://www.airbnb.com/rooms/49256890
49257438,$44.00,NA,1,1,1,1,NA,0,https://www.airbnb.com/rooms/49257438
49258287,NA,Neighborhood highlights,2,NA,NA,NA,4.93,29,https://www.airbnb.com/rooms/49258287
49258364,$363.00,NA,2,1,0,1,4.94,16,https://www.airbnb.com/rooms/49258364
49258823,NA,NA,4,NA,1,NA,4.89,9,https://www.airbnb.com/rooms/49258823
49258856,$170.00,Neighborhood highlights,3,1,1,1,4.75,4,https://www.airbnb.com/rooms/49258856
49259071,$450.00,Neighborhood highlights,4,1,1,1,4.94,17,https://www.airbnb.com/rooms/49259071
49259253,$200.00,Neighborhood highlights,3,1,2,2,5,10,https://www.airbnb.com/rooms/49259253
49260138,$154.00,Neighborhood highlights,2,1,0,1,4.83,6,https://www.airbnb.com/rooms/49260138
49260325,NA,Neighborhood highlights,4,NA,1,NA,5,1,https://www.airbnb.com/rooms/49260325
49262417,NA,NA,3,NA,1,NA,5,2,https://www.airbnb.com/rooms/49262417
49270284,NA,Neighborhood highlights,6,NA,NA,NA,4.9,10,https://www.airbnb.com/rooms/49270284
49270303,$282.00,Neighborhood highlights,4,1,1,1,NA,0,https://www.airbnb.com/rooms/49270303
49270929,NA,NA,2,NA,1,NA,5,3,https://www.airbnb.com/rooms/49270929
49273047,$165.00,NA,3,2,1,2,4.88,26,https://www.airbnb.com/rooms/49273047
49273709,$214.00,Neighborhood highlights,2,1,1,1,4.67,6,https://www.airbnb.com/rooms/49273709
49274169,$826.00,Neighborhood highlights,4,2,2,3,5,9,https://www.airbnb.com/rooms/49274169
49283219,$50.00,NA,1,1,1,1,NA,0,https://www.airbnb.com/rooms/49283219
49286428,$145.00,Neighborhood highlights,2,1,1,2,5,7,https://www.airbnb.com/rooms/49286428
49287294,NA,NA,4,NA,2,NA,5,2,https://www.airbnb.com/rooms/49287294
49288693,$140.00,Neighborhood highlights,2,1,2,3,5,22,https://www.airbnb.com/rooms/49288693
49289676,$105.00,Neighborhood highlights,2,1,0,1,5,1,https://www.airbnb.com/rooms/49289676
49290285,NA,NA,1,NA,1,NA,5,4,https://www.airbnb.com/rooms/49290285
49290383,$248.00,Neighborhood highlights,2,1,1,1,5,4,https://www.airbnb.com/rooms/49290383
49291302,$195.00,NA,2,1,1,1,4.52,67,https://www.airbnb.com/rooms/49291302
49293503,$47.00,NA,1,1,4,1,NA,0,https://www.airbnb.com/rooms/49293503
49294132,$150.00,NA,1,1,0,1,5,7,https://www.airbnb.com/rooms/49294132
49294392,NA,Neighborhood highlights,7,NA,3,NA,4.94,85,https://www.airbnb.com/rooms/49294392
49294534,NA,NA,1,NA,NA,NA,5,7,https://www.airbnb.com/rooms/49294534
49299232,$130.00,Neighborhood highlights,6,2,3,5,4.68,19,https://www.airbnb.com/rooms/49299232
49301973,NA,NA,1,NA,1,NA,NA,0,https://www.airbnb.com/rooms/49301973
49315958,$145.00,Neighborhood highlights,4,1,2,2,NA,0,https://www.airbnb.com/rooms/49315958
49316728,$175.00,NA,2,2,1,NA,3.71,17,https://www.airbnb.com/rooms/49316728
49317436,NA,NA,2,NA,NA,NA,5,2,https://www.airbnb.com/rooms/49317436
49319626,$40.00,NA,2,1,1,1,4.61,23,https://www.airbnb.com/rooms/49319626
49320836,$90.00,Neighborhood highlights,2,1,1,2,4.64,25,https://www.airbnb.com/rooms/49320836
49322333,$155.00,NA,1,1,0,1,5,7,https://www.airbnb.com/rooms/49322333
49323218,NA,Neighborhood highlights,3,NA,1,NA,4,1,https://www.airbnb.com/rooms/49323218
49325044,$75.00,Neighborhood highlights,2,1,1,1,4.57,28,https://www.airbnb.com/rooms/49325044
49328408,$358.00,Neighborhood highlights,2,1,1,1,NA,0,https://www.airbnb.com/rooms/49328408
49336931,$108.00,NA,1,1,1,1,4.67,24,https://www.airbnb.com/rooms/49336931
49341125,$130.00,Neighborhood highlights,3,1,1,1,4.67,3,https://www.airbnb.com/rooms/49341125
49341459,$195.00,Neighborhood highlights,3,1,1,1,NA,0,https://www.airbnb.com/rooms/49341459
49341477,$173.00,Neighborhood highlights,2,1,0,1,NA,0,https://www.airbnb.com/rooms/49341477
49341497,$189.00,Neighborhood highlights,3,1,1,1,5,1,https://www.airbnb.com/rooms/49341497
49342328,$200.00,Neighborhood highlights,2,1,1,1,NA,0,https://www.airbnb.com/rooms/49342328
49346114,$175.00,Neighborhood highlights,4,1,1,2,5,9,https://www.airbnb.com/rooms/49346114
49346405,$300.00,NA,4,1,2,2,5,9,https://www.airbnb.com/rooms/49346405
49348879,$234.00,NA,10,1,3,8,4.65,69,https://www.airbnb.com/rooms/49348879
49350342,$75.00,Neighborhood highlights,2,1,1,1,4.89,35,https://www.airbnb.com/rooms/49350342
49351415,$300.00,Neighborhood highlights,3,1,0,2,5,6,https://www.airbnb.com/rooms/49351415
49351864,$270.00,Neighborhood highlights,3,1,1,3,5,2,https://www.airbnb.com/rooms/49351864
49360254,NA,NA,1,NA,NA,NA,5,3,https://www.airbnb.com/rooms/49360254
49362741,NA,Neighborhood highlights,2,NA,NA,NA,5,7,https://www.airbnb.com/rooms/49362741
49364284,$154.00,NA,1,1,0,1,4.83,6,https://www.airbnb.com/rooms/49364284
49367371,$93.00,NA,2,1,0,1,4.75,8,https://www.airbnb.com/rooms/49367371
49377270,$216.00,Neighborhood highlights,2,1,0,1,NA,0,https://www.airbnb.com/rooms/49377270
49377278,$333.00,Neighborhood highlights,2,1,1,1,NA,0,https://www.airbnb.com/rooms/49377278
49377769,NA,Neighborhood highlights,2,NA,1,NA,4.84,62,https://www.airbnb.com/rooms/49377769
49378714,$260.00,Neighborhood highlights,4,1,2,2,NA,0,https://www.airbnb.com/rooms/49378714
49380403,$245.00,Neighborhood highlights,4,1,2,2,4,1,https://www.airbnb.com/rooms/49380403
49384376,NA,NA,2,NA,1,NA,NA,0,https://www.airbnb.com/rooms/49384376
49386840,$199.00,Neighborhood highlights,2,1,1,2,5,29,https://www.airbnb.com/rooms/49386840
49387570,$278.00,NA,4,1,1,2,4.76,180,https://www.airbnb.com/rooms/49387570
49388478,$202.00,Neighborhood highlights,4,1,0,2,4.71,161,https://www.airbnb.com/rooms/49388478
49390997,$230.00,Neighborhood highlights,3,1,0,2,5,1,https://www.airbnb.com/rooms/49390997
49394418,NA,NA,2,NA,NA,NA,4.14,7,https://www.airbnb.com/rooms/49394418
49401537,NA,NA,4,NA,1,NA,5,2,https://www.airbnb.com/rooms/49401537
49402615,$64.00,Neighborhood highlights,1,1,1,1,4.82,103,https://www.airbnb.com/rooms/49402615
49402750,$232.00,Neighborhood highlights,4,1,2,2,4.67,12,https://www.airbnb.com/rooms/49402750
49403099,$260.00,Neighborhood highlights,2,1,1,1,4.98,56,https://www.airbnb.com/rooms/49403099
49404022,$79.00,NA,2,3,0,1,4.5,4,https://www.airbnb.com/rooms/49404022
49405833,$36.00,NA,1,1,1,1,5,1,https://www.airbnb.com/rooms/49405833
49409612,$10.00,Neighborhood highlights,2,1,1,2,5,9,https://www.airbnb.com/rooms/49409612
49416452,$55.00,NA,1,1,1,NA,4.92,12,https://www.airbnb.com/rooms/49416452
49416907,NA,NA,2,NA,1,NA,5,5,https://www.airbnb.com/rooms/49416907
49419882,$30.00,Neighborhood highlights,1,1,1,1,NA,0,https://www.airbnb.com/rooms/49419882
49419996,NA,NA,2,NA,1,NA,NA,0,https://www.airbnb.com/rooms/49419996
49420553,$70.00,Neighborhood highlights,1,1,1,1,4.9,82,https://www.airbnb.com/rooms/49420553
49421625,$365.00,NA,2,1.5,1,1,4.89,82,https://www.airbnb.com/rooms/49421625
49422007,$228.00,Neighborhood highlights,5,1,2,3,4.73,52,https://www.airbnb.com/rooms/49422007
49422746,$249.00,Neighborhood highlights,2,2.5,2,2,5,1,https://www.airbnb.com/rooms/49422746
49424017,NA,NA,1,NA,NA,NA,4.88,34,https://www.airbnb.com/rooms/49424017
49424846,$100.00,Neighborhood highlights,2,1,1,1,5,1,https://www.airbnb.com/rooms/49424846
49425803,$60.00,NA,3,1,1,1,4.36,11,https://www.airbnb.com/rooms/49425803
49426040,$151.00,NA,2,1,2,2,4.96,347,https://www.airbnb.com/rooms/49426040
49436100,$365.00,Neighborhood highlights,4,2,2,2,4.75,4,https://www.airbnb.com/rooms/49436100
49437218,NA,Neighborhood highlights,2,NA,1,NA,NA,0,https://www.airbnb.com/rooms/49437218
49441284,$75.00,NA,2,1,1,1,NA,0,https://www.airbnb.com/rooms/49441284
49441328,NA,NA,1,NA,NA,NA,NA,0,https://www.airbnb.com/rooms/49441328
49442994,$199.00,Neighborhood highlights,2,1,1,1,5,7,https://www.airbnb.com/rooms/49442994
49443360,$100.00,Neighborhood highlights,2,1,1,1,4.88,32,https://www.airbnb.com/rooms/49443360
49446258,NA,NA,1,NA,NA,NA,NA,0,https://www.airbnb.com/rooms/49446258
49447343,$119.00,NA,2,1,1,1,4.9,10,https://www.airbnb.com/rooms/49447343
49447624,$169.00,Neighborhood highlights,3,1,0,2,5,1,https://www.airbnb.com/rooms/49447624
49447923,$182.00,Neighborhood highlights,4,1,1,2,5,9,https://www.airbnb.com/rooms/49447923
49448081,$110.00,NA,2,1,NA,1,4.75,92,https://www.airbnb.com/rooms/49448081
49448292,$225.00,Neighborhood highlights,2,1,1,1,4,1,https://www.airbnb.com/rooms/49448292
49451418,$600.00,NA,4,2,2,2,NA,0,https://www.airbnb.com/rooms/49451418
49460071,NA,Neighborhood highlights,2,NA,1,NA,NA,0,https://www.airbnb.com/rooms/49460071
49462266,$195.00,Neighborhood highlights,3,2,2,2,5,3,https://www.airbnb.com/rooms/49462266
49465882,NA,NA,2,NA,1,NA,5,2,https://www.airbnb.com/rooms/49465882
49470050,$933.00,NA,4,2,1,1,NA,0,https://www.airbnb.com/rooms/49470050
49470218,$399.00,NA,4,1,0,2,NA,0,https://www.airbnb.com/rooms/49470218
49470374,$399.00,NA,4,1,0,2,NA,0,https://www.airbnb.com/rooms/49470374
49474557,$175.00,NA,3,1,2,2,5,1,https://www.airbnb.com/rooms/49474557
49475002,$375.00,Neighborhood highlights,2,1,1,1,4,1,https://www.airbnb.com/rooms/49475002
49481775,$189.00,Neighborhood highlights,2,1,1,1,4.81,16,https://www.airbnb.com/rooms/49481775
49483226,$224.00,Neighborhood highlights,2,1,1,1,4.99,68,https://www.airbnb.com/rooms/49483226
49486977,$67.00,Neighborhood highlights,2,1.5,1,1,4.92,13,https://www.airbnb.com/rooms/49486977
49487011,NA,NA,3,NA,1,NA,NA,0,https://www.airbnb.com/rooms/49487011
49487853,$230.00,Neighborhood highlights,2,1,1,2,4.88,24,https://www.airbnb.com/rooms/49487853
49491879,$257.00,Neighborhood highlights,2,1,1,1,5,1,https://www.airbnb.com/rooms/49491879
49500273,$42.00,Neighborhood highlights,2,1,1,1,4.31,35,https://www.airbnb.com/rooms/49500273
49503671,NA,Neighborhood highlights,2,NA,1,NA,5,1,https://www.airbnb.com/rooms/49503671
49505001,$40.00,NA,1,1,1,0,5,1,https://www.airbnb.com/rooms/49505001
49524149,"$1,000.00",Neighborhood highlights,6,1,2,2,4.53,40,https://www.airbnb.com/rooms/49524149
49528207,$252.00,Neighborhood highlights,2,1,1,1,4.92,165,https://www.airbnb.com/rooms/49528207
49528626,NA,Neighborhood highlights,3,NA,NA,NA,NA,0,https://www.airbnb.com/rooms/49528626
49532423,$125.00,Neighborhood highlights,1,1,1,2,5,3,https://www.airbnb.com/rooms/49532423
49533981,NA,NA,2,NA,NA,NA,4.88,65,https://www.airbnb.com/rooms/49533981
49535251,$67.00,Neighborhood highlights,1,1,1,1,4.75,4,https://www.airbnb.com/rooms/49535251
49538059,$105.00,NA,4,1,2,2,NA,0,https://www.airbnb.com/rooms/49538059
49539983,$120.00,Neighborhood highlights,5,1,2,2,5,1,https://www.airbnb.com/rooms/49539983
49540622,NA,NA,1,NA,NA,NA,NA,0,https://www.airbnb.com/rooms/49540622
49543308,$170.00,Neighborhood highlights,1,0,4,1,NA,0,https://www.airbnb.com/rooms/49543308
49545608,NA,NA,4,NA,1,NA,4.86,37,https://www.airbnb.com/rooms/49545608
49548424,NA,NA,2,NA,2,NA,5,1,https://www.airbnb.com/rooms/49548424
49550643,NA,Neighborhood highlights,1,NA,NA,NA,5,14,https://www.airbnb.com/rooms/49550643
49551756,$228.00,NA,4,1,2,4,4.92,61,https://www.airbnb.com/rooms/49551756
49553240,NA,Neighborhood highlights,1,NA,NA,NA,4.33,3,https://www.airbnb.com/rooms/49553240
49564643,$423.00,Neighborhood highlights,4,1,1,2,4.67,33,https://www.airbnb.com/rooms/49564643
49565858,$309.00,Neighborhood highlights,2,1,1,1,4.83,47,https://www.airbnb.com/rooms/49565858
49566121,$309.00,Neighborhood highlights,2,1,1,1,4.82,230,https://www.airbnb.com/rooms/49566121
49566140,$329.00,Neighborhood highlights,2,1,1,1,4.89,9,https://www.airbnb.com/rooms/49566140
49566302,$423.00,Neighborhood highlights,4,1,1,2,5,1,https://www.airbnb.com/rooms/49566302
49567184,NA,Neighborhood highlights,2,NA,NA,NA,4.76,33,https://www.airbnb.com/rooms/49567184
49568717,$149.00,Neighborhood highlights,2,1,0,2,4.88,8,https://www.airbnb.com/rooms/49568717
49568874,NA,Neighborhood highlights,6,NA,3,NA,NA,0,https://www.airbnb.com/rooms/49568874
49570244,NA,Neighborhood highlights,1,NA,2,NA,5,1,https://www.airbnb.com/rooms/49570244
49573096,NA,Neighborhood highlights,4,NA,2,NA,4.92,12,https://www.airbnb.com/rooms/49573096
49574680,NA,NA,4,NA,2,NA,NA,0,https://www.airbnb.com/rooms/49574680
49579941,$376.00,Neighborhood highlights,2,1,1,1,5,2,https://www.airbnb.com/rooms/49579941
49584983,$125.00,NA,2,1,1,NA,5,6,https://www.airbnb.com/rooms/49584983
49590069,NA,NA,1,NA,NA,NA,4.75,4,https://www.airbnb.com/rooms/49590069
49591825,$102.00,NA,2,1,1,1,4.83,113,https://www.airbnb.com/rooms/49591825
49593677,$165.00,NA,1,1,0,1,5,5,https://www.airbnb.com/rooms/49593677
49594952,$125.00,Neighborhood highlights,2,2,3,3,5,8,https://www.airbnb.com/rooms/49594952
49596032,$260.00,NA,4,1,2,2,5,5,https://www.airbnb.com/rooms/49596032
49597474,NA,NA,1,NA,NA,NA,4.75,4,https://www.airbnb.com/rooms/49597474
49597728,NA,NA,1,NA,NA,NA,5,2,https://www.airbnb.com/rooms/49597728
49604884,NA,NA,6,NA,2,NA,4.71,101,https://www.airbnb.com/rooms/49604884
49606003,$315.00,Neighborhood highlights,10,2,4,9,4.52,92,https://www.airbnb.com/rooms/49606003
49606470,$94.00,Neighborhood highlights,1,0,4,1,NA,0,https://www.airbnb.com/rooms/49606470
49607441,$142.00,Neighborhood highlights,2,1,1,1,4.96,115,https://www.airbnb.com/rooms/49607441
49607596,NA,Neighborhood highlights,2,NA,NA,NA,4.5,6,https://www.airbnb.com/rooms/49607596
49610010,NA,NA,2,NA,NA,NA,NA,0,https://www.airbnb.com/rooms/49610010
49610749,$67.00,Neighborhood highlights,1,0,1,1,NA,0,https://www.airbnb.com/rooms/49610749
49611867,NA,Neighborhood highlights,1,NA,NA,NA,5,27,https://www.airbnb.com/rooms/49611867
49612318,$100.00,NA,3,1,0,1,4.22,9,https://www.airbnb.com/rooms/49612318
49613696,$98.00,NA,3,1,1,1,4.88,84,https://www.airbnb.com/rooms/49613696
49614538,NA,NA,4,NA,2,NA,4.9,10,https://www.airbnb.com/rooms/49614538
49615424,NA,NA,1,NA,NA,NA,4.17,6,https://www.airbnb.com/rooms/49615424
49616488,$147.00,NA,2,2,1,1,4.17,6,https://www.airbnb.com/rooms/49616488
49617481,"$3,500.00",Neighborhood highlights,16,5.5,5,17,NA,0,https://www.airbnb.com/rooms/49617481
49617920,$300.00,Neighborhood highlights,1,1,1,1,5,2,https://www.airbnb.com/rooms/49617920
49626477,$64.00,Neighborhood highlights,1,0,4,1,NA,0,https://www.airbnb.com/rooms/49626477
49627000,$204.00,NA,5,1,2,2,4.4,5,https://www.airbnb.com/rooms/49627000
49627248,$259.00,Neighborhood highlights,5,2,2,2,5,6,https://www.airbnb.com/rooms/49627248
49628798,$82.00,Neighborhood highlights,1,0,5,1,NA,0,https://www.airbnb.com/rooms/49628798
49628832,NA,Neighborhood highlights,1,NA,NA,NA,5,9,https://www.airbnb.com/rooms/49628832
49629345,$149.00,Neighborhood highlights,4,1,3,3,4.83,6,https://www.airbnb.com/rooms/49629345
49633075,NA,Neighborhood highlights,1,NA,1,NA,4.72,92,https://www.airbnb.com/rooms/49633075
49636298,$225.00,Neighborhood highlights,3,1,1,1,5,2,https://www.airbnb.com/rooms/49636298
49638183,$62.00,Neighborhood highlights,2,1,1,1,4.77,30,https://www.airbnb.com/rooms/49638183
49639535,$150.00,Neighborhood highlights,2,1,0,1,4.7,20,https://www.airbnb.com/rooms/49639535
49645125,$434.00,Neighborhood highlights,2,1,1,1,NA,0,https://www.airbnb.com/rooms/49645125
49645669,NA,NA,2,NA,1,NA,NA,0,https://www.airbnb.com/rooms/49645669
49646649,$55.00,Neighborhood highlights,2,2,1,1,5,19,https://www.airbnb.com/rooms/49646649
49647316,NA,Neighborhood highlights,2,NA,NA,NA,3.59,22,https://www.airbnb.com/rooms/49647316
49648091,$135.00,NA,3,1,1,2,4.83,6,https://www.airbnb.com/rooms/49648091
49649623,NA,NA,3,NA,NA,NA,4.65,34,https://www.airbnb.com/rooms/49649623
49651889,"$2,643.00",Neighborhood highlights,13,2,6,8,4.91,81,https://www.airbnb.com/rooms/49651889
49652245,$90.00,NA,1,1,0,1,4.75,8,https://www.airbnb.com/rooms/49652245
49652445,NA,Neighborhood highlights,1,NA,NA,NA,NA,0,https://www.airbnb.com/rooms/49652445
49653467,NA,NA,2,NA,NA,NA,4.67,3,https://www.airbnb.com/rooms/49653467
49658095,$100.00,NA,2,2,1,1,NA,0,https://www.airbnb.com/rooms/49658095
49669315,$137.00,Neighborhood highlights,2,1,1,1,4.74,19,https://www.airbnb.com/rooms/49669315
49670237,$500.00,Neighborhood highlights,4,3.5,3,4,5,3,https://www.airbnb.com/rooms/49670237
49674636,NA,NA,2,NA,1,NA,5,6,https://www.airbnb.com/rooms/49674636
49684216,$41.00,NA,1,2,1,1,NA,0,https://www.airbnb.com/rooms/49684216
49687884,NA,NA,4,NA,1,NA,4.5,2,https://www.airbnb.com/rooms/49687884
49690753,$135.00,NA,3,1,1,2,4.91,121,https://www.airbnb.com/rooms/49690753
49690858,$155.00,NA,4,1,2,2,4.91,128,https://www.airbnb.com/rooms/49690858
49690878,$67.00,Neighborhood highlights,1,1.5,1,1,4.89,9,https://www.airbnb.com/rooms/49690878
49691549,"$1,100.00",NA,16,1,0,1,NA,0,https://www.airbnb.com/rooms/49691549
49692590,$99.00,Neighborhood highlights,2,1,1,3,4.87,156,https://www.airbnb.com/rooms/49692590
49692782,$909.00,Neighborhood highlights,5,1,2,2,5,85,https://www.airbnb.com/rooms/49692782
49693252,$255.00,NA,4,1,2,2,5,4,https://www.airbnb.com/rooms/49693252
49698767,NA,Neighborhood highlights,4,NA,2,NA,NA,0,https://www.airbnb.com/rooms/49698767
49701148,$80.00,Neighborhood highlights,2,1,1,1,4.38,66,https://www.airbnb.com/rooms/49701148
49701644,$132.00,NA,2,2,1,NA,4.12,25,https://www.airbnb.com/rooms/49701644
49701947,$175.00,Neighborhood highlights,2,2,1,1,4,21,https://www.airbnb.com/rooms/49701947
49702148,$657.00,NA,6,1,4,4,3.98,47,https://www.airbnb.com/rooms/49702148
49702711,$75.00,NA,2,1,1,2,4.67,6,https://www.airbnb.com/rooms/49702711
49705923,$68.00,NA,2,3,0,1,NA,0,https://www.airbnb.com/rooms/49705923
49707129,$164.00,Neighborhood highlights,3,1,2,2,NA,0,https://www.airbnb.com/rooms/49707129
49707447,NA,Neighborhood highlights,4,NA,2,NA,5,14,https://www.airbnb.com/rooms/49707447
49708212,$163.00,Neighborhood highlights,2,1,0,1,NA,0,https://www.airbnb.com/rooms/49708212
49709501,NA,Neighborhood highlights,2,NA,NA,NA,4.67,3,https://www.airbnb.com/rooms/49709501
49713396,$50.00,Neighborhood highlights,2,1,1,1,4.85,159,https://www.airbnb.com/rooms/49713396
49713996,$269.00,NA,4,1,2,2,5,10,https://www.airbnb.com/rooms/49713996
49714213,NA,NA,2,NA,1,NA,5,1,https://www.airbnb.com/rooms/49714213
49716213,$155.00,Neighborhood highlights,4,1,2,4,4.92,12,https://www.airbnb.com/rooms/49716213
49726606,NA,NA,1,NA,NA,NA,NA,0,https://www.airbnb.com/rooms/49726606
49729445,$200.00,NA,3,1,0,1,4.5,6,https://www.airbnb.com/rooms/49729445
49730558,$200.00,Neighborhood highlights,3,1,1,1,NA,0,https://www.airbnb.com/rooms/49730558
49732450,NA,NA,1,NA,1,NA,5,4,https://www.airbnb.com/rooms/49732450
49733510,$220.00,NA,4,1,2,2,4.99,138,https://www.airbnb.com/rooms/49733510
49733992,$160.00,Neighborhood highlights,3,1,2,2,4,3,https://www.airbnb.com/rooms/49733992
49734537,$125.00,Neighborhood highlights,3,1,1,1,5,7,https://www.airbnb.com/rooms/49734537
49735358,$200.00,NA,5,1,2,3,5,2,https://www.airbnb.com/rooms/49735358
49735553,NA,NA,4,NA,1,NA,4.49,51,https://www.airbnb.com/rooms/49735553
49738307,$599.00,NA,6,1,3,3,4.95,115,https://www.airbnb.com/rooms/49738307
49748862,$150.00,Neighborhood highlights,6,1,4,4,4.51,74,https://www.airbnb.com/rooms/49748862
49752230,$90.00,Neighborhood highlights,2,1,1,1,4.46,71,https://www.airbnb.com/rooms/49752230
49752320,$89.00,Neighborhood highlights,2,1,0,1,4.33,3,https://www.airbnb.com/rooms/49752320
49756129,NA,Neighborhood highlights,1,NA,NA,NA,4.75,8,https://www.airbnb.com/rooms/49756129
49756756,$125.00,NA,2,1,1,1,4.89,63,https://www.airbnb.com/rooms/49756756
49757918,NA,Neighborhood highlights,1,NA,NA,NA,NA,0,https://www.airbnb.com/rooms/49757918
49767880,NA,Neighborhood highlights,3,NA,1,NA,5,12,https://www.airbnb.com/rooms/49767880
49769396,NA,NA,4,NA,2,NA,NA,0,https://www.airbnb.com/rooms/49769396
49770362,$67.00,Neighborhood highlights,2,1,1,1,4.86,212,https://www.airbnb.com/rooms/49770362
49770554,$50.00,Neighborhood highlights,2,1,1,1,5,38,https://www.airbnb.com/rooms/49770554
49770573,$294.00,NA,2,1,0,NA,4.58,19,https://www.airbnb.com/rooms/49770573
49771515,"$1,029.00",Neighborhood highlights,6,1,4,4,4.46,50,https://www.airbnb.com/rooms/49771515
49775120,$195.00,NA,2,1,1,1,4.79,29,https://www.airbnb.com/rooms/49775120
49776485,$94.00,NA,7,2,3,3,5,3,https://www.airbnb.com/rooms/49776485
49777208,$165.00,Neighborhood highlights,4,1,3,3,4.78,45,https://www.airbnb.com/rooms/49777208
49779563,$200.00,NA,6,1,1,2,NA,0,https://www.airbnb.com/rooms/49779563
49781710,$42.00,Neighborhood highlights,1,1.5,1,2,4.48,42,https://www.airbnb.com/rooms/49781710
49789530,$351.00,Neighborhood highlights,5,1,3,4,NA,0,https://www.airbnb.com/rooms/49789530
49792300,$295.00,Neighborhood highlights,3,1,1,1,NA,0,https://www.airbnb.com/rooms/49792300
49793548,$200.00,NA,2,1,1,1,5,7,https://www.airbnb.com/rooms/49793548
49793941,NA,NA,2,NA,1,NA,5,11,https://www.airbnb.com/rooms/49793941
49798380,$125.00,Neighborhood highlights,2,1,1,1,4.95,110,https://www.airbnb.com/rooms/49798380
49799029,NA,NA,1,NA,1,NA,4.9,10,https://www.airbnb.com/rooms/49799029
49806254,NA,NA,1,NA,NA,NA,NA,0,https://www.airbnb.com/rooms/49806254
49809595,$54.00,Neighborhood highlights,2,1,1,1,4.75,4,https://www.airbnb.com/rooms/49809595
49811796,$90.00,Neighborhood highlights,3,1,1,2,5,6,https://www.airbnb.com/rooms/49811796
49813505,NA,Neighborhood highlights,5,NA,4,NA,NA,0,https://www.airbnb.com/rooms/49813505
49813829,$90.00,Neighborhood highlights,6,1,0,1,4.53,76,https://www.airbnb.com/rooms/49813829
49814851,$135.00,NA,4,1,2,3,5,4,https://www.airbnb.com/rooms/49814851
49815039,$190.00,Neighborhood highlights,4,1,1,2,4.93,14,https://www.airbnb.com/rooms/49815039
49832058,$650.00,NA,16,0.5,0,1,NA,0,https://www.airbnb.com/rooms/49832058
49834604,$52.00,Neighborhood highlights,2,1,1,1,4.73,37,https://www.airbnb.com/rooms/49834604
49835977,$98.00,Neighborhood highlights,2,1,1,1,4.92,98,https://www.airbnb.com/rooms/49835977
49837820,NA,Neighborhood highlights,2,NA,NA,NA,4.87,38,https://www.airbnb.com/rooms/49837820
49839232,NA,NA,2,NA,1,NA,NA,0,https://www.airbnb.com/rooms/49839232
49840165,NA,Neighborhood highlights,1,NA,NA,NA,4.93,14,https://www.airbnb.com/rooms/49840165
49840515,$140.00,NA,2,1,0,2,5,4,https://www.airbnb.com/rooms/49840515
49847910,NA,NA,5,NA,2,NA,5,5,https://www.airbnb.com/rooms/49847910
49855534,NA,NA,2,NA,1,NA,5,1,https://www.airbnb.com/rooms/49855534
49856007,$60.00,NA,1,2,1,1,5,2,https://www.airbnb.com/rooms/49856007
49858272,$110.00,NA,2,1,0,1,4.71,17,https://www.airbnb.com/rooms/49858272
49860773,$220.00,Neighborhood highlights,3,1.5,2,2,5,7,https://www.airbnb.com/rooms/49860773
49861555,$190.00,Neighborhood highlights,4,1,2,2,4.73,45,https://www.airbnb.com/rooms/49861555
49863599,$259.00,Neighborhood highlights,2,1,0,1,4,1,https://www.airbnb.com/rooms/49863599
49871065,$80.00,Neighborhood highlights,2,0.5,1,1,4.68,34,https://www.airbnb.com/rooms/49871065
49872358,$236.00,NA,9,1,1,5,4.4,91,https://www.airbnb.com/rooms/49872358
49873851,$52.00,NA,5,1,2,4,4.65,48,https://www.airbnb.com/rooms/49873851
49878174,NA,Neighborhood highlights,3,NA,1,NA,4.93,29,https://www.airbnb.com/rooms/49878174
49879831,NA,Neighborhood highlights,4,NA,1,NA,NA,0,https://www.airbnb.com/rooms/49879831
49881509,$350.00,Neighborhood highlights,9,4,4,5,4.8,5,https://www.airbnb.com/rooms/49881509
49887317,$100.00,Neighborhood highlights,1,1,1,1,4.85,13,https://www.airbnb.com/rooms/49887317
49895566,$247.00,Neighborhood highlights,2,1,1,1,NA,0,https://www.airbnb.com/rooms/49895566
49898771,NA,Neighborhood highlights,2,NA,2,NA,NA,0,https://www.airbnb.com/rooms/49898771
49899440,$99.00,Neighborhood highlights,3,1,1,2,4.78,54,https://www.airbnb.com/rooms/49899440
49902236,NA,Neighborhood highlights,1,NA,NA,NA,5,11,https://www.airbnb.com/rooms/49902236
49906500,$128.00,NA,2,1,0,1,4.9,10,https://www.airbnb.com/rooms/49906500
49910029,NA,NA,2,NA,1,NA,5,2,https://www.airbnb.com/rooms/49910029
49910031,$100.00,Neighborhood highlights,2,1,0,2,4,1,https://www.airbnb.com/rooms/49910031
49910561,$750.00,Neighborhood highlights,4,1,2,2,4.36,11,https://www.airbnb.com/rooms/49910561
49916027,$120.00,Neighborhood highlights,2,1,1,2,4.71,7,https://www.airbnb.com/rooms/49916027
49920227,NA,Neighborhood highlights,1,NA,NA,NA,4.3,10,https://www.airbnb.com/rooms/49920227
49921103,NA,NA,6,NA,3,NA,5,2,https://www.airbnb.com/rooms/49921103
49923953,$91.00,Neighborhood highlights,2,1,1,1,4.8,117,https://www.airbnb.com/rooms/49923953
49925408,$205.00,Neighborhood highlights,5,1,2,2,4.85,212,https://www.airbnb.com/rooms/49925408
49926303,$168.00,NA,2,1,1,2,4.87,169,https://www.airbnb.com/rooms/49926303
49926529,$421.00,NA,4,2,2,3,4.93,69,https://www.airbnb.com/rooms/49926529
49926780,NA,Neighborhood highlights,4,NA,1,NA,4.89,45,https://www.airbnb.com/rooms/49926780
49927058,$130.00,Neighborhood highlights,2,1,2,2,5,7,https://www.airbnb.com/rooms/49927058
49928434,$82.00,NA,1,2,1,1,4.5,8,https://www.airbnb.com/rooms/49928434
49928613,$57.00,NA,1,2,1,1,4.25,12,https://www.airbnb.com/rooms/49928613
49931452,$57.00,Neighborhood highlights,1,1.5,1,1,4.92,12,https://www.airbnb.com/rooms/49931452
49931513,NA,NA,6,NA,3,NA,NA,0,https://www.airbnb.com/rooms/49931513
49934233,$60.00,NA,1,2,1,1,4.7,10,https://www.airbnb.com/rooms/49934233
49936931,NA,NA,3,NA,1,NA,5,1,https://www.airbnb.com/rooms/49936931
49938794,$200.00,Neighborhood highlights,1,1,1,1,4.49,41,https://www.airbnb.com/rooms/49938794
49942554,$61.00,Neighborhood highlights,2,1,1,1,4.47,19,https://www.airbnb.com/rooms/49942554
49944155,$109.00,NA,2,1,0,1,4.82,175,https://www.airbnb.com/rooms/49944155
49945526,NA,Neighborhood highlights,7,NA,3,NA,NA,0,https://www.airbnb.com/rooms/49945526
49946463,$105.00,Neighborhood highlights,2,1,1,1,4.88,151,https://www.airbnb.com/rooms/49946463
49948971,$40.00,NA,2,1,1,NA,5,1,https://www.airbnb.com/rooms/49948971
49949089,$220.00,Neighborhood highlights,6,1,4,4,4.94,103,https://www.airbnb.com/rooms/49949089
49949577,$295.00,NA,6,1,2,1,4.76,72,https://www.airbnb.com/rooms/49949577
49951454,$77.00,Neighborhood highlights,2,1,1,1,4.73,104,https://www.airbnb.com/rooms/49951454
49951702,$135.00,Neighborhood highlights,6,2,3,3,5,4,https://www.airbnb.com/rooms/49951702
49958366,$185.00,NA,2,1,1,1,NA,0,https://www.airbnb.com/rooms/49958366
49963985,$64.00,Neighborhood highlights,1,1.5,1,1,5,4,https://www.airbnb.com/rooms/49963985
49964381,$199.00,Neighborhood highlights,2,1,1,1,4.63,8,https://www.airbnb.com/rooms/49964381
49966089,NA,NA,2,NA,NA,NA,NA,0,https://www.airbnb.com/rooms/49966089
49966432,$389.00,NA,12,2.5,5,5,4.84,58,https://www.airbnb.com/rooms/49966432
49968296,"$1,000.00",NA,6,2,3,5,4,1,https://www.airbnb.com/rooms/49968296
49976968,$175.00,NA,1,1,1,1,4.91,138,https://www.airbnb.com/rooms/49976968
49978761,$100.00,NA,2,1,1,1,5,1,https://www.airbnb.com/rooms/49978761
49980221,$108.00,Neighborhood highlights,5,1,2,2,4.81,27,https://www.airbnb.com/rooms/49980221
49980442,NA,NA,3,NA,2,NA,NA,0,https://www.airbnb.com/rooms/49980442
49980476,$140.00,Neighborhood highlights,4,1,2,2,4.83,6,https://www.airbnb.com/rooms/49980476
49986878,$135.00,Neighborhood highlights,4,1,2,3,4.83,23,https://www.airbnb.com/rooms/49986878
49987009,$105.00,Neighborhood highlights,2,1,0,2,4.75,55,https://www.airbnb.com/rooms/49987009
49987096,$275.00,NA,4,1,2,2,5,3,https://www.airbnb.com/rooms/49987096
49992561,$200.00,NA,5,2,3,3,4,1,https://www.airbnb.com/rooms/49992561
49996255,NA,NA,2,NA,2,NA,4.91,11,https://www.airbnb.com/rooms/49996255
50000106,$248.00,NA,5,1,0,3,4.55,183,https://www.airbnb.com/rooms/50000106
50001583,$160.00,Neighborhood highlights,4,1,2,2,4.92,13,https://www.airbnb.com/rooms/50001583
50002776,NA,Neighborhood highlights,4,NA,2,NA,4.27,77,https://www.airbnb.com/rooms/50002776
50005702,$109.00,NA,1,1,0,1,4.86,7,https://www.airbnb.com/rooms/50005702
50010284,$250.00,NA,4,1,2,2,NA,0,https://www.airbnb.com/rooms/50010284
50012899,$50.00,Neighborhood highlights,1,1,1,2,4.65,54,https://www.airbnb.com/rooms/50012899
50014718,$342.00,NA,6,2,3,3,4.66,96,https://www.airbnb.com/rooms/50014718
50017683,$197.00,NA,7,1,2,3,4.77,13,https://www.airbnb.com/rooms/50017683
50024311,$185.00,NA,5,1,2,3,4.86,117,https://www.airbnb.com/rooms/50024311
50025783,NA,NA,2,NA,NA,NA,4.83,138,https://www.airbnb.com/rooms/50025783
50027063,$125.00,Neighborhood highlights,2,1,1,1,4.88,133,https://www.airbnb.com/rooms/50027063
50031800,$300.00,NA,4,1,3,3,5,4,https://www.airbnb.com/rooms/50031800
50032244,NA,Neighborhood highlights,5,NA,3,NA,5,1,https://www.airbnb.com/rooms/50032244
50032602,$150.00,Neighborhood highlights,2,1.5,1,1,4.94,199,https://www.airbnb.com/rooms/50032602
50034823,NA,NA,2,NA,1,NA,5,12,https://www.airbnb.com/rooms/50034823
50044566,$54.00,Neighborhood highlights,1,1,1,1,4,1,https://www.airbnb.com/rooms/50044566
50045106,$348.00,Neighborhood highlights,2,1,1,1,NA,0,https://www.airbnb.com/rooms/50045106
50047337,$51.00,Neighborhood highlights,1,1,1,1,NA,0,https://www.airbnb.com/rooms/50047337
50048410,$102.00,NA,2,1,1,0,NA,0,https://www.airbnb.com/rooms/50048410
50051141,$46.00,Neighborhood highlights,1,1,1,1,5,5,https://www.airbnb.com/rooms/50051141
50052647,NA,NA,1,NA,NA,NA,NA,0,https://www.airbnb.com/rooms/50052647
50053083,$175.00,Neighborhood highlights,10,2,3,6,4.88,92,https://www.airbnb.com/rooms/50053083
50054553,$75.00,NA,2,1,1,1,4.64,133,https://www.airbnb.com/rooms/50054553
50056629,$120.00,NA,4,1,2,2,4.67,42,https://www.airbnb.com/rooms/50056629
50060238,$90.00,Neighborhood highlights,2,1,1,1,4.98,43,https://www.airbnb.com/rooms/50060238
50060985,$87.00,NA,2,1,0,1,4.64,39,https://www.airbnb.com/rooms/50060985
50066660,NA,Neighborhood highlights,4,NA,2,NA,4.88,8,https://www.airbnb.com/rooms/50066660
50067437,$341.00,NA,4,2,1,2,5,5,https://www.airbnb.com/rooms/50067437
50068428,NA,NA,3,NA,2,NA,NA,0,https://www.airbnb.com/rooms/50068428
50068502,NA,NA,2,NA,1,NA,4.67,3,https://www.airbnb.com/rooms/50068502
50070357,$94.00,NA,2,1,0,1,5,4,https://www.airbnb.com/rooms/50070357
50070650,$115.00,NA,2,1,0,1,5,5,https://www.airbnb.com/rooms/50070650
50073324,$55.00,Neighborhood highlights,2,1,1,1,5,4,https://www.airbnb.com/rooms/50073324
50084513,$150.00,Neighborhood highlights,1,1,1,1,4.82,22,https://www.airbnb.com/rooms/50084513
50087383,$142.00,NA,1,1,0,1,4.5,4,https://www.airbnb.com/rooms/50087383
50088752,$145.00,Neighborhood highlights,2,1,1,1,4.69,13,https://www.airbnb.com/rooms/50088752
50089988,NA,NA,2,NA,NA,NA,5,10,https://www.airbnb.com/rooms/50089988
50091740,NA,NA,1,NA,1,NA,NA,0,https://www.airbnb.com/rooms/50091740
50092391,$250.00,NA,2,1,1,1,5,9,https://www.airbnb.com/rooms/50092391
50098206,NA,NA,1,NA,1,NA,NA,0,https://www.airbnb.com/rooms/50098206
50099245,NA,NA,1,NA,1,NA,NA,0,https://www.airbnb.com/rooms/50099245
50102900,NA,Neighborhood highlights,2,NA,1,NA,5,1,https://www.airbnb.com/rooms/50102900
50102924,NA,Neighborhood highlights,1,NA,NA,NA,4.9,115,https://www.airbnb.com/rooms/50102924
50105157,NA,NA,1,NA,1,NA,NA,0,https://www.airbnb.com/rooms/50105157
50105297,$39.00,NA,1,2,1,1,NA,0,https://www.airbnb.com/rooms/50105297
50105429,NA,NA,1,NA,1,NA,NA,0,https://www.airbnb.com/rooms/50105429
50106057,$253.00,Neighborhood highlights,4,1,2,2,4.89,19,https://www.airbnb.com/rooms/50106057
50107378,$83.00,Neighborhood highlights,1,0,3,1,NA,0,https://www.airbnb.com/rooms/50107378
50114549,$213.00,NA,8,1,1,4,4.36,132,https://www.airbnb.com/rooms/50114549
50114718,$200.00,Neighborhood highlights,2,1,1,1,5,10,https://www.airbnb.com/rooms/50114718
50115342,$215.00,NA,5,2,3,3,5,21,https://www.airbnb.com/rooms/50115342
50116921,$199.00,Neighborhood highlights,2,1,0,1,5,4,https://www.airbnb.com/rooms/50116921
50117518,$45.00,Neighborhood highlights,3,1,1,3,4.23,30,https://www.airbnb.com/rooms/50117518
50126048,$130.00,Neighborhood highlights,1,1,1,1,4.91,75,https://www.airbnb.com/rooms/50126048
50132114,$239.00,Neighborhood highlights,4,1,2,2,4.82,11,https://www.airbnb.com/rooms/50132114
50132200,$239.00,Neighborhood highlights,7,1,2,7,4.56,52,https://www.airbnb.com/rooms/50132200
50133133,$140.00,NA,2,1,1,1,4.62,13,https://www.airbnb.com/rooms/50133133
50133982,$85.00,NA,1,0,1,1,4.81,16,https://www.airbnb.com/rooms/50133982
50133987,$120.00,Neighborhood highlights,2,1,1,3,4.9,80,https://www.airbnb.com/rooms/50133987
50134951,$203.00,Neighborhood highlights,4,1,0,2,5,2,https://www.airbnb.com/rooms/50134951
50135432,NA,NA,2,NA,1,NA,NA,0,https://www.airbnb.com/rooms/50135432
50144872,$63.00,Neighborhood highlights,1,0,4,1,NA,0,https://www.airbnb.com/rooms/50144872
50145063,$136.00,NA,2,1,1,1,4.99,100,https://www.airbnb.com/rooms/50145063
50146700,$305.00,Neighborhood highlights,2,1,0,1,NA,0,https://www.airbnb.com/rooms/50146700
50147460,$450.00,NA,4,2.5,2,2,4.71,7,https://www.airbnb.com/rooms/50147460
50147790,NA,NA,2,NA,1,NA,5,5,https://www.airbnb.com/rooms/50147790
50148604,$129.00,NA,2,1,0,1,4.5,4,https://www.airbnb.com/rooms/50148604
50152840,$150.00,Neighborhood highlights,3,1,1,2,5,2,https://www.airbnb.com/rooms/50152840
50154380,$231.00,Neighborhood highlights,3,1,1,2,4.92,154,https://www.airbnb.com/rooms/50154380
50154480,$115.00,NA,2,1,0,1,4.89,9,https://www.airbnb.com/rooms/50154480
50155245,NA,NA,1,NA,1,NA,5,5,https://www.airbnb.com/rooms/50155245
50156834,NA,Neighborhood highlights,2,NA,2,NA,4.33,21,https://www.airbnb.com/rooms/50156834
50157885,NA,Neighborhood highlights,2,NA,2,NA,4.81,31,https://www.airbnb.com/rooms/50157885
50158891,NA,NA,2,NA,1,NA,NA,0,https://www.airbnb.com/rooms/50158891
50164369,$74.00,Neighborhood highlights,1,0,1,1,NA,0,https://www.airbnb.com/rooms/50164369
50165885,$297.00,Neighborhood highlights,4,1,2,2,NA,0,https://www.airbnb.com/rooms/50165885
50166529,NA,NA,1,NA,1,NA,NA,0,https://www.airbnb.com/rooms/50166529
50169444,$187.00,Neighborhood highlights,1,1,1,1,4.85,13,https://www.airbnb.com/rooms/50169444
50170583,$150.00,Neighborhood highlights,2,1,1,2,4.95,102,https://www.airbnb.com/rooms/50170583
50172690,$44.00,Neighborhood highlights,1,1,1,1,4.6,5,https://www.airbnb.com/rooms/50172690
50177212,$95.00,Neighborhood highlights,6,1,2,2,4.45,73,https://www.airbnb.com/rooms/50177212
50184806,$274.00,Neighborhood highlights,5,2.5,2,2,4.91,11,https://www.airbnb.com/rooms/50184806
50196868,$180.00,Neighborhood highlights,2,2.5,2,1,5,1,https://www.airbnb.com/rooms/50196868
50197398,$155.00,Neighborhood highlights,3,1,0,1,4,3,https://www.airbnb.com/rooms/50197398
50197603,$176.00,Neighborhood highlights,4,1,1,2,5,3,https://www.airbnb.com/rooms/50197603
50197742,$48.00,NA,1,1,1,1,5,2,https://www.airbnb.com/rooms/50197742
50199869,NA,NA,4,NA,2,NA,5,1,https://www.airbnb.com/rooms/50199869
50199947,$74.00,NA,2,2,1,2,4.45,125,https://www.airbnb.com/rooms/50199947
50201085,$50.00,Neighborhood highlights,1,1,1,1,4.64,47,https://www.airbnb.com/rooms/50201085
50207230,"$1,000.00",Neighborhood highlights,10,2,5,0,4.26,34,https://www.airbnb.com/rooms/50207230
50209987,NA,NA,6,NA,3,NA,NA,0,https://www.airbnb.com/rooms/50209987
50210952,$234.00,Neighborhood highlights,3,1,1,1,4.5,2,https://www.airbnb.com/rooms/50210952
50213868,$220.00,NA,2,1,1,1,4.68,19,https://www.airbnb.com/rooms/50213868
50214080,NA,Neighborhood highlights,2,NA,NA,NA,NA,0,https://www.airbnb.com/rooms/50214080
50214137,$48.00,Neighborhood highlights,2,1,1,1,NA,0,https://www.airbnb.com/rooms/50214137
50214259,NA,Neighborhood highlights,1,NA,NA,NA,4,1,https://www.airbnb.com/rooms/50214259
50217756,$153.00,NA,1,2,1,1,4.59,22,https://www.airbnb.com/rooms/50217756
50217850,$230.00,Neighborhood highlights,2,1,1,1,5,17,https://www.airbnb.com/rooms/50217850
50218172,$600.00,Neighborhood highlights,4,1,2,2,5,9,https://www.airbnb.com/rooms/50218172
50218259,$195.00,Neighborhood highlights,2,1,1,0,NA,0,https://www.airbnb.com/rooms/50218259
50227370,NA,NA,2,NA,1,NA,5,6,https://www.airbnb.com/rooms/50227370
50227515,NA,NA,3,NA,NA,NA,NA,0,https://www.airbnb.com/rooms/50227515
50228716,$243.00,Neighborhood highlights,4,1,2,2,4.93,88,https://www.airbnb.com/rooms/50228716
50229406,$120.00,NA,2,1,1,1,NA,0,https://www.airbnb.com/rooms/50229406
50229441,$48.00,Neighborhood highlights,2,1,1,1,4.5,8,https://www.airbnb.com/rooms/50229441
50229460,NA,NA,4,NA,1,NA,NA,0,https://www.airbnb.com/rooms/50229460
50229513,NA,Neighborhood highlights,2,NA,NA,NA,NA,0,https://www.airbnb.com/rooms/50229513
50229577,$55.00,Neighborhood highlights,2,1,1,1,4.5,2,https://www.airbnb.com/rooms/50229577
50229778,NA,Neighborhood highlights,1,NA,NA,NA,2.5,2,https://www.airbnb.com/rooms/50229778
50230422,NA,NA,2,NA,1,NA,NA,0,https://www.airbnb.com/rooms/50230422
50230523,$149.00,NA,4,1,0,2,4.53,57,https://www.airbnb.com/rooms/50230523
50231254,$142.00,Neighborhood highlights,3,1,0,2,4.67,55,https://www.airbnb.com/rooms/50231254
50231445,$101.00,NA,3,1,1,1,4.7,10,https://www.airbnb.com/rooms/50231445
50232312,$87.00,NA,2,4,5,1,4.72,53,https://www.airbnb.com/rooms/50232312
50232558,$47.00,NA,1,2,1,1,NA,0,https://www.airbnb.com/rooms/50232558
50240309,NA,NA,4,NA,1,NA,5,2,https://www.airbnb.com/rooms/50240309
50240781,$43.00,NA,1,2,1,NA,4.6,5,https://www.airbnb.com/rooms/50240781
50243139,NA,Neighborhood highlights,2,NA,NA,NA,5,25,https://www.airbnb.com/rooms/50243139
50243748,"$1,328.00",NA,4,2,2,2,4.91,53,https://www.airbnb.com/rooms/50243748
50243854,$175.00,Neighborhood highlights,3,1,1,1,4.82,17,https://www.airbnb.com/rooms/50243854
50245157,$220.00,Neighborhood highlights,4,2,3,3,4.67,3,https://www.airbnb.com/rooms/50245157
50245768,NA,NA,2,NA,NA,NA,NA,0,https://www.airbnb.com/rooms/50245768
50249217,NA,NA,1,NA,1,NA,NA,0,https://www.airbnb.com/rooms/50249217
50249515,NA,NA,1,NA,1,NA,5,1,https://www.airbnb.com/rooms/50249515
50257676,$99.00,NA,2,1,1,1,4.93,28,https://www.airbnb.com/rooms/50257676
50260476,$189.00,Neighborhood highlights,2,1,0,1,5,3,https://www.airbnb.com/rooms/50260476
50263277,NA,Neighborhood highlights,4,NA,2,NA,4.5,2,https://www.airbnb.com/rooms/50263277
50263492,$70.00,Neighborhood highlights,2,1,1,1,5,1,https://www.airbnb.com/rooms/50263492
50263756,$35.00,NA,1,1,1,1,5,2,https://www.airbnb.com/rooms/50263756
50266054,$150.00,Neighborhood highlights,4,1,1,2,4.95,98,https://www.airbnb.com/rooms/50266054
50269963,NA,NA,1,NA,NA,NA,NA,0,https://www.airbnb.com/rooms/50269963
50271544,NA,Neighborhood highlights,2,NA,NA,NA,5,1,https://www.airbnb.com/rooms/50271544
50273161,$55.00,Neighborhood highlights,1,1,1,1,4.25,12,https://www.airbnb.com/rooms/50273161
50277469,$325.00,Neighborhood highlights,4,1,2,2,5,7,https://www.airbnb.com/rooms/50277469
50281843,$137.00,Neighborhood highlights,1,0,4,1,NA,0,https://www.airbnb.com/rooms/50281843
50286714,NA,NA,4,NA,NA,NA,5,28,https://www.airbnb.com/rooms/50286714
50287920,$150.00,Neighborhood highlights,2,2,1,1,4.9,78,https://www.airbnb.com/rooms/50287920
50288087,NA,NA,2,NA,1,NA,4.8,55,https://www.airbnb.com/rooms/50288087
50288333,$50.00,Neighborhood highlights,1,1,1,1,5,7,https://www.airbnb.com/rooms/50288333
50288716,$327.00,NA,4,1,0,2,4.56,36,https://www.airbnb.com/rooms/50288716
50288808,$202.00,Neighborhood highlights,2,1,1,1,4.96,150,https://www.airbnb.com/rooms/50288808
50289003,NA,NA,3,NA,NA,NA,NA,0,https://www.airbnb.com/rooms/50289003
50291206,NA,Neighborhood highlights,6,NA,4,NA,NA,0,https://www.airbnb.com/rooms/50291206
50307683,$37.00,NA,1,2,1,1,5,1,https://www.airbnb.com/rooms/50307683
50309122,$245.00,Neighborhood highlights,5,1,2,2,4.5,2,https://www.airbnb.com/rooms/50309122
50309369,$200.00,NA,4,1,3,4,4.78,9,https://www.airbnb.com/rooms/50309369
50310472,$120.00,Neighborhood highlights,1,1.5,1,1,4.96,23,https://www.airbnb.com/rooms/50310472
50313498,$23.00,NA,1,1,1,1,NA,0,https://www.airbnb.com/rooms/50313498
50313940,NA,NA,1,NA,1,NA,NA,0,https://www.airbnb.com/rooms/50313940
50314078,NA,NA,1,NA,4,NA,NA,0,https://www.airbnb.com/rooms/50314078
50317248,NA,NA,1,NA,2,NA,4.8,5,https://www.airbnb.com/rooms/50317248
50323999,$130.00,Neighborhood highlights,6,1,2,3,4.77,64,https://www.airbnb.com/rooms/50323999
50325603,NA,Neighborhood highlights,1,NA,NA,NA,4.33,6,https://www.airbnb.com/rooms/50325603
50327689,NA,NA,5,NA,2,NA,NA,0,https://www.airbnb.com/rooms/50327689
50329700,NA,NA,1,NA,NA,NA,4.75,4,https://www.airbnb.com/rooms/50329700
50331423,NA,NA,2,NA,NA,NA,5,1,https://www.airbnb.com/rooms/50331423
50335735,$249.00,Neighborhood highlights,2,1,0,1,NA,0,https://www.airbnb.com/rooms/50335735
50338291,$150.00,Neighborhood highlights,2,2,1,NA,3.86,21,https://www.airbnb.com/rooms/50338291
50343729,NA,NA,3,NA,2,NA,5,4,https://www.airbnb.com/rooms/50343729
50348283,$105.00,NA,2,1,0,1,4.5,2,https://www.airbnb.com/rooms/50348283
50348687,$175.00,NA,4,1,2,2,4.5,24,https://www.airbnb.com/rooms/50348687
50350784,$63.00,Neighborhood highlights,1,1,1,1,4.9,21,https://www.airbnb.com/rooms/50350784
50351396,NA,NA,2,NA,1,NA,4.71,14,https://www.airbnb.com/rooms/50351396
50357364,$132.00,NA,2,2,1,NA,2.5,6,https://www.airbnb.com/rooms/50357364
50357634,$132.00,Neighborhood highlights,2,2,1,NA,3.5,8,https://www.airbnb.com/rooms/50357634
50357770,$123.00,Neighborhood highlights,2,1,1,1,4.8,10,https://www.airbnb.com/rooms/50357770
50357851,$175.00,NA,2,2,1,NA,2.5,4,https://www.airbnb.com/rooms/50357851
50359042,$147.00,Neighborhood highlights,2,1,1,2,4.94,53,https://www.airbnb.com/rooms/50359042
50361433,$216.00,Neighborhood highlights,1,1,0,1,4.93,68,https://www.airbnb.com/rooms/50361433
50363428,$170.00,NA,2,1,1,1,4.94,18,https://www.airbnb.com/rooms/50363428
50364332,NA,NA,1,NA,1,NA,NA,0,https://www.airbnb.com/rooms/50364332
50365468,NA,NA,1,NA,1,NA,NA,0,https://www.airbnb.com/rooms/50365468
50372478,$195.00,Neighborhood highlights,2,1,1,1,5,1,https://www.airbnb.com/rooms/50372478
50373097,$70.00,NA,1,0,0,2,4.67,3,https://www.airbnb.com/rooms/50373097
50373395,$220.00,Neighborhood highlights,8,2,3,4,4.8,5,https://www.airbnb.com/rooms/50373395
50373477,$200.00,Neighborhood highlights,3,1,1,1,4.94,34,https://www.airbnb.com/rooms/50373477
50376628,NA,NA,2,NA,1,NA,4.81,53,https://www.airbnb.com/rooms/50376628
50377243,NA,NA,2,NA,NA,NA,5,3,https://www.airbnb.com/rooms/50377243
50378412,$150.00,Neighborhood highlights,2,1,1,0,5,4,https://www.airbnb.com/rooms/50378412
50379952,$150.00,NA,2,1,1,1,NA,0,https://www.airbnb.com/rooms/50379952
50380463,NA,NA,1,NA,1,NA,NA,0,https://www.airbnb.com/rooms/50380463
50380976,$299.00,Neighborhood highlights,5,2,3,3,4.89,139,https://www.airbnb.com/rooms/50380976
50381056,$289.00,Neighborhood highlights,10,1,1,1,4.84,97,https://www.airbnb.com/rooms/50381056
50381132,$170.00,Neighborhood highlights,4,1,1,2,4.87,158,https://www.airbnb.com/rooms/50381132
50390924,$105.00,Neighborhood highlights,2,1,0,1,4.83,6,https://www.airbnb.com/rooms/50390924
50394984,$160.00,NA,1,1,0,1,4.5,4,https://www.airbnb.com/rooms/50394984
50395307,$230.00,Neighborhood highlights,4,1,2,3,5,12,https://www.airbnb.com/rooms/50395307
50398446,$900.00,Neighborhood highlights,8,2.5,5,5,5,5,https://www.airbnb.com/rooms/50398446
50399977,$220.00,Neighborhood highlights,6,2,3,3,4.77,107,https://www.airbnb.com/rooms/50399977
50403442,$89.00,Neighborhood highlights,2,1,1,1,4.88,43,https://www.airbnb.com/rooms/50403442
50403831,$197.00,Neighborhood highlights,2,2,2,3,4.61,23,https://www.airbnb.com/rooms/50403831
50403963,$109.00,Neighborhood highlights,2,1,1,1,4.88,65,https://www.airbnb.com/rooms/50403963
50408339,$215.00,Neighborhood highlights,4,2,2,2,5,20,https://www.airbnb.com/rooms/50408339
50410790,$117.00,Neighborhood highlights,1,0,1,1,NA,0,https://www.airbnb.com/rooms/50410790
50416222,$371.00,Neighborhood highlights,7,1,1,4,4.48,83,https://www.airbnb.com/rooms/50416222
50416793,$300.00,Neighborhood highlights,3,1,1,1,4.89,27,https://www.airbnb.com/rooms/50416793
50417918,NA,Neighborhood highlights,3,NA,2,NA,5,1,https://www.airbnb.com/rooms/50417918
50419158,NA,NA,2,NA,1,NA,NA,0,https://www.airbnb.com/rooms/50419158
50420834,NA,NA,3,NA,1,NA,NA,0,https://www.airbnb.com/rooms/50420834
50421355,$499.00,Neighborhood highlights,5,1,2,2,NA,0,https://www.airbnb.com/rooms/50421355
50423095,NA,NA,1,NA,NA,NA,NA,0,https://www.airbnb.com/rooms/50423095
50423127,$356.00,Neighborhood highlights,6,1,2,3,4.09,23,https://www.airbnb.com/rooms/50423127
50423420,NA,Neighborhood highlights,1,NA,NA,NA,4.91,93,https://www.airbnb.com/rooms/50423420
50427075,$70.00,Neighborhood highlights,2,1,2,1,5,3,https://www.airbnb.com/rooms/50427075
50432864,$200.00,NA,3,1,1,1,4.82,11,https://www.airbnb.com/rooms/50432864
50434100,$27.00,NA,1,1,1,1,NA,0,https://www.airbnb.com/rooms/50434100
50434376,NA,NA,1,NA,4,NA,NA,0,https://www.airbnb.com/rooms/50434376
50437750,$43.00,Neighborhood highlights,1,2,1,NA,NA,0,https://www.airbnb.com/rooms/50437750
50438495,$599.00,NA,6,1.5,3,4,5,1,https://www.airbnb.com/rooms/50438495
50439191,$82.00,Neighborhood highlights,4,1,1,2,5,1,https://www.airbnb.com/rooms/50439191
50439217,$190.00,Neighborhood highlights,2,1,2,2,4.93,41,https://www.airbnb.com/rooms/50439217
50439347,$125.00,Neighborhood highlights,2,1,1,1,4.83,66,https://www.airbnb.com/rooms/50439347
50440546,NA,NA,2,NA,NA,NA,5,1,https://www.airbnb.com/rooms/50440546
50442598,$349.00,Neighborhood highlights,4,1,1,1,4.88,50,https://www.airbnb.com/rooms/50442598
50444487,$925.00,Neighborhood highlights,2,1,1,1,5,10,https://www.airbnb.com/rooms/50444487
50445520,$203.00,NA,2,1,1,1,5,35,https://www.airbnb.com/rooms/50445520
50446307,NA,Neighborhood highlights,1,NA,1,NA,4.88,101,https://www.airbnb.com/rooms/50446307
50446911,$36.00,NA,1,1,1,1,NA,0,https://www.airbnb.com/rooms/50446911
50447076,$40.00,Neighborhood highlights,2,1,1,1,4.97,65,https://www.airbnb.com/rooms/50447076
50447705,$299.00,NA,4,1,1,2,4.77,13,https://www.airbnb.com/rooms/50447705
50448458,$140.00,Neighborhood highlights,3,1,1,2,4.81,31,https://www.airbnb.com/rooms/50448458
50454030,$186.00,Neighborhood highlights,2,1,2,3,4.83,78,https://www.airbnb.com/rooms/50454030
50455183,$100.00,NA,2,1,1,1,4.47,43,https://www.airbnb.com/rooms/50455183
50457687,$97.00,Neighborhood highlights,1,0,4,1,NA,0,https://www.airbnb.com/rooms/50457687
50464753,$124.00,NA,2,1,1,NA,4.47,17,https://www.airbnb.com/rooms/50464753
50464835,$110.00,NA,1,1,1,NA,4.45,33,https://www.airbnb.com/rooms/50464835
50467092,$85.00,Neighborhood highlights,1,1,2,1,4.86,14,https://www.airbnb.com/rooms/50467092
50473264,$226.00,Neighborhood highlights,2,1,1,1,NA,0,https://www.airbnb.com/rooms/50473264
50475919,$243.00,NA,2,1,1,1,5,8,https://www.airbnb.com/rooms/50475919
50476420,$190.00,NA,2,1,1,1,4.87,129,https://www.airbnb.com/rooms/50476420
50480214,$314.00,Neighborhood highlights,2,1,1,2,4.96,135,https://www.airbnb.com/rooms/50480214
50484087,NA,Neighborhood highlights,2,NA,1,NA,5,9,https://www.airbnb.com/rooms/50484087
50486817,NA,NA,2,NA,NA,NA,4.6,40,https://www.airbnb.com/rooms/50486817
50488088,NA,NA,1,NA,1,NA,5,8,https://www.airbnb.com/rooms/50488088
50488612,$91.00,Neighborhood highlights,2,1,0,3,5,2,https://www.airbnb.com/rooms/50488612
50489186,$58.00,Neighborhood highlights,2,1,1,1,5,1,https://www.airbnb.com/rooms/50489186
50490000,$184.00,NA,2,1,1,3,4.98,105,https://www.airbnb.com/rooms/50490000
50490073,$279.00,NA,4,2,2,3,5,8,https://www.airbnb.com/rooms/50490073
50490369,$189.00,NA,4,1,2,2,4.92,38,https://www.airbnb.com/rooms/50490369
50496178,$150.00,Neighborhood highlights,5,1,2,3,4.56,52,https://www.airbnb.com/rooms/50496178
50497636,$200.00,Neighborhood highlights,2,1,1,1,5,1,https://www.airbnb.com/rooms/50497636
50500205,$294.00,Neighborhood highlights,5,2,2,2,NA,0,https://www.airbnb.com/rooms/50500205
50501277,NA,Neighborhood highlights,1,NA,1,NA,5,1,https://www.airbnb.com/rooms/50501277
50504090,NA,NA,2,NA,NA,NA,4.61,70,https://www.airbnb.com/rooms/50504090
50504251,$191.00,Neighborhood highlights,3,1,1,2,4.97,109,https://www.airbnb.com/rooms/50504251
50504862,$259.00,NA,3,1,3,3,5,3,https://www.airbnb.com/rooms/50504862
50507294,NA,NA,2,NA,NA,NA,4.83,12,https://www.airbnb.com/rooms/50507294
50508230,NA,Neighborhood highlights,1,NA,NA,NA,5,10,https://www.airbnb.com/rooms/50508230
50519901,NA,NA,1,NA,NA,NA,NA,0,https://www.airbnb.com/rooms/50519901
50525650,$52.00,Neighborhood highlights,1,1,1,0,4.78,63,https://www.airbnb.com/rooms/50525650
50526392,$99.00,Neighborhood highlights,2,1,1,2,4.78,125,https://www.airbnb.com/rooms/50526392
50532543,$83.00,NA,1,0,1,1,NA,0,https://www.airbnb.com/rooms/50532543
50535149,$150.00,NA,4,1,1,1,5,6,https://www.airbnb.com/rooms/50535149
50535731,$110.00,NA,2,1,1,1,4.76,17,https://www.airbnb.com/rooms/50535731
50539494,NA,NA,4,NA,2,NA,NA,0,https://www.airbnb.com/rooms/50539494
50540716,$90.00,Neighborhood highlights,2,1,1,1,4.93,61,https://www.airbnb.com/rooms/50540716
50542216,NA,Neighborhood highlights,2,NA,1,NA,4.85,39,https://www.airbnb.com/rooms/50542216
50542414,NA,NA,2,NA,1,NA,4.79,14,https://www.airbnb.com/rooms/50542414
50542617,NA,NA,16,NA,1,NA,NA,0,https://www.airbnb.com/rooms/50542617
50545664,$371.00,Neighborhood highlights,8,2,4,4,4.93,100,https://www.airbnb.com/rooms/50545664
50546202,$106.00,Neighborhood highlights,2,1,1,2,5,12,https://www.airbnb.com/rooms/50546202
50547429,$104.00,NA,2,1,1,1,4.88,8,https://www.airbnb.com/rooms/50547429
50547960,NA,Neighborhood highlights,2,NA,NA,NA,5,16,https://www.airbnb.com/rooms/50547960
50549725,NA,NA,2,NA,1,NA,4.93,15,https://www.airbnb.com/rooms/50549725
50550783,$72.00,NA,4,4,5,1,4.71,21,https://www.airbnb.com/rooms/50550783
50551102,$68.00,NA,2,4,5,1,4.64,14,https://www.airbnb.com/rooms/50551102
50552044,$65.00,Neighborhood highlights,2,2,1,1,5,1,https://www.airbnb.com/rooms/50552044
50552494,$65.00,Neighborhood highlights,2,2,1,1,5,2,https://www.airbnb.com/rooms/50552494
50552681,$65.00,Neighborhood highlights,2,2,1,1,5,1,https://www.airbnb.com/rooms/50552681
50552859,$65.00,Neighborhood highlights,2,2,1,1,NA,0,https://www.airbnb.com/rooms/50552859
50552956,NA,NA,2,NA,1,NA,NA,0,https://www.airbnb.com/rooms/50552956
50554478,$74.00,Neighborhood highlights,2,1,1,1,4.88,16,https://www.airbnb.com/rooms/50554478
50558490,$120.00,NA,1,1,1,1,NA,0,https://www.airbnb.com/rooms/50558490
50563028,NA,NA,2,NA,1,NA,5,3,https://www.airbnb.com/rooms/50563028
50563721,NA,NA,1,NA,1,NA,NA,0,https://www.airbnb.com/rooms/50563721
50564872,$201.00,Neighborhood highlights,2,1,1,1,5,9,https://www.airbnb.com/rooms/50564872
50568691,$633.00,Neighborhood highlights,4,1,2,2,4.83,102,https://www.airbnb.com/rooms/50568691
50574468,$95.00,Neighborhood highlights,2,1,1,1,4.97,111,https://www.airbnb.com/rooms/50574468
50575615,$43.00,Neighborhood highlights,2,1,1,1,4.33,6,https://www.airbnb.com/rooms/50575615
50583386,$56.00,NA,2,1,1,1,NA,0,https://www.airbnb.com/rooms/50583386
50586925,NA,Neighborhood highlights,2,NA,NA,NA,5,1,https://www.airbnb.com/rooms/50586925
50588332,$160.00,NA,2,1,1,1,4.72,47,https://www.airbnb.com/rooms/50588332
50593578,$132.00,NA,2,2,1,NA,4.6,5,https://www.airbnb.com/rooms/50593578
50593873,$175.00,Neighborhood highlights,2,2,1,NA,2.44,9,https://www.airbnb.com/rooms/50593873
50594529,$64.00,Neighborhood highlights,2,1,1,1,4.67,45,https://www.airbnb.com/rooms/50594529
50595710,$90.00,Neighborhood highlights,1,1,1,1,4.86,29,https://www.airbnb.com/rooms/50595710
50596016,$380.00,NA,3,1.5,3,3,NA,0,https://www.airbnb.com/rooms/50596016
50599418,NA,Neighborhood highlights,2,NA,1,NA,4.87,108,https://www.airbnb.com/rooms/50599418
50613684,NA,Neighborhood highlights,5,NA,2,NA,5,1,https://www.airbnb.com/rooms/50613684
50614701,NA,Neighborhood highlights,2,NA,1,NA,4.94,50,https://www.airbnb.com/rooms/50614701
50617228,NA,NA,2,NA,3,NA,4.33,3,https://www.airbnb.com/rooms/50617228
50619651,$85.00,Neighborhood highlights,2,1,1,2,4.54,305,https://www.airbnb.com/rooms/50619651
50620816,NA,NA,2,NA,NA,NA,NA,0,https://www.airbnb.com/rooms/50620816
50622095,$170.00,Neighborhood highlights,2,1.5,1,1,5,4,https://www.airbnb.com/rooms/50622095
50623654,$248.00,Neighborhood highlights,4,1,2,2,5,4,https://www.airbnb.com/rooms/50623654
50624869,$60.00,NA,2,2,1,1,3,2,https://www.airbnb.com/rooms/50624869
50630130,$211.00,NA,2,1,1,1,4.37,216,https://www.airbnb.com/rooms/50630130
50633484,NA,Neighborhood highlights,2,NA,1,NA,4.83,6,https://www.airbnb.com/rooms/50633484
50634191,$211.00,NA,2,1,1,1,4.38,34,https://www.airbnb.com/rooms/50634191
50634288,$226.00,NA,2,1,1,1,4.01,298,https://www.airbnb.com/rooms/50634288
50634330,$226.00,NA,2,1,1,1,4.41,470,https://www.airbnb.com/rooms/50634330
50634369,$226.00,NA,2,1,1,1,4.23,127,https://www.airbnb.com/rooms/50634369
50634986,$298.00,Neighborhood highlights,7,1,2,4,4.89,74,https://www.airbnb.com/rooms/50634986
50636537,$314.00,NA,4,1,0,2,4.48,33,https://www.airbnb.com/rooms/50636537
50637542,$110.00,NA,2,1,1,1,5,2,https://www.airbnb.com/rooms/50637542
50638762,$312.00,Neighborhood highlights,2,1,2,2,4.59,161,https://www.airbnb.com/rooms/50638762
50639364,$136.00,Neighborhood highlights,2,1,1,1,4.84,117,https://www.airbnb.com/rooms/50639364
50639818,NA,Neighborhood highlights,5,NA,2,NA,NA,0,https://www.airbnb.com/rooms/50639818
50640505,$90.00,Neighborhood highlights,2,1,1,2,5,2,https://www.airbnb.com/rooms/50640505
50642735,NA,NA,1,NA,1,NA,NA,0,https://www.airbnb.com/rooms/50642735
50642852,NA,NA,1,NA,1,NA,NA,0,https://www.airbnb.com/rooms/50642852
50643073,NA,Neighborhood highlights,1,NA,NA,NA,4.95,20,https://www.airbnb.com/rooms/50643073
50643599,$142.00,Neighborhood highlights,2,1,1,1,4.97,145,https://www.airbnb.com/rooms/50643599
50644300,NA,NA,2,NA,1,NA,5,1,https://www.airbnb.com/rooms/50644300
50645659,NA,NA,1,NA,1,NA,NA,0,https://www.airbnb.com/rooms/50645659
50652330,NA,NA,1,NA,1,NA,4.5,2,https://www.airbnb.com/rooms/50652330
50652635,NA,NA,1,NA,1,NA,NA,0,https://www.airbnb.com/rooms/50652635
50652939,NA,NA,1,NA,1,NA,NA,0,https://www.airbnb.com/rooms/50652939
50653323,NA,Neighborhood highlights,6,NA,4,NA,NA,0,https://www.airbnb.com/rooms/50653323
50653691,NA,NA,1,NA,1,NA,NA,0,https://www.airbnb.com/rooms/50653691
50654283,$27.00,NA,1,1,1,1,NA,0,https://www.airbnb.com/rooms/50654283
50654386,$221.00,Neighborhood highlights,2,1,1,1,5,84,https://www.airbnb.com/rooms/50654386
50656950,NA,NA,2,NA,1,NA,5,2,https://www.airbnb.com/rooms/50656950
50657075,$190.00,Neighborhood highlights,3,1,0,2,5,12,https://www.airbnb.com/rooms/50657075
50657826,$75.00,Neighborhood highlights,2,1,1,1,4.48,31,https://www.airbnb.com/rooms/50657826
50658275,NA,NA,2,NA,1,NA,4.69,39,https://www.airbnb.com/rooms/50658275
50661588,$375.00,Neighborhood highlights,5,2,2,3,5,12,https://www.airbnb.com/rooms/50661588
50669306,$180.00,Neighborhood highlights,2,1,0,0,4.75,12,https://www.airbnb.com/rooms/50669306
50671251,NA,Neighborhood highlights,5,NA,2,NA,5,2,https://www.airbnb.com/rooms/50671251
50672817,$150.00,Neighborhood highlights,2,1,0,1,4.9,31,https://www.airbnb.com/rooms/50672817
50679257,$200.00,Neighborhood highlights,2,1,1,1,4.94,17,https://www.airbnb.com/rooms/50679257
50681515,$200.00,Neighborhood highlights,4,1,1,3,5,29,https://www.airbnb.com/rooms/50681515
50681902,$190.00,Neighborhood highlights,2,1,2,3,4.67,42,https://www.airbnb.com/rooms/50681902
50684236,NA,Neighborhood highlights,4,NA,2,NA,4.77,61,https://www.airbnb.com/rooms/50684236
50684240,$90.00,Neighborhood highlights,2,1,1,2,4.95,61,https://www.airbnb.com/rooms/50684240
50685019,$56.00,NA,2,1,1,1,NA,0,https://www.airbnb.com/rooms/50685019
50685205,"$1,328.00",Neighborhood highlights,4,2,2,2,4.8,49,https://www.airbnb.com/rooms/50685205
50685274,$56.00,NA,2,1,1,1,NA,0,https://www.airbnb.com/rooms/50685274
50687637,$61.00,NA,2,2,1,1,NA,0,https://www.airbnb.com/rooms/50687637
50688922,$325.00,Neighborhood highlights,2,1.5,1,1,NA,0,https://www.airbnb.com/rooms/50688922
50692596,$80.00,NA,2,0,1,1,4.6,5,https://www.airbnb.com/rooms/50692596
50695926,NA,NA,1,NA,1,NA,4,1,https://www.airbnb.com/rooms/50695926
50697485,$240.00,NA,2,1,2,2,4.98,50,https://www.airbnb.com/rooms/50697485
50698997,$81.00,Neighborhood highlights,2,1,1,1,4.79,90,https://www.airbnb.com/rooms/50698997
50699494,$190.00,Neighborhood highlights,5,1.5,3,3,4.77,43,https://www.airbnb.com/rooms/50699494
50700543,NA,Neighborhood highlights,4,NA,2,NA,5,4,https://www.airbnb.com/rooms/50700543
50701850,$350.00,Neighborhood highlights,2,1,1,1,4.67,3,https://www.airbnb.com/rooms/50701850
50702408,$85.00,NA,2,1,1,2,4.37,338,https://www.airbnb.com/rooms/50702408
50702550,$125.00,Neighborhood highlights,2,1,1,2,4.6,127,https://www.airbnb.com/rooms/50702550
50704666,$89.00,Neighborhood highlights,1,1.5,1,1,4.97,30,https://www.airbnb.com/rooms/50704666
50706265,$149.00,Neighborhood highlights,2,2,1,1,4.87,31,https://www.airbnb.com/rooms/50706265
50706519,NA,NA,2,NA,NA,NA,4.5,4,https://www.airbnb.com/rooms/50706519
50706815,$240.00,NA,2,1,2,2,NA,0,https://www.airbnb.com/rooms/50706815
50706878,$101.00,NA,2,1,1,1,4.83,125,https://www.airbnb.com/rooms/50706878
50707891,NA,Neighborhood highlights,1,NA,NA,NA,4.71,7,https://www.airbnb.com/rooms/50707891
50708181,$62.00,Neighborhood highlights,1,1,1,1,4.43,23,https://www.airbnb.com/rooms/50708181
50709185,$300.00,NA,7,2,2,3,5,3,https://www.airbnb.com/rooms/50709185
50710947,$61.00,NA,2,1,1,0,NA,0,https://www.airbnb.com/rooms/50710947
50720125,$85.00,NA,2,1,1,1,4.76,25,https://www.airbnb.com/rooms/50720125
50723925,NA,NA,6,NA,3,NA,4.9,63,https://www.airbnb.com/rooms/50723925
50724280,NA,NA,2,NA,NA,NA,4.33,6,https://www.airbnb.com/rooms/50724280
50727455,$43.00,NA,1,1,1,1,5,1,https://www.airbnb.com/rooms/50727455
50728026,$72.00,NA,2,1,1,1,NA,0,https://www.airbnb.com/rooms/50728026
50728845,NA,Neighborhood highlights,12,NA,3,NA,4.56,16,https://www.airbnb.com/rooms/50728845
50729758,$90.00,Neighborhood highlights,2,1,1,1,5,3,https://www.airbnb.com/rooms/50729758
50731544,$132.00,Neighborhood highlights,2,1,0,3,4.44,132,https://www.airbnb.com/rooms/50731544
50733678,$149.00,Neighborhood highlights,8,1,3,4,4.62,34,https://www.airbnb.com/rooms/50733678
50735000,$99.00,NA,2,1,1,2,4.67,3,https://www.airbnb.com/rooms/50735000
50736061,NA,Neighborhood highlights,1,NA,NA,NA,5,1,https://www.airbnb.com/rooms/50736061
50740601,$275.00,NA,7,1,3,3,5,3,https://www.airbnb.com/rooms/50740601
50743177,$155.00,Neighborhood highlights,4,1,2,2,4.87,15,https://www.airbnb.com/rooms/50743177
50744270,$56.00,Neighborhood highlights,2,1,1,1,4.9,10,https://www.airbnb.com/rooms/50744270
50744441,$168.00,Neighborhood highlights,3,1,1,1,4.92,12,https://www.airbnb.com/rooms/50744441
50745200,$150.00,NA,2,1,0,1,5,30,https://www.airbnb.com/rooms/50745200
50747708,NA,NA,2,NA,NA,NA,4.56,41,https://www.airbnb.com/rooms/50747708
50749649,$120.00,NA,2,1,1,2,4.76,41,https://www.airbnb.com/rooms/50749649
50750381,$92.00,Neighborhood highlights,4,1,2,2,5,2,https://www.airbnb.com/rooms/50750381
50750722,$116.00,NA,2,1,1,1,4.96,47,https://www.airbnb.com/rooms/50750722
50753475,$219.00,Neighborhood highlights,1,1,1,NA,4.67,3,https://www.airbnb.com/rooms/50753475
50753481,$299.00,NA,2,1,1,1,4,9,https://www.airbnb.com/rooms/50753481
50755857,$75.00,Neighborhood highlights,1,1,1,1,4.83,12,https://www.airbnb.com/rooms/50755857
50757126,$67.00,Neighborhood highlights,1,1,1,1,4.66,38,https://www.airbnb.com/rooms/50757126
50757240,NA,Neighborhood highlights,1,NA,NA,NA,5,50,https://www.airbnb.com/rooms/50757240
50762178,$150.00,NA,4,1,0,1,5,8,https://www.airbnb.com/rooms/50762178
50764841,$48.00,NA,1,1,1,1,5,9,https://www.airbnb.com/rooms/50764841
50767112,NA,NA,1,NA,1,NA,NA,0,https://www.airbnb.com/rooms/50767112
50768140,NA,NA,1,NA,1,NA,NA,0,https://www.airbnb.com/rooms/50768140
50768601,$27.00,NA,1,1,1,1,NA,0,https://www.airbnb.com/rooms/50768601
50769055,$279.00,Neighborhood highlights,3,1,1,1,4.5,2,https://www.airbnb.com/rooms/50769055
50769070,$287.00,Neighborhood highlights,3,1,1,1,NA,0,https://www.airbnb.com/rooms/50769070
50773714,$72.00,Neighborhood highlights,2,1,1,2,NA,0,https://www.airbnb.com/rooms/50773714
50775272,NA,Neighborhood highlights,4,NA,2,NA,NA,0,https://www.airbnb.com/rooms/50775272
50775933,$225.00,Neighborhood highlights,2,1,1,1,5,15,https://www.airbnb.com/rooms/50775933
50778696,$170.00,NA,4,1,2,2,4.5,4,https://www.airbnb.com/rooms/50778696
50782009,$61.00,NA,2,1,1,1,NA,0,https://www.airbnb.com/rooms/50782009
50786108,NA,NA,1,NA,4,NA,NA,0,https://www.airbnb.com/rooms/50786108
50786691,$297.00,Neighborhood highlights,3,1,1,1,NA,0,https://www.airbnb.com/rooms/50786691
50786710,$297.00,Neighborhood highlights,3,1,1,1,NA,0,https://www.airbnb.com/rooms/50786710
50787102,$297.00,Neighborhood highlights,3,1,1,1,NA,0,https://www.airbnb.com/rooms/50787102
50790405,NA,NA,1,NA,NA,NA,NA,0,https://www.airbnb.com/rooms/50790405
50793014,$106.00,NA,1,1.5,1,1,4.8,5,https://www.airbnb.com/rooms/50793014
50793849,$92.00,Neighborhood highlights,2,1,0,1,4.89,35,https://www.airbnb.com/rooms/50793849
50794264,$68.00,Neighborhood highlights,1,1,1,1,4.8,66,https://www.airbnb.com/rooms/50794264
50795444,$125.00,NA,2,1,0,1,4,5,https://www.airbnb.com/rooms/50795444
50795818,$145.00,Neighborhood highlights,2,1,2,3,4.55,92,https://www.airbnb.com/rooms/50795818
50797765,$125.00,Neighborhood highlights,3,1,1,2,4.85,48,https://www.airbnb.com/rooms/50797765
50802956,NA,Neighborhood highlights,2,NA,1,NA,4.77,44,https://www.airbnb.com/rooms/50802956
50806836,$185.00,Neighborhood highlights,3,1,2,3,4.65,23,https://www.airbnb.com/rooms/50806836
50807495,NA,Neighborhood highlights,4,NA,1,NA,5,6,https://www.airbnb.com/rooms/50807495
50809342,$120.00,Neighborhood highlights,2,1,1,1,4.73,11,https://www.airbnb.com/rooms/50809342
50810953,$165.00,Neighborhood highlights,2,1,1,0,4.8,5,https://www.airbnb.com/rooms/50810953
50812445,NA,Neighborhood highlights,2,NA,2,NA,4.98,43,https://www.airbnb.com/rooms/50812445
50813895,$272.00,Neighborhood highlights,2,1,2,2,5,68,https://www.airbnb.com/rooms/50813895
50822826,$79.00,NA,2,1,1,1,4.87,105,https://www.airbnb.com/rooms/50822826
50826322,$191.00,Neighborhood highlights,2,1,1,1,4.38,13,https://www.airbnb.com/rooms/50826322
50829435,NA,Neighborhood highlights,2,NA,NA,NA,5,1,https://www.airbnb.com/rooms/50829435
50831816,$220.00,Neighborhood highlights,4,1,2,2,5,19,https://www.airbnb.com/rooms/50831816
50831853,$65.00,Neighborhood highlights,2,1,1,1,4.76,68,https://www.airbnb.com/rooms/50831853
50840675,$220.00,Neighborhood highlights,3,1,1,2,4.53,19,https://www.airbnb.com/rooms/50840675
50844104,$42.00,Neighborhood highlights,2,1,1,1,4.74,53,https://www.airbnb.com/rooms/50844104
50845735,NA,Neighborhood highlights,2,NA,1,NA,4.85,47,https://www.airbnb.com/rooms/50845735
50846244,$61.00,Neighborhood highlights,1,1,1,1,4.8,10,https://www.airbnb.com/rooms/50846244
50847781,$200.00,Neighborhood highlights,2,1,1,0,5,1,https://www.airbnb.com/rooms/50847781
50850454,$72.00,NA,2,1,1,1,NA,0,https://www.airbnb.com/rooms/50850454
50850599,$243.00,Neighborhood highlights,2,1,1,0,4,16,https://www.airbnb.com/rooms/50850599
50852463,NA,NA,2,NA,NA,NA,4.8,143,https://www.airbnb.com/rooms/50852463
50853546,$200.00,Neighborhood highlights,6,1,3,4,4.95,117,https://www.airbnb.com/rooms/50853546
50854194,$222.00,NA,4,1,2,2,3.5,4,https://www.airbnb.com/rooms/50854194
50854532,$252.00,NA,4,1,2,3,4,2,https://www.airbnb.com/rooms/50854532
50862774,$375.00,NA,5,1,3,3,4.25,4,https://www.airbnb.com/rooms/50862774
50865450,$99.00,Neighborhood highlights,2,1,1,1,4.9,52,https://www.airbnb.com/rooms/50865450
50866798,$360.00,Neighborhood highlights,2,1,1,1,5,3,https://www.airbnb.com/rooms/50866798
50870707,$110.00,Neighborhood highlights,1,1,1,1,5,9,https://www.airbnb.com/rooms/50870707
50870977,NA,Neighborhood highlights,3,NA,1,NA,NA,0,https://www.airbnb.com/rooms/50870977
50871220,$255.00,NA,2,1,2,1,NA,0,https://www.airbnb.com/rooms/50871220
50872208,NA,Neighborhood highlights,2,NA,1,NA,4.5,4,https://www.airbnb.com/rooms/50872208
50873649,NA,NA,2,NA,NA,NA,5,1,https://www.airbnb.com/rooms/50873649
50873910,NA,Neighborhood highlights,2,1,1,1,4.87,262,https://www.airbnb.com/rooms/50873910
50874085,$150.00,NA,2,1,1,1,4.62,26,https://www.airbnb.com/rooms/50874085
50875062,NA,NA,3,NA,NA,NA,NA,0,https://www.airbnb.com/rooms/50875062
50875290,$200.00,Neighborhood highlights,8,1,2,4,4.69,75,https://www.airbnb.com/rooms/50875290
50875520,$75.00,Neighborhood highlights,3,1,1,1,4.79,39,https://www.airbnb.com/rooms/50875520
50877802,$136.00,NA,3,1,1,2,5,1,https://www.airbnb.com/rooms/50877802
50879115,$88.00,NA,1,1,1,1,4.87,109,https://www.airbnb.com/rooms/50879115
50885009,NA,NA,2,NA,NA,NA,4.94,17,https://www.airbnb.com/rooms/50885009
50888320,$191.00,Neighborhood highlights,1,1,1,1,4.97,58,https://www.airbnb.com/rooms/50888320
50889641,$170.00,NA,2,1,1,1,4.63,27,https://www.airbnb.com/rooms/50889641
50890282,$220.00,NA,9,2,3,4,4.68,60,https://www.airbnb.com/rooms/50890282
50892818,$176.00,Neighborhood highlights,2,1,1,1,4.83,60,https://www.airbnb.com/rooms/50892818
50893315,$75.00,Neighborhood highlights,2,1,1,1,4.67,3,https://www.airbnb.com/rooms/50893315
50894499,NA,Neighborhood highlights,3,NA,NA,NA,4.78,37,https://www.airbnb.com/rooms/50894499
50895136,$41.00,NA,1,1,1,NA,5,3,https://www.airbnb.com/rooms/50895136
50897694,$137.00,Neighborhood highlights,3,1,1,2,4.93,46,https://www.airbnb.com/rooms/50897694
50898831,$137.00,NA,2,1,1,NA,3.5,4,https://www.airbnb.com/rooms/50898831
50899124,$180.00,NA,3,1,2,3,1,1,https://www.airbnb.com/rooms/50899124
50900377,$50.00,NA,4,1.5,1,1,3.67,3,https://www.airbnb.com/rooms/50900377
50910281,NA,Neighborhood highlights,5,NA,2,NA,4.86,7,https://www.airbnb.com/rooms/50910281
50912283,"$1,249.00",Neighborhood highlights,10,3,4,4,5,8,https://www.airbnb.com/rooms/50912283
50913688,$50.00,Neighborhood highlights,1,1,1,1,4.78,9,https://www.airbnb.com/rooms/50913688
50915413,$350.00,Neighborhood highlights,8,1,4,4,4.75,4,https://www.airbnb.com/rooms/50915413
50915436,$100.00,Neighborhood highlights,2,1,1,1,4.7,37,https://www.airbnb.com/rooms/50915436
50915457,$55.00,Neighborhood highlights,1,1,1,1,4.91,11,https://www.airbnb.com/rooms/50915457
50915627,$275.00,NA,3,1,1,1,4.75,4,https://www.airbnb.com/rooms/50915627
50918485,$85.00,Neighborhood highlights,4,1,1,5,4.67,48,https://www.airbnb.com/rooms/50918485
50919685,$175.00,Neighborhood highlights,2,1,1,1,4.91,34,https://www.airbnb.com/rooms/50919685
50919846,NA,NA,2,NA,1,NA,4.77,13,https://www.airbnb.com/rooms/50919846
50921324,$94.00,NA,2,1,1,1,4.54,106,https://www.airbnb.com/rooms/50921324
50922065,NA,NA,1,NA,2,NA,NA,0,https://www.airbnb.com/rooms/50922065
50925570,$504.00,Neighborhood highlights,4,1,2,2,NA,0,https://www.airbnb.com/rooms/50925570
50929305,$93.00,Neighborhood highlights,3,1,0,3,4.92,12,https://www.airbnb.com/rooms/50929305
50936202,NA,Neighborhood highlights,6,NA,3,NA,4.89,70,https://www.airbnb.com/rooms/50936202
50938980,$50.00,Neighborhood highlights,1,1,1,1,4.92,13,https://www.airbnb.com/rooms/50938980
50939326,$50.00,Neighborhood highlights,1,1,1,1,5,15,https://www.airbnb.com/rooms/50939326
50940330,NA,NA,4,NA,1,NA,5,7,https://www.airbnb.com/rooms/50940330
50940387,NA,NA,2,NA,NA,NA,NA,0,https://www.airbnb.com/rooms/50940387
50942618,$130.00,NA,4,1,2,1,4.63,16,https://www.airbnb.com/rooms/50942618
50942802,NA,NA,2,NA,1,NA,NA,0,https://www.airbnb.com/rooms/50942802
50944082,$52.00,Neighborhood highlights,1,1,1,1,4.76,17,https://www.airbnb.com/rooms/50944082
50950644,NA,NA,1,NA,1,NA,NA,0,https://www.airbnb.com/rooms/50950644
50953084,$247.00,NA,2,1,1,1,4.95,122,https://www.airbnb.com/rooms/50953084
50957892,$98.00,Neighborhood highlights,2,1,1,1,NA,0,https://www.airbnb.com/rooms/50957892
50958541,$145.00,Neighborhood highlights,4,1,2,2,4.88,8,https://www.airbnb.com/rooms/50958541
50961550,$103.00,Neighborhood highlights,2,1,1,1,4.82,85,https://www.airbnb.com/rooms/50961550
50971404,$205.00,NA,6,1,3,6,4.91,32,https://www.airbnb.com/rooms/50971404
50975371,$78.00,Neighborhood highlights,2,1,1,1,4.5,2,https://www.airbnb.com/rooms/50975371
50976699,$60.00,Neighborhood highlights,2,1,1,1,4.87,170,https://www.airbnb.com/rooms/50976699
50977430,NA,NA,2,1,1,1,4.9,62,https://www.airbnb.com/rooms/50977430
50982593,$502.00,Neighborhood highlights,4,1,2,2,NA,0,https://www.airbnb.com/rooms/50982593
50982601,$364.00,Neighborhood highlights,4,1,2,2,NA,0,https://www.airbnb.com/rooms/50982601
50991222,$130.00,Neighborhood highlights,3,1,2,2,4.91,82,https://www.airbnb.com/rooms/50991222
50992992,$109.00,NA,2,1,1,1,4.89,44,https://www.airbnb.com/rooms/50992992
50992996,$279.00,Neighborhood highlights,2,1,1,1,4.98,117,https://www.airbnb.com/rooms/50992996
50994682,$42.00,Neighborhood highlights,2,1,1,2,4.75,4,https://www.airbnb.com/rooms/50994682
50998578,$133.00,Neighborhood highlights,2,1,1,1,4.88,98,https://www.airbnb.com/rooms/50998578
50999685,NA,NA,6,NA,2,NA,5,3,https://www.airbnb.com/rooms/50999685
50999787,$98.00,Neighborhood highlights,2,1,1,1,5,3,https://www.airbnb.com/rooms/50999787
51000097,$140.00,NA,2,1,1,1,4.42,12,https://www.airbnb.com/rooms/51000097
51001407,NA,Neighborhood highlights,2,NA,1,NA,4.88,24,https://www.airbnb.com/rooms/51001407
51001908,NA,Neighborhood highlights,1,NA,NA,NA,4.75,8,https://www.airbnb.com/rooms/51001908
51001957,$249.00,NA,2,1,2,3,4.8,81,https://www.airbnb.com/rooms/51001957
51003110,NA,Neighborhood highlights,3,NA,1,NA,4.87,39,https://www.airbnb.com/rooms/51003110
51008522,$394.00,Neighborhood highlights,2,1,1,1,5,1,https://www.airbnb.com/rooms/51008522
51008529,NA,Neighborhood highlights,2,NA,NA,NA,NA,0,https://www.airbnb.com/rooms/51008529
51008582,$469.00,Neighborhood highlights,4,2,2,2,NA,0,https://www.airbnb.com/rooms/51008582
51013625,$200.00,Neighborhood highlights,2,1,0,1,NA,0,https://www.airbnb.com/rooms/51013625
51014536,$95.00,Neighborhood highlights,2,1,0,1,3.86,7,https://www.airbnb.com/rooms/51014536
51018155,$200.00,Neighborhood highlights,2,1,1,1,4.94,18,https://www.airbnb.com/rooms/51018155
51019131,$111.00,Neighborhood highlights,2,1,1,2,4.57,138,https://www.airbnb.com/rooms/51019131
51020151,NA,NA,1,NA,NA,NA,4.88,8,https://www.airbnb.com/rooms/51020151
51020736,$175.00,NA,2,1,1,2,5,2,https://www.airbnb.com/rooms/51020736
51023350,$167.00,NA,2,1,1,1,4.94,119,https://www.airbnb.com/rooms/51023350
51023989,$175.00,NA,2,1,1,1,4.83,18,https://www.airbnb.com/rooms/51023989
51023991,$110.00,NA,2,1,1,1,4.76,21,https://www.airbnb.com/rooms/51023991
51024266,$45.00,NA,1,1,1,1,4.75,51,https://www.airbnb.com/rooms/51024266
51024524,$64.00,Neighborhood highlights,2,1,1,1,4.88,34,https://www.airbnb.com/rooms/51024524
51025107,$544.00,Neighborhood highlights,8,2,3,4,4.95,96,https://www.airbnb.com/rooms/51025107
51027422,NA,NA,4,NA,1,NA,NA,0,https://www.airbnb.com/rooms/51027422
51035025,$115.00,NA,2,1,1,1,4.96,25,https://www.airbnb.com/rooms/51035025
51037782,$150.00,NA,4,1,1,2,4.85,54,https://www.airbnb.com/rooms/51037782
51040232,$120.00,Neighborhood highlights,2,1,1,2,4.7,47,https://www.airbnb.com/rooms/51040232
51040846,$199.00,Neighborhood highlights,2,1,1,1,4.89,9,https://www.airbnb.com/rooms/51040846
51042544,$90.00,NA,2,1,1,3,4.6,53,https://www.airbnb.com/rooms/51042544
51045369,$175.00,NA,2,1,NA,2,5,6,https://www.airbnb.com/rooms/51045369
51046606,NA,NA,1,NA,NA,NA,4.8,10,https://www.airbnb.com/rooms/51046606
51058734,$155.00,Neighborhood highlights,3,1,0,1,5,1,https://www.airbnb.com/rooms/51058734
51059180,$262.00,Neighborhood highlights,4,1,0,2,4.61,79,https://www.airbnb.com/rooms/51059180
51059798,$117.00,NA,2,1,1,1,5,8,https://www.airbnb.com/rooms/51059798
51061698,$140.00,Neighborhood highlights,2,1,1,1,5,3,https://www.airbnb.com/rooms/51061698
51063866,NA,NA,2,NA,1,NA,5,1,https://www.airbnb.com/rooms/51063866
51064101,$125.00,Neighborhood highlights,2,1,2,2,4.79,76,https://www.airbnb.com/rooms/51064101
51064493,$300.00,NA,4,1,2,0,5,1,https://www.airbnb.com/rooms/51064493
51065454,NA,Neighborhood highlights,3,NA,1,NA,4.94,146,https://www.airbnb.com/rooms/51065454
51067075,$185.00,Neighborhood highlights,3,1,1,1,4.91,11,https://www.airbnb.com/rooms/51067075
51068377,NA,NA,2,NA,1,NA,4.5,2,https://www.airbnb.com/rooms/51068377
51068516,$260.00,Neighborhood highlights,4,1,2,2,4.67,12,https://www.airbnb.com/rooms/51068516
51069128,$53.00,NA,2,1,1,0,5,3,https://www.airbnb.com/rooms/51069128
51069339,NA,Neighborhood highlights,2,NA,2,NA,5,3,https://www.airbnb.com/rooms/51069339
51071045,NA,Neighborhood highlights,2,NA,1,NA,5,1,https://www.airbnb.com/rooms/51071045
51072045,$150.00,Neighborhood highlights,4,1,1,2,NA,0,https://www.airbnb.com/rooms/51072045
51079553,NA,Neighborhood highlights,2,NA,1,NA,NA,0,https://www.airbnb.com/rooms/51079553
51081515,NA,NA,1,NA,1,NA,NA,0,https://www.airbnb.com/rooms/51081515
51083869,$36.00,NA,1,0,1,1,4.88,57,https://www.airbnb.com/rooms/51083869
51084175,$91.00,NA,2,1,1,1,4.91,122,https://www.airbnb.com/rooms/51084175
51089818,$222.00,Neighborhood highlights,2,1,1,1,4.75,8,https://www.airbnb.com/rooms/51089818
51100458,$225.00,NA,2,1,0,1,4.88,32,https://www.airbnb.com/rooms/51100458
51101034,$155.00,Neighborhood highlights,2,1,0,1,4.85,27,https://www.airbnb.com/rooms/51101034
51103264,NA,Neighborhood highlights,5,NA,2,NA,4.74,127,https://www.airbnb.com/rooms/51103264
51109929,$80.00,NA,2,1,1,1,4.76,62,https://www.airbnb.com/rooms/51109929
51119388,$65.00,Neighborhood highlights,2,1,1,2,4.61,41,https://www.airbnb.com/rooms/51119388
51121141,$329.00,Neighborhood highlights,4,2,2,3,4.88,8,https://www.airbnb.com/rooms/51121141
51125239,NA,Neighborhood highlights,1,NA,1,NA,4.67,3,https://www.airbnb.com/rooms/51125239
51126088,NA,Neighborhood highlights,3,NA,2,NA,NA,0,https://www.airbnb.com/rooms/51126088
51128437,$129.00,Neighborhood highlights,2,1,1,1,4.99,82,https://www.airbnb.com/rooms/51128437
51129000,NA,NA,2,NA,1,NA,5,3,https://www.airbnb.com/rooms/51129000
51129727,NA,NA,2,NA,1,NA,4.83,6,https://www.airbnb.com/rooms/51129727
51139891,NA,NA,1,NA,NA,NA,5,2,https://www.airbnb.com/rooms/51139891
51143643,$185.00,Neighborhood highlights,4,1,1,1,4.92,154,https://www.airbnb.com/rooms/51143643
51143675,$99.00,Neighborhood highlights,8,1,2,7,4.53,17,https://www.airbnb.com/rooms/51143675
51145379,$133.00,Neighborhood highlights,2,1,2,1,4.83,6,https://www.airbnb.com/rooms/51145379
51149917,$45.00,NA,1,1,1,1,4.56,9,https://www.airbnb.com/rooms/51149917
51150521,$110.00,Neighborhood highlights,2,1,1,1,4.64,33,https://www.airbnb.com/rooms/51150521
51165082,$260.00,Neighborhood highlights,1,1,1,2,NA,0,https://www.airbnb.com/rooms/51165082
51166991,$104.00,NA,2,1,0,1,4.71,7,https://www.airbnb.com/rooms/51166991
51167118,NA,NA,2,NA,NA,NA,4.85,27,https://www.airbnb.com/rooms/51167118
51169564,$100.00,Neighborhood highlights,1,1,1,1,4.7,37,https://www.airbnb.com/rooms/51169564
51170178,$73.00,NA,1,0,4,1,NA,0,https://www.airbnb.com/rooms/51170178
51170954,NA,Neighborhood highlights,4,NA,2,NA,4.88,210,https://www.airbnb.com/rooms/51170954
51174632,$207.00,Neighborhood highlights,4,1.5,3,3,4.79,19,https://www.airbnb.com/rooms/51174632
51175460,$120.00,NA,2,1,1,1,4,4,https://www.airbnb.com/rooms/51175460
51175725,NA,NA,4,NA,4,NA,4.5,2,https://www.airbnb.com/rooms/51175725
51175938,NA,NA,6,NA,2,NA,NA,0,https://www.airbnb.com/rooms/51175938
51176539,$230.00,Neighborhood highlights,2,1,1,0,NA,0,https://www.airbnb.com/rooms/51176539
51177136,NA,NA,1,NA,NA,NA,NA,0,https://www.airbnb.com/rooms/51177136
51184699,NA,NA,4,NA,1,NA,NA,0,https://www.airbnb.com/rooms/51184699
51190723,NA,NA,15,NA,NA,NA,NA,0,https://www.airbnb.com/rooms/51190723
51191494,$170.00,NA,2,1,1,1,4.86,7,https://www.airbnb.com/rooms/51191494
51193564,NA,NA,1,NA,NA,NA,NA,0,https://www.airbnb.com/rooms/51193564
51195082,NA,Neighborhood highlights,4,NA,2,NA,4.71,35,https://www.airbnb.com/rooms/51195082
51195659,$140.00,NA,2,1,0,1,5,3,https://www.airbnb.com/rooms/51195659
51196272,$150.00,NA,3,1,2,1,4.67,3,https://www.airbnb.com/rooms/51196272
51196430,NA,Neighborhood highlights,2,NA,NA,NA,5,1,https://www.airbnb.com/rooms/51196430
51196476,$89.00,Neighborhood highlights,1,1,1,1,NA,0,https://www.airbnb.com/rooms/51196476
51197475,$186.00,Neighborhood highlights,2,1,0,1,4.97,62,https://www.airbnb.com/rooms/51197475
51198851,$325.00,Neighborhood highlights,5,1,2,4,4.83,6,https://www.airbnb.com/rooms/51198851
51205263,$189.00,NA,2,1,1,1,4.91,108,https://www.airbnb.com/rooms/51205263
51205592,$125.00,Neighborhood highlights,2,1,1,1,4.86,22,https://www.airbnb.com/rooms/51205592
51211344,$94.00,NA,7,2,3,3,4.74,31,https://www.airbnb.com/rooms/51211344
51214015,NA,NA,2,NA,1,NA,NA,0,https://www.airbnb.com/rooms/51214015
51214612,NA,NA,2,NA,NA,NA,NA,0,https://www.airbnb.com/rooms/51214612
51215526,NA,Neighborhood highlights,3,NA,1,NA,5,3,https://www.airbnb.com/rooms/51215526
51215558,NA,Neighborhood highlights,3,NA,1,NA,5,1,https://www.airbnb.com/rooms/51215558
51215712,$150.00,NA,1,1,1,1,4.73,104,https://www.airbnb.com/rooms/51215712
51226268,$249.00,Neighborhood highlights,2,1,1,1,5,12,https://www.airbnb.com/rooms/51226268
51227326,NA,NA,1,NA,NA,NA,5,3,https://www.airbnb.com/rooms/51227326
51227641,$163.00,Neighborhood highlights,3,1,0,1,5,3,https://www.airbnb.com/rooms/51227641
51228351,$499.00,Neighborhood highlights,4,1,1,2,4.59,193,https://www.airbnb.com/rooms/51228351
51230660,$89.00,NA,1,2,2,1,4.22,9,https://www.airbnb.com/rooms/51230660
51231960,NA,Neighborhood highlights,4,NA,2,NA,4.77,90,https://www.airbnb.com/rooms/51231960
51232680,$168.00,Neighborhood highlights,16,1.5,1,1,4.82,57,https://www.airbnb.com/rooms/51232680
51232872,$68.00,Neighborhood highlights,1,1,1,1,4.95,19,https://www.airbnb.com/rooms/51232872
51233737,$130.00,NA,2,1,0,1,5,6,https://www.airbnb.com/rooms/51233737
51235989,$150.00,NA,2,1,1,1,3.81,27,https://www.airbnb.com/rooms/51235989
51241506,$272.00,Neighborhood highlights,2,1,1,1,4.96,242,https://www.airbnb.com/rooms/51241506
51243376,$270.00,NA,10,1,3,5,4.47,94,https://www.airbnb.com/rooms/51243376
51245402,NA,NA,1,NA,NA,NA,5,1,https://www.airbnb.com/rooms/51245402
51246356,$150.00,Neighborhood highlights,1,1,1,1,5,1,https://www.airbnb.com/rooms/51246356
51248654,$160.00,NA,1,1,1,1,4.79,19,https://www.airbnb.com/rooms/51248654
51251317,$400.00,NA,8,3,3,5,5,10,https://www.airbnb.com/rooms/51251317
51251630,NA,Neighborhood highlights,2,NA,1,NA,5,8,https://www.airbnb.com/rooms/51251630
51251635,NA,NA,1,NA,NA,NA,4.75,4,https://www.airbnb.com/rooms/51251635
51257815,$105.00,Neighborhood highlights,4,1,1,4,5,11,https://www.airbnb.com/rooms/51257815
51260918,$125.00,Neighborhood highlights,1,1,1,1,5,1,https://www.airbnb.com/rooms/51260918
51262232,NA,NA,2,NA,1,NA,5,50,https://www.airbnb.com/rooms/51262232
51262978,$375.00,Neighborhood highlights,4,1,2,3,4.89,19,https://www.airbnb.com/rooms/51262978
51263392,$129.00,NA,3,1,2,2,4.72,18,https://www.airbnb.com/rooms/51263392
51265152,$100.00,NA,4,1,1,2,4.68,41,https://www.airbnb.com/rooms/51265152
51265207,$250.00,NA,4,1,3,0,5,1,https://www.airbnb.com/rooms/51265207
51265906,$547.00,Neighborhood highlights,2,1,1,1,4.83,12,https://www.airbnb.com/rooms/51265906
51266545,NA,NA,1,NA,1,NA,NA,0,https://www.airbnb.com/rooms/51266545
51266608,NA,NA,2,NA,1,NA,4.82,17,https://www.airbnb.com/rooms/51266608
51267133,$220.00,Neighborhood highlights,6,1,2,5,4.97,96,https://www.airbnb.com/rooms/51267133
51268773,NA,Neighborhood highlights,2,NA,NA,NA,NA,0,https://www.airbnb.com/rooms/51268773
51269003,$95.00,Neighborhood highlights,2,1,1,1,4.94,103,https://www.airbnb.com/rooms/51269003
51269470,NA,Neighborhood highlights,2,NA,NA,NA,NA,0,https://www.airbnb.com/rooms/51269470
51269956,NA,Neighborhood highlights,2,NA,NA,NA,NA,0,https://www.airbnb.com/rooms/51269956
51271065,NA,NA,2,NA,NA,NA,4.95,40,https://www.airbnb.com/rooms/51271065
51271143,NA,NA,3,NA,1,NA,4.5,2,https://www.airbnb.com/rooms/51271143
51277612,NA,NA,1,NA,1,NA,NA,0,https://www.airbnb.com/rooms/51277612
51278279,NA,NA,1,NA,1,NA,NA,0,https://www.airbnb.com/rooms/51278279
51279306,$136.00,Neighborhood highlights,1,1,2,2,5,8,https://www.airbnb.com/rooms/51279306
51279896,$150.00,Neighborhood highlights,2,1,2,2,4.25,8,https://www.airbnb.com/rooms/51279896
51281056,$380.00,NA,5,1,4,4,5,3,https://www.airbnb.com/rooms/51281056
51283129,$450.00,Neighborhood highlights,3,2,1,1,5,20,https://www.airbnb.com/rooms/51283129
51286547,$396.00,NA,6,1,1,2,NA,0,https://www.airbnb.com/rooms/51286547
51287074,NA,NA,4,NA,3,NA,5,1,https://www.airbnb.com/rooms/51287074
51288172,$120.00,NA,1,1,1,1,4,4,https://www.airbnb.com/rooms/51288172
51290734,NA,Neighborhood highlights,2,NA,NA,NA,4,6,https://www.airbnb.com/rooms/51290734
51291894,NA,NA,4,NA,1,NA,NA,0,https://www.airbnb.com/rooms/51291894
51293159,NA,NA,2,NA,1,NA,NA,0,https://www.airbnb.com/rooms/51293159
51293194,NA,Neighborhood highlights,4,NA,2,NA,4.68,66,https://www.airbnb.com/rooms/51293194
51299063,$80.00,Neighborhood highlights,2,1,1,1,5,9,https://www.airbnb.com/rooms/51299063
51302053,$233.00,NA,2,1,1,2,5,1,https://www.airbnb.com/rooms/51302053
51303562,NA,NA,2,NA,1,NA,4.74,38,https://www.airbnb.com/rooms/51303562
51305818,$39.00,NA,1,1,1,0,5,3,https://www.airbnb.com/rooms/51305818
51306036,$199.00,Neighborhood highlights,4,1,2,3,5,8,https://www.airbnb.com/rooms/51306036
51306886,NA,Neighborhood highlights,1,NA,1,NA,5,2,https://www.airbnb.com/rooms/51306886
51307052,NA,Neighborhood highlights,1,NA,NA,NA,5,8,https://www.airbnb.com/rooms/51307052
51318136,NA,Neighborhood highlights,3,NA,1,NA,5,3,https://www.airbnb.com/rooms/51318136
51321125,$44.00,NA,1,1,1,1,NA,0,https://www.airbnb.com/rooms/51321125
51321191,$205.00,Neighborhood highlights,2,1,1,1,4.92,12,https://www.airbnb.com/rooms/51321191
51327110,$200.00,NA,4,1,2,2,5,2,https://www.airbnb.com/rooms/51327110
51327577,NA,NA,2,NA,1,NA,5,19,https://www.airbnb.com/rooms/51327577
51330421,$133.00,NA,2,1,0,1,5,7,https://www.airbnb.com/rooms/51330421
51334395,NA,Neighborhood highlights,1,NA,2,NA,4.86,29,https://www.airbnb.com/rooms/51334395
51337620,$65.00,NA,1,1,2,1,5,1,https://www.airbnb.com/rooms/51337620
51340754,NA,NA,1,NA,1,NA,NA,0,https://www.airbnb.com/rooms/51340754
51343103,NA,NA,1,NA,1,NA,NA,0,https://www.airbnb.com/rooms/51343103
51343497,NA,NA,1,NA,1,NA,NA,0,https://www.airbnb.com/rooms/51343497
51343758,$43.00,NA,1,2,1,0,NA,0,https://www.airbnb.com/rooms/51343758
51345893,$94.00,Neighborhood highlights,2,1.5,2,2,NA,0,https://www.airbnb.com/rooms/51345893
51346279,$200.00,NA,2,1,1,1,5,1,https://www.airbnb.com/rooms/51346279
51350836,$73.00,NA,1,1,1,1,4.82,11,https://www.airbnb.com/rooms/51350836
51351987,$260.00,NA,2,1,2,1,4.8,5,https://www.airbnb.com/rooms/51351987
51356492,NA,NA,6,NA,NA,NA,4.62,98,https://www.airbnb.com/rooms/51356492
51357616,$65.00,Neighborhood highlights,2,1,1,1,4.51,39,https://www.airbnb.com/rooms/51357616
51358202,$100.00,NA,4,1,2,1,NA,0,https://www.airbnb.com/rooms/51358202
51359407,$314.00,NA,2,1,1,NA,4.33,18,https://www.airbnb.com/rooms/51359407
51361023,$280.00,Neighborhood highlights,2,1,1,0,4.75,4,https://www.airbnb.com/rooms/51361023
51363890,$126.00,NA,3,1,2,2,4.77,43,https://www.airbnb.com/rooms/51363890
51364003,$51.00,Neighborhood highlights,2,0,1,1,4.66,68,https://www.airbnb.com/rooms/51364003
51367149,$222.00,Neighborhood highlights,4,1,2,2,5,3,https://www.airbnb.com/rooms/51367149
51382955,NA,NA,2,NA,NA,NA,5,1,https://www.airbnb.com/rooms/51382955
51383927,NA,Neighborhood highlights,2,NA,NA,NA,4.89,35,https://www.airbnb.com/rooms/51383927
51385479,NA,NA,2,NA,1,NA,5,1,https://www.airbnb.com/rooms/51385479
51386433,$85.00,NA,2,1,1,2,4.97,142,https://www.airbnb.com/rooms/51386433
51387550,$65.00,NA,1,1,1,1,4.92,190,https://www.airbnb.com/rooms/51387550
51387723,$190.00,Neighborhood highlights,2,1,2,2,5,23,https://www.airbnb.com/rooms/51387723
51389174,$159.00,Neighborhood highlights,5,1,2,2,5,21,https://www.airbnb.com/rooms/51389174
51391054,$45.00,Neighborhood highlights,2,1,1,1,3.94,17,https://www.airbnb.com/rooms/51391054
51391555,$200.00,NA,4,1,1,2,NA,0,https://www.airbnb.com/rooms/51391555
51391672,$256.00,Neighborhood highlights,2,1,1,0,4.33,6,https://www.airbnb.com/rooms/51391672
51400328,$46.00,NA,1,2,1,1,NA,0,https://www.airbnb.com/rooms/51400328
51401513,$99.00,Neighborhood highlights,3,1,1,3,4.61,179,https://www.airbnb.com/rooms/51401513
51402328,NA,NA,1,NA,1,NA,NA,0,https://www.airbnb.com/rooms/51402328
51402585,NA,NA,1,NA,1,NA,NA,0,https://www.airbnb.com/rooms/51402585
51402678,$300.00,Neighborhood highlights,2,1,1,1,5,1,https://www.airbnb.com/rooms/51402678
51403039,NA,NA,1,NA,1,NA,5,2,https://www.airbnb.com/rooms/51403039
51404361,$98.00,NA,1,1,1,1,4.83,48,https://www.airbnb.com/rooms/51404361
51406622,$99.00,NA,2,1,1,1,4.88,25,https://www.airbnb.com/rooms/51406622
51407096,$129.00,Neighborhood highlights,3,1.5,2,4,4.64,33,https://www.airbnb.com/rooms/51407096
51409151,$127.00,Neighborhood highlights,16,1.5,1,1,4.7,66,https://www.airbnb.com/rooms/51409151
51411254,NA,NA,2,1,1,1,4.91,182,https://www.airbnb.com/rooms/51411254
51411625,$29.00,NA,8,1,2,5,4.48,31,https://www.airbnb.com/rooms/51411625
51412408,$49.00,NA,3,1,1,2,4.76,42,https://www.airbnb.com/rooms/51412408
51425482,NA,Neighborhood highlights,2,NA,1,NA,4.86,7,https://www.airbnb.com/rooms/51425482
51429497,$139.00,NA,4,1,2,3,4.95,22,https://www.airbnb.com/rooms/51429497
51434147,$70.00,NA,1,1,1,1,5,1,https://www.airbnb.com/rooms/51434147
51439915,$225.00,Neighborhood highlights,2,1,0,1,4.85,33,https://www.airbnb.com/rooms/51439915
51441187,$270.00,NA,8,2,3,4,3.92,13,https://www.airbnb.com/rooms/51441187
51443431,$275.00,Neighborhood highlights,3,1,1,1,4.82,34,https://www.airbnb.com/rooms/51443431
51444991,$42.00,NA,1,1,1,1,NA,0,https://www.airbnb.com/rooms/51444991
51445783,NA,Neighborhood highlights,2,NA,1,NA,4.92,83,https://www.airbnb.com/rooms/51445783
51447187,$133.00,NA,2,1,0,1,5,2,https://www.airbnb.com/rooms/51447187
51447515,$263.00,Neighborhood highlights,4,1,2,2,4.29,7,https://www.airbnb.com/rooms/51447515
51449212,$68.00,NA,2,1,1,1,NA,0,https://www.airbnb.com/rooms/51449212
51450816,$133.00,NA,2,1,0,1,5,4,https://www.airbnb.com/rooms/51450816
51451368,$200.00,Neighborhood highlights,4,1,2,4,4.5,4,https://www.airbnb.com/rooms/51451368
51454608,NA,NA,2,NA,1,NA,NA,0,https://www.airbnb.com/rooms/51454608
51454723,$65.00,Neighborhood highlights,2,1,1,1,4.8,10,https://www.airbnb.com/rooms/51454723
51455199,$160.00,Neighborhood highlights,4,1,2,2,4.88,40,https://www.airbnb.com/rooms/51455199
51455566,$79.00,Neighborhood highlights,2,1,1,1,4.84,31,https://www.airbnb.com/rooms/51455566
51455941,$76.00,NA,2,1,1,1,4.95,38,https://www.airbnb.com/rooms/51455941
51455950,$79.00,Neighborhood highlights,2,1,1,1,4.86,42,https://www.airbnb.com/rooms/51455950
51461593,$240.00,Neighborhood highlights,2,1,1,1,5,2,https://www.airbnb.com/rooms/51461593
51464250,$101.00,Neighborhood highlights,2,1,0,1,4.97,63,https://www.airbnb.com/rooms/51464250
51466826,NA,Neighborhood highlights,4,NA,2,NA,4.82,38,https://www.airbnb.com/rooms/51466826
51467306,$60.00,NA,2,1,1,1,4.83,6,https://www.airbnb.com/rooms/51467306
51470096,$135.00,Neighborhood highlights,1,1.5,1,1,4.97,35,https://www.airbnb.com/rooms/51470096
51470664,$85.00,Neighborhood highlights,2,1,1,1,4.82,34,https://www.airbnb.com/rooms/51470664
51471374,$115.00,Neighborhood highlights,2,1.5,1,1,4.94,65,https://www.airbnb.com/rooms/51471374
51471445,$100.00,NA,2,1,0,1,4.71,7,https://www.airbnb.com/rooms/51471445
51472940,$180.00,Neighborhood highlights,2,1,1,1,4.93,160,https://www.airbnb.com/rooms/51472940
51482510,$147.00,NA,2,1,1,1,5,9,https://www.airbnb.com/rooms/51482510
51483825,$160.00,NA,4,1,0,2,NA,0,https://www.airbnb.com/rooms/51483825
51485535,$99.00,Neighborhood highlights,2,1,1,1,5,1,https://www.airbnb.com/rooms/51485535
51486881,$110.00,NA,2,1,1,2,5,9,https://www.airbnb.com/rooms/51486881
51487070,$130.00,NA,2,1,1,2,4.86,7,https://www.airbnb.com/rooms/51487070
51487553,NA,NA,4,NA,2,NA,4.33,3,https://www.airbnb.com/rooms/51487553
51487943,NA,NA,1,NA,1,NA,NA,0,https://www.airbnb.com/rooms/51487943
51493315,$250.00,Neighborhood highlights,4,1,2,2,4.95,102,https://www.airbnb.com/rooms/51493315
51494382,$77.00,Neighborhood highlights,1,1,1,1,5,7,https://www.airbnb.com/rooms/51494382
51498194,$632.00,Neighborhood highlights,4,2,2,2,NA,0,https://www.airbnb.com/rooms/51498194
51503294,$211.00,Neighborhood highlights,4,1,1,2,4.75,4,https://www.airbnb.com/rooms/51503294
51504398,$212.00,Neighborhood highlights,4,1,1,3,4.97,60,https://www.airbnb.com/rooms/51504398
51507287,$119.00,NA,1,1,0,1,4.88,8,https://www.airbnb.com/rooms/51507287
51509034,NA,Neighborhood highlights,1,NA,NA,NA,4.25,12,https://www.airbnb.com/rooms/51509034
51510216,$55.00,NA,2,1,1,1,4.35,20,https://www.airbnb.com/rooms/51510216
51510371,$51.00,NA,2,1,1,1,4.65,26,https://www.airbnb.com/rooms/51510371
51517634,$303.00,Neighborhood highlights,6,1,3,5,4.84,63,https://www.airbnb.com/rooms/51517634
51519926,$48.00,Neighborhood highlights,2,1,1,1,5,1,https://www.airbnb.com/rooms/51519926
51519947,$75.00,Neighborhood highlights,2,1.5,1,1,4.75,36,https://www.airbnb.com/rooms/51519947
51521740,NA,NA,6,NA,NA,NA,4,4,https://www.airbnb.com/rooms/51521740
51522141,$157.00,Neighborhood highlights,2,2,1,1,5,42,https://www.airbnb.com/rooms/51522141
51534404,$140.00,Neighborhood highlights,4,1,2,2,4.88,8,https://www.airbnb.com/rooms/51534404
51538601,NA,Neighborhood highlights,1,NA,NA,NA,4.94,48,https://www.airbnb.com/rooms/51538601
51538868,$345.00,Neighborhood highlights,6,1,2,2,4.86,131,https://www.airbnb.com/rooms/51538868
51539066,$75.00,NA,2,1,1,1,4.29,7,https://www.airbnb.com/rooms/51539066
51542838,$149.00,NA,2,1,1,1,4.71,14,https://www.airbnb.com/rooms/51542838
51553790,$85.00,NA,2,1.5,1,2,4.75,4,https://www.airbnb.com/rooms/51553790
51558459,NA,NA,2,NA,1,NA,5,1,https://www.airbnb.com/rooms/51558459
51560696,$104.00,NA,2,1,1,1,4.93,14,https://www.airbnb.com/rooms/51560696
51561670,$125.00,NA,2,1,0,1,4.78,9,https://www.airbnb.com/rooms/51561670
51565221,$150.00,NA,4,1,2,4,4.87,104,https://www.airbnb.com/rooms/51565221
51565266,$87.00,Neighborhood highlights,2,1,1,0,4.69,74,https://www.airbnb.com/rooms/51565266
51574589,$180.00,Neighborhood highlights,4,1,2,2,4.58,12,https://www.airbnb.com/rooms/51574589
51575637,NA,Neighborhood highlights,2,NA,NA,NA,4.33,3,https://www.airbnb.com/rooms/51575637
51578313,$205.00,Neighborhood highlights,5,1,2,3,4.86,187,https://www.airbnb.com/rooms/51578313
51580102,NA,NA,3,NA,2,NA,5,3,https://www.airbnb.com/rooms/51580102
51585248,NA,Neighborhood highlights,5,NA,2,NA,4.93,28,https://www.airbnb.com/rooms/51585248
51585959,$75.00,Neighborhood highlights,2,1,1,1,4.83,81,https://www.airbnb.com/rooms/51585959
51592063,$133.00,NA,2,1,0,1,4.8,5,https://www.airbnb.com/rooms/51592063
51592852,$309.00,Neighborhood highlights,2,1,1,1,NA,0,https://www.airbnb.com/rooms/51592852
51594215,$340.00,Neighborhood highlights,3,1,1,1,5,1,https://www.airbnb.com/rooms/51594215
51594237,$329.00,Neighborhood highlights,3,1,1,1,NA,0,https://www.airbnb.com/rooms/51594237
51595175,$600.00,Neighborhood highlights,7,2.5,3,6,5,4,https://www.airbnb.com/rooms/51595175
51597788,$400.00,Neighborhood highlights,6,1.5,2,5,5,4,https://www.airbnb.com/rooms/51597788
51603112,$33.00,Neighborhood highlights,1,1,1,1,4.88,8,https://www.airbnb.com/rooms/51603112
51603968,$94.00,NA,1,2,1,0,5,15,https://www.airbnb.com/rooms/51603968
51607034,$300.00,Neighborhood highlights,2,1,1,1,4.85,110,https://www.airbnb.com/rooms/51607034
51608080,$175.00,Neighborhood highlights,4,1,1,2,4.88,17,https://www.airbnb.com/rooms/51608080
51608497,$60.00,NA,4,1,2,2,NA,0,https://www.airbnb.com/rooms/51608497
51610857,$245.00,Neighborhood highlights,2,1,1,1,NA,0,https://www.airbnb.com/rooms/51610857
51613018,$367.00,Neighborhood highlights,2,1,1,1,NA,0,https://www.airbnb.com/rooms/51613018
51614134,$49.00,NA,2,1,1,1,4.69,178,https://www.airbnb.com/rooms/51614134
51615709,$150.00,NA,4,1,0,1,5,3,https://www.airbnb.com/rooms/51615709
51617470,$115.00,NA,1,0,3,1,NA,0,https://www.airbnb.com/rooms/51617470
51619252,$150.00,NA,2,1,0,1,4.89,44,https://www.airbnb.com/rooms/51619252
51619634,$175.00,NA,2,1,1,1,4.89,1551,https://www.airbnb.com/rooms/51619634
51619751,$510.00,Neighborhood highlights,8,2,4,7,2.33,3,https://www.airbnb.com/rooms/51619751
51620506,$40.00,Neighborhood highlights,1,1,1,1,4.75,40,https://www.airbnb.com/rooms/51620506
51620955,$46.00,Neighborhood highlights,1,2,1,1,5,1,https://www.airbnb.com/rooms/51620955
51621362,$44.00,Neighborhood highlights,1,2,1,1,4,1,https://www.airbnb.com/rooms/51621362
51621583,$95.00,NA,2,1,0,1,4.75,4,https://www.airbnb.com/rooms/51621583
51621590,$44.00,Neighborhood highlights,1,2,1,1,NA,0,https://www.airbnb.com/rooms/51621590
51621735,$43.00,Neighborhood highlights,1,2,1,1,5,1,https://www.airbnb.com/rooms/51621735
51621907,$40.00,NA,2,1,1,1,4.62,207,https://www.airbnb.com/rooms/51621907
51622613,$120.00,NA,2,1,0,1,5,6,https://www.airbnb.com/rooms/51622613
51622736,$125.00,NA,2,1,0,1,4,3,https://www.airbnb.com/rooms/51622736
51623333,$75.00,Neighborhood highlights,2,1,2,1,4.72,81,https://www.airbnb.com/rooms/51623333
51630447,NA,Neighborhood highlights,4,NA,3,NA,5,6,https://www.airbnb.com/rooms/51630447
51632284,$186.00,Neighborhood highlights,4,1,2,3,4.57,21,https://www.airbnb.com/rooms/51632284
51634025,$184.00,Neighborhood highlights,3,1,1,1,5,4,https://www.airbnb.com/rooms/51634025
51636415,NA,Neighborhood highlights,3,NA,1,NA,4.84,32,https://www.airbnb.com/rooms/51636415
51639195,$97.00,Neighborhood highlights,2,1,1,1,4.98,86,https://www.airbnb.com/rooms/51639195
51639443,$150.00,Neighborhood highlights,2,1,1,2,4.89,9,https://www.airbnb.com/rooms/51639443
51639873,$160.00,NA,2,1,1,NA,5,8,https://www.airbnb.com/rooms/51639873
51640258,$80.00,Neighborhood highlights,1,1,1,1,5,9,https://www.airbnb.com/rooms/51640258
51650138,NA,NA,1,NA,1,NA,NA,0,https://www.airbnb.com/rooms/51650138
51653479,NA,NA,7,NA,2,NA,4.5,6,https://www.airbnb.com/rooms/51653479
51662471,$125.00,NA,2,1,0,1,5,3,https://www.airbnb.com/rooms/51662471
51664307,$320.00,Neighborhood highlights,5,1,2,3,5,1,https://www.airbnb.com/rooms/51664307
51664813,$640.00,NA,12,4,6,7,4.65,51,https://www.airbnb.com/rooms/51664813
51666612,NA,Neighborhood highlights,1,NA,NA,NA,NA,0,https://www.airbnb.com/rooms/51666612
51667245,$304.00,NA,6,2,2,4,4.76,54,https://www.airbnb.com/rooms/51667245
51668342,$92.00,Neighborhood highlights,3,1,1,1,4.59,17,https://www.airbnb.com/rooms/51668342
51669628,$570.00,NA,9,1.5,3,6,4.88,24,https://www.airbnb.com/rooms/51669628
51669901,$90.00,Neighborhood highlights,2,1,1,1,4.86,118,https://www.airbnb.com/rooms/51669901
51670402,$400.00,NA,8,1,3,4,4.18,22,https://www.airbnb.com/rooms/51670402
51680457,$160.00,NA,2,1,1,1,4.92,12,https://www.airbnb.com/rooms/51680457
51681226,$58.00,Neighborhood highlights,3,1,1,1,4.47,30,https://www.airbnb.com/rooms/51681226
51682883,$60.00,NA,4,1,1,2,4.63,48,https://www.airbnb.com/rooms/51682883
51684534,NA,NA,2,1,1,1,4.88,202,https://www.airbnb.com/rooms/51684534
51685104,$101.00,NA,4,1,2,2,NA,0,https://www.airbnb.com/rooms/51685104
51685477,$60.00,NA,1,1,1,1,4.92,26,https://www.airbnb.com/rooms/51685477
51689558,NA,NA,5,NA,2,NA,5,3,https://www.airbnb.com/rooms/51689558
51691170,$143.00,NA,4,1,1,2,4.43,21,https://www.airbnb.com/rooms/51691170
51691286,$67.00,Neighborhood highlights,3,1,1,1,4.81,74,https://www.airbnb.com/rooms/51691286
51694637,$275.00,NA,4,1,2,2,5,1,https://www.airbnb.com/rooms/51694637
51699905,$339.00,Neighborhood highlights,2,1,1,1,NA,0,https://www.airbnb.com/rooms/51699905
51702228,NA,Neighborhood highlights,2,NA,NA,NA,4.91,34,https://www.airbnb.com/rooms/51702228
51702923,"$1,100.00",Neighborhood highlights,6,3.5,3,3,5,5,https://www.airbnb.com/rooms/51702923
51704149,$105.00,Neighborhood highlights,2,1,0,1,4.67,3,https://www.airbnb.com/rooms/51704149
51705833,NA,NA,1,NA,1,NA,5,1,https://www.airbnb.com/rooms/51705833
51705943,$123.00,NA,2,1,1,1,4.86,51,https://www.airbnb.com/rooms/51705943
51709109,$101.00,Neighborhood highlights,2,1,1,1,4.78,105,https://www.airbnb.com/rooms/51709109
51710285,NA,Neighborhood highlights,1,NA,NA,NA,NA,0,https://www.airbnb.com/rooms/51710285
51712949,$120.00,NA,5,1,1,1,4.9,21,https://www.airbnb.com/rooms/51712949
51713611,$83.00,Neighborhood highlights,1,1,1,1,4.4,15,https://www.airbnb.com/rooms/51713611
51713806,$70.00,Neighborhood highlights,2,1,1,1,4.88,16,https://www.airbnb.com/rooms/51713806
51714701,NA,Neighborhood highlights,2,1,1,1,4.86,7,https://www.airbnb.com/rooms/51714701
51714960,$102.00,Neighborhood highlights,5,2,3,4,4.92,38,https://www.airbnb.com/rooms/51714960
51715054,NA,Neighborhood highlights,3,NA,NA,NA,5,3,https://www.airbnb.com/rooms/51715054
51715178,$68.00,Neighborhood highlights,4,1,2,3,4.72,25,https://www.airbnb.com/rooms/51715178
51715205,$60.00,Neighborhood highlights,2,1,1,1,4.73,11,https://www.airbnb.com/rooms/51715205
51719598,$125.00,Neighborhood highlights,2,1,1,1,5,6,https://www.airbnb.com/rooms/51719598
51720274,$254.00,Neighborhood highlights,2,1,1,1,NA,0,https://www.airbnb.com/rooms/51720274
51721119,$278.00,Neighborhood highlights,2,1,0,1,NA,0,https://www.airbnb.com/rooms/51721119
51721133,$247.00,Neighborhood highlights,2,1,1,1,NA,0,https://www.airbnb.com/rooms/51721133
51722037,NA,NA,4,NA,1,NA,NA,0,https://www.airbnb.com/rooms/51722037
51724883,$146.00,NA,2,1,0,1,4.89,9,https://www.airbnb.com/rooms/51724883
51725178,NA,NA,1,NA,1,NA,NA,0,https://www.airbnb.com/rooms/51725178
51725222,$500.00,NA,4,2,3,1,NA,0,https://www.airbnb.com/rooms/51725222
51726180,$65.00,Neighborhood highlights,1,1,0,1,4.25,4,https://www.airbnb.com/rooms/51726180
51726376,$118.00,Neighborhood highlights,2,1.5,1,1,4.93,208,https://www.airbnb.com/rooms/51726376
51726612,NA,Neighborhood highlights,3,NA,1,NA,5,1,https://www.airbnb.com/rooms/51726612
51726884,$125.00,NA,2,1,1,1,4.81,37,https://www.airbnb.com/rooms/51726884
51727396,NA,Neighborhood highlights,6,NA,2,NA,NA,0,https://www.airbnb.com/rooms/51727396
51727600,NA,NA,2,NA,1,NA,4.67,3,https://www.airbnb.com/rooms/51727600
51729718,NA,NA,4,NA,2,NA,NA,0,https://www.airbnb.com/rooms/51729718
51731275,NA,NA,4,NA,1,NA,NA,0,https://www.airbnb.com/rooms/51731275
51734038,$123.00,Neighborhood highlights,4,1.5,1,2,4.93,201,https://www.airbnb.com/rooms/51734038
51735848,$90.00,NA,2,1,1,0,4.82,11,https://www.airbnb.com/rooms/51735848
51740739,$265.00,Neighborhood highlights,2,1,0,1,NA,0,https://www.airbnb.com/rooms/51740739
51744329,$90.00,Neighborhood highlights,2,1,1,0,5,1,https://www.airbnb.com/rooms/51744329
51745454,$400.00,NA,2,1,1,1,5,4,https://www.airbnb.com/rooms/51745454
51752865,NA,NA,2,NA,1,NA,4.67,6,https://www.airbnb.com/rooms/51752865
51753768,$90.00,NA,1,1,1,1,4.91,75,https://www.airbnb.com/rooms/51753768
51755775,$175.00,Neighborhood highlights,2,1,1,1,4.87,45,https://www.airbnb.com/rooms/51755775
51755945,NA,Neighborhood highlights,2,NA,NA,NA,4.65,37,https://www.airbnb.com/rooms/51755945
51762694,$44.00,NA,1,2,1,1,NA,0,https://www.airbnb.com/rooms/51762694
51764004,$40.00,NA,1,1,1,1,5,1,https://www.airbnb.com/rooms/51764004
51764135,$240.00,Neighborhood highlights,3,1,1,0,5,19,https://www.airbnb.com/rooms/51764135
51764436,$180.00,NA,2,1,1,1,4.92,13,https://www.airbnb.com/rooms/51764436
51764485,$50.00,NA,2,1.5,1,1,5,1,https://www.airbnb.com/rooms/51764485
51764860,NA,NA,1,NA,1,NA,NA,0,https://www.airbnb.com/rooms/51764860
51765447,$70.00,NA,2,1,1,1,4,7,https://www.airbnb.com/rooms/51765447
51766925,NA,NA,4,NA,1,NA,NA,0,https://www.airbnb.com/rooms/51766925
51767281,NA,NA,4,NA,1,NA,NA,0,https://www.airbnb.com/rooms/51767281
51767338,NA,NA,3,NA,NA,NA,NA,0,https://www.airbnb.com/rooms/51767338
51767824,NA,NA,4,NA,NA,NA,NA,0,https://www.airbnb.com/rooms/51767824
51767903,NA,NA,3,NA,1,NA,NA,0,https://www.airbnb.com/rooms/51767903
51768030,NA,NA,3,NA,NA,NA,NA,0,https://www.airbnb.com/rooms/51768030
51768092,NA,NA,5,NA,1,NA,NA,0,https://www.airbnb.com/rooms/51768092
51768147,NA,NA,6,NA,NA,NA,NA,0,https://www.airbnb.com/rooms/51768147
51769994,NA,NA,2,NA,1,NA,4.93,46,https://www.airbnb.com/rooms/51769994
51769999,NA,Neighborhood highlights,2,NA,1,NA,4.83,40,https://www.airbnb.com/rooms/51769999
51770005,NA,Neighborhood highlights,2,NA,1,NA,4.77,30,https://www.airbnb.com/rooms/51770005
51770013,NA,NA,2,NA,1,NA,4.85,26,https://www.airbnb.com/rooms/51770013
51771273,NA,NA,3,NA,1,NA,NA,0,https://www.airbnb.com/rooms/51771273
51772649,$242.00,NA,6,1,0,3,4.69,87,https://www.airbnb.com/rooms/51772649
51774310,$299.00,Neighborhood highlights,4,1,1,2,4.33,12,https://www.airbnb.com/rooms/51774310
51777608,$295.00,Neighborhood highlights,6,1,2,3,4.9,10,https://www.airbnb.com/rooms/51777608
51780972,NA,NA,1,NA,1,NA,NA,0,https://www.airbnb.com/rooms/51780972
51781289,$72.00,NA,1,1,1,1,4.82,34,https://www.airbnb.com/rooms/51781289
51782007,$89.00,Neighborhood highlights,2,1,1,1,5,2,https://www.airbnb.com/rooms/51782007
51783037,$136.00,Neighborhood highlights,4,1,1,1,4.86,7,https://www.airbnb.com/rooms/51783037
51784783,NA,Neighborhood highlights,1,NA,3,NA,NA,0,https://www.airbnb.com/rooms/51784783
51785469,NA,NA,2,NA,1,NA,NA,0,https://www.airbnb.com/rooms/51785469
51789106,$123.00,Neighborhood highlights,4,1,2,3,4.98,83,https://www.airbnb.com/rooms/51789106
51789447,NA,Neighborhood highlights,1,NA,NA,NA,4.9,41,https://www.airbnb.com/rooms/51789447
51791648,$76.00,NA,1,2,1,1,4,5,https://www.airbnb.com/rooms/51791648
51791962,NA,NA,1,NA,NA,NA,4.63,8,https://www.airbnb.com/rooms/51791962
51792172,NA,NA,1,NA,NA,NA,4.13,8,https://www.airbnb.com/rooms/51792172
51793102,$100.00,NA,4,1,1,2,4.72,69,https://www.airbnb.com/rooms/51793102
51796945,$160.00,Neighborhood highlights,4,1,1,1,4.98,102,https://www.airbnb.com/rooms/51796945
51799070,$175.00,NA,2,2,1,NA,3.5,8,https://www.airbnb.com/rooms/51799070
51802931,NA,NA,2,NA,NA,NA,NA,0,https://www.airbnb.com/rooms/51802931
51804148,$263.00,Neighborhood highlights,2,2,1,1,4.86,29,https://www.airbnb.com/rooms/51804148
51804543,$60.00,Neighborhood highlights,1,1,1,1,4.54,13,https://www.airbnb.com/rooms/51804543
51804585,$70.00,NA,2,1,1,2,5,2,https://www.airbnb.com/rooms/51804585
51814324,NA,Neighborhood highlights,2,NA,1,NA,4.14,7,https://www.airbnb.com/rooms/51814324
51814326,$36.00,NA,1,1,1,1,NA,0,https://www.airbnb.com/rooms/51814326
51818793,$560.00,Neighborhood highlights,16,3,NA,1,4.8,15,https://www.airbnb.com/rooms/51818793
51821915,NA,Neighborhood highlights,3,NA,1,NA,5,1,https://www.airbnb.com/rooms/51821915
51825274,$219.00,NA,2,1,1,0,4.93,61,https://www.airbnb.com/rooms/51825274
51826933,$350.00,Neighborhood highlights,5,2,2,5,4.86,107,https://www.airbnb.com/rooms/51826933
51826952,$200.00,Neighborhood highlights,4,1,2,2,5,15,https://www.airbnb.com/rooms/51826952
51827299,$170.00,Neighborhood highlights,6,1,2,4,4.78,197,https://www.airbnb.com/rooms/51827299
51828187,$68.00,Neighborhood highlights,1,1,1,1,4.69,16,https://www.airbnb.com/rooms/51828187
51839530,$81.00,Neighborhood highlights,2,1,1,1,5,3,https://www.airbnb.com/rooms/51839530
51840664,$85.00,Neighborhood highlights,1,1,0,1,4.43,7,https://www.airbnb.com/rooms/51840664
51843468,$330.00,Neighborhood highlights,5,1,2,3,5,2,https://www.airbnb.com/rooms/51843468
51861574,$175.00,NA,2,1,0,1,3.8,5,https://www.airbnb.com/rooms/51861574
51862472,$245.00,Neighborhood highlights,5,1,2,2,5,1,https://www.airbnb.com/rooms/51862472
51863390,$75.00,NA,3,1,1,1,4.95,22,https://www.airbnb.com/rooms/51863390
51867006,NA,NA,16,NA,1,NA,NA,0,https://www.airbnb.com/rooms/51867006
51868685,$40.00,Neighborhood highlights,2,1,1,1,NA,0,https://www.airbnb.com/rooms/51868685
51868745,$45.00,Neighborhood highlights,2,1,1,1,NA,0,https://www.airbnb.com/rooms/51868745
51868789,NA,Neighborhood highlights,2,NA,NA,NA,NA,0,https://www.airbnb.com/rooms/51868789
51868809,$48.00,Neighborhood highlights,2,1,1,1,5,1,https://www.airbnb.com/rooms/51868809
51868842,NA,Neighborhood highlights,2,NA,NA,NA,NA,0,https://www.airbnb.com/rooms/51868842
51868887,NA,Neighborhood highlights,2,NA,NA,NA,5,1,https://www.airbnb.com/rooms/51868887
51870855,$105.00,Neighborhood highlights,2,1,1,1,4.44,84,https://www.airbnb.com/rooms/51870855
51876246,NA,NA,2,NA,1,NA,4.89,27,https://www.airbnb.com/rooms/51876246
51879474,$75.00,NA,1,0,2,1,NA,0,https://www.airbnb.com/rooms/51879474
51880356,$77.00,NA,1,0,2,1,NA,0,https://www.airbnb.com/rooms/51880356
51880650,NA,NA,2,NA,NA,NA,4.79,81,https://www.airbnb.com/rooms/51880650
51883399,$88.00,NA,1,0,2,1,NA,0,https://www.airbnb.com/rooms/51883399
51883501,NA,NA,3,NA,1,NA,4.33,6,https://www.airbnb.com/rooms/51883501
51885059,NA,Neighborhood highlights,2,NA,NA,NA,4.67,3,https://www.airbnb.com/rooms/51885059
51888947,NA,Neighborhood highlights,2,NA,NA,NA,NA,0,https://www.airbnb.com/rooms/51888947
51888990,NA,Neighborhood highlights,2,NA,NA,NA,4.2,5,https://www.airbnb.com/rooms/51888990
51889016,$48.00,Neighborhood highlights,2,1,1,1,5,1,https://www.airbnb.com/rooms/51889016
51889039,NA,Neighborhood highlights,2,NA,NA,NA,5,1,https://www.airbnb.com/rooms/51889039
51889171,NA,Neighborhood highlights,2,NA,NA,NA,4.75,8,https://www.airbnb.com/rooms/51889171
51889217,NA,Neighborhood highlights,2,NA,NA,NA,NA,0,https://www.airbnb.com/rooms/51889217
51889250,NA,Neighborhood highlights,2,NA,NA,NA,NA,0,https://www.airbnb.com/rooms/51889250
51889396,NA,Neighborhood highlights,2,NA,NA,NA,NA,0,https://www.airbnb.com/rooms/51889396
51889461,NA,Neighborhood highlights,2,NA,NA,NA,NA,0,https://www.airbnb.com/rooms/51889461
51889500,NA,Neighborhood highlights,2,NA,NA,NA,NA,0,https://www.airbnb.com/rooms/51889500
51889577,$45.00,Neighborhood highlights,2,1,1,1,NA,0,https://www.airbnb.com/rooms/51889577
51889628,NA,Neighborhood highlights,2,NA,NA,NA,NA,0,https://www.airbnb.com/rooms/51889628
51889674,$45.00,Neighborhood highlights,2,1,1,1,5,4,https://www.airbnb.com/rooms/51889674
51889729,NA,Neighborhood highlights,2,NA,NA,NA,4,2,https://www.airbnb.com/rooms/51889729
51900464,$76.00,NA,1,0,1,1,NA,0,https://www.airbnb.com/rooms/51900464
51901717,NA,Neighborhood highlights,3,NA,1,NA,5,2,https://www.airbnb.com/rooms/51901717
51903949,NA,NA,2,NA,1,NA,4.22,23,https://www.airbnb.com/rooms/51903949
51904989,$189.00,Neighborhood highlights,3,1,1,1,NA,0,https://www.airbnb.com/rooms/51904989
51905886,$531.00,NA,2,1,1,2,4.55,38,https://www.airbnb.com/rooms/51905886
51907134,$678.00,NA,4,1,1,2,4.77,35,https://www.airbnb.com/rooms/51907134
51907154,$871.00,NA,2,1,1,1,4.76,41,https://www.airbnb.com/rooms/51907154
51907164,$874.00,Neighborhood highlights,2,1,1,1,5,2,https://www.airbnb.com/rooms/51907164
51907175,$333.00,Neighborhood highlights,4,1,1,2,4.83,30,https://www.airbnb.com/rooms/51907175
51907219,$411.00,Neighborhood highlights,2,1,1,1,4.67,39,https://www.airbnb.com/rooms/51907219
51907246,$250.00,Neighborhood highlights,3,1,1,1,4.87,31,https://www.airbnb.com/rooms/51907246
51907253,$766.00,NA,2,1,1,1,4.88,16,https://www.airbnb.com/rooms/51907253
51907281,$472.00,NA,4,1,1,2,4.67,30,https://www.airbnb.com/rooms/51907281
51907377,$556.00,Neighborhood highlights,4,1,1,2,4.59,17,https://www.airbnb.com/rooms/51907377
51911323,$275.00,Neighborhood highlights,8,1,3,4,4.91,33,https://www.airbnb.com/rooms/51911323
51913269,$39.00,NA,1,1,1,1,NA,0,https://www.airbnb.com/rooms/51913269
51913352,$364.00,NA,3,1,2,2,5,6,https://www.airbnb.com/rooms/51913352
51915213,$150.00,Neighborhood highlights,4,1,2,2,5,2,https://www.airbnb.com/rooms/51915213
51917088,$421.00,Neighborhood highlights,5,1,3,3,4.95,87,https://www.airbnb.com/rooms/51917088
51917224,$379.00,NA,8,1,4,4,NA,0,https://www.airbnb.com/rooms/51917224
51918355,NA,NA,1,NA,1,NA,NA,0,https://www.airbnb.com/rooms/51918355
51918710,NA,NA,4,NA,2,NA,5,2,https://www.airbnb.com/rooms/51918710
51920836,NA,NA,1,NA,NA,NA,4.97,67,https://www.airbnb.com/rooms/51920836
51926455,$240.00,Neighborhood highlights,2,1,1,1,4.86,22,https://www.airbnb.com/rooms/51926455
51927775,$173.00,Neighborhood highlights,4,2,2,3,4.81,59,https://www.airbnb.com/rooms/51927775
51927795,$399.00,NA,2,1,0,1,NA,0,https://www.airbnb.com/rooms/51927795
51929057,NA,NA,2,NA,NA,NA,4.43,7,https://www.airbnb.com/rooms/51929057
51931637,$189.00,Neighborhood highlights,4,1,1,2,5,3,https://www.airbnb.com/rooms/51931637
51933590,$89.00,Neighborhood highlights,2,1,1,1,4.75,12,https://www.airbnb.com/rooms/51933590
51934249,$132.00,NA,2,2,1,NA,3.67,6,https://www.airbnb.com/rooms/51934249
51935625,$500.00,Neighborhood highlights,6,2,2,5,5,7,https://www.airbnb.com/rooms/51935625
51939606,$165.00,Neighborhood highlights,4,1,2,1,4.89,37,https://www.airbnb.com/rooms/51939606
51940555,$223.00,NA,2,1,1,1,NA,0,https://www.airbnb.com/rooms/51940555
51944357,NA,NA,12,NA,3,NA,4,5,https://www.airbnb.com/rooms/51944357
51944693,NA,Neighborhood highlights,7,NA,1,NA,4.82,57,https://www.airbnb.com/rooms/51944693
51945222,$174.00,NA,2,1,1,1,4.88,979,https://www.airbnb.com/rooms/51945222
51945257,$70.00,Neighborhood highlights,4,1,1,3,4.77,22,https://www.airbnb.com/rooms/51945257
51948208,$385.00,Neighborhood highlights,8,1,3,1,4.77,163,https://www.airbnb.com/rooms/51948208
51950079,$285.00,Neighborhood highlights,2,1,1,1,NA,0,https://www.airbnb.com/rooms/51950079
51955482,$139.00,Neighborhood highlights,3,1,0,2,4.64,33,https://www.airbnb.com/rooms/51955482
51956352,$128.00,Neighborhood highlights,1,1,1,1,5,19,https://www.airbnb.com/rooms/51956352
51957818,NA,NA,2,NA,1,NA,4,11,https://www.airbnb.com/rooms/51957818
51960731,$85.00,Neighborhood highlights,4,1,1,2,4.94,274,https://www.airbnb.com/rooms/51960731
51961130,NA,NA,4,NA,2,NA,5,2,https://www.airbnb.com/rooms/51961130
51961227,$155.00,Neighborhood highlights,3,1,0,2,NA,0,https://www.airbnb.com/rooms/51961227
51968666,"$1,528.00",NA,4,2,2,2,4.85,48,https://www.airbnb.com/rooms/51968666
51970344,$70.00,Neighborhood highlights,2,1,1,1,5,15,https://www.airbnb.com/rooms/51970344
51977461,$24.00,NA,1,1,1,1,NA,0,https://www.airbnb.com/rooms/51977461
51978202,$946.00,Neighborhood highlights,16,2,6,8,4.88,17,https://www.airbnb.com/rooms/51978202
51978563,NA,NA,4,NA,1,NA,4.82,22,https://www.airbnb.com/rooms/51978563
51980003,$165.00,Neighborhood highlights,2,1,1,1,5,5,https://www.airbnb.com/rooms/51980003
51980527,$300.00,NA,6,2,3,3,NA,0,https://www.airbnb.com/rooms/51980527
51980770,$67.00,Neighborhood highlights,1,1,1,1,5,4,https://www.airbnb.com/rooms/51980770
51980852,$111.00,NA,4,1,2,5,4.53,17,https://www.airbnb.com/rooms/51980852
51983004,NA,NA,4,NA,1,NA,NA,0,https://www.airbnb.com/rooms/51983004
51983887,NA,NA,2,NA,NA,NA,NA,0,https://www.airbnb.com/rooms/51983887
51985589,$120.00,NA,3,1,1,1,4.83,6,https://www.airbnb.com/rooms/51985589
51986202,$179.00,Neighborhood highlights,5,1,2,3,4.93,14,https://www.airbnb.com/rooms/51986202
51987241,$175.00,NA,2,1,0,1,5,7,https://www.airbnb.com/rooms/51987241
51987334,$109.00,Neighborhood highlights,4,1,2,3,4.84,37,https://www.airbnb.com/rooms/51987334
51991090,NA,Neighborhood highlights,4,NA,2,NA,4.8,45,https://www.airbnb.com/rooms/51991090
51992365,$195.00,Neighborhood highlights,5,1,2,2,4.54,129,https://www.airbnb.com/rooms/51992365
51997965,NA,Neighborhood highlights,2,NA,1,NA,5,2,https://www.airbnb.com/rooms/51997965
52001672,NA,NA,2,1,1,1,4.9,113,https://www.airbnb.com/rooms/52001672
52002141,$153.00,NA,5,1,1,3,4.07,61,https://www.airbnb.com/rooms/52002141
52002317,$117.00,NA,1,2,1,1,4.46,28,https://www.airbnb.com/rooms/52002317
52005507,$75.00,NA,2,11.5,1,2,5,5,https://www.airbnb.com/rooms/52005507
52006219,NA,Neighborhood highlights,1,NA,NA,NA,4.89,9,https://www.airbnb.com/rooms/52006219
52009698,$626.00,NA,4,1,1,2,5,4,https://www.airbnb.com/rooms/52009698
52009700,$358.00,Neighborhood highlights,3,1,1,2,4.54,28,https://www.airbnb.com/rooms/52009700
52011240,$65.00,Neighborhood highlights,4,1,3,3,5,10,https://www.airbnb.com/rooms/52011240
52013393,$109.00,Neighborhood highlights,2,1,1,1,4.82,208,https://www.airbnb.com/rooms/52013393
52021432,$165.00,NA,2,1,0,1,4,3,https://www.airbnb.com/rooms/52021432
52025370,$236.00,NA,4,2,3,3,NA,0,https://www.airbnb.com/rooms/52025370
52026028,$219.00,Neighborhood highlights,3,1,1,1,5,12,https://www.airbnb.com/rooms/52026028
52031750,$190.00,NA,2,1,0,1,4.67,9,https://www.airbnb.com/rooms/52031750
52039176,$189.00,NA,2,3,1,1,4.74,145,https://www.airbnb.com/rooms/52039176
52041617,$189.00,NA,2,6,1,1,4.72,178,https://www.airbnb.com/rooms/52041617
52050916,NA,NA,4,NA,2,NA,5,20,https://www.airbnb.com/rooms/52050916
52053898,$65.00,NA,1,1,1,1,4.93,15,https://www.airbnb.com/rooms/52053898
52059246,$99.00,Neighborhood highlights,2,1,1,1,4.88,100,https://www.airbnb.com/rooms/52059246
52059533,$86.00,NA,3,1,1,1,4.99,103,https://www.airbnb.com/rooms/52059533
52059772,NA,Neighborhood highlights,2,NA,1,NA,5,2,https://www.airbnb.com/rooms/52059772
52059982,NA,Neighborhood highlights,1,NA,NA,NA,4.61,51,https://www.airbnb.com/rooms/52059982
52060325,$129.00,Neighborhood highlights,4,1,1,2,4.81,48,https://www.airbnb.com/rooms/52060325
52062263,$223.00,Neighborhood highlights,5,1,0,3,4.73,119,https://www.airbnb.com/rooms/52062263
52062993,$226.00,NA,5,1,0,3,4.71,112,https://www.airbnb.com/rooms/52062993
52072231,$75.00,Neighborhood highlights,2,1,1,1,4.97,37,https://www.airbnb.com/rooms/52072231
52073825,NA,Neighborhood highlights,2,NA,1,NA,4.97,30,https://www.airbnb.com/rooms/52073825
52075215,$257.00,Neighborhood highlights,4,1,1,3,4.86,85,https://www.airbnb.com/rooms/52075215
52075359,NA,Neighborhood highlights,2,NA,NA,NA,4.76,66,https://www.airbnb.com/rooms/52075359
52075647,$80.00,NA,2,1,1,1,5,1,https://www.airbnb.com/rooms/52075647
52076178,$166.00,NA,4,1.5,1,2,5,6,https://www.airbnb.com/rooms/52076178
52084036,NA,Neighborhood highlights,2,NA,1,NA,5,3,https://www.airbnb.com/rooms/52084036
52084225,$366.00,NA,1,1,1,1,4.63,16,https://www.airbnb.com/rooms/52084225
52085221,$314.00,NA,2,2,1,NA,4,13,https://www.airbnb.com/rooms/52085221
52085532,$169.00,Neighborhood highlights,3,1,1,2,4.93,30,https://www.airbnb.com/rooms/52085532
52086241,$500.00,NA,2,1,0,1,4.7,27,https://www.airbnb.com/rooms/52086241
52089998,$172.00,Neighborhood highlights,4,1,2,2,4.89,71,https://www.airbnb.com/rooms/52089998
52095695,$125.00,Neighborhood highlights,1,1,1,1,4.37,19,https://www.airbnb.com/rooms/52095695
52096040,$150.00,NA,2,1,1,2,4.89,44,https://www.airbnb.com/rooms/52096040
52101440,$362.00,Neighborhood highlights,5,1,2,2,4.84,81,https://www.airbnb.com/rooms/52101440
52102524,$180.00,NA,2,1,0,1,4.57,7,https://www.airbnb.com/rooms/52102524
52105294,NA,Neighborhood highlights,1,NA,NA,NA,4.86,7,https://www.airbnb.com/rooms/52105294
52105349,$155.00,NA,4,1,1,2,4.75,59,https://www.airbnb.com/rooms/52105349
52107496,$76.00,NA,2,0,1,1,4.71,17,https://www.airbnb.com/rooms/52107496
52109956,$54.00,Neighborhood highlights,2,1,1,1,4.67,146,https://www.airbnb.com/rooms/52109956
52110070,$145.00,Neighborhood highlights,6,1,2,3,4.96,27,https://www.airbnb.com/rooms/52110070
52110071,$250.00,Neighborhood highlights,2,1,1,0,5,14,https://www.airbnb.com/rooms/52110071
52112035,$160.00,NA,4,1,2,2,4.71,7,https://www.airbnb.com/rooms/52112035
52114771,$240.00,NA,6,1,2,3,4.92,50,https://www.airbnb.com/rooms/52114771
52122183,$65.00,NA,1,0,4,1,NA,0,https://www.airbnb.com/rooms/52122183
52125718,$350.00,Neighborhood highlights,2,2,1,1,5,12,https://www.airbnb.com/rooms/52125718
52126679,$180.00,Neighborhood highlights,2,1,1,1,4.89,109,https://www.airbnb.com/rooms/52126679
52127481,$204.00,Neighborhood highlights,3,1,1,1,NA,0,https://www.airbnb.com/rooms/52127481
52127911,$135.00,Neighborhood highlights,1,1,2,2,4.96,137,https://www.airbnb.com/rooms/52127911
52128548,$350.00,NA,7,2,4,4,5,1,https://www.airbnb.com/rooms/52128548
52128553,$96.00,Neighborhood highlights,1,1,1,1,4.94,119,https://www.airbnb.com/rooms/52128553
52128775,$150.00,Neighborhood highlights,4,1,1,2,4.96,47,https://www.airbnb.com/rooms/52128775
52131795,$154.00,Neighborhood highlights,2,1,2,2,4.88,8,https://www.airbnb.com/rooms/52131795
52132742,$73.00,NA,1,1,1,1,NA,0,https://www.airbnb.com/rooms/52132742
52142843,$175.00,NA,2,1,1,2,4.77,26,https://www.airbnb.com/rooms/52142843
52145241,$146.00,Neighborhood highlights,1,1,1,1,5,31,https://www.airbnb.com/rooms/52145241
52148570,$139.00,Neighborhood highlights,2,1,0,1,4.71,7,https://www.airbnb.com/rooms/52148570
52149565,NA,NA,2,1,1,1,4.89,157,https://www.airbnb.com/rooms/52149565
52150127,$71.00,NA,4,1.5,1,2,4.57,28,https://www.airbnb.com/rooms/52150127
52150231,$90.00,NA,3,1,1,2,4.63,32,https://www.airbnb.com/rooms/52150231
52150889,$235.00,Neighborhood highlights,2,1,1,1,5,1,https://www.airbnb.com/rooms/52150889
52151109,NA,NA,1,NA,NA,NA,NA,0,https://www.airbnb.com/rooms/52151109
52151871,NA,Neighborhood highlights,4,NA,2,NA,5,2,https://www.airbnb.com/rooms/52151871
52153731,$170.00,NA,2,1,0,1,4.82,11,https://www.airbnb.com/rooms/52153731
52154854,$145.00,Neighborhood highlights,4,1,1,2,4.98,83,https://www.airbnb.com/rooms/52154854
52155173,NA,NA,2,NA,1,NA,4.07,288,https://www.airbnb.com/rooms/52155173
52162163,$333.00,Neighborhood highlights,2,1,1,1,NA,0,https://www.airbnb.com/rooms/52162163
52163880,$121.00,Neighborhood highlights,2,1,1,1,4.67,45,https://www.airbnb.com/rooms/52163880
52164877,$200.00,Neighborhood highlights,5,1,3,3,4.94,83,https://www.airbnb.com/rooms/52164877
52164915,$125.00,Neighborhood highlights,2,1,0,1,4.43,7,https://www.airbnb.com/rooms/52164915
52165147,$200.00,NA,2,1,0,2,3.67,3,https://www.airbnb.com/rooms/52165147
52165228,$100.00,NA,2,1,1,1,NA,0,https://www.airbnb.com/rooms/52165228
52167873,$60.00,NA,2,1.5,1,1,3.8,25,https://www.airbnb.com/rooms/52167873
52168422,$190.00,Neighborhood highlights,6,2,3,3,4.86,130,https://www.airbnb.com/rooms/52168422
52168496,$309.00,Neighborhood highlights,2,1,0,1,4.7,108,https://www.airbnb.com/rooms/52168496
52168525,$368.00,Neighborhood highlights,4,1,0,2,4.73,41,https://www.airbnb.com/rooms/52168525
52168540,$160.00,NA,4,1,1,1,4.8,5,https://www.airbnb.com/rooms/52168540
52168779,$311.00,Neighborhood highlights,2,1,0,1,4.3,23,https://www.airbnb.com/rooms/52168779
52169215,$246.00,Neighborhood highlights,2,1,0,1,4.67,18,https://www.airbnb.com/rooms/52169215
52169355,$123.00,Neighborhood highlights,2,1,0,1,4.88,34,https://www.airbnb.com/rooms/52169355
52169754,$359.00,Neighborhood highlights,4,1,1,2,4.71,17,https://www.airbnb.com/rooms/52169754
52169805,$200.00,NA,2,1,0,1,4.5,10,https://www.airbnb.com/rooms/52169805
52169886,NA,Neighborhood highlights,4,2,0,2,4.85,13,https://www.airbnb.com/rooms/52169886
52170063,$220.00,NA,2,1,0,1,4.8,5,https://www.airbnb.com/rooms/52170063
52170287,NA,Neighborhood highlights,1,NA,1,NA,NA,0,https://www.airbnb.com/rooms/52170287
52170623,$180.00,NA,2,1,0,1,4,4,https://www.airbnb.com/rooms/52170623
52172342,$90.00,Neighborhood highlights,16,1,1,1,4.58,43,https://www.airbnb.com/rooms/52172342
52172527,$420.00,Neighborhood highlights,4,1,1,2,4.5,28,https://www.airbnb.com/rooms/52172527
52172540,$235.00,Neighborhood highlights,2,1,1,1,4.7,37,https://www.airbnb.com/rooms/52172540
52172548,$192.00,Neighborhood highlights,2,1,1,1,4.71,34,https://www.airbnb.com/rooms/52172548
52172551,$626.00,NA,3,1,1,4,4.8,5,https://www.airbnb.com/rooms/52172551
52181849,NA,NA,2,NA,1,NA,NA,0,https://www.airbnb.com/rooms/52181849
52181872,NA,NA,2,NA,1,NA,NA,0,https://www.airbnb.com/rooms/52181872
52183021,NA,NA,2,NA,1,NA,4.99,110,https://www.airbnb.com/rooms/52183021
52184522,$329.00,Neighborhood highlights,2,1,1,1,NA,0,https://www.airbnb.com/rooms/52184522
52186222,NA,NA,2,NA,1,NA,NA,0,https://www.airbnb.com/rooms/52186222
52188203,NA,Neighborhood highlights,1,NA,1,NA,4.43,7,https://www.airbnb.com/rooms/52188203
52188420,$230.00,Neighborhood highlights,2,1,1,1,NA,0,https://www.airbnb.com/rooms/52188420
52190454,$40.00,Neighborhood highlights,1,1,1,1,4.82,49,https://www.airbnb.com/rooms/52190454
52191839,NA,NA,2,NA,1,NA,4.24,17,https://www.airbnb.com/rooms/52191839
52194261,$500.00,NA,2,1,1,1,4.67,3,https://www.airbnb.com/rooms/52194261
52204946,NA,Neighborhood highlights,2,NA,NA,NA,4.77,43,https://www.airbnb.com/rooms/52204946
52207504,NA,Neighborhood highlights,2,NA,NA,NA,4.86,49,https://www.airbnb.com/rooms/52207504
52209121,$135.00,Neighborhood highlights,2,1,1,1,4.9,72,https://www.airbnb.com/rooms/52209121
52211971,NA,Neighborhood highlights,2,1,1,1,4.81,16,https://www.airbnb.com/rooms/52211971
52219116,$100.00,NA,2,1,1,1,4.79,62,https://www.airbnb.com/rooms/52219116
52219943,$150.00,NA,1,1,1,1,4.93,14,https://www.airbnb.com/rooms/52219943
52221260,$149.00,NA,6,1,2,2,4.6,77,https://www.airbnb.com/rooms/52221260
52221919,$170.00,Neighborhood highlights,2,1,1,1,4.92,13,https://www.airbnb.com/rooms/52221919
52222836,NA,NA,2,NA,1,NA,4.75,4,https://www.airbnb.com/rooms/52222836
52223600,$60.00,NA,2,1,1,1,4.36,39,https://www.airbnb.com/rooms/52223600
52226410,$89.00,NA,1,1,2,1,5,1,https://www.airbnb.com/rooms/52226410
52229417,NA,Neighborhood highlights,2,NA,1,NA,NA,0,https://www.airbnb.com/rooms/52229417
52231166,$245.00,Neighborhood highlights,2,1,1,1,NA,0,https://www.airbnb.com/rooms/52231166
52233258,$245.00,Neighborhood highlights,2,1,1,1,5,2,https://www.airbnb.com/rooms/52233258
52235688,$308.00,Neighborhood highlights,6,1,2,3,5,28,https://www.airbnb.com/rooms/52235688
52236517,NA,NA,1,NA,1,NA,NA,0,https://www.airbnb.com/rooms/52236517
52237124,NA,NA,1,NA,1,NA,5,2,https://www.airbnb.com/rooms/52237124
52239020,NA,NA,1,NA,NA,NA,NA,0,https://www.airbnb.com/rooms/52239020
52240475,$874.00,NA,2,1,1,1,4.83,6,https://www.airbnb.com/rooms/52240475
52240531,$959.00,NA,4,1,1,2,4.96,28,https://www.airbnb.com/rooms/52240531
52241459,$699.00,NA,8,2,4,6,4.92,119,https://www.airbnb.com/rooms/52241459
52242263,$306.00,Neighborhood highlights,2,1,0,1,NA,0,https://www.airbnb.com/rooms/52242263
52244717,NA,NA,2,NA,NA,NA,5,4,https://www.airbnb.com/rooms/52244717
52246989,$190.00,NA,4,1,1,1,4.76,17,https://www.airbnb.com/rooms/52246989
52251326,$337.00,Neighborhood highlights,4,1,2,2,NA,0,https://www.airbnb.com/rooms/52251326
52253807,$300.00,NA,3,1,1,1,4.58,73,https://www.airbnb.com/rooms/52253807
52255940,NA,NA,2,NA,NA,NA,4.83,6,https://www.airbnb.com/rooms/52255940
52256768,NA,NA,3,NA,1,NA,NA,0,https://www.airbnb.com/rooms/52256768
52258307,$86.00,Neighborhood highlights,1,1,1,1,5,9,https://www.airbnb.com/rooms/52258307
52260313,$95.00,NA,2,1,0,1,5,2,https://www.airbnb.com/rooms/52260313
52261555,$110.00,NA,3,1,1,1,5,6,https://www.airbnb.com/rooms/52261555
52262568,$361.00,Neighborhood highlights,3,1,1,1,NA,0,https://www.airbnb.com/rooms/52262568
52264364,$93.00,NA,2,1,0,1,5,4,https://www.airbnb.com/rooms/52264364
52267290,$45.00,NA,1,1,1,1,4.67,3,https://www.airbnb.com/rooms/52267290
52267684,$259.00,Neighborhood highlights,4,1,1,2,4.98,52,https://www.airbnb.com/rooms/52267684
52271041,$399.00,NA,6,1,3,3,4.33,3,https://www.airbnb.com/rooms/52271041
52280572,$97.00,Neighborhood highlights,4,1,1,2,4.44,61,https://www.airbnb.com/rooms/52280572
52281259,$104.00,Neighborhood highlights,4,1,2,2,NA,0,https://www.airbnb.com/rooms/52281259
52283472,$189.00,NA,4,1,1,4,4.83,60,https://www.airbnb.com/rooms/52283472
52283675,$270.00,Neighborhood highlights,3,1,1,2,5,2,https://www.airbnb.com/rooms/52283675
52286333,$95.00,Neighborhood highlights,2,1,1,1,4.9,61,https://www.airbnb.com/rooms/52286333
52286422,$135.00,Neighborhood highlights,4,1,0,0,4.86,22,https://www.airbnb.com/rooms/52286422
52288075,$163.00,Neighborhood highlights,2,1,1,1,5,5,https://www.airbnb.com/rooms/52288075
52289151,$121.00,Neighborhood highlights,4,2,1,1,5,4,https://www.airbnb.com/rooms/52289151
52299330,NA,NA,1,NA,1,NA,NA,0,https://www.airbnb.com/rooms/52299330
52300094,$188.00,Neighborhood highlights,2,1,2,2,4.87,75,https://www.airbnb.com/rooms/52300094
52303735,$80.00,Neighborhood highlights,2,2,1,1,5,8,https://www.airbnb.com/rooms/52303735
52304111,NA,NA,2,NA,1,NA,4.59,34,https://www.airbnb.com/rooms/52304111
52304392,$150.00,Neighborhood highlights,3,1,1,2,5,35,https://www.airbnb.com/rooms/52304392
52307085,$70.00,NA,4,1,1,3,4.57,28,https://www.airbnb.com/rooms/52307085
52307689,NA,NA,4,NA,1,NA,NA,0,https://www.airbnb.com/rooms/52307689
52307807,$60.00,NA,2,3,0,2,4.5,2,https://www.airbnb.com/rooms/52307807
52315427,$80.00,NA,1,0,4,1,NA,0,https://www.airbnb.com/rooms/52315427
52316185,$190.00,NA,2,1,0,1,5,5,https://www.airbnb.com/rooms/52316185
52316709,NA,NA,1,NA,1,NA,NA,0,https://www.airbnb.com/rooms/52316709
52317592,$165.00,Neighborhood highlights,3,1,0,1,4.91,11,https://www.airbnb.com/rooms/52317592
52318130,$99.00,Neighborhood highlights,2,1,2,2,4.73,11,https://www.airbnb.com/rooms/52318130
52318271,$225.00,NA,2,0,0,1,4.85,13,https://www.airbnb.com/rooms/52318271
52320080,$69.00,NA,2,1,1,1,4.35,17,https://www.airbnb.com/rooms/52320080
52320898,NA,Neighborhood highlights,4,NA,2,NA,4.91,80,https://www.airbnb.com/rooms/52320898
52320950,NA,NA,2,NA,1,NA,NA,0,https://www.airbnb.com/rooms/52320950
52323876,$90.00,NA,2,1,0,1,3.5,4,https://www.airbnb.com/rooms/52323876
52324031,$76.00,NA,1,3,0,1,4.67,3,https://www.airbnb.com/rooms/52324031
52324341,$145.00,Neighborhood highlights,4,1,2,3,4.68,19,https://www.airbnb.com/rooms/52324341
52324415,$111.00,Neighborhood highlights,2,1,2,2,4.91,66,https://www.airbnb.com/rooms/52324415
52324528,$100.00,Neighborhood highlights,1,1,1,2,4.81,27,https://www.airbnb.com/rooms/52324528
52325109,$55.00,NA,3,1,1,2,4.31,29,https://www.airbnb.com/rooms/52325109
52329346,$74.00,NA,1,0,4,1,NA,0,https://www.airbnb.com/rooms/52329346
52329510,$73.00,NA,1,0,4,1,NA,0,https://www.airbnb.com/rooms/52329510
52329966,$105.00,Neighborhood highlights,1,1,1,1,4.85,34,https://www.airbnb.com/rooms/52329966
52331775,$79.00,NA,1,0,1,1,NA,0,https://www.airbnb.com/rooms/52331775
52331944,$70.00,NA,1,0,4,1,NA,0,https://www.airbnb.com/rooms/52331944
52335807,$283.00,NA,4,1,1,2,5,1,https://www.airbnb.com/rooms/52335807
52336808,$190.00,Neighborhood highlights,6,1,2,3,4.52,33,https://www.airbnb.com/rooms/52336808
52339404,NA,Neighborhood highlights,2,NA,NA,NA,4.67,6,https://www.airbnb.com/rooms/52339404
52343745,$91.00,Neighborhood highlights,1,1,1,1,4.74,50,https://www.airbnb.com/rooms/52343745
52351256,$122.00,Neighborhood highlights,4,1,2,2,5,6,https://www.airbnb.com/rooms/52351256
52353508,$265.00,Neighborhood highlights,2,1,2,2,4.98,56,https://www.airbnb.com/rooms/52353508
52353916,NA,NA,2,NA,NA,NA,4.79,24,https://www.airbnb.com/rooms/52353916
52354363,$206.00,Neighborhood highlights,13,2,4,5,4.39,54,https://www.airbnb.com/rooms/52354363
52354591,$125.00,NA,6,1,2,4,4.83,35,https://www.airbnb.com/rooms/52354591
52355596,$250.00,Neighborhood highlights,2,1,1,1,4.98,281,https://www.airbnb.com/rooms/52355596
52355957,NA,Neighborhood highlights,2,NA,NA,NA,4.92,37,https://www.airbnb.com/rooms/52355957
52360862,$600.00,Neighborhood highlights,10,2.5,4,5,4.81,16,https://www.airbnb.com/rooms/52360862
52363247,$225.00,NA,5,1,2,2,4.83,53,https://www.airbnb.com/rooms/52363247
52365494,$193.00,Neighborhood highlights,4,1,2,3,4.75,8,https://www.airbnb.com/rooms/52365494
52365660,$415.00,Neighborhood highlights,8,3.5,5,7,5,6,https://www.airbnb.com/rooms/52365660
52366169,$176.00,NA,4,1,1,1,4.98,93,https://www.airbnb.com/rooms/52366169
52367339,$250.00,Neighborhood highlights,2,2.5,1,1,5,1,https://www.airbnb.com/rooms/52367339
52367668,$190.00,Neighborhood highlights,2,1,1,1,4.12,81,https://www.airbnb.com/rooms/52367668
52368136,$200.00,Neighborhood highlights,2,1.5,1,1,5,2,https://www.airbnb.com/rooms/52368136
52368832,$200.00,Neighborhood highlights,2,1.5,1,1,NA,0,https://www.airbnb.com/rooms/52368832
52368962,$70.00,Neighborhood highlights,2,1,1,1,4.72,50,https://www.airbnb.com/rooms/52368962
52369054,$225.00,Neighborhood highlights,2,1.5,1,1,NA,0,https://www.airbnb.com/rooms/52369054
52372037,$200.00,Neighborhood highlights,2,1,1,1,NA,0,https://www.airbnb.com/rooms/52372037
52373813,NA,NA,4,NA,NA,NA,5,1,https://www.airbnb.com/rooms/52373813
52374326,NA,NA,16,NA,NA,NA,5,2,https://www.airbnb.com/rooms/52374326
52374738,NA,NA,2,NA,1,NA,4.55,11,https://www.airbnb.com/rooms/52374738
52380053,NA,Neighborhood highlights,2,NA,NA,NA,4.83,80,https://www.airbnb.com/rooms/52380053
52380858,$100.00,Neighborhood highlights,2,1,1,2,4.76,58,https://www.airbnb.com/rooms/52380858
52380967,NA,NA,1,NA,2,NA,NA,0,https://www.airbnb.com/rooms/52380967
52381790,$73.00,NA,1,1,2,1,NA,0,https://www.airbnb.com/rooms/52381790
52382383,$84.00,NA,1,0,2,1,NA,0,https://www.airbnb.com/rooms/52382383
52382837,$225.00,Neighborhood highlights,2,1.5,1,1,4.86,44,https://www.airbnb.com/rooms/52382837
52384047,$336.00,Neighborhood highlights,5,2.5,3,3,5,1,https://www.airbnb.com/rooms/52384047
52388002,$799.00,NA,5,3,3,3,NA,0,https://www.airbnb.com/rooms/52388002
52389360,$175.00,Neighborhood highlights,2,1,1,2,4.96,52,https://www.airbnb.com/rooms/52389360
52389697,$38.00,Neighborhood highlights,2,1,1,1,NA,0,https://www.airbnb.com/rooms/52389697
52390610,$43.00,Neighborhood highlights,2,1,1,1,4.24,29,https://www.airbnb.com/rooms/52390610
52397728,NA,NA,1,NA,NA,NA,NA,0,https://www.airbnb.com/rooms/52397728
52399609,$275.00,NA,4,2,2,2,5,19,https://www.airbnb.com/rooms/52399609
52399899,$140.00,Neighborhood highlights,5,2,2,4,5,5,https://www.airbnb.com/rooms/52399899
52404207,NA,NA,2,NA,NA,NA,4.33,3,https://www.airbnb.com/rooms/52404207
52404588,$92.00,Neighborhood highlights,4,1,2,2,4.63,70,https://www.airbnb.com/rooms/52404588
52405277,$80.00,Neighborhood highlights,1,1,1,1,4.82,38,https://www.airbnb.com/rooms/52405277
52407383,"$3,000.00",Neighborhood highlights,16,0.5,1,1,5,2,https://www.airbnb.com/rooms/52407383
52408941,$67.00,Neighborhood highlights,2,1,1,1,4.73,70,https://www.airbnb.com/rooms/52408941
52411201,$200.00,Neighborhood highlights,3,1,1,2,4.84,87,https://www.airbnb.com/rooms/52411201
52417096,$159.00,Neighborhood highlights,3,1,0,1,4.2,5,https://www.airbnb.com/rooms/52417096
52417197,$68.00,Neighborhood highlights,2,1,1,1,4.82,97,https://www.airbnb.com/rooms/52417197
52417450,$443.00,NA,4,1,2,2,5,5,https://www.airbnb.com/rooms/52417450
52417541,NA,NA,1,NA,1,NA,NA,0,https://www.airbnb.com/rooms/52417541
52418045,$43.00,NA,1,1,1,1,NA,0,https://www.airbnb.com/rooms/52418045
52419044,$195.00,NA,4,2,2,2,5,38,https://www.airbnb.com/rooms/52419044
52421812,$129.00,Neighborhood highlights,5,1,2,2,4.87,127,https://www.airbnb.com/rooms/52421812
52423204,$50.00,Neighborhood highlights,2,1.5,1,1,4.83,30,https://www.airbnb.com/rooms/52423204
52426248,$135.00,Neighborhood highlights,2,1,0,2,4.88,41,https://www.airbnb.com/rooms/52426248
52427297,$111.00,NA,2,1,1,1,4.74,84,https://www.airbnb.com/rooms/52427297
52427312,$150.00,Neighborhood highlights,5,1,1,2,4.55,40,https://www.airbnb.com/rooms/52427312
52427607,$160.00,NA,2,1,1,2,4.8,5,https://www.airbnb.com/rooms/52427607
52427990,$55.00,NA,1,1,1,1,5,26,https://www.airbnb.com/rooms/52427990
52435248,$98.00,NA,2,1,NA,1,3.5,2,https://www.airbnb.com/rooms/52435248
52438125,NA,NA,1,NA,1,NA,NA,0,https://www.airbnb.com/rooms/52438125
52440477,$74.00,NA,1,0,4,1,NA,0,https://www.airbnb.com/rooms/52440477
52440958,$305.00,NA,2,1,2,2,4.97,109,https://www.airbnb.com/rooms/52440958
52441335,$69.00,NA,2,1,1,1,4.65,20,https://www.airbnb.com/rooms/52441335
52442468,$115.00,NA,2,1,0,1,4.89,9,https://www.airbnb.com/rooms/52442468
52443892,$126.00,Neighborhood highlights,2,1,1,1,4.69,64,https://www.airbnb.com/rooms/52443892
52444758,$73.00,NA,2,3,0,1,4.5,2,https://www.airbnb.com/rooms/52444758
52444890,$78.00,Neighborhood highlights,2,1,2,2,4.9,20,https://www.airbnb.com/rooms/52444890
52451077,NA,NA,2,NA,NA,NA,5,2,https://www.airbnb.com/rooms/52451077
52451281,$119.00,NA,4,1,1,2,4.79,24,https://www.airbnb.com/rooms/52451281
52452307,NA,NA,1,NA,1,NA,NA,0,https://www.airbnb.com/rooms/52452307
52453861,$319.00,Neighborhood highlights,4,1,2,2,4.63,8,https://www.airbnb.com/rooms/52453861
52455685,$149.00,Neighborhood highlights,2,1,2,2,4.35,20,https://www.airbnb.com/rooms/52455685
52456544,NA,NA,4,NA,1,NA,5,5,https://www.airbnb.com/rooms/52456544
52459126,$145.00,Neighborhood highlights,2,1,1,1,5,7,https://www.airbnb.com/rooms/52459126
52465376,$289.00,Neighborhood highlights,2,1,1,1,5,2,https://www.airbnb.com/rooms/52465376
52466688,$477.00,NA,2,2,4,4,4.95,78,https://www.airbnb.com/rooms/52466688
52470416,NA,Neighborhood highlights,3,NA,1,NA,5,6,https://www.airbnb.com/rooms/52470416
52471756,$90.00,Neighborhood highlights,2,1,1,1,4.6,5,https://www.airbnb.com/rooms/52471756
52472350,$79.00,NA,2,1,2,2,5,1,https://www.airbnb.com/rooms/52472350
52476530,$135.00,Neighborhood highlights,5,1,2,2,5,2,https://www.airbnb.com/rooms/52476530
52481960,$403.00,Neighborhood highlights,4,2,2,2,NA,0,https://www.airbnb.com/rooms/52481960
52487784,$109.00,Neighborhood highlights,2,1,1,2,4.77,43,https://www.airbnb.com/rooms/52487784
52490036,$290.00,NA,5,1,2,2,4.79,19,https://www.airbnb.com/rooms/52490036
52491515,$200.00,NA,3,1,3,3,4.33,9,https://www.airbnb.com/rooms/52491515
52492041,$109.00,NA,2,1,1,1,4.86,51,https://www.airbnb.com/rooms/52492041
52492455,$167.00,NA,2,1,1,1,4.94,31,https://www.airbnb.com/rooms/52492455
52497241,NA,NA,1,NA,1,NA,NA,0,https://www.airbnb.com/rooms/52497241
52499504,$151.00,Neighborhood highlights,2,1,0,2,5,2,https://www.airbnb.com/rooms/52499504
52500005,$40.00,NA,1,1,1,1,NA,0,https://www.airbnb.com/rooms/52500005
52500799,$223.00,Neighborhood highlights,3,1,1,2,NA,0,https://www.airbnb.com/rooms/52500799
52507609,NA,NA,1,NA,1,NA,NA,0,https://www.airbnb.com/rooms/52507609
52508207,$100.00,Neighborhood highlights,1,1,1,1,5,1,https://www.airbnb.com/rooms/52508207
52508357,NA,NA,1,NA,1,NA,NA,0,https://www.airbnb.com/rooms/52508357
52508703,NA,NA,1,NA,1,NA,NA,0,https://www.airbnb.com/rooms/52508703
52509268,NA,NA,1,NA,1,NA,NA,0,https://www.airbnb.com/rooms/52509268
52511469,NA,Neighborhood highlights,4,NA,1,NA,4.64,59,https://www.airbnb.com/rooms/52511469
52514131,NA,NA,1,NA,1,NA,NA,0,https://www.airbnb.com/rooms/52514131
52517517,$116.00,Neighborhood highlights,4,1,2,3,4.63,8,https://www.airbnb.com/rooms/52517517
52519097,NA,Neighborhood highlights,4,NA,NA,NA,4.97,61,https://www.airbnb.com/rooms/52519097
52519616,NA,NA,2,NA,NA,NA,5,2,https://www.airbnb.com/rooms/52519616
52527440,NA,NA,2,NA,1,NA,5,1,https://www.airbnb.com/rooms/52527440
52529887,NA,NA,1,NA,NA,NA,3,1,https://www.airbnb.com/rooms/52529887
52534089,NA,Neighborhood highlights,4,NA,NA,NA,NA,0,https://www.airbnb.com/rooms/52534089
52534281,$89.00,NA,2,1,0,2,4.44,159,https://www.airbnb.com/rooms/52534281
52534282,NA,Neighborhood highlights,4,NA,NA,NA,NA,0,https://www.airbnb.com/rooms/52534282
52534815,$85.00,Neighborhood highlights,2,1,1,0,4.35,285,https://www.airbnb.com/rooms/52534815
52534882,$121.00,NA,2,1,0,1,5,5,https://www.airbnb.com/rooms/52534882
52535430,$100.00,Neighborhood highlights,1,1,1,1,5,1,https://www.airbnb.com/rooms/52535430
52547649,$85.00,NA,1,0,2,1,NA,0,https://www.airbnb.com/rooms/52547649
52551120,$160.00,NA,2,1,1,1,4.73,11,https://www.airbnb.com/rooms/52551120
52551893,NA,NA,2,NA,1,NA,4.39,28,https://www.airbnb.com/rooms/52551893
52551903,NA,NA,2,NA,1,NA,4.44,36,https://www.airbnb.com/rooms/52551903
52551973,$176.00,NA,4,1,1,2,4.3,10,https://www.airbnb.com/rooms/52551973
52551976,NA,NA,2,NA,1,NA,4.33,24,https://www.airbnb.com/rooms/52551976
52551990,NA,NA,2,NA,1,NA,4.39,67,https://www.airbnb.com/rooms/52551990
52552429,$136.00,NA,2,1,1,1,4.67,3,https://www.airbnb.com/rooms/52552429
52552638,$200.00,NA,6,1,3,3,4.6,5,https://www.airbnb.com/rooms/52552638
52552836,NA,NA,2,NA,1,NA,4.59,32,https://www.airbnb.com/rooms/52552836
52552844,NA,NA,2,NA,1,NA,4.48,42,https://www.airbnb.com/rooms/52552844
52552861,NA,NA,2,NA,1,NA,4.55,38,https://www.airbnb.com/rooms/52552861
52552869,NA,NA,2,NA,1,NA,4.42,53,https://www.airbnb.com/rooms/52552869
52552873,NA,NA,2,NA,1,NA,4.51,35,https://www.airbnb.com/rooms/52552873
52553139,NA,NA,2,NA,1,NA,4.42,38,https://www.airbnb.com/rooms/52553139
52553144,NA,NA,2,NA,1,NA,4.59,27,https://www.airbnb.com/rooms/52553144
52553150,NA,NA,2,NA,1,NA,4.44,27,https://www.airbnb.com/rooms/52553150
52553154,NA,NA,2,NA,1,NA,4.26,23,https://www.airbnb.com/rooms/52553154
52553162,NA,NA,2,NA,1,NA,4.32,38,https://www.airbnb.com/rooms/52553162
52553198,NA,NA,2,NA,1,NA,4.21,42,https://www.airbnb.com/rooms/52553198
52553202,NA,NA,2,NA,1,NA,4.07,27,https://www.airbnb.com/rooms/52553202
52553205,NA,NA,2,NA,1,NA,4.47,32,https://www.airbnb.com/rooms/52553205
52553208,NA,NA,2,NA,1,NA,4.71,28,https://www.airbnb.com/rooms/52553208
52553406,NA,NA,2,NA,1,NA,4.62,29,https://www.airbnb.com/rooms/52553406
52553425,NA,NA,2,NA,1,NA,4.5,24,https://www.airbnb.com/rooms/52553425
52553432,NA,NA,2,NA,1,NA,4.5,32,https://www.airbnb.com/rooms/52553432
52553434,NA,NA,2,NA,1,NA,4.33,21,https://www.airbnb.com/rooms/52553434
52553457,NA,NA,2,NA,1,NA,4.55,53,https://www.airbnb.com/rooms/52553457
52553462,NA,NA,2,NA,1,NA,4.23,39,https://www.airbnb.com/rooms/52553462
52553466,NA,NA,2,NA,1,NA,4.48,52,https://www.airbnb.com/rooms/52553466
52553468,NA,NA,2,NA,1,NA,4.52,31,https://www.airbnb.com/rooms/52553468
52553472,NA,NA,2,NA,1,NA,4.2,41,https://www.airbnb.com/rooms/52553472
52553481,NA,NA,2,NA,1,NA,4.05,22,https://www.airbnb.com/rooms/52553481
52553488,NA,NA,2,NA,1,NA,4.63,43,https://www.airbnb.com/rooms/52553488
52553506,NA,NA,2,NA,1,NA,4.51,55,https://www.airbnb.com/rooms/52553506
52553510,NA,NA,2,NA,1,NA,4.11,28,https://www.airbnb.com/rooms/52553510
52553514,NA,NA,2,NA,1,NA,4.27,26,https://www.airbnb.com/rooms/52553514
52553519,NA,NA,2,NA,1,NA,4.6,65,https://www.airbnb.com/rooms/52553519
52553524,NA,NA,2,NA,1,NA,4.68,57,https://www.airbnb.com/rooms/52553524
52553530,NA,NA,2,NA,1,NA,4.63,48,https://www.airbnb.com/rooms/52553530
52553537,NA,NA,2,NA,1,NA,4.51,77,https://www.airbnb.com/rooms/52553537
52553541,NA,NA,2,NA,1,NA,4.67,18,https://www.airbnb.com/rooms/52553541
52553544,NA,NA,2,NA,1,NA,4.21,38,https://www.airbnb.com/rooms/52553544
52553547,NA,NA,2,NA,1,NA,4.62,39,https://www.airbnb.com/rooms/52553547
52553725,$135.00,Neighborhood highlights,4,1,2,2,4.78,9,https://www.airbnb.com/rooms/52553725
52554380,$127.00,Neighborhood highlights,1,2,1,1,4.96,165,https://www.airbnb.com/rooms/52554380
52555884,$86.00,Neighborhood highlights,2,1,0,2,4.96,81,https://www.airbnb.com/rooms/52555884
52557630,$122.00,Neighborhood highlights,4,1,2,2,5,5,https://www.airbnb.com/rooms/52557630
52557797,$48.00,NA,1,1,2,2,5,2,https://www.airbnb.com/rooms/52557797
52558166,$175.00,Neighborhood highlights,2,1,0,2,NA,0,https://www.airbnb.com/rooms/52558166
52561467,$120.00,NA,2,1,1,1,4.64,28,https://www.airbnb.com/rooms/52561467
52562444,$208.00,NA,2,1,1,2,NA,0,https://www.airbnb.com/rooms/52562444
52562594,$62.00,NA,1,0,5,1,NA,0,https://www.airbnb.com/rooms/52562594
52565543,NA,NA,1,NA,1,NA,NA,0,https://www.airbnb.com/rooms/52565543
52565735,NA,NA,1,NA,1,NA,NA,0,https://www.airbnb.com/rooms/52565735
52566357,NA,NA,2,NA,1,NA,4.93,43,https://www.airbnb.com/rooms/52566357
52570569,NA,Neighborhood highlights,2,NA,1,NA,4.86,178,https://www.airbnb.com/rooms/52570569
52570585,$119.00,Neighborhood highlights,2,1,1,2,4.93,15,https://www.airbnb.com/rooms/52570585
52570981,$750.00,Neighborhood highlights,4,1,1,1,4.92,225,https://www.airbnb.com/rooms/52570981
52578551,$166.00,Neighborhood highlights,1,1,1,1,4.93,81,https://www.airbnb.com/rooms/52578551
52578913,$99.00,Neighborhood highlights,1,1,1,1,4.97,68,https://www.airbnb.com/rooms/52578913
52578966,$145.00,NA,4,1,2,2,4.71,59,https://www.airbnb.com/rooms/52578966
52582634,$175.00,NA,8,1,3,4,4.58,26,https://www.airbnb.com/rooms/52582634
52583253,NA,NA,1,NA,NA,NA,NA,0,https://www.airbnb.com/rooms/52583253
52583836,NA,NA,2,NA,1,NA,5,9,https://www.airbnb.com/rooms/52583836
52585014,NA,Neighborhood highlights,4,NA,1,NA,5,11,https://www.airbnb.com/rooms/52585014
52585129,$79.00,NA,1,1,1,1,4.88,33,https://www.airbnb.com/rooms/52585129
52586060,$40.00,Neighborhood highlights,2,1,1,1,NA,0,https://www.airbnb.com/rooms/52586060
52586577,$60.00,NA,2,1,1,1,4.85,52,https://www.airbnb.com/rooms/52586577
52586825,NA,NA,2,NA,NA,NA,5,1,https://www.airbnb.com/rooms/52586825
52587673,NA,NA,2,NA,NA,NA,5,2,https://www.airbnb.com/rooms/52587673
52591041,NA,NA,2,NA,NA,NA,4.86,14,https://www.airbnb.com/rooms/52591041
52593299,$200.00,NA,2,1,1,1,5,1,https://www.airbnb.com/rooms/52593299
52593554,$190.00,Neighborhood highlights,2,1,2,2,4.97,189,https://www.airbnb.com/rooms/52593554
52593641,NA,NA,1,NA,1,NA,4,1,https://www.airbnb.com/rooms/52593641
52593840,NA,NA,1,NA,1,NA,NA,0,https://www.airbnb.com/rooms/52593840
52599501,$100.00,Neighborhood highlights,1,1,1,1,5,3,https://www.airbnb.com/rooms/52599501
52600890,NA,NA,2,NA,NA,NA,NA,0,https://www.airbnb.com/rooms/52600890
52607337,$354.00,Neighborhood highlights,7,2.5,3,4,4.91,54,https://www.airbnb.com/rooms/52607337
52607603,NA,Neighborhood highlights,2,NA,1,NA,5,1,https://www.airbnb.com/rooms/52607603
52607778,NA,NA,1,NA,1,NA,NA,0,https://www.airbnb.com/rooms/52607778
52608288,NA,NA,1,NA,1,NA,NA,0,https://www.airbnb.com/rooms/52608288
52608511,NA,NA,2,NA,1,NA,5,1,https://www.airbnb.com/rooms/52608511
52609678,NA,Neighborhood highlights,2,NA,1,NA,4.67,3,https://www.airbnb.com/rooms/52609678
52609953,$90.00,NA,2,1,1,1,4.93,132,https://www.airbnb.com/rooms/52609953
52610408,$145.00,Neighborhood highlights,2,1,1,1,NA,0,https://www.airbnb.com/rooms/52610408
52611423,$90.00,Neighborhood highlights,2,1,1,1,4.77,122,https://www.airbnb.com/rooms/52611423
52611526,$184.00,NA,1,1,1,1,4.94,36,https://www.airbnb.com/rooms/52611526
52611770,$383.00,NA,5,2,2,3,4.67,3,https://www.airbnb.com/rooms/52611770
52613594,$150.00,NA,2,1,1,1,4.89,28,https://www.airbnb.com/rooms/52613594
52614094,NA,NA,1,NA,NA,NA,4,1,https://www.airbnb.com/rooms/52614094
52614450,NA,Neighborhood highlights,2,NA,NA,NA,4.8,20,https://www.airbnb.com/rooms/52614450
52617173,NA,NA,6,NA,NA,NA,5,1,https://www.airbnb.com/rooms/52617173
52617375,$50.00,NA,1,1,1,1,4.77,35,https://www.airbnb.com/rooms/52617375
52618107,NA,NA,3,NA,NA,NA,NA,0,https://www.airbnb.com/rooms/52618107
52618225,$65.00,Neighborhood highlights,2,1,1,1,4.33,9,https://www.airbnb.com/rooms/52618225
52618390,$124.00,Neighborhood highlights,1,1,1,1,4.99,79,https://www.airbnb.com/rooms/52618390
52618396,$132.00,Neighborhood highlights,2,1,1,1,4.93,200,https://www.airbnb.com/rooms/52618396
52618610,$172.00,Neighborhood highlights,2,1,NA,1,4.67,3,https://www.airbnb.com/rooms/52618610
52619623,NA,NA,2,NA,NA,NA,NA,0,https://www.airbnb.com/rooms/52619623
52621315,NA,NA,3,NA,1,NA,4.33,3,https://www.airbnb.com/rooms/52621315
52622727,NA,Neighborhood highlights,6,NA,3,NA,5,2,https://www.airbnb.com/rooms/52622727
52623783,NA,Neighborhood highlights,2,NA,1,NA,4.92,12,https://www.airbnb.com/rooms/52623783
52631606,NA,Neighborhood highlights,2,NA,1,NA,5,4,https://www.airbnb.com/rooms/52631606
52634243,$118.00,NA,1,1,1,1,4.82,57,https://www.airbnb.com/rooms/52634243
52636529,$329.00,Neighborhood highlights,3,1,1,1,5,1,https://www.airbnb.com/rooms/52636529
52636880,NA,NA,1,NA,NA,NA,NA,0,https://www.airbnb.com/rooms/52636880
52637377,$98.00,NA,2,1,1,2,4.41,155,https://www.airbnb.com/rooms/52637377
52637973,$65.00,NA,2,1,1,2,4.58,19,https://www.airbnb.com/rooms/52637973
52638214,$199.00,NA,4,1,1,1,4.45,56,https://www.airbnb.com/rooms/52638214
52639158,$199.00,Neighborhood highlights,4,1,2,2,4.85,81,https://www.airbnb.com/rooms/52639158
52639956,NA,Neighborhood highlights,2,NA,1,NA,4.8,5,https://www.airbnb.com/rooms/52639956
52641190,$88.00,NA,1,1,1,1,4.64,33,https://www.airbnb.com/rooms/52641190
52641304,$102.00,NA,1,1,1,1,4.83,30,https://www.airbnb.com/rooms/52641304
52648068,$109.00,Neighborhood highlights,4,1,2,3,4.69,13,https://www.airbnb.com/rooms/52648068
52651961,NA,NA,2,NA,NA,NA,NA,0,https://www.airbnb.com/rooms/52651961
52652429,$225.00,NA,2,1,1,1,5,3,https://www.airbnb.com/rooms/52652429
52654519,$389.00,Neighborhood highlights,3,1,1,1,4.89,37,https://www.airbnb.com/rooms/52654519
52656590,$106.00,Neighborhood highlights,1,1,1,1,5,5,https://www.airbnb.com/rooms/52656590
52656995,NA,Neighborhood highlights,4,NA,1,NA,NA,0,https://www.airbnb.com/rooms/52656995
52657552,NA,NA,2,NA,1,NA,4.95,22,https://www.airbnb.com/rooms/52657552
52659735,NA,NA,2,NA,NA,NA,5,1,https://www.airbnb.com/rooms/52659735
52664308,$96.00,Neighborhood highlights,2,1,1,1,4.92,53,https://www.airbnb.com/rooms/52664308
52665729,$85.00,NA,2,1,1,1,4.8,10,https://www.airbnb.com/rooms/52665729
52665936,$399.00,Neighborhood highlights,4,1.5,2,2,2,1,https://www.airbnb.com/rooms/52665936
52666318,$403.00,Neighborhood highlights,3,1,1,1,NA,0,https://www.airbnb.com/rooms/52666318
52668079,$128.00,Neighborhood highlights,2,1,1,1,5,51,https://www.airbnb.com/rooms/52668079
52670276,$240.00,Neighborhood highlights,2,1,1,1,5,3,https://www.airbnb.com/rooms/52670276
52671855,$125.00,Neighborhood highlights,2,1,1,2,NA,0,https://www.airbnb.com/rooms/52671855
52672732,$100.00,Neighborhood highlights,5,1,2,3,5,28,https://www.airbnb.com/rooms/52672732
52674546,$108.00,NA,2,1,1,2,4.91,94,https://www.airbnb.com/rooms/52674546
52675191,$150.00,Neighborhood highlights,2,2,1,1,4.98,81,https://www.airbnb.com/rooms/52675191
52675687,$55.00,Neighborhood highlights,1,2,1,1,4.54,13,https://www.airbnb.com/rooms/52675687
52679592,$282.00,Neighborhood highlights,4,1.5,2,2,NA,0,https://www.airbnb.com/rooms/52679592
52683054,$55.00,Neighborhood highlights,1,1,1,1,4.56,27,https://www.airbnb.com/rooms/52683054
52687117,NA,Neighborhood highlights,3,NA,1,NA,4.86,7,https://www.airbnb.com/rooms/52687117
52687752,NA,Neighborhood highlights,12,NA,NA,NA,5,1,https://www.airbnb.com/rooms/52687752
52688154,$229.00,NA,2,1,1,1,NA,0,https://www.airbnb.com/rooms/52688154
52689535,$187.00,NA,6,1,1,2,4.57,30,https://www.airbnb.com/rooms/52689535
52690310,$163.00,Neighborhood highlights,3,1,1,1,5,1,https://www.airbnb.com/rooms/52690310
52690774,$58.00,Neighborhood highlights,1,1,1,1,4.58,24,https://www.airbnb.com/rooms/52690774
52690843,$50.00,Neighborhood highlights,1,1,1,1,4.71,7,https://www.airbnb.com/rooms/52690843
52690885,$60.00,Neighborhood highlights,1,2,1,1,4.73,11,https://www.airbnb.com/rooms/52690885
52690933,$58.00,Neighborhood highlights,2,2,1,1,4.47,19,https://www.airbnb.com/rooms/52690933
52691176,$90.00,NA,2,1,0,1,4,2,https://www.airbnb.com/rooms/52691176
52692555,$136.00,Neighborhood highlights,2,1,1,1,4.98,47,https://www.airbnb.com/rooms/52692555
52700537,$170.00,Neighborhood highlights,4,2,2,7,5,3,https://www.airbnb.com/rooms/52700537
52701221,$279.00,NA,2,1,1,1,NA,0,https://www.airbnb.com/rooms/52701221
52702018,$103.00,NA,4,1,1,2,4.9,199,https://www.airbnb.com/rooms/52702018
52703094,$66.00,Neighborhood highlights,2,1,1,3,4.85,26,https://www.airbnb.com/rooms/52703094
52703852,$90.00,NA,2,1,1,1,4.81,97,https://www.airbnb.com/rooms/52703852
52705563,$290.00,NA,1,1,1,2,4.75,4,https://www.airbnb.com/rooms/52705563
52705960,$800.00,NA,6,1,3,3,5,1,https://www.airbnb.com/rooms/52705960
52706726,$900.00,Neighborhood highlights,2,1,1,1,4.8,5,https://www.airbnb.com/rooms/52706726
52712672,$90.00,NA,1,1,1,1,4.87,31,https://www.airbnb.com/rooms/52712672
52714650,$167.00,Neighborhood highlights,3,1,0,1,5,1,https://www.airbnb.com/rooms/52714650
52716416,$220.00,Neighborhood highlights,6,1,2,5,4.81,117,https://www.airbnb.com/rooms/52716416
52717083,NA,NA,2,NA,NA,NA,NA,0,https://www.airbnb.com/rooms/52717083
52718388,$239.00,Neighborhood highlights,5,1,1,2,4.92,176,https://www.airbnb.com/rooms/52718388
52718808,$160.00,NA,4,1,2,2,4.81,62,https://www.airbnb.com/rooms/52718808
52721803,$88.00,Neighborhood highlights,2,1,1,2,5,11,https://www.airbnb.com/rooms/52721803
52721824,$93.00,Neighborhood highlights,1,1,0,1,5,3,https://www.airbnb.com/rooms/52721824
52731161,$275.00,NA,2,1,1,1,4.88,34,https://www.airbnb.com/rooms/52731161
52731316,$275.00,NA,2,1,1,1,4.74,38,https://www.airbnb.com/rooms/52731316
52731419,$275.00,NA,2,1,1,1,4.83,42,https://www.airbnb.com/rooms/52731419
52732645,NA,Neighborhood highlights,2,NA,1,NA,4.88,33,https://www.airbnb.com/rooms/52732645
52736035,NA,Neighborhood highlights,11,NA,NA,NA,NA,0,https://www.airbnb.com/rooms/52736035
52737799,$116.00,NA,2,1,1,2,4.92,143,https://www.airbnb.com/rooms/52737799
52744634,$250.00,Neighborhood highlights,2,2,3,4,4.6,72,https://www.airbnb.com/rooms/52744634
52747790,"$1,200.00",Neighborhood highlights,10,2,5,5,4.31,32,https://www.airbnb.com/rooms/52747790
52749216,$250.00,Neighborhood highlights,2,1,1,1,4.95,92,https://www.airbnb.com/rooms/52749216
52749770,$256.00,Neighborhood highlights,4,1,1,1,4.25,16,https://www.airbnb.com/rooms/52749770
52749784,$251.00,Neighborhood highlights,4,1,1,1,3.85,20,https://www.airbnb.com/rooms/52749784
52749804,$248.00,Neighborhood highlights,2,1,1,2,4.25,12,https://www.airbnb.com/rooms/52749804
52752339,$175.00,Neighborhood highlights,4,1,1,2,5,9,https://www.airbnb.com/rooms/52752339
52753023,$250.00,Neighborhood highlights,8,2,3,3,NA,0,https://www.airbnb.com/rooms/52753023
52754282,$240.00,NA,2,1,1,2,4.96,24,https://www.airbnb.com/rooms/52754282
52755364,$395.00,Neighborhood highlights,4,1,2,2,4.9,20,https://www.airbnb.com/rooms/52755364
52755449,$160.00,NA,2,1,1,2,4.78,23,https://www.airbnb.com/rooms/52755449
52755593,$400.00,NA,4,1,1,1,4.88,24,https://www.airbnb.com/rooms/52755593
52755763,$45.00,Neighborhood highlights,1,1,1,1,4.88,8,https://www.airbnb.com/rooms/52755763
52756284,$70.00,NA,2,1,1,1,4.68,59,https://www.airbnb.com/rooms/52756284
52756850,$55.00,Neighborhood highlights,3,1,1,1,5,2,https://www.airbnb.com/rooms/52756850
52757238,NA,NA,1,NA,1,NA,5,11,https://www.airbnb.com/rooms/52757238
52759509,$33.00,Neighborhood highlights,1,1,1,0,5,2,https://www.airbnb.com/rooms/52759509
52759696,$119.00,NA,4,1,2,3,4,4,https://www.airbnb.com/rooms/52759696
52761116,$95.00,NA,3,1,1,2,4.92,142,https://www.airbnb.com/rooms/52761116
52766414,$200.00,Neighborhood highlights,3,1,2,2,4.85,13,https://www.airbnb.com/rooms/52766414
52769186,$109.00,NA,2,1,1,1,5,4,https://www.airbnb.com/rooms/52769186
52771412,$208.00,Neighborhood highlights,2,1,1,1,3.91,32,https://www.airbnb.com/rooms/52771412
52772214,$571.00,NA,4,2,1,2,4.63,56,https://www.airbnb.com/rooms/52772214
52772578,"$1,529.00",NA,8,2,4,4,4.8,98,https://www.airbnb.com/rooms/52772578
52774567,$105.00,Neighborhood highlights,3,1,1,1,4.9,71,https://www.airbnb.com/rooms/52774567
52774582,NA,NA,2,NA,1,NA,4.4,30,https://www.airbnb.com/rooms/52774582
52775347,$449.00,Neighborhood highlights,6,1,1,1,4.52,73,https://www.airbnb.com/rooms/52775347
52781243,$118.00,NA,2,1,1,1,4,7,https://www.airbnb.com/rooms/52781243
52781681,$51.00,NA,1,1.5,1,1,4.86,7,https://www.airbnb.com/rooms/52781681
52782607,$55.00,NA,1,1,1,1,5,9,https://www.airbnb.com/rooms/52782607
52788498,$151.00,Neighborhood highlights,6,1,3,3,4.53,38,https://www.airbnb.com/rooms/52788498
52788859,NA,Neighborhood highlights,2,NA,1,NA,4.38,8,https://www.airbnb.com/rooms/52788859
52791162,$45.00,Neighborhood highlights,1,1,1,3,5,5,https://www.airbnb.com/rooms/52791162
52792869,$350.00,Neighborhood highlights,3,1,1,1,NA,0,https://www.airbnb.com/rooms/52792869
52793095,$134.00,Neighborhood highlights,2,1,1,4,4.79,141,https://www.airbnb.com/rooms/52793095
52793881,$149.00,NA,4,1,2,2,4.97,37,https://www.airbnb.com/rooms/52793881
52795397,NA,Neighborhood highlights,4,NA,2,NA,NA,0,https://www.airbnb.com/rooms/52795397
52795626,$476.00,NA,4,1,0,2,4.81,748,https://www.airbnb.com/rooms/52795626
52797203,$150.00,NA,2,1,1,2,4.69,13,https://www.airbnb.com/rooms/52797203
52799338,$104.00,Neighborhood highlights,4,1,2,4,4.95,57,https://www.airbnb.com/rooms/52799338
52799831,$150.00,NA,3,1,1,1,4.79,94,https://www.airbnb.com/rooms/52799831
52801190,$155.00,Neighborhood highlights,3,1,0,1,NA,0,https://www.airbnb.com/rooms/52801190
52804286,$300.00,NA,4,1,2,2,4.4,25,https://www.airbnb.com/rooms/52804286
52807490,NA,Neighborhood highlights,3,NA,1,NA,4.33,3,https://www.airbnb.com/rooms/52807490
52809285,$160.00,Neighborhood highlights,4,1,1,1,5,10,https://www.airbnb.com/rooms/52809285
52811319,NA,Neighborhood highlights,2,NA,1,NA,4.89,9,https://www.airbnb.com/rooms/52811319
52812917,NA,NA,2,NA,1,NA,4.8,20,https://www.airbnb.com/rooms/52812917
52814323,NA,NA,3,NA,1,NA,4.6,10,https://www.airbnb.com/rooms/52814323
52822073,$145.00,NA,4,1,2,2,5,9,https://www.airbnb.com/rooms/52822073
52822823,$100.00,Neighborhood highlights,1,1,1,1,5,3,https://www.airbnb.com/rooms/52822823
52823283,NA,Neighborhood highlights,16,NA,1,NA,1,1,https://www.airbnb.com/rooms/52823283
52823346,NA,NA,2,NA,1,NA,NA,0,https://www.airbnb.com/rooms/52823346
52823884,$800.00,NA,5,2,2,2,5,17,https://www.airbnb.com/rooms/52823884
52824025,$222.00,NA,2,1,2,2,4.83,30,https://www.airbnb.com/rooms/52824025
52824389,$100.00,Neighborhood highlights,1,1,1,1,5,3,https://www.airbnb.com/rooms/52824389
52825041,NA,Neighborhood highlights,2,NA,NA,NA,4.8,75,https://www.airbnb.com/rooms/52825041
52826943,$145.00,Neighborhood highlights,5,1.5,3,3,4.8,5,https://www.airbnb.com/rooms/52826943
52827359,NA,Neighborhood highlights,2,NA,NA,NA,4.78,32,https://www.airbnb.com/rooms/52827359
52830424,$96.00,Neighborhood highlights,4,1,1,1,5,2,https://www.airbnb.com/rooms/52830424
52833897,$148.00,NA,4,1,0,2,5,4,https://www.airbnb.com/rooms/52833897
52834116,$148.00,NA,4,1,0,2,5,6,https://www.airbnb.com/rooms/52834116
52834797,NA,Neighborhood highlights,2,NA,1,NA,5,8,https://www.airbnb.com/rooms/52834797
52835082,NA,NA,3,NA,1,NA,NA,0,https://www.airbnb.com/rooms/52835082
52836962,$189.00,Neighborhood highlights,4,2,2,4,4.8,5,https://www.airbnb.com/rooms/52836962
52838667,$225.00,Neighborhood highlights,2,1,0,1,5,6,https://www.airbnb.com/rooms/52838667
52839619,NA,Neighborhood highlights,5,NA,2,NA,4.91,78,https://www.airbnb.com/rooms/52839619
52839743,$143.00,Neighborhood highlights,2,1,1,2,4.91,96,https://www.airbnb.com/rooms/52839743
52842129,$45.00,NA,1,1,1,1,4.8,15,https://www.airbnb.com/rooms/52842129
52842611,$400.00,Neighborhood highlights,2,1,1,1,4.95,19,https://www.airbnb.com/rooms/52842611
52842845,$150.00,NA,4,1,1,2,4.17,6,https://www.airbnb.com/rooms/52842845
52843478,$53.00,NA,4,1,1,1,4.81,86,https://www.airbnb.com/rooms/52843478
52843726,$135.00,NA,2,1,1,3,4.94,36,https://www.airbnb.com/rooms/52843726
52844778,$57.00,NA,3,1,1,1,4.86,87,https://www.airbnb.com/rooms/52844778
52846635,$41.00,Neighborhood highlights,1,1,1,0,5,17,https://www.airbnb.com/rooms/52846635
52846661,$39.00,NA,1,2,1,1,NA,0,https://www.airbnb.com/rooms/52846661
52854012,$87.00,Neighborhood highlights,1,1.5,1,1,NA,0,https://www.airbnb.com/rooms/52854012
52854992,NA,NA,1,NA,1,NA,NA,0,https://www.airbnb.com/rooms/52854992
52855420,NA,NA,1,NA,1,NA,NA,0,https://www.airbnb.com/rooms/52855420
52857463,$99.00,Neighborhood highlights,2,2,1,1,4.75,115,https://www.airbnb.com/rooms/52857463
52859084,NA,NA,2,NA,NA,NA,4,12,https://www.airbnb.com/rooms/52859084
52860062,$158.00,NA,2,1,1,0,4.79,92,https://www.airbnb.com/rooms/52860062
52861365,$170.00,NA,6,1,4,4,4.25,4,https://www.airbnb.com/rooms/52861365
52861792,$345.00,Neighborhood highlights,4,1,1,1,4.73,15,https://www.airbnb.com/rooms/52861792
52862024,NA,Neighborhood highlights,2,NA,NA,NA,4.88,8,https://www.airbnb.com/rooms/52862024
52862058,"$10,000.00",NA,2,1,0,1,5,1,https://www.airbnb.com/rooms/52862058
52862855,$225.00,Neighborhood highlights,4,1.5,1,2,4.85,27,https://www.airbnb.com/rooms/52862855
52863559,$57.00,NA,1,1,1,NA,NA,0,https://www.airbnb.com/rooms/52863559
52864022,NA,NA,4,NA,2,NA,NA,0,https://www.airbnb.com/rooms/52864022
52868147,NA,Neighborhood highlights,4,NA,NA,NA,4.96,71,https://www.airbnb.com/rooms/52868147
52868962,$179.00,NA,6,1.5,3,0,4.84,43,https://www.airbnb.com/rooms/52868962
52869658,$274.00,Neighborhood highlights,2,1,1,1,NA,0,https://www.airbnb.com/rooms/52869658
52871655,$141.00,NA,4,1,1,2,4.83,6,https://www.airbnb.com/rooms/52871655
52872164,$84.00,NA,1,0,2,1,NA,0,https://www.airbnb.com/rooms/52872164
52872664,$79.00,NA,1,0,2,1,NA,0,https://www.airbnb.com/rooms/52872664
52875812,$130.00,Neighborhood highlights,4,1,2,3,5,61,https://www.airbnb.com/rooms/52875812
52877557,NA,Neighborhood highlights,2,NA,1,NA,4.92,12,https://www.airbnb.com/rooms/52877557
52879829,$148.00,Neighborhood highlights,4,1,2,2,4.9,10,https://www.airbnb.com/rooms/52879829
52882662,$400.00,Neighborhood highlights,2,1,1,2,4,1,https://www.airbnb.com/rooms/52882662
52883668,$65.00,NA,1,1,1,1,5,11,https://www.airbnb.com/rooms/52883668
52884956,$189.00,Neighborhood highlights,2,1,1,1,4.87,15,https://www.airbnb.com/rooms/52884956
52885449,$43.00,NA,1,1,1,1,5,1,https://www.airbnb.com/rooms/52885449
52885971,$96.00,Neighborhood highlights,2,1,1,3,4.67,43,https://www.airbnb.com/rooms/52885971
52886556,$65.00,Neighborhood highlights,1,1.5,1,2,4.71,21,https://www.airbnb.com/rooms/52886556
52894094,$212.00,Neighborhood highlights,3,1,1,1,NA,0,https://www.airbnb.com/rooms/52894094
52894257,NA,NA,4,NA,2,NA,5,4,https://www.airbnb.com/rooms/52894257
52895785,$41.00,NA,1,2,1,1,NA,0,https://www.airbnb.com/rooms/52895785
52896103,NA,NA,1,NA,4,NA,NA,0,https://www.airbnb.com/rooms/52896103
52897793,$203.00,Neighborhood highlights,4,1,0,2,4.51,88,https://www.airbnb.com/rooms/52897793
52901227,$135.00,NA,2,1,1,1,4.64,11,https://www.airbnb.com/rooms/52901227
52904589,$70.00,NA,2,1,1,1,5,3,https://www.airbnb.com/rooms/52904589
52905230,NA,NA,1,NA,1,NA,NA,0,https://www.airbnb.com/rooms/52905230
52905602,NA,NA,1,NA,4,NA,NA,0,https://www.airbnb.com/rooms/52905602
52906284,$166.00,Neighborhood highlights,2,1,1,2,4.96,50,https://www.airbnb.com/rooms/52906284
52912606,NA,Neighborhood highlights,2,NA,NA,NA,4.81,27,https://www.airbnb.com/rooms/52912606
52916520,$406.00,NA,4,1,1,2,5,2,https://www.airbnb.com/rooms/52916520
52916582,$426.00,NA,4,1,1,2,4.5,2,https://www.airbnb.com/rooms/52916582
52920789,$220.00,NA,2,1,1,1,4.8,45,https://www.airbnb.com/rooms/52920789
52921752,NA,Neighborhood highlights,1,NA,NA,NA,4.36,14,https://www.airbnb.com/rooms/52921752
52921783,$127.00,Neighborhood highlights,2,1,1,1,4.91,89,https://www.airbnb.com/rooms/52921783
52922566,$150.00,NA,2,1,1,1,4.97,60,https://www.airbnb.com/rooms/52922566
52923303,$40.00,NA,1,1.5,1,1,5,2,https://www.airbnb.com/rooms/52923303
52923759,NA,NA,1,NA,1,NA,NA,0,https://www.airbnb.com/rooms/52923759
52925691,NA,NA,2,NA,NA,NA,4.75,4,https://www.airbnb.com/rooms/52925691
52926435,NA,NA,1,NA,1,NA,4.83,6,https://www.airbnb.com/rooms/52926435
52930589,$145.00,Neighborhood highlights,2,1,1,2,4.88,102,https://www.airbnb.com/rooms/52930589
52932376,NA,Neighborhood highlights,1,NA,NA,NA,NA,0,https://www.airbnb.com/rooms/52932376
52934351,$201.00,NA,4,1,1,3,4.85,92,https://www.airbnb.com/rooms/52934351
52934401,$200.00,Neighborhood highlights,1,1,1,1,4.44,41,https://www.airbnb.com/rooms/52934401
52941331,$60.00,Neighborhood highlights,1,1,2,1,NA,0,https://www.airbnb.com/rooms/52941331
52946328,$64.00,NA,1,0,1,1,NA,0,https://www.airbnb.com/rooms/52946328
52948656,$278.00,Neighborhood highlights,2,1,1,1,5,4,https://www.airbnb.com/rooms/52948656
52948831,$35.00,NA,1,1,1,1,NA,0,https://www.airbnb.com/rooms/52948831
52949172,$323.00,Neighborhood highlights,7,1,1,4,4.68,82,https://www.airbnb.com/rooms/52949172
52949459,$229.00,Neighborhood highlights,2,1,1,1,5,3,https://www.airbnb.com/rooms/52949459
52952799,$100.00,Neighborhood highlights,2,2,1,1,4.77,101,https://www.airbnb.com/rooms/52952799
52953791,$67.00,NA,3,1,1,2,4.22,89,https://www.airbnb.com/rooms/52953791
52956029,NA,Neighborhood highlights,2,NA,NA,NA,NA,0,https://www.airbnb.com/rooms/52956029
52966412,$122.00,NA,2,1.5,1,2,4.94,201,https://www.airbnb.com/rooms/52966412
52967909,$106.00,NA,4,1,1,2,4.78,41,https://www.airbnb.com/rooms/52967909
52968366,NA,Neighborhood highlights,7,NA,3,NA,4.97,36,https://www.airbnb.com/rooms/52968366
52968839,$100.00,NA,2,1,1,1,5,3,https://www.airbnb.com/rooms/52968839
52969085,$414.00,Neighborhood highlights,6,1.5,3,4,4.91,23,https://www.airbnb.com/rooms/52969085
52969220,NA,Neighborhood highlights,2,NA,1,NA,4.77,13,https://www.airbnb.com/rooms/52969220
52971091,$65.00,Neighborhood highlights,2,1,1,2,4.61,70,https://www.airbnb.com/rooms/52971091
52972242,$100.00,Neighborhood highlights,1,1,1,1,4.87,30,https://www.airbnb.com/rooms/52972242
52972685,NA,NA,2,NA,1,NA,4.5,2,https://www.airbnb.com/rooms/52972685
52977888,$160.00,NA,2,1,0,1,4.56,9,https://www.airbnb.com/rooms/52977888
52982901,NA,NA,1,NA,NA,NA,4.5,2,https://www.airbnb.com/rooms/52982901
52987956,$380.00,NA,4,1,1,2,NA,0,https://www.airbnb.com/rooms/52987956
52993669,$199.00,Neighborhood highlights,2,1,1,1,4.82,77,https://www.airbnb.com/rooms/52993669
52995076,NA,Neighborhood highlights,2,NA,1,NA,5,8,https://www.airbnb.com/rooms/52995076
52995360,$160.00,Neighborhood highlights,4,2,1,1,5,2,https://www.airbnb.com/rooms/52995360
52997244,$180.00,Neighborhood highlights,4,1,2,2,4.8,10,https://www.airbnb.com/rooms/52997244
53002380,$178.00,Neighborhood highlights,2,1,0,1,4.82,77,https://www.airbnb.com/rooms/53002380
53005830,$395.00,Neighborhood highlights,4,2,2,2,4.94,18,https://www.airbnb.com/rooms/53005830
53006288,$243.00,NA,4,1,1,2,4.63,8,https://www.airbnb.com/rooms/53006288
53010674,$275.00,NA,4,1.5,2,2,5,11,https://www.airbnb.com/rooms/53010674
53011236,$89.00,Neighborhood highlights,1,1,1,1,4.93,44,https://www.airbnb.com/rooms/53011236
53012492,NA,Neighborhood highlights,4,NA,2,NA,5,7,https://www.airbnb.com/rooms/53012492
53020212,$96.00,NA,1,0,2,1,NA,0,https://www.airbnb.com/rooms/53020212
53021262,NA,Neighborhood highlights,1,NA,NA,NA,4.74,54,https://www.airbnb.com/rooms/53021262
53022508,$190.00,NA,4,1,2,2,5,3,https://www.airbnb.com/rooms/53022508
53022671,$277.00,NA,4,1,1,2,4.84,156,https://www.airbnb.com/rooms/53022671
53023798,$46.00,NA,1,1,1,1,NA,0,https://www.airbnb.com/rooms/53023798
53023852,$104.00,NA,1,0,2,1,NA,0,https://www.airbnb.com/rooms/53023852
53024119,NA,NA,1,NA,1,NA,NA,0,https://www.airbnb.com/rooms/53024119
53024626,$40.00,NA,1,1,1,1,NA,0,https://www.airbnb.com/rooms/53024626
53025759,NA,Neighborhood highlights,2,NA,1,NA,4.89,9,https://www.airbnb.com/rooms/53025759
53025816,$106.00,Neighborhood highlights,1,1,2,2,5,12,https://www.airbnb.com/rooms/53025816
53026239,$140.00,Neighborhood highlights,2,1,1,1,4.91,43,https://www.airbnb.com/rooms/53026239
53027258,$40.00,NA,1,1,1,NA,5,12,https://www.airbnb.com/rooms/53027258
53030274,$107.00,Neighborhood highlights,2,1.5,1,1,4.76,70,https://www.airbnb.com/rooms/53030274
53030346,NA,Neighborhood highlights,3,NA,2,NA,NA,0,https://www.airbnb.com/rooms/53030346
53030482,NA,Neighborhood highlights,2,NA,2,NA,4.45,11,https://www.airbnb.com/rooms/53030482
53030575,$112.00,Neighborhood highlights,2,1.5,1,1,4.85,97,https://www.airbnb.com/rooms/53030575
53031638,$420.00,Neighborhood highlights,6,2.5,2,2,4.93,44,https://www.airbnb.com/rooms/53031638
53031902,$100.00,Neighborhood highlights,2,1,1,1,4.97,37,https://www.airbnb.com/rooms/53031902
53032375,$69.00,Neighborhood highlights,2,1,1,1,4.45,51,https://www.airbnb.com/rooms/53032375
53032542,$99.00,Neighborhood highlights,2,1,1,1,4.96,27,https://www.airbnb.com/rooms/53032542
53032739,$93.00,Neighborhood highlights,2,1,1,1,4.7,47,https://www.airbnb.com/rooms/53032739
53039467,$67.00,NA,1,0,4,1,NA,0,https://www.airbnb.com/rooms/53039467
53040065,NA,NA,2,NA,1,NA,4,2,https://www.airbnb.com/rooms/53040065
53041846,NA,NA,1,NA,1,NA,5,1,https://www.airbnb.com/rooms/53041846
53043735,$175.00,Neighborhood highlights,4,1,2,4,5,85,https://www.airbnb.com/rooms/53043735
53044211,$200.00,Neighborhood highlights,2,1,1,1,5,1,https://www.airbnb.com/rooms/53044211
53045130,$920.00,NA,6,1,3,3,4.68,133,https://www.airbnb.com/rooms/53045130
53045250,$754.00,NA,4,1,2,2,4.65,60,https://www.airbnb.com/rooms/53045250
53045283,$280.00,Neighborhood highlights,2,1,1,1,5,4,https://www.airbnb.com/rooms/53045283
53045316,"$1,489.00",NA,8,1.5,4,4,4.75,174,https://www.airbnb.com/rooms/53045316
53045446,$556.00,NA,4,1,1,2,4.94,31,https://www.airbnb.com/rooms/53045446
53045512,$446.00,NA,2,1,0,1,4.57,69,https://www.airbnb.com/rooms/53045512
53047016,$77.00,Neighborhood highlights,2,2,1,1,4.66,96,https://www.airbnb.com/rooms/53047016
53047254,$82.00,NA,2,1,1,1,4.33,12,https://www.airbnb.com/rooms/53047254
53047664,$65.00,Neighborhood highlights,2,1,0,1,4.86,35,https://www.airbnb.com/rooms/53047664
53047762,$250.00,Neighborhood highlights,4,1,2,2,4.68,19,https://www.airbnb.com/rooms/53047762
53050789,$102.00,Neighborhood highlights,2,1,1,1,4.72,46,https://www.airbnb.com/rooms/53050789
53050810,$137.00,Neighborhood highlights,2,1,1,1,4.94,140,https://www.airbnb.com/rooms/53050810
53050999,$200.00,Neighborhood highlights,2,1,1,1,4.77,90,https://www.airbnb.com/rooms/53050999
53051081,$45.00,NA,2,1,1,1,4.8,44,https://www.airbnb.com/rooms/53051081
53051231,$145.00,Neighborhood highlights,3,1,1,2,5,7,https://www.airbnb.com/rooms/53051231
53051569,$80.00,Neighborhood highlights,2,1,1,1,4.22,32,https://www.airbnb.com/rooms/53051569
53052129,NA,Neighborhood highlights,8,NA,4,NA,5,1,https://www.airbnb.com/rooms/53052129
53054858,$85.00,Neighborhood highlights,2,2,1,1,4.72,104,https://www.airbnb.com/rooms/53054858
53058438,$161.00,Neighborhood highlights,2,1,0,1,5,2,https://www.airbnb.com/rooms/53058438
53060702,$63.00,Neighborhood highlights,1,0,1,1,4.47,19,https://www.airbnb.com/rooms/53060702
53064754,$90.00,NA,1,0,2,1,NA,0,https://www.airbnb.com/rooms/53064754
53065038,NA,NA,2,NA,NA,NA,4.75,20,https://www.airbnb.com/rooms/53065038
53065241,$225.00,Neighborhood highlights,4,1,2,2,4.96,24,https://www.airbnb.com/rooms/53065241
53071607,$89.00,Neighborhood highlights,2,2,1,1,5,1,https://www.airbnb.com/rooms/53071607
53073848,$220.00,NA,2,1,1,1,4.67,3,https://www.airbnb.com/rooms/53073848
53075421,$94.00,NA,1,0,1,1,NA,0,https://www.airbnb.com/rooms/53075421
53075951,NA,NA,1,NA,1,NA,NA,0,https://www.airbnb.com/rooms/53075951
53076064,NA,NA,4,NA,1,NA,5,4,https://www.airbnb.com/rooms/53076064
53078525,$300.00,NA,2,1,1,1,NA,0,https://www.airbnb.com/rooms/53078525
53079605,NA,Neighborhood highlights,2,NA,NA,NA,4.88,26,https://www.airbnb.com/rooms/53079605
53080602,$85.00,NA,2,1,1,1,4.69,105,https://www.airbnb.com/rooms/53080602
53081378,$260.00,Neighborhood highlights,6,1,2,4,4.85,62,https://www.airbnb.com/rooms/53081378
53082213,NA,NA,1,NA,1,NA,NA,0,https://www.airbnb.com/rooms/53082213
53088392,NA,NA,4,NA,1,NA,5,13,https://www.airbnb.com/rooms/53088392
53088652,$119.00,Neighborhood highlights,4,1,2,2,4.37,54,https://www.airbnb.com/rooms/53088652
53094362,$180.00,Neighborhood highlights,2,1,1,1,4.7,37,https://www.airbnb.com/rooms/53094362
53095529,$232.00,NA,3,1,1,1,4.94,33,https://www.airbnb.com/rooms/53095529
53098339,NA,Neighborhood highlights,2,NA,NA,NA,2.5,2,https://www.airbnb.com/rooms/53098339
53098418,NA,Neighborhood highlights,2,NA,NA,NA,NA,0,https://www.airbnb.com/rooms/53098418
53105871,$47.00,NA,1,1,1,1,NA,0,https://www.airbnb.com/rooms/53105871
53106068,$35.00,NA,1,1,1,1,NA,0,https://www.airbnb.com/rooms/53106068
53106404,NA,NA,1,NA,1,NA,NA,0,https://www.airbnb.com/rooms/53106404
53109044,$183.00,Neighborhood highlights,2,1,1,1,4.99,105,https://www.airbnb.com/rooms/53109044
53109727,$61.00,NA,2,1,1,1,4.67,42,https://www.airbnb.com/rooms/53109727
53110748,$159.00,Neighborhood highlights,3,1,2,2,4.72,39,https://www.airbnb.com/rooms/53110748
53111559,$660.00,Neighborhood highlights,5,1,2,2,4.74,50,https://www.airbnb.com/rooms/53111559
53111732,NA,Neighborhood highlights,2,NA,NA,NA,NA,0,https://www.airbnb.com/rooms/53111732
53113382,$140.00,Neighborhood highlights,2,1,1,2,4.33,3,https://www.airbnb.com/rooms/53113382
53114007,$115.00,Neighborhood highlights,2,1,1,1,4.9,105,https://www.airbnb.com/rooms/53114007
53116201,$45.00,Neighborhood highlights,2,1,1,1,NA,0,https://www.airbnb.com/rooms/53116201
53116506,NA,Neighborhood highlights,2,NA,NA,NA,4.92,25,https://www.airbnb.com/rooms/53116506
53117220,$250.00,NA,4,1,2,2,4.1,10,https://www.airbnb.com/rooms/53117220
53117856,$65.00,NA,2,1.5,2,2,4.86,7,https://www.airbnb.com/rooms/53117856
53118209,$202.00,Neighborhood highlights,2,1,2,3,4.92,37,https://www.airbnb.com/rooms/53118209
53119150,NA,Neighborhood highlights,6,NA,3,NA,4.8,40,https://www.airbnb.com/rooms/53119150
53120519,$599.00,NA,4,1,2,3,4.97,68,https://www.airbnb.com/rooms/53120519
53122311,$71.00,NA,1,0,3,1,NA,0,https://www.airbnb.com/rooms/53122311
53122420,$195.00,Neighborhood highlights,1,1,0,1,5,20,https://www.airbnb.com/rooms/53122420
53123360,$420.00,Neighborhood highlights,10,1,2,3,4.91,23,https://www.airbnb.com/rooms/53123360
53123361,$120.00,NA,4,1,2,2,4.89,9,https://www.airbnb.com/rooms/53123361
53124821,$140.00,NA,1,0,1,1,NA,0,https://www.airbnb.com/rooms/53124821
53126131,$91.00,Neighborhood highlights,2,1,1,1,5,5,https://www.airbnb.com/rooms/53126131
53126188,$169.00,NA,2,2,1,0,NA,0,https://www.airbnb.com/rooms/53126188
53127153,$125.00,NA,3,1,1,1,4.91,35,https://www.airbnb.com/rooms/53127153
53127631,$91.00,NA,1,0,1,1,NA,0,https://www.airbnb.com/rooms/53127631
53128684,$250.00,Neighborhood highlights,4,1,1,1,4.77,52,https://www.airbnb.com/rooms/53128684
53128771,$81.00,NA,1,0,3,1,NA,0,https://www.airbnb.com/rooms/53128771
53130026,NA,NA,2,NA,NA,NA,NA,0,https://www.airbnb.com/rooms/53130026
53130376,$94.00,NA,2,1,1,1,NA,0,https://www.airbnb.com/rooms/53130376
53130902,NA,NA,2,NA,1,NA,NA,0,https://www.airbnb.com/rooms/53130902
53132475,$168.00,NA,2,1,1,1,4.89,964,https://www.airbnb.com/rooms/53132475
53132818,$148.00,NA,4,1,0,2,5,8,https://www.airbnb.com/rooms/53132818
53133025,$300.00,NA,1,1,1,1,5,5,https://www.airbnb.com/rooms/53133025
53134187,NA,NA,1,NA,1,NA,NA,0,https://www.airbnb.com/rooms/53134187
53135866,NA,Neighborhood highlights,2,NA,NA,NA,4.98,59,https://www.airbnb.com/rooms/53135866
53135888,$150.00,Neighborhood highlights,2,1,1,2,4.94,94,https://www.airbnb.com/rooms/53135888
53143687,$90.00,NA,2,1,1,1,NA,0,https://www.airbnb.com/rooms/53143687
53145198,$60.00,NA,1,0,3,1,NA,0,https://www.airbnb.com/rooms/53145198
53145833,$190.00,Neighborhood highlights,2,1,0,2,4.87,15,https://www.airbnb.com/rooms/53145833
53147884,NA,NA,2,NA,1,NA,5,1,https://www.airbnb.com/rooms/53147884
53148122,NA,NA,4,NA,2,NA,5,6,https://www.airbnb.com/rooms/53148122
53148584,$79.00,NA,2,3,1,1,NA,0,https://www.airbnb.com/rooms/53148584
53148906,$87.00,NA,2,3,1,1,4,1,https://www.airbnb.com/rooms/53148906
53149000,$79.00,NA,2,3,1,1,5,1,https://www.airbnb.com/rooms/53149000
53149771,$75.00,NA,1,3,1,1,NA,0,https://www.airbnb.com/rooms/53149771
53150444,NA,NA,2,NA,1,NA,NA,0,https://www.airbnb.com/rooms/53150444
53150639,NA,NA,2,NA,1,NA,4.5,4,https://www.airbnb.com/rooms/53150639
53150648,$237.00,Neighborhood highlights,4,1,1,1,3.91,11,https://www.airbnb.com/rooms/53150648
53150666,$288.00,Neighborhood highlights,3,1,1,1,5,1,https://www.airbnb.com/rooms/53150666
53150820,$64.00,NA,2,3,1,1,4.25,4,https://www.airbnb.com/rooms/53150820
53150923,NA,NA,2,NA,1,NA,NA,0,https://www.airbnb.com/rooms/53150923
53151188,$73.00,NA,2,3,1,1,4,1,https://www.airbnb.com/rooms/53151188
53151407,NA,NA,2,NA,1,NA,5,1,https://www.airbnb.com/rooms/53151407
53151823,$86.00,NA,2,1,1,1,4.74,78,https://www.airbnb.com/rooms/53151823
53153292,NA,NA,1,NA,NA,NA,4.74,163,https://www.airbnb.com/rooms/53153292
53155237,$145.00,Neighborhood highlights,2,1,1,1,4.68,28,https://www.airbnb.com/rooms/53155237
53155469,$60.00,Neighborhood highlights,1,1,1,1,5,20,https://www.airbnb.com/rooms/53155469
53156526,NA,Neighborhood highlights,4,NA,2,NA,5,1,https://www.airbnb.com/rooms/53156526
53157676,$54.00,NA,3,1,1,2,4.19,16,https://www.airbnb.com/rooms/53157676
53160927,$399.00,Neighborhood highlights,16,4,6,16,5,19,https://www.airbnb.com/rooms/53160927
53160931,$70.00,NA,1,0,1,1,NA,0,https://www.airbnb.com/rooms/53160931
53163071,NA,Neighborhood highlights,5,NA,2,NA,NA,0,https://www.airbnb.com/rooms/53163071
53164152,NA,NA,1,NA,1,NA,NA,0,https://www.airbnb.com/rooms/53164152
53166852,$81.00,NA,1,0,3,1,NA,0,https://www.airbnb.com/rooms/53166852
53167175,$79.00,Neighborhood highlights,2,1,1,1,5,8,https://www.airbnb.com/rooms/53167175
53167650,$63.00,NA,1,0,3,1,NA,0,https://www.airbnb.com/rooms/53167650
53170821,$170.00,Neighborhood highlights,2,1,2,2,4.3,50,https://www.airbnb.com/rooms/53170821
53171838,$499.00,Neighborhood highlights,5,2,2,3,4.95,78,https://www.airbnb.com/rooms/53171838
53173426,$120.00,NA,2,1,1,2,4.75,81,https://www.airbnb.com/rooms/53173426
53174411,NA,Neighborhood highlights,2,NA,1,NA,4.92,38,https://www.airbnb.com/rooms/53174411
53180695,$201.00,Neighborhood highlights,6,1,2,2,4.92,130,https://www.airbnb.com/rooms/53180695
53180823,NA,Neighborhood highlights,3,NA,1,NA,4,1,https://www.airbnb.com/rooms/53180823
53187956,$999.00,NA,2,1,1,1,4.71,7,https://www.airbnb.com/rooms/53187956
53188172,$450.00,Neighborhood highlights,2,1,3,3,4.63,8,https://www.airbnb.com/rooms/53188172
53189912,$225.00,NA,2,1,1,1,5,16,https://www.airbnb.com/rooms/53189912
53190949,$54.00,NA,2,1,1,1,NA,0,https://www.airbnb.com/rooms/53190949
53191182,$33.00,Neighborhood highlights,1,1,1,1,5,10,https://www.airbnb.com/rooms/53191182
53191232,$34.00,Neighborhood highlights,1,1,1,1,5,9,https://www.airbnb.com/rooms/53191232
53191415,NA,Neighborhood highlights,2,NA,1,NA,5,19,https://www.airbnb.com/rooms/53191415
53192426,$199.00,Neighborhood highlights,12,2,3,6,5,13,https://www.airbnb.com/rooms/53192426
53192744,$249.00,Neighborhood highlights,15,2,3,8,5,10,https://www.airbnb.com/rooms/53192744
53194567,$150.00,Neighborhood highlights,2,1.5,1,1,4.78,41,https://www.airbnb.com/rooms/53194567
53194676,$185.00,Neighborhood highlights,2,1,1,1,NA,0,https://www.airbnb.com/rooms/53194676
53195760,NA,NA,1,NA,1,NA,NA,0,https://www.airbnb.com/rooms/53195760
53199548,$82.00,Neighborhood highlights,1,1,1,1,4.98,81,https://www.airbnb.com/rooms/53199548
53199638,NA,Neighborhood highlights,4,NA,2,NA,4.89,19,https://www.airbnb.com/rooms/53199638
53202170,$236.00,Neighborhood highlights,2,1,1,1,5,6,https://www.airbnb.com/rooms/53202170
53204406,$90.00,NA,2,1,1,1,5,1,https://www.airbnb.com/rooms/53204406
53204468,NA,Neighborhood highlights,5,NA,4,NA,5,2,https://www.airbnb.com/rooms/53204468
53205761,NA,Neighborhood highlights,2,NA,1,NA,5,21,https://www.airbnb.com/rooms/53205761
53211837,$93.00,NA,1,1,1,1,4.96,27,https://www.airbnb.com/rooms/53211837
53212819,$220.00,NA,2,1,1,1,NA,0,https://www.airbnb.com/rooms/53212819
53213847,$169.00,NA,4,1,0,2,5,8,https://www.airbnb.com/rooms/53213847
53215556,$160.00,NA,4,1,2,2,4.82,57,https://www.airbnb.com/rooms/53215556
53215623,$174.00,Neighborhood highlights,2,1,0,1,5,4,https://www.airbnb.com/rooms/53215623
53216441,$119.00,NA,2,1,1,1,5,3,https://www.airbnb.com/rooms/53216441
53216577,$275.00,NA,2,1,1,1,5,2,https://www.airbnb.com/rooms/53216577
53219891,$180.00,Neighborhood highlights,2,1,1,2,5,9,https://www.airbnb.com/rooms/53219891
53219942,NA,NA,5,NA,2,NA,4.67,3,https://www.airbnb.com/rooms/53219942
53221519,$140.00,NA,5,1,2,3,4.88,16,https://www.airbnb.com/rooms/53221519
53222519,$350.00,Neighborhood highlights,4,2,2,2,4.99,81,https://www.airbnb.com/rooms/53222519
53223918,$174.00,Neighborhood highlights,2,1,1,2,4.98,85,https://www.airbnb.com/rooms/53223918
53224463,NA,Neighborhood highlights,2,NA,1,NA,5,9,https://www.airbnb.com/rooms/53224463
53227033,NA,NA,2,NA,NA,NA,4,4,https://www.airbnb.com/rooms/53227033
53227851,NA,NA,1,NA,1,NA,NA,0,https://www.airbnb.com/rooms/53227851
53229531,$250.00,Neighborhood highlights,4,1,2,2,4.94,66,https://www.airbnb.com/rooms/53229531
53231861,NA,Neighborhood highlights,3,NA,2,NA,5,3,https://www.airbnb.com/rooms/53231861
53232544,NA,NA,2,NA,1,NA,NA,0,https://www.airbnb.com/rooms/53232544
53232849,$216.00,NA,3,1,1,1,4.78,80,https://www.airbnb.com/rooms/53232849
53235897,NA,NA,4,NA,1,NA,4.83,24,https://www.airbnb.com/rooms/53235897
53236575,$113.00,Neighborhood highlights,2,1,1,2,4.98,111,https://www.airbnb.com/rooms/53236575
53240079,$180.00,Neighborhood highlights,2,1,1,1,5,2,https://www.airbnb.com/rooms/53240079
53249946,$160.00,NA,2,1,1,1,4,1,https://www.airbnb.com/rooms/53249946
53251757,$60.00,NA,2,1.5,1,0,5,3,https://www.airbnb.com/rooms/53251757
53256987,$237.00,Neighborhood highlights,2,1,0,1,5,3,https://www.airbnb.com/rooms/53256987
53257905,$160.00,NA,3,1,1,1,4.86,7,https://www.airbnb.com/rooms/53257905
53258098,NA,NA,2,NA,1,NA,5,1,https://www.airbnb.com/rooms/53258098
53258827,NA,Neighborhood highlights,2,NA,NA,NA,5,5,https://www.airbnb.com/rooms/53258827
53259051,NA,Neighborhood highlights,2,NA,1,NA,4.55,11,https://www.airbnb.com/rooms/53259051
53259662,NA,Neighborhood highlights,2,NA,NA,NA,5,24,https://www.airbnb.com/rooms/53259662
53260251,$87.00,Neighborhood highlights,1,0,3,1,5,1,https://www.airbnb.com/rooms/53260251
53260356,$139.00,NA,2,1,1,2,NA,0,https://www.airbnb.com/rooms/53260356
53260928,$700.00,NA,8,3,4,4,4.93,73,https://www.airbnb.com/rooms/53260928
53261632,$55.00,Neighborhood highlights,2,2,1,1,4.41,68,https://www.airbnb.com/rooms/53261632
53262764,$58.00,Neighborhood highlights,2,2,1,1,4.43,74,https://www.airbnb.com/rooms/53262764
53263629,$63.00,Neighborhood highlights,2,2,1,1,4.61,109,https://www.airbnb.com/rooms/53263629
53264655,NA,NA,3,NA,1,NA,5,8,https://www.airbnb.com/rooms/53264655
53267116,$89.00,NA,4,1,1,2,5,3,https://www.airbnb.com/rooms/53267116
53268748,$215.00,Neighborhood highlights,3,1,2,2,4.63,46,https://www.airbnb.com/rooms/53268748
53270564,$88.00,NA,2,1,0,1,4.78,9,https://www.airbnb.com/rooms/53270564
53278603,$81.00,NA,1,0,4,1,NA,0,https://www.airbnb.com/rooms/53278603
53280628,$110.00,NA,1,1,1,1,4.67,3,https://www.airbnb.com/rooms/53280628
53281815,$232.00,Neighborhood highlights,6,2,3,5,4.74,70,https://www.airbnb.com/rooms/53281815
53282903,$100.00,Neighborhood highlights,3,1.5,1,2,4.47,32,https://www.airbnb.com/rooms/53282903
53286280,$75.00,Neighborhood highlights,1,1,1,1,5,1,https://www.airbnb.com/rooms/53286280
53287361,$200.00,Neighborhood highlights,4,1,2,2,4.5,8,https://www.airbnb.com/rooms/53287361
53288237,$40.00,Neighborhood highlights,2,1,1,1,5,1,https://www.airbnb.com/rooms/53288237
53288377,$41.00,Neighborhood highlights,2,1,1,1,4.5,2,https://www.airbnb.com/rooms/53288377
53288479,$42.00,Neighborhood highlights,1,1,1,1,NA,0,https://www.airbnb.com/rooms/53288479
53288626,$40.00,Neighborhood highlights,1,1,1,1,4,1,https://www.airbnb.com/rooms/53288626
53288928,NA,Neighborhood highlights,1,NA,NA,NA,NA,0,https://www.airbnb.com/rooms/53288928
53290053,NA,Neighborhood highlights,2,NA,NA,NA,4,2,https://www.airbnb.com/rooms/53290053
53290354,NA,Neighborhood highlights,1,NA,NA,NA,5,1,https://www.airbnb.com/rooms/53290354
53290541,$38.00,Neighborhood highlights,1,1,1,1,5,1,https://www.airbnb.com/rooms/53290541
53290646,NA,Neighborhood highlights,2,NA,NA,NA,4,5,https://www.airbnb.com/rooms/53290646
53290764,NA,Neighborhood highlights,2,NA,NA,NA,5,2,https://www.airbnb.com/rooms/53290764
53290905,NA,Neighborhood highlights,1,NA,NA,NA,4,1,https://www.airbnb.com/rooms/53290905
53292101,$160.00,NA,2,1,0,2,4.92,12,https://www.airbnb.com/rooms/53292101
53292314,$189.00,NA,3,1,1,1,5,14,https://www.airbnb.com/rooms/53292314
53292368,NA,NA,1,NA,NA,NA,5,3,https://www.airbnb.com/rooms/53292368
53292725,$250.00,Neighborhood highlights,2,1,2,2,4.87,15,https://www.airbnb.com/rooms/53292725
53294328,NA,Neighborhood highlights,4,NA,1,NA,5,21,https://www.airbnb.com/rooms/53294328
53294652,$109.00,Neighborhood highlights,3,1,1,2,4.66,56,https://www.airbnb.com/rooms/53294652
53296353,$100.00,NA,1,1,1,1,4.9,48,https://www.airbnb.com/rooms/53296353
53299304,$299.00,Neighborhood highlights,2,1,2,0,5,8,https://www.airbnb.com/rooms/53299304
53299373,$65.00,Neighborhood highlights,1,1,1,0,4.75,4,https://www.airbnb.com/rooms/53299373
53300313,$84.00,Neighborhood highlights,4,1,2,2,4.92,96,https://www.airbnb.com/rooms/53300313
53306350,$136.00,NA,2,1,0,0,4.81,113,https://www.airbnb.com/rooms/53306350
53307029,$81.00,NA,1,0,3,1,NA,0,https://www.airbnb.com/rooms/53307029
53309419,$211.00,NA,5,2,2,3,4.75,24,https://www.airbnb.com/rooms/53309419
53311697,$85.00,NA,2,1,1,1,4.81,26,https://www.airbnb.com/rooms/53311697
53313409,$201.00,Neighborhood highlights,2,1,0,1,4.67,3,https://www.airbnb.com/rooms/53313409
53315072,$90.00,NA,4,1,1,2,4.91,11,https://www.airbnb.com/rooms/53315072
53317759,$47.00,NA,1,2,1,1,4.71,7,https://www.airbnb.com/rooms/53317759
53320871,$48.00,NA,1,2,1,1,NA,0,https://www.airbnb.com/rooms/53320871
53320872,$43.00,NA,1,2,1,1,NA,0,https://www.airbnb.com/rooms/53320872
53326420,NA,NA,4,NA,2,NA,5,1,https://www.airbnb.com/rooms/53326420
53326519,$150.00,Neighborhood highlights,2,1,1,1,NA,0,https://www.airbnb.com/rooms/53326519
53328559,$250.00,Neighborhood highlights,4,1,2,2,5,83,https://www.airbnb.com/rooms/53328559
53329617,NA,Neighborhood highlights,4,NA,NA,NA,4.33,12,https://www.airbnb.com/rooms/53329617
53330115,$85.00,NA,4,1,1,1,4.86,43,https://www.airbnb.com/rooms/53330115
53335766,$155.00,Neighborhood highlights,3,1.5,1,1,5,11,https://www.airbnb.com/rooms/53335766
53340131,$229.00,Neighborhood highlights,5,1,3,3,4.93,14,https://www.airbnb.com/rooms/53340131
53340147,NA,Neighborhood highlights,2,NA,3,NA,4.65,20,https://www.airbnb.com/rooms/53340147
53340189,NA,NA,2,NA,NA,NA,NA,0,https://www.airbnb.com/rooms/53340189
53343701,$500.00,NA,2,1,1,1,5,5,https://www.airbnb.com/rooms/53343701
53346269,$50.00,Neighborhood highlights,1,1,1,1,4.75,122,https://www.airbnb.com/rooms/53346269
53348243,NA,NA,4,NA,2,NA,5,32,https://www.airbnb.com/rooms/53348243
53349532,$302.00,Neighborhood highlights,2,1,1,1,NA,0,https://www.airbnb.com/rooms/53349532
53349734,$412.00,Neighborhood highlights,4,1.5,2,2,NA,0,https://www.airbnb.com/rooms/53349734
53353569,$75.00,Neighborhood highlights,2,1,1,1,4.58,24,https://www.airbnb.com/rooms/53353569
53355572,$100.00,Neighborhood highlights,2,1,1,1,4.67,6,https://www.airbnb.com/rooms/53355572
53356951,$170.00,NA,2,1,1,1,4.93,15,https://www.airbnb.com/rooms/53356951
53357105,NA,Neighborhood highlights,6,NA,2,NA,4.64,11,https://www.airbnb.com/rooms/53357105
53357250,$100.00,NA,2,1,1,1,4,4,https://www.airbnb.com/rooms/53357250
53358037,$100.00,NA,8,1,3,5,5,1,https://www.airbnb.com/rooms/53358037
53359672,$145.00,NA,3,1,1,2,4.95,73,https://www.airbnb.com/rooms/53359672
53360352,NA,NA,3,NA,1,NA,5,1,https://www.airbnb.com/rooms/53360352
53363466,$270.00,Neighborhood highlights,2,2,1,3,4.94,96,https://www.airbnb.com/rooms/53363466
53363486,$393.00,Neighborhood highlights,3,1,2,2,5,11,https://www.airbnb.com/rooms/53363486
53363729,$195.00,Neighborhood highlights,5,1,2,2,4.57,7,https://www.airbnb.com/rooms/53363729
53364824,$229.00,NA,2,1,1,1,5,7,https://www.airbnb.com/rooms/53364824
53366287,NA,NA,2,NA,1,NA,NA,0,https://www.airbnb.com/rooms/53366287
53366429,NA,Neighborhood highlights,2,NA,1,NA,5,1,https://www.airbnb.com/rooms/53366429
53370561,NA,NA,2,NA,1,NA,NA,0,https://www.airbnb.com/rooms/53370561
53372672,NA,NA,4,NA,1,NA,4.43,7,https://www.airbnb.com/rooms/53372672
53373979,$74.00,NA,1,1,1,1,4.94,67,https://www.airbnb.com/rooms/53373979
53375640,$119.00,NA,2,1,1,1,4.71,38,https://www.airbnb.com/rooms/53375640
53379658,$250.00,NA,2,1,0,1,5,4,https://www.airbnb.com/rooms/53379658
53381376,$258.00,NA,2,1,1,1,4.75,8,https://www.airbnb.com/rooms/53381376
53383517,$150.00,Neighborhood highlights,2,1,1,1,4.94,33,https://www.airbnb.com/rooms/53383517
53384134,$60.00,Neighborhood highlights,1,1,1,1,5,4,https://www.airbnb.com/rooms/53384134
53384575,$50.00,NA,1,1,1,1,4.69,13,https://www.airbnb.com/rooms/53384575
53384597,NA,NA,3,NA,1,NA,5,1,https://www.airbnb.com/rooms/53384597
53386606,$149.00,Neighborhood highlights,1,1,1,1,4.67,21,https://www.airbnb.com/rooms/53386606
53398099,NA,NA,2,NA,1,NA,4.92,13,https://www.airbnb.com/rooms/53398099
53398202,$100.00,Neighborhood highlights,2,1,1,1,4.8,20,https://www.airbnb.com/rooms/53398202
53398625,NA,NA,3,NA,NA,NA,NA,0,https://www.airbnb.com/rooms/53398625
53400412,$150.00,NA,2,1,1,1,4.63,8,https://www.airbnb.com/rooms/53400412
53402699,$350.00,NA,6,1,3,3,4.82,50,https://www.airbnb.com/rooms/53402699
53403946,$75.00,Neighborhood highlights,2,1,1,1,4.89,19,https://www.airbnb.com/rooms/53403946
53408117,$341.00,Neighborhood highlights,2,1,1,1,1,1,https://www.airbnb.com/rooms/53408117
53409228,NA,Neighborhood highlights,2,NA,2,NA,5,5,https://www.airbnb.com/rooms/53409228
53409435,$82.00,Neighborhood highlights,1,1.5,3,1,5,20,https://www.airbnb.com/rooms/53409435
53410702,$293.00,Neighborhood highlights,5,1,2,2,4.5,2,https://www.airbnb.com/rooms/53410702
53410940,$218.00,NA,2,1,1,1,4.85,93,https://www.airbnb.com/rooms/53410940
53412410,NA,Neighborhood highlights,4,NA,2,NA,4.67,21,https://www.airbnb.com/rooms/53412410
53413454,$175.00,Neighborhood highlights,4,1,1,1,4.97,74,https://www.airbnb.com/rooms/53413454
53414148,$142.00,Neighborhood highlights,2,1,1,1,4.96,83,https://www.airbnb.com/rooms/53414148
53415204,NA,Neighborhood highlights,5,NA,NA,NA,4.92,91,https://www.airbnb.com/rooms/53415204
53415243,$399.00,Neighborhood highlights,4,1,1,2,5,2,https://www.airbnb.com/rooms/53415243
53415255,$399.00,Neighborhood highlights,4,1,1,2,4.8,15,https://www.airbnb.com/rooms/53415255
53415328,$360.00,Neighborhood highlights,2,1,0,1,5,3,https://www.airbnb.com/rooms/53415328
53415355,$360.00,Neighborhood highlights,2,1,0,1,NA,0,https://www.airbnb.com/rooms/53415355
53415368,$493.00,Neighborhood highlights,4,1,1,2,4.78,9,https://www.airbnb.com/rooms/53415368
53415378,$466.00,Neighborhood highlights,4,1,1,2,NA,0,https://www.airbnb.com/rooms/53415378
53415379,$493.00,Neighborhood highlights,4,1,1,2,NA,0,https://www.airbnb.com/rooms/53415379
53415549,$160.00,Neighborhood highlights,4,1,2,2,4.98,54,https://www.airbnb.com/rooms/53415549
53417196,NA,Neighborhood highlights,3,NA,1,NA,4.5,6,https://www.airbnb.com/rooms/53417196
53417238,$95.00,Neighborhood highlights,2,1,1,1,4.79,43,https://www.airbnb.com/rooms/53417238
53418588,$45.00,NA,2,0.5,2,0,NA,0,https://www.airbnb.com/rooms/53418588
53418934,$117.00,NA,4,1,1,2,4.39,51,https://www.airbnb.com/rooms/53418934
53419788,$250.00,Neighborhood highlights,4,1,2,2,NA,0,https://www.airbnb.com/rooms/53419788
53420671,$160.00,NA,2,1,1,1,5,49,https://www.airbnb.com/rooms/53420671
53422309,$200.00,Neighborhood highlights,2,1.5,2,3,4.71,34,https://www.airbnb.com/rooms/53422309
53423078,NA,NA,2,NA,1,NA,NA,0,https://www.airbnb.com/rooms/53423078
53425369,NA,Neighborhood highlights,4,NA,2,NA,5,1,https://www.airbnb.com/rooms/53425369
53427324,NA,Neighborhood highlights,2,NA,1,NA,4.7,10,https://www.airbnb.com/rooms/53427324
53427512,NA,Neighborhood highlights,7,NA,3,NA,4.45,22,https://www.airbnb.com/rooms/53427512
53429873,$330.00,NA,4,1,1,3,4.76,58,https://www.airbnb.com/rooms/53429873
53432867,NA,Neighborhood highlights,2,NA,NA,NA,NA,0,https://www.airbnb.com/rooms/53432867
53432992,NA,Neighborhood highlights,2,NA,NA,NA,3.33,3,https://www.airbnb.com/rooms/53432992
53433109,NA,Neighborhood highlights,1,NA,NA,NA,NA,0,https://www.airbnb.com/rooms/53433109
53433217,NA,Neighborhood highlights,1,NA,NA,NA,NA,0,https://www.airbnb.com/rooms/53433217
53435650,$88.00,NA,2,1,1,1,4.63,72,https://www.airbnb.com/rooms/53435650
53435951,$200.00,NA,2,1,1,1,5,3,https://www.airbnb.com/rooms/53435951
53436872,$169.00,Neighborhood highlights,2,1,1,2,4.91,82,https://www.airbnb.com/rooms/53436872
53437547,$225.00,NA,4,1,2,2,5,1,https://www.airbnb.com/rooms/53437547
53441894,$246.00,NA,4,1,2,2,4,2,https://www.airbnb.com/rooms/53441894
53442786,$56.00,Neighborhood highlights,2,1,1,1,4.88,81,https://www.airbnb.com/rooms/53442786
53444400,NA,Neighborhood highlights,3,NA,1,NA,5,2,https://www.airbnb.com/rooms/53444400
53448680,$115.00,NA,2,1,1,1,5,1,https://www.airbnb.com/rooms/53448680
53450248,NA,Neighborhood highlights,2,NA,1,NA,5,11,https://www.airbnb.com/rooms/53450248
53450383,NA,NA,2,NA,1,NA,5,2,https://www.airbnb.com/rooms/53450383
53450489,$32.00,Neighborhood highlights,1,1,1,1,4.88,8,https://www.airbnb.com/rooms/53450489
53453680,$130.00,Neighborhood highlights,4,1,2,2,4.25,4,https://www.airbnb.com/rooms/53453680
53456043,$80.00,Neighborhood highlights,1,1,1,1,5,4,https://www.airbnb.com/rooms/53456043
53456722,$125.00,Neighborhood highlights,2,1,1,1,4.87,136,https://www.airbnb.com/rooms/53456722
53456954,$58.00,Neighborhood highlights,1,1,2,1,5,11,https://www.airbnb.com/rooms/53456954
53457920,$125.00,Neighborhood highlights,2,1,1,1,4.95,20,https://www.airbnb.com/rooms/53457920
53458499,$160.00,NA,2,1,1,1,4.84,37,https://www.airbnb.com/rooms/53458499
53460762,$60.00,NA,1,1,1,1,NA,0,https://www.airbnb.com/rooms/53460762
53462276,$219.00,Neighborhood highlights,5,1,1,3,4.65,26,https://www.airbnb.com/rooms/53462276
53464092,$182.00,Neighborhood highlights,2,1,1,1,NA,0,https://www.airbnb.com/rooms/53464092
53465589,$55.00,NA,1,2,1,1,5,7,https://www.airbnb.com/rooms/53465589
53467848,$120.00,Neighborhood highlights,4,1,1,2,5,8,https://www.airbnb.com/rooms/53467848
53471515,$43.00,NA,1,2,1,1,5,1,https://www.airbnb.com/rooms/53471515
53471519,NA,NA,1,2,6,1,NA,0,https://www.airbnb.com/rooms/53471519
53472151,NA,NA,1,NA,1,NA,NA,0,https://www.airbnb.com/rooms/53472151
53472533,$175.00,NA,2,1,1,1,NA,0,https://www.airbnb.com/rooms/53472533
53475205,NA,NA,2,NA,1,NA,4.4,5,https://www.airbnb.com/rooms/53475205
53475354,$107.00,Neighborhood highlights,2,1,0,2,5,6,https://www.airbnb.com/rooms/53475354
53476790,NA,NA,2,NA,1,NA,4.82,11,https://www.airbnb.com/rooms/53476790
53477095,$40.00,Neighborhood highlights,2,1,1,1,NA,0,https://www.airbnb.com/rooms/53477095
53477385,$40.00,Neighborhood highlights,2,1,1,1,NA,0,https://www.airbnb.com/rooms/53477385
53477960,$32.00,Neighborhood highlights,1,1,1,1,NA,0,https://www.airbnb.com/rooms/53477960
53480206,$493.00,NA,10,2,4,8,4.98,66,https://www.airbnb.com/rooms/53480206
53480698,$250.00,Neighborhood highlights,2,1,1,1,4.75,4,https://www.airbnb.com/rooms/53480698
53484201,$100.00,NA,8,1,2,4,4.83,69,https://www.airbnb.com/rooms/53484201
53489130,NA,Neighborhood highlights,3,NA,1,NA,4.93,136,https://www.airbnb.com/rooms/53489130
53489560,$150.00,NA,2,1,0,1,4.67,6,https://www.airbnb.com/rooms/53489560
53491341,$145.00,Neighborhood highlights,2,1,1,1,4.68,56,https://www.airbnb.com/rooms/53491341
53491480,$224.00,Neighborhood highlights,3,1,1,2,4.74,129,https://www.airbnb.com/rooms/53491480
53493937,NA,NA,1,NA,3,NA,5,7,https://www.airbnb.com/rooms/53493937
53494300,$134.00,Neighborhood highlights,2,1,1,1,4.74,70,https://www.airbnb.com/rooms/53494300
53494398,$32.00,Neighborhood highlights,1,0,1,0,NA,0,https://www.airbnb.com/rooms/53494398
53494412,$32.00,Neighborhood highlights,1,0,1,0,NA,0,https://www.airbnb.com/rooms/53494412
53494944,$91.00,NA,2,1,1,0,4.78,51,https://www.airbnb.com/rooms/53494944
53495710,$85.00,NA,2,1,1,0,4.81,47,https://www.airbnb.com/rooms/53495710
53496107,$375.00,Neighborhood highlights,6,1,0,3,4.58,88,https://www.airbnb.com/rooms/53496107
53496227,$151.00,NA,2,1,1,1,4.86,7,https://www.airbnb.com/rooms/53496227
53498315,$179.00,Neighborhood highlights,2,1,1,2,4.58,72,https://www.airbnb.com/rooms/53498315
53501342,NA,NA,2,NA,NA,NA,5,2,https://www.airbnb.com/rooms/53501342
53501732,$67.00,NA,2,1,1,1,4.71,38,https://www.airbnb.com/rooms/53501732
53502758,$298.00,Neighborhood highlights,3,1,1,2,4.71,7,https://www.airbnb.com/rooms/53502758
53503106,$120.00,Neighborhood highlights,2,1,1,1,4.6,5,https://www.airbnb.com/rooms/53503106
53505044,$306.00,Neighborhood highlights,2,1,1,1,NA,0,https://www.airbnb.com/rooms/53505044
53506938,$140.00,Neighborhood highlights,2,1,1,1,4.5,2,https://www.airbnb.com/rooms/53506938
53507277,$238.00,Neighborhood highlights,2,1,1,1,5,1,https://www.airbnb.com/rooms/53507277
53511447,$176.00,Neighborhood highlights,3,1,1,1,4.5,2,https://www.airbnb.com/rooms/53511447
53512290,$237.00,NA,3,1,1,1,4.7,10,https://www.airbnb.com/rooms/53512290
53512507,$200.00,NA,2,1,1,1,4.97,35,https://www.airbnb.com/rooms/53512507
53515102,$115.00,NA,2,1,0,1,4.83,6,https://www.airbnb.com/rooms/53515102
53523753,NA,Neighborhood highlights,2,NA,1,NA,NA,0,https://www.airbnb.com/rooms/53523753
53524397,$179.00,Neighborhood highlights,2,1,1,1,5,2,https://www.airbnb.com/rooms/53524397
53527603,$150.00,NA,5,1,2,2,4.86,28,https://www.airbnb.com/rooms/53527603
53528553,$30.00,Neighborhood highlights,1,1,1,1,4.85,13,https://www.airbnb.com/rooms/53528553
53529235,NA,NA,2,NA,1,NA,5,18,https://www.airbnb.com/rooms/53529235
53531890,$314.00,NA,5,1,1,3,4.75,4,https://www.airbnb.com/rooms/53531890
53538132,$52.00,Neighborhood highlights,2,1,1,1,4.75,4,https://www.airbnb.com/rooms/53538132
53539405,$147.00,Neighborhood highlights,2,1,2,2,4.87,86,https://www.airbnb.com/rooms/53539405
53540905,NA,NA,1,NA,4,NA,4,1,https://www.airbnb.com/rooms/53540905
53541251,NA,NA,1,NA,1,NA,NA,0,https://www.airbnb.com/rooms/53541251
53542590,$400.00,Neighborhood highlights,3,1.5,2,2,5,10,https://www.airbnb.com/rooms/53542590
53542641,$67.00,NA,3,0,1,2,4.31,36,https://www.airbnb.com/rooms/53542641
53544002,$275.00,NA,7,1,3,4,4.5,4,https://www.airbnb.com/rooms/53544002
53544214,NA,NA,4,1,2,2,4.86,7,https://www.airbnb.com/rooms/53544214
53544686,NA,Neighborhood highlights,2,NA,1,NA,4.63,19,https://www.airbnb.com/rooms/53544686
53545175,$98.00,NA,2,1,1,2,5,6,https://www.airbnb.com/rooms/53545175
53545394,$127.00,NA,1,1,1,1,4.94,96,https://www.airbnb.com/rooms/53545394
53555701,$357.00,Neighborhood highlights,2,1,0,1,4.9,20,https://www.airbnb.com/rooms/53555701
53560560,$124.00,Neighborhood highlights,2,1,1,0,5,25,https://www.airbnb.com/rooms/53560560
53560986,$90.00,NA,2,1,1,1,4.27,11,https://www.airbnb.com/rooms/53560986
53561733,$300.00,Neighborhood highlights,3,1,0,2,5,2,https://www.airbnb.com/rooms/53561733
53562029,$57.00,Neighborhood highlights,1,1,1,1,4.67,3,https://www.airbnb.com/rooms/53562029
53569871,$108.00,NA,2,1,1,1,4.77,135,https://www.airbnb.com/rooms/53569871
53570387,NA,Neighborhood highlights,1,NA,NA,NA,5,3,https://www.airbnb.com/rooms/53570387
53570786,NA,Neighborhood highlights,2,NA,NA,NA,5,2,https://www.airbnb.com/rooms/53570786
53571143,NA,Neighborhood highlights,2,NA,NA,NA,5,2,https://www.airbnb.com/rooms/53571143
53571249,NA,Neighborhood highlights,2,NA,NA,NA,4.75,4,https://www.airbnb.com/rooms/53571249
53571310,NA,Neighborhood highlights,2,NA,NA,NA,4.67,3,https://www.airbnb.com/rooms/53571310
53571371,NA,Neighborhood highlights,2,NA,NA,NA,1,1,https://www.airbnb.com/rooms/53571371
53572597,$118.00,NA,2,1,1,1,4.76,100,https://www.airbnb.com/rooms/53572597
53573536,$201.00,NA,2,1,3,3,4.87,92,https://www.airbnb.com/rooms/53573536
53573869,NA,Neighborhood highlights,2,NA,1,NA,4.97,38,https://www.airbnb.com/rooms/53573869
53574189,NA,Neighborhood highlights,2,NA,NA,NA,4.87,15,https://www.airbnb.com/rooms/53574189
53574404,$99.00,NA,2,1,1,1,4.62,124,https://www.airbnb.com/rooms/53574404
53574876,$108.00,NA,2,1,1,1,4.76,105,https://www.airbnb.com/rooms/53574876
53576447,NA,NA,2,NA,1,NA,5,1,https://www.airbnb.com/rooms/53576447
53582406,NA,NA,2,NA,1,NA,4.75,12,https://www.airbnb.com/rooms/53582406
53584914,$90.00,Neighborhood highlights,4,1,2,3,4.97,35,https://www.airbnb.com/rooms/53584914
53587623,$174.00,NA,2,1,1,1,4.67,87,https://www.airbnb.com/rooms/53587623
53587742,NA,NA,2,NA,1,NA,5,6,https://www.airbnb.com/rooms/53587742
53588172,$73.00,NA,3,0,1,2,4.04,49,https://www.airbnb.com/rooms/53588172
53588627,$80.00,NA,4,0,1,2,4.41,32,https://www.airbnb.com/rooms/53588627
53590037,NA,NA,3,0,1,3,4.2,41,https://www.airbnb.com/rooms/53590037
53590193,$77.00,NA,4,0,1,2,4.07,27,https://www.airbnb.com/rooms/53590193
53590832,$78.00,NA,4,0,1,2,4.07,28,https://www.airbnb.com/rooms/53590832
53591493,$40.00,Neighborhood highlights,1,2,1,2,2,1,https://www.airbnb.com/rooms/53591493
53591831,$165.00,NA,2,1,1,1,5,2,https://www.airbnb.com/rooms/53591831
53593168,$148.00,Neighborhood highlights,2,1,1,2,4.61,62,https://www.airbnb.com/rooms/53593168
53593362,NA,Neighborhood highlights,2,NA,1,NA,5,3,https://www.airbnb.com/rooms/53593362
53594181,$128.00,Neighborhood highlights,2,1,1,1,4.91,23,https://www.airbnb.com/rooms/53594181
53594451,NA,Neighborhood highlights,3,NA,NA,NA,4.85,61,https://www.airbnb.com/rooms/53594451
53594675,$125.00,Neighborhood highlights,1,1,1,1,4.9,20,https://www.airbnb.com/rooms/53594675
53594731,NA,NA,6,NA,2,NA,NA,0,https://www.airbnb.com/rooms/53594731
53594793,$103.00,Neighborhood highlights,2,1,1,1,4.57,37,https://www.airbnb.com/rooms/53594793
53596672,$72.00,NA,2,2.5,5,1,4.8,10,https://www.airbnb.com/rooms/53596672
53601751,$89.00,NA,2,1,1,1,5,3,https://www.airbnb.com/rooms/53601751
53602634,$105.00,NA,4,1,1,2,1,1,https://www.airbnb.com/rooms/53602634
53603216,$105.00,Neighborhood highlights,4,1,1,2,4.67,3,https://www.airbnb.com/rooms/53603216
53603321,$105.00,NA,4,1,1,2,5,1,https://www.airbnb.com/rooms/53603321
53603421,NA,NA,4,NA,1,NA,5,2,https://www.airbnb.com/rooms/53603421
53603491,$105.00,NA,4,1,1,2,5,2,https://www.airbnb.com/rooms/53603491
53603574,$95.00,NA,4,1,1,2,5,2,https://www.airbnb.com/rooms/53603574
53603682,$105.00,NA,4,1,1,2,5,1,https://www.airbnb.com/rooms/53603682
53604779,$99.00,NA,2,1,1,1,5,2,https://www.airbnb.com/rooms/53604779
53604923,$99.00,NA,2,1,1,1,4.5,2,https://www.airbnb.com/rooms/53604923
53605076,$99.00,NA,2,1,1,1,5,2,https://www.airbnb.com/rooms/53605076
53605090,$70.00,NA,2,1.5,1,1,4.14,22,https://www.airbnb.com/rooms/53605090
53605625,$105.00,NA,3,1,1,2,5,2,https://www.airbnb.com/rooms/53605625
53606101,$105.00,NA,4,1,1,2,5,2,https://www.airbnb.com/rooms/53606101
53606452,$110.00,NA,4,1,1,2,5,1,https://www.airbnb.com/rooms/53606452
53606617,$105.00,NA,1,1,1,1,4.95,40,https://www.airbnb.com/rooms/53606617
53606895,$450.00,NA,5,1,2,2,4.67,6,https://www.airbnb.com/rooms/53606895
53607099,$77.00,NA,4,0,1,2,4.26,42,https://www.airbnb.com/rooms/53607099
53607569,$79.00,NA,4,0,1,2,4.04,25,https://www.airbnb.com/rooms/53607569
53607959,NA,Neighborhood highlights,6,NA,1,NA,3.95,40,https://www.airbnb.com/rooms/53607959
53608127,$161.00,NA,5,1,1,3,4.44,78,https://www.airbnb.com/rooms/53608127
53608551,$185.00,Neighborhood highlights,2,1,1,1,4.91,78,https://www.airbnb.com/rooms/53608551
53610004,NA,NA,2,NA,1,NA,NA,0,https://www.airbnb.com/rooms/53610004
53610849,NA,NA,6,NA,3,NA,5,5,https://www.airbnb.com/rooms/53610849
53610874,NA,Neighborhood highlights,2,NA,1,NA,4.67,3,https://www.airbnb.com/rooms/53610874
53611318,NA,NA,2,NA,1,NA,5,1,https://www.airbnb.com/rooms/53611318
53615126,$71.00,NA,2,2.5,5,1,4.5,4,https://www.airbnb.com/rooms/53615126
53615384,$350.00,NA,2,1,0,1,NA,0,https://www.airbnb.com/rooms/53615384
53620932,$41.00,NA,1,2,1,1,NA,0,https://www.airbnb.com/rooms/53620932
53621915,NA,NA,2,NA,1,NA,5,1,https://www.airbnb.com/rooms/53621915
53622187,NA,NA,1,NA,1,NA,NA,0,https://www.airbnb.com/rooms/53622187
53623779,$160.00,NA,2,1,1,1,4.64,25,https://www.airbnb.com/rooms/53623779
53623920,$97.00,Neighborhood highlights,2,1,1,1,4.83,59,https://www.airbnb.com/rooms/53623920
53624043,$89.00,Neighborhood highlights,2,1,1,1,4.95,20,https://www.airbnb.com/rooms/53624043
53624124,$75.00,Neighborhood highlights,2,1,1,1,4.72,47,https://www.airbnb.com/rooms/53624124
53625595,$511.00,NA,4,2,2,2,4.98,88,https://www.airbnb.com/rooms/53625595
53625955,NA,Neighborhood highlights,6,NA,3,NA,5,3,https://www.airbnb.com/rooms/53625955
53626202,$110.00,Neighborhood highlights,1,1,1,1,5,10,https://www.airbnb.com/rooms/53626202
53628255,NA,Neighborhood highlights,2,NA,NA,NA,NA,0,https://www.airbnb.com/rooms/53628255
53628816,$129.00,Neighborhood highlights,2,1,1,0,4.93,60,https://www.airbnb.com/rooms/53628816
53628851,NA,Neighborhood highlights,2,NA,NA,NA,NA,0,https://www.airbnb.com/rooms/53628851
53628982,$167.00,Neighborhood highlights,2,1,1,1,NA,0,https://www.airbnb.com/rooms/53628982
53629094,NA,Neighborhood highlights,1,NA,NA,NA,NA,0,https://www.airbnb.com/rooms/53629094
53629234,NA,Neighborhood highlights,1,NA,NA,NA,NA,0,https://www.airbnb.com/rooms/53629234
53630203,NA,NA,4,NA,1,NA,4.78,9,https://www.airbnb.com/rooms/53630203
53630220,$150.00,Neighborhood highlights,3,1,2,1,4.88,73,https://www.airbnb.com/rooms/53630220
53630655,$102.00,Neighborhood highlights,2,1,1,1,4.92,60,https://www.airbnb.com/rooms/53630655
53632448,$346.00,NA,5,1,3,3,3.67,6,https://www.airbnb.com/rooms/53632448
53633058,$150.00,Neighborhood highlights,2,1,1,1,4.83,72,https://www.airbnb.com/rooms/53633058
53633109,$75.00,NA,2,2.5,5,1,4.67,9,https://www.airbnb.com/rooms/53633109
53633241,$73.00,NA,4,2.5,5,2,4.47,19,https://www.airbnb.com/rooms/53633241
53634502,$153.00,Neighborhood highlights,3,1,1,2,4.66,62,https://www.airbnb.com/rooms/53634502
53636623,$100.00,Neighborhood highlights,4,1,2,2,4.56,77,https://www.airbnb.com/rooms/53636623
53644375,$75.00,NA,1,2.5,2,1,5,1,https://www.airbnb.com/rooms/53644375
53645215,$150.00,Neighborhood highlights,3,1,1,2,4.8,20,https://www.airbnb.com/rooms/53645215
53646749,$87.00,Neighborhood highlights,1,1,1,1,5,1,https://www.airbnb.com/rooms/53646749
53647028,NA,NA,3,NA,1,NA,4.8,5,https://www.airbnb.com/rooms/53647028
53648851,$43.00,NA,1,2,5,1,5,1,https://www.airbnb.com/rooms/53648851
53649864,NA,Neighborhood highlights,2,NA,NA,NA,5,16,https://www.airbnb.com/rooms/53649864
53650203,NA,NA,2,NA,1,NA,4.44,9,https://www.airbnb.com/rooms/53650203
53653438,$357.00,Neighborhood highlights,4,1.5,1,2,4.93,15,https://www.airbnb.com/rooms/53653438
53653917,NA,NA,1,NA,1,NA,NA,0,https://www.airbnb.com/rooms/53653917
53654994,$75.00,NA,2,4,5,1,4.93,15,https://www.airbnb.com/rooms/53654994
53655582,$32.00,NA,1,2,1,1,NA,0,https://www.airbnb.com/rooms/53655582
53655929,NA,NA,2,NA,1,NA,NA,0,https://www.airbnb.com/rooms/53655929
53656900,NA,NA,1,NA,1,NA,NA,0,https://www.airbnb.com/rooms/53656900
53656904,NA,NA,1,NA,1,NA,NA,0,https://www.airbnb.com/rooms/53656904
53658866,$75.00,NA,2,1,1,0,4.62,21,https://www.airbnb.com/rooms/53658866
53660977,NA,NA,3,NA,NA,NA,4.8,5,https://www.airbnb.com/rooms/53660977
53661970,$415.00,Neighborhood highlights,5,3,3,3,5,42,https://www.airbnb.com/rooms/53661970
53662451,$150.00,NA,2,1.5,1,1,5,1,https://www.airbnb.com/rooms/53662451
53665546,$105.00,Neighborhood highlights,4,1,1,2,5,6,https://www.airbnb.com/rooms/53665546
53666206,$277.00,Neighborhood highlights,2,1,1,1,5,9,https://www.airbnb.com/rooms/53666206
53666929,$200.00,Neighborhood highlights,4,1,2,2,4.87,109,https://www.airbnb.com/rooms/53666929
53670625,NA,Neighborhood highlights,1,NA,NA,NA,5,7,https://www.airbnb.com/rooms/53670625
53673650,NA,Neighborhood highlights,1,NA,NA,NA,4.68,95,https://www.airbnb.com/rooms/53673650
53674519,$499.00,Neighborhood highlights,4,2,2,2,5,1,https://www.airbnb.com/rooms/53674519
53676368,$81.00,Neighborhood highlights,1,1,1,1,4.91,35,https://www.airbnb.com/rooms/53676368
53676584,NA,NA,2,NA,NA,NA,NA,0,https://www.airbnb.com/rooms/53676584
53682017,NA,NA,1,NA,NA,NA,4.68,25,https://www.airbnb.com/rooms/53682017
53683669,NA,Neighborhood highlights,1,NA,1,NA,5,1,https://www.airbnb.com/rooms/53683669
53684288,$120.00,NA,2,1,1,1,5,1,https://www.airbnb.com/rooms/53684288
53684967,NA,NA,2,NA,1,NA,NA,0,https://www.airbnb.com/rooms/53684967
53685245,NA,NA,2,NA,1,NA,NA,0,https://www.airbnb.com/rooms/53685245
53686144,NA,Neighborhood highlights,3,NA,2,NA,4.43,7,https://www.airbnb.com/rooms/53686144
53687694,$164.00,Neighborhood highlights,1,1,1,1,4.8,5,https://www.airbnb.com/rooms/53687694
53689694,$36.00,NA,1,1,1,1,5,2,https://www.airbnb.com/rooms/53689694
53689938,$36.00,Neighborhood highlights,1,1,1,1,5,1,https://www.airbnb.com/rooms/53689938
53693128,$400.00,Neighborhood highlights,5,1.5,3,3,5,2,https://www.airbnb.com/rooms/53693128
53693977,NA,Neighborhood highlights,4,NA,2,NA,NA,0,https://www.airbnb.com/rooms/53693977
53695376,$270.00,Neighborhood highlights,2,1,1,1,5,6,https://www.airbnb.com/rooms/53695376
53696976,NA,Neighborhood highlights,2,NA,2,NA,4.83,90,https://www.airbnb.com/rooms/53696976
53696990,$139.00,NA,4,1,0,2,4,1,https://www.airbnb.com/rooms/53696990
53699054,$232.00,NA,4,1,2,2,4.77,52,https://www.airbnb.com/rooms/53699054
53699744,$198.00,Neighborhood highlights,2,1,0,1,4.89,9,https://www.airbnb.com/rooms/53699744
53700256,$174.00,Neighborhood highlights,4,2,2,2,4.72,81,https://www.airbnb.com/rooms/53700256
53701060,$270.00,Neighborhood highlights,4,1,2,3,5,54,https://www.airbnb.com/rooms/53701060
53701690,$167.00,Neighborhood highlights,2,1,1,1,NA,0,https://www.airbnb.com/rooms/53701690
53701704,NA,Neighborhood highlights,2,NA,NA,NA,NA,0,https://www.airbnb.com/rooms/53701704
53701809,NA,Neighborhood highlights,2,NA,NA,NA,NA,0,https://www.airbnb.com/rooms/53701809
53702443,NA,Neighborhood highlights,1,NA,NA,NA,NA,0,https://www.airbnb.com/rooms/53702443
53703509,$330.00,NA,2,1,1,0,3.67,9,https://www.airbnb.com/rooms/53703509
53704110,$250.00,Neighborhood highlights,4,1,2,2,5,3,https://www.airbnb.com/rooms/53704110
53708171,$219.00,Neighborhood highlights,2,1,1,2,4.97,31,https://www.airbnb.com/rooms/53708171
53709387,$200.00,Neighborhood highlights,2,1,1,2,4.93,29,https://www.airbnb.com/rooms/53709387
53715096,$279.00,NA,2,2,3,3,5,4,https://www.airbnb.com/rooms/53715096
53719446,$320.00,NA,2,1,1,1,4.9,96,https://www.airbnb.com/rooms/53719446
53720201,$86.00,Neighborhood highlights,2,1,2,2,4.88,8,https://www.airbnb.com/rooms/53720201
53720606,NA,NA,8,NA,NA,NA,4.75,12,https://www.airbnb.com/rooms/53720606
53721296,NA,NA,1,NA,1,NA,NA,0,https://www.airbnb.com/rooms/53721296
53722444,NA,NA,2,NA,1,NA,4,5,https://www.airbnb.com/rooms/53722444
53722560,NA,NA,2,NA,NA,NA,5,4,https://www.airbnb.com/rooms/53722560
53722709,$56.00,Neighborhood highlights,2,1.5,1,1,4.93,54,https://www.airbnb.com/rooms/53722709
53722728,$102.00,Neighborhood highlights,1,1,1,1,4.18,65,https://www.airbnb.com/rooms/53722728
53723870,$70.00,Neighborhood highlights,2,1.5,1,1,4.59,34,https://www.airbnb.com/rooms/53723870
53725779,$45.00,Neighborhood highlights,2,1.5,1,1,4.72,46,https://www.airbnb.com/rooms/53725779
53725805,$83.00,Neighborhood highlights,2,1.5,1,1,4.93,81,https://www.airbnb.com/rooms/53725805
53725810,NA,NA,2,NA,1,NA,4.36,25,https://www.airbnb.com/rooms/53725810
53726439,NA,Neighborhood highlights,5,NA,3,NA,4.43,23,https://www.airbnb.com/rooms/53726439
53726587,$46.00,Neighborhood highlights,2,1.5,1,1,4.78,32,https://www.airbnb.com/rooms/53726587
53726935,$59.00,Neighborhood highlights,1,2.5,1,1,4.89,18,https://www.airbnb.com/rooms/53726935
53728281,$462.00,Neighborhood highlights,2,1,1,1,NA,0,https://www.airbnb.com/rooms/53728281
53728290,$416.00,Neighborhood highlights,4,1,2,2,3,1,https://www.airbnb.com/rooms/53728290
53730024,NA,NA,4,NA,3,NA,NA,0,https://www.airbnb.com/rooms/53730024
53732005,NA,NA,1,NA,4,NA,NA,0,https://www.airbnb.com/rooms/53732005
53736253,$110.00,NA,2,1,0,1,4.83,6,https://www.airbnb.com/rooms/53736253
53736776,NA,Neighborhood highlights,2,NA,1,NA,4.88,34,https://www.airbnb.com/rooms/53736776
53737403,$199.00,NA,2,1,1,1,4.86,14,https://www.airbnb.com/rooms/53737403
53739963,$238.00,Neighborhood highlights,2,1,1,1,4.71,7,https://www.airbnb.com/rooms/53739963
53740410,$42.00,Neighborhood highlights,2,1,1,1,NA,0,https://www.airbnb.com/rooms/53740410
53741142,$281.00,Neighborhood highlights,3,1,1,1,5,3,https://www.airbnb.com/rooms/53741142
53741243,NA,NA,1,NA,NA,NA,NA,0,https://www.airbnb.com/rooms/53741243
53741603,NA,Neighborhood highlights,2,NA,NA,NA,4.6,40,https://www.airbnb.com/rooms/53741603
53742245,$94.00,Neighborhood highlights,3,1,1,1,4.91,99,https://www.airbnb.com/rooms/53742245
53742866,$157.00,Neighborhood highlights,1,1,1,1,4.85,48,https://www.airbnb.com/rooms/53742866
53743242,$248.00,Neighborhood highlights,5,1,2,4,4.92,71,https://www.airbnb.com/rooms/53743242
53746978,$380.00,Neighborhood highlights,4,2,2,2,5,1,https://www.airbnb.com/rooms/53746978
53751580,NA,NA,2,NA,1,NA,4.91,293,https://www.airbnb.com/rooms/53751580
53751903,$230.00,NA,2,1,1,1,NA,0,https://www.airbnb.com/rooms/53751903
53752982,$51.00,Neighborhood highlights,2,1,1,0,5,1,https://www.airbnb.com/rooms/53752982
53753273,NA,NA,2,NA,NA,NA,NA,0,https://www.airbnb.com/rooms/53753273
53754167,$175.00,NA,4,1,2,2,5,11,https://www.airbnb.com/rooms/53754167
53755563,$87.00,Neighborhood highlights,2,1,1,1,4.25,8,https://www.airbnb.com/rooms/53755563
53756457,$150.00,Neighborhood highlights,2,1,1,2,4.93,46,https://www.airbnb.com/rooms/53756457
53756834,$88.00,Neighborhood highlights,1,1,1,1,NA,0,https://www.airbnb.com/rooms/53756834
53758529,NA,NA,4,NA,1,NA,5,4,https://www.airbnb.com/rooms/53758529
53759746,$80.00,NA,2,1,1,1,4.86,7,https://www.airbnb.com/rooms/53759746
53763914,NA,Neighborhood highlights,2,NA,NA,NA,4.9,20,https://www.airbnb.com/rooms/53763914
53765856,$62.00,NA,4,1,1,1,4.45,33,https://www.airbnb.com/rooms/53765856
53766143,$120.00,NA,2,1,0,1,4.75,8,https://www.airbnb.com/rooms/53766143
53768631,NA,NA,3,NA,1,NA,4.6,53,https://www.airbnb.com/rooms/53768631
53769467,NA,Neighborhood highlights,2,NA,NA,NA,5,1,https://www.airbnb.com/rooms/53769467
53769677,NA,Neighborhood highlights,2,NA,NA,NA,5,1,https://www.airbnb.com/rooms/53769677
53770530,$85.00,NA,1,1,1,1,4.76,17,https://www.airbnb.com/rooms/53770530
53771167,$285.00,Neighborhood highlights,8,1,3,6,4.88,49,https://www.airbnb.com/rooms/53771167
53772655,$500.00,Neighborhood highlights,3,1,1,1,4.78,18,https://www.airbnb.com/rooms/53772655
53773098,$56.00,NA,1,1,1,1,4.87,103,https://www.airbnb.com/rooms/53773098
53773701,$147.00,NA,2,1,2,2,4.94,144,https://www.airbnb.com/rooms/53773701
53773798,$34.00,NA,1,1,1,1,4.67,3,https://www.airbnb.com/rooms/53773798
53773839,$94.00,Neighborhood highlights,1,1,1,1,5,1,https://www.airbnb.com/rooms/53773839
53774431,$73.00,Neighborhood highlights,1,1,1,1,4.75,4,https://www.airbnb.com/rooms/53774431
53774579,$74.00,Neighborhood highlights,2,1,1,1,4.93,27,https://www.airbnb.com/rooms/53774579
53781715,$315.00,Neighborhood highlights,6,2,2,3,4.85,13,https://www.airbnb.com/rooms/53781715
53784778,NA,NA,2,NA,1,NA,4.25,4,https://www.airbnb.com/rooms/53784778
53786119,$100.00,NA,2,1,1,0,4.5,4,https://www.airbnb.com/rooms/53786119
53786333,$100.00,NA,2,1,1,1,5,3,https://www.airbnb.com/rooms/53786333
53786471,$125.00,NA,4,1,1,1,4.47,38,https://www.airbnb.com/rooms/53786471
53793402,$75.00,NA,2,3,0,1,NA,0,https://www.airbnb.com/rooms/53793402
53796187,$70.00,NA,1,1,1,1,4.92,12,https://www.airbnb.com/rooms/53796187
53796341,NA,Neighborhood highlights,2,NA,1,NA,5,48,https://www.airbnb.com/rooms/53796341
53796775,$106.00,NA,2,1,1,1,4.79,14,https://www.airbnb.com/rooms/53796775
53797580,$55.00,Neighborhood highlights,1,1.5,3,1,4.41,69,https://www.airbnb.com/rooms/53797580
53797767,$55.00,NA,1,1.5,3,1,4.55,80,https://www.airbnb.com/rooms/53797767
53798235,$70.00,NA,2,1,1,1,4.87,124,https://www.airbnb.com/rooms/53798235
53798329,$159.00,NA,2,1,1,1,4.91,34,https://www.airbnb.com/rooms/53798329
53801158,$104.00,NA,2,1,1,1,5,1,https://www.airbnb.com/rooms/53801158
53801593,NA,Neighborhood highlights,5,NA,1,NA,5,1,https://www.airbnb.com/rooms/53801593
53802072,$220.00,Neighborhood highlights,4,1,2,0,4.6,5,https://www.airbnb.com/rooms/53802072
53807453,$232.00,Neighborhood highlights,2,1,1,0,4.95,20,https://www.airbnb.com/rooms/53807453
53809708,$51.00,Neighborhood highlights,2,1,1,0,NA,0,https://www.airbnb.com/rooms/53809708
53809803,$52.00,Neighborhood highlights,2,1,1,0,3,1,https://www.airbnb.com/rooms/53809803
53809811,$52.00,Neighborhood highlights,2,0,1,0,NA,0,https://www.airbnb.com/rooms/53809811
53809925,$51.00,Neighborhood highlights,2,1,1,0,NA,0,https://www.airbnb.com/rooms/53809925
53810195,$48.00,Neighborhood highlights,2,1,1,0,5,1,https://www.airbnb.com/rooms/53810195
53810255,$279.00,Neighborhood highlights,4,1,2,2,4.95,40,https://www.airbnb.com/rooms/53810255
53811159,NA,Neighborhood highlights,4,NA,1,NA,5,5,https://www.airbnb.com/rooms/53811159
53812280,$52.00,Neighborhood highlights,2,0,1,0,NA,0,https://www.airbnb.com/rooms/53812280
53812291,$51.00,Neighborhood highlights,2,1,1,0,4.5,2,https://www.airbnb.com/rooms/53812291
53812366,$51.00,Neighborhood highlights,2,0,1,0,NA,0,https://www.airbnb.com/rooms/53812366
53812378,$50.00,Neighborhood highlights,2,1,1,0,4.5,2,https://www.airbnb.com/rooms/53812378
53812386,$51.00,Neighborhood highlights,2,0,1,0,NA,0,https://www.airbnb.com/rooms/53812386
53813081,$56.00,NA,1,1,1,1,5,4,https://www.airbnb.com/rooms/53813081
53814025,$160.00,Neighborhood highlights,4,1,1,3,4.73,11,https://www.airbnb.com/rooms/53814025
53814030,NA,Neighborhood highlights,2,NA,NA,NA,4,1,https://www.airbnb.com/rooms/53814030
53815424,$199.00,Neighborhood highlights,2,1,1,1,4.72,57,https://www.airbnb.com/rooms/53815424
53816858,$210.00,Neighborhood highlights,3,1,1,1,4,1,https://www.airbnb.com/rooms/53816858
53817304,$165.00,NA,4,2,2,2,5,2,https://www.airbnb.com/rooms/53817304
53817954,$60.00,NA,2,1,2,1,4.83,46,https://www.airbnb.com/rooms/53817954
53817985,$67.00,NA,1,1,1,1,4.85,40,https://www.airbnb.com/rooms/53817985
53823703,$275.00,Neighborhood highlights,4,1,1,1,4.83,18,https://www.airbnb.com/rooms/53823703
53826433,$180.00,NA,4,1,2,2,4,3,https://www.airbnb.com/rooms/53826433
53830757,$159.00,Neighborhood highlights,6,1,3,3,4.83,24,https://www.airbnb.com/rooms/53830757
53831146,$125.00,NA,2,1,1,1,4.33,3,https://www.airbnb.com/rooms/53831146
53831600,$259.00,Neighborhood highlights,4,1,1,1,4.75,24,https://www.airbnb.com/rooms/53831600
53831670,$242.00,Neighborhood highlights,2,1,1,2,4.76,17,https://www.airbnb.com/rooms/53831670
53836288,$295.00,Neighborhood highlights,3,1,0,2,NA,0,https://www.airbnb.com/rooms/53836288
53837021,$107.00,Neighborhood highlights,6,1,2,2,4.73,48,https://www.airbnb.com/rooms/53837021
53840594,$139.00,Neighborhood highlights,2,1,1,1,4.73,64,https://www.airbnb.com/rooms/53840594
53847813,$170.00,NA,2,1,0,1,4.86,7,https://www.airbnb.com/rooms/53847813
53848017,$256.00,Neighborhood highlights,2,1.5,1,1,4.92,26,https://www.airbnb.com/rooms/53848017
53848543,$170.00,NA,3,1,1,1,3.83,6,https://www.airbnb.com/rooms/53848543
53848694,$334.00,Neighborhood highlights,6,1,1,3,4.6,20,https://www.airbnb.com/rooms/53848694
53848825,NA,NA,2,NA,1,NA,4.5,14,https://www.airbnb.com/rooms/53848825
53849102,$100.00,Neighborhood highlights,2,1,2,2,4.96,26,https://www.airbnb.com/rooms/53849102
53850635,$199.00,Neighborhood highlights,2,1,1,3,4.99,145,https://www.airbnb.com/rooms/53850635
53850682,$98.00,NA,2,1,1,1,5,8,https://www.airbnb.com/rooms/53850682
53850746,$135.00,NA,2,1,1,1,4.82,11,https://www.airbnb.com/rooms/53850746
53853009,NA,NA,2,NA,1,NA,3.63,8,https://www.airbnb.com/rooms/53853009
53857512,NA,NA,1,3,1,1,NA,0,https://www.airbnb.com/rooms/53857512
53858082,$47.00,NA,1,3,1,1,NA,0,https://www.airbnb.com/rooms/53858082
53862381,NA,NA,2,NA,1,NA,4.87,15,https://www.airbnb.com/rooms/53862381
53863561,$212.00,Neighborhood highlights,2,1,1,2,4.75,16,https://www.airbnb.com/rooms/53863561
53864193,$60.00,Neighborhood highlights,1,2,1,1,NA,0,https://www.airbnb.com/rooms/53864193
53864330,$60.00,Neighborhood highlights,1,2,1,1,5,2,https://www.airbnb.com/rooms/53864330
53865665,NA,Neighborhood highlights,2,NA,1,NA,4.67,3,https://www.airbnb.com/rooms/53865665
53867998,$120.00,NA,2,1,1,1,NA,0,https://www.airbnb.com/rooms/53867998
53868587,$140.00,Neighborhood highlights,3,1,1,3,4.89,88,https://www.airbnb.com/rooms/53868587
53869676,$125.00,NA,2,1,1,1,4.74,27,https://www.airbnb.com/rooms/53869676
53874130,$44.00,NA,1,3,1,1,NA,0,https://www.airbnb.com/rooms/53874130
53874529,NA,NA,1,3,1,1,NA,0,https://www.airbnb.com/rooms/53874529
53874828,$130.00,NA,4,1,1,1,4.2,10,https://www.airbnb.com/rooms/53874828
53875417,NA,NA,2,1,0,1,4.75,8,https://www.airbnb.com/rooms/53875417
53875921,$92.00,Neighborhood highlights,2,1,0,1,4.75,4,https://www.airbnb.com/rooms/53875921
53875935,$95.00,Neighborhood highlights,2,1,0,2,5,3,https://www.airbnb.com/rooms/53875935
53875954,$177.00,NA,2,1,0,1,4.88,8,https://www.airbnb.com/rooms/53875954
53876051,NA,NA,6,NA,3,NA,4.89,103,https://www.airbnb.com/rooms/53876051
53876346,$130.00,Neighborhood highlights,1,1,1,2,5,9,https://www.airbnb.com/rooms/53876346
53879568,$69.00,Neighborhood highlights,2,1.5,1,1,5,8,https://www.airbnb.com/rooms/53879568
53881005,NA,NA,2,NA,1,NA,4,7,https://www.airbnb.com/rooms/53881005
53881631,$135.00,Neighborhood highlights,2,1,1,1,4.9,20,https://www.airbnb.com/rooms/53881631
53882491,$350.00,NA,4,1,1,0,5,12,https://www.airbnb.com/rooms/53882491
53882837,$200.00,Neighborhood highlights,1,1,1,1,4.94,62,https://www.airbnb.com/rooms/53882837
53886001,$130.00,Neighborhood highlights,4,1,2,2,4.11,9,https://www.airbnb.com/rooms/53886001
53888158,$172.00,NA,2,1,0,1,5,2,https://www.airbnb.com/rooms/53888158
53890468,$201.00,NA,2,1,1,1,5,1,https://www.airbnb.com/rooms/53890468
53891639,$90.00,NA,2,1,1,2,4,2,https://www.airbnb.com/rooms/53891639
53892659,$240.00,Neighborhood highlights,2,1,1,1,5,5,https://www.airbnb.com/rooms/53892659
53893056,$190.00,NA,2,1,1,2,4.87,47,https://www.airbnb.com/rooms/53893056
53893116,$180.00,NA,2,1,0,1,4.8,5,https://www.airbnb.com/rooms/53893116
53893384,$188.00,NA,4,1,1,2,4.83,6,https://www.airbnb.com/rooms/53893384
53894136,$280.00,NA,4,1,1,1,NA,0,https://www.airbnb.com/rooms/53894136
53894396,NA,Neighborhood highlights,2,NA,1,NA,5,7,https://www.airbnb.com/rooms/53894396
53894411,$157.00,Neighborhood highlights,2,1,1,2,4.96,57,https://www.airbnb.com/rooms/53894411
53895180,$169.00,Neighborhood highlights,2,1,1,1,3.67,3,https://www.airbnb.com/rooms/53895180
53900513,$55.00,Neighborhood highlights,1,1,1,1,4.83,6,https://www.airbnb.com/rooms/53900513
53900694,$295.00,Neighborhood highlights,4,1.5,2,2,4.88,8,https://www.airbnb.com/rooms/53900694
53901291,NA,NA,3,NA,1,NA,NA,0,https://www.airbnb.com/rooms/53901291
53901427,$71.00,Neighborhood highlights,2,1,1,1,4.92,53,https://www.airbnb.com/rooms/53901427
53903662,$109.00,Neighborhood highlights,1,1,1,1,4.45,88,https://www.airbnb.com/rooms/53903662
53903785,$135.00,Neighborhood highlights,3,1,1,2,5,14,https://www.airbnb.com/rooms/53903785
53904032,$140.00,Neighborhood highlights,2,1,1,1,4.56,63,https://www.airbnb.com/rooms/53904032
53909238,$190.00,Neighborhood highlights,8,2,3,3,4.9,97,https://www.airbnb.com/rooms/53909238
53909434,$70.00,Neighborhood highlights,2,1,1,1,5,19,https://www.airbnb.com/rooms/53909434
53915505,$37.00,NA,1,2,1,1,NA,0,https://www.airbnb.com/rooms/53915505
53916135,$45.00,NA,1,2,1,1,5,1,https://www.airbnb.com/rooms/53916135
53916377,NA,NA,2,NA,1,NA,4.8,5,https://www.airbnb.com/rooms/53916377
53916514,NA,NA,1,NA,1,NA,NA,0,https://www.airbnb.com/rooms/53916514
53916899,NA,NA,1,NA,1,NA,5,1,https://www.airbnb.com/rooms/53916899
53920233,$100.00,Neighborhood highlights,1,1,1,1,5,14,https://www.airbnb.com/rooms/53920233
53920373,$252.00,NA,2,1,1,1,3.8,35,https://www.airbnb.com/rooms/53920373
53920517,$91.00,Neighborhood highlights,4,1,2,2,4.93,73,https://www.airbnb.com/rooms/53920517
53921578,$264.00,Neighborhood highlights,4,1,2,2,4.64,76,https://www.airbnb.com/rooms/53921578
53933376,$165.00,NA,3,1,1,1,4.77,22,https://www.airbnb.com/rooms/53933376
53933996,NA,Neighborhood highlights,1,NA,NA,NA,5,5,https://www.airbnb.com/rooms/53933996
53934304,$298.00,Neighborhood highlights,5,2,2,5,4.92,92,https://www.airbnb.com/rooms/53934304
53935712,$79.00,Neighborhood highlights,4,1,2,2,4.6,10,https://www.airbnb.com/rooms/53935712
53937868,$150.00,Neighborhood highlights,4,1.5,3,3,5,9,https://www.airbnb.com/rooms/53937868
53938859,$84.00,NA,2,1,1,1,4.67,3,https://www.airbnb.com/rooms/53938859
53939162,$89.00,NA,2,1,1,1,4.75,4,https://www.airbnb.com/rooms/53939162
53939267,$149.00,NA,2,1,1,1,NA,0,https://www.airbnb.com/rooms/53939267
53939289,$84.00,NA,2,1,1,1,3,2,https://www.airbnb.com/rooms/53939289
53939453,$84.00,NA,2,1,1,1,4.5,2,https://www.airbnb.com/rooms/53939453
53939534,$84.00,NA,2,1,1,1,5,2,https://www.airbnb.com/rooms/53939534
53939745,$84.00,NA,2,1,1,1,NA,0,https://www.airbnb.com/rooms/53939745
53939828,$84.00,Neighborhood highlights,2,1,1,1,5,2,https://www.airbnb.com/rooms/53939828
53939843,$84.00,Neighborhood highlights,2,0,1,1,NA,0,https://www.airbnb.com/rooms/53939843
53940686,$132.00,Neighborhood highlights,2,2,3,4,4.82,72,https://www.airbnb.com/rooms/53940686
53940796,NA,NA,3,NA,2,NA,NA,0,https://www.airbnb.com/rooms/53940796
53941089,NA,Neighborhood highlights,16,NA,1,NA,NA,0,https://www.airbnb.com/rooms/53941089
53942042,$263.00,NA,4,1,1,2,4.05,19,https://www.airbnb.com/rooms/53942042
53942134,NA,NA,4,NA,1,NA,NA,0,https://www.airbnb.com/rooms/53942134
53942876,NA,Neighborhood highlights,2,NA,1,NA,5,7,https://www.airbnb.com/rooms/53942876
53953891,$200.00,NA,1,1,1,1,5,2,https://www.airbnb.com/rooms/53953891
53958813,$281.00,Neighborhood highlights,6,2,3,3,4.91,162,https://www.airbnb.com/rooms/53958813
53958886,NA,NA,4,NA,1,NA,4.75,4,https://www.airbnb.com/rooms/53958886
53966415,$160.00,Neighborhood highlights,6,1,2,3,4.7,54,https://www.airbnb.com/rooms/53966415
53967226,$108.00,NA,3,1,1,2,4.8,10,https://www.airbnb.com/rooms/53967226
53967245,$184.00,Neighborhood highlights,4,1,1,2,4.5,4,https://www.airbnb.com/rooms/53967245
53970207,NA,Neighborhood highlights,6,NA,2,NA,4.37,52,https://www.airbnb.com/rooms/53970207
53970600,$60.00,Neighborhood highlights,1,2,1,1,NA,0,https://www.airbnb.com/rooms/53970600
53970630,NA,Neighborhood highlights,2,NA,NA,NA,4.66,47,https://www.airbnb.com/rooms/53970630
53970830,$60.00,Neighborhood highlights,1,2,1,1,NA,0,https://www.airbnb.com/rooms/53970830
53970914,$111.00,NA,1,1,1,1,4.9,29,https://www.airbnb.com/rooms/53970914
53970963,$56.00,Neighborhood highlights,2,1,1,1,4.77,96,https://www.airbnb.com/rooms/53970963
53971044,$150.00,Neighborhood highlights,4,1,1,2,4.77,57,https://www.airbnb.com/rooms/53971044
53971055,$81.00,Neighborhood highlights,2,1,1,1,4.82,22,https://www.airbnb.com/rooms/53971055
53971111,$89.00,NA,1,1,1,1,NA,0,https://www.airbnb.com/rooms/53971111
53973043,NA,NA,2,NA,1,NA,3.78,9,https://www.airbnb.com/rooms/53973043
53973134,NA,Neighborhood highlights,2,NA,1,NA,3.91,23,https://www.airbnb.com/rooms/53973134
53973505,NA,NA,2,NA,1,NA,3.67,9,https://www.airbnb.com/rooms/53973505
53978985,$323.00,Neighborhood highlights,5,1,0,3,4.64,22,https://www.airbnb.com/rooms/53978985
53978987,$378.00,Neighborhood highlights,7,1,1,2,4.67,79,https://www.airbnb.com/rooms/53978987
53979659,NA,Neighborhood highlights,2,NA,NA,NA,3,2,https://www.airbnb.com/rooms/53979659
53979966,NA,Neighborhood highlights,2,NA,NA,NA,5,1,https://www.airbnb.com/rooms/53979966
53980069,$39.00,Neighborhood highlights,2,2,1,1,NA,0,https://www.airbnb.com/rooms/53980069
53980252,$38.00,Neighborhood highlights,1,2,1,1,4,1,https://www.airbnb.com/rooms/53980252
53980416,NA,Neighborhood highlights,1,NA,NA,NA,5,1,https://www.airbnb.com/rooms/53980416
53980645,NA,Neighborhood highlights,2,NA,NA,NA,4,2,https://www.airbnb.com/rooms/53980645
53980983,NA,Neighborhood highlights,2,NA,NA,NA,4.33,3,https://www.airbnb.com/rooms/53980983
53981147,$39.00,Neighborhood highlights,2,2,1,1,5,1,https://www.airbnb.com/rooms/53981147
53981239,NA,NA,5,NA,2,NA,4.63,19,https://www.airbnb.com/rooms/53981239
53988526,$59.00,NA,2,1,1,1,5,7,https://www.airbnb.com/rooms/53988526
53988568,$28.00,NA,1,1,1,1,NA,0,https://www.airbnb.com/rooms/53988568
53988773,$60.00,NA,2,1,1,0,5,5,https://www.airbnb.com/rooms/53988773
53991773,NA,NA,3,NA,2,NA,NA,0,https://www.airbnb.com/rooms/53991773
53992185,NA,Neighborhood highlights,4,NA,1,NA,4.69,16,https://www.airbnb.com/rooms/53992185
53992289,$130.00,Neighborhood highlights,2,1,1,1,5,1,https://www.airbnb.com/rooms/53992289
53992539,$105.00,NA,4,1,2,1,5,3,https://www.airbnb.com/rooms/53992539
53993031,$145.00,Neighborhood highlights,2,1,2,1,NA,0,https://www.airbnb.com/rooms/53993031
53994947,NA,NA,2,NA,1,NA,5,8,https://www.airbnb.com/rooms/53994947
53997433,$161.00,NA,4,1,1,2,4.94,109,https://www.airbnb.com/rooms/53997433
53999738,NA,NA,6,NA,4,NA,NA,0,https://www.airbnb.com/rooms/53999738
54001498,$195.00,Neighborhood highlights,4,1,2,2,4.98,50,https://www.airbnb.com/rooms/54001498
54001508,NA,Neighborhood highlights,4,NA,1,NA,NA,0,https://www.airbnb.com/rooms/54001508
54002531,$178.00,NA,2,1,1,1,4.82,77,https://www.airbnb.com/rooms/54002531
54003147,$120.00,Neighborhood highlights,2,1,1,1,4.88,25,https://www.airbnb.com/rooms/54003147
54003481,$220.00,NA,4,1,1,2,4.61,33,https://www.airbnb.com/rooms/54003481
54004046,$212.00,Neighborhood highlights,4,1,1,2,4.64,36,https://www.airbnb.com/rooms/54004046
54004374,NA,Neighborhood highlights,2,2,1,1,NA,0,https://www.airbnb.com/rooms/54004374
54004596,$39.00,Neighborhood highlights,2,2,1,1,NA,0,https://www.airbnb.com/rooms/54004596
54004748,NA,Neighborhood highlights,1,NA,NA,NA,3.67,3,https://www.airbnb.com/rooms/54004748
54005271,$217.00,NA,3,1,0,1,5,7,https://www.airbnb.com/rooms/54005271
54006094,$187.00,NA,8,1,3,5,5,8,https://www.airbnb.com/rooms/54006094
54007743,$200.00,Neighborhood highlights,4,2,2,2,5,1,https://www.airbnb.com/rooms/54007743
54013154,$185.00,Neighborhood highlights,2,1,2,2,4.56,64,https://www.airbnb.com/rooms/54013154
54015146,$40.00,Neighborhood highlights,2,2,1,1,5,2,https://www.airbnb.com/rooms/54015146
54017066,$150.00,NA,1,1,1,1,5,17,https://www.airbnb.com/rooms/54017066
54018489,$195.00,NA,4,1,2,2,5,2,https://www.airbnb.com/rooms/54018489
54018763,$50.00,Neighborhood highlights,1,2.5,1,1,4.86,14,https://www.airbnb.com/rooms/54018763
54019918,$65.00,NA,2,1,1,1,4.67,3,https://www.airbnb.com/rooms/54019918
54020186,$40.00,Neighborhood highlights,2,2,1,1,NA,0,https://www.airbnb.com/rooms/54020186
54020408,NA,Neighborhood highlights,2,2,1,1,NA,0,https://www.airbnb.com/rooms/54020408
54021730,$35.00,Neighborhood highlights,1,2,1,1,5,1,https://www.airbnb.com/rooms/54021730
54022749,$165.00,Neighborhood highlights,4,1.5,2,1,5,4,https://www.airbnb.com/rooms/54022749
54028410,$270.00,Neighborhood highlights,4,0,2,2,NA,0,https://www.airbnb.com/rooms/54028410
54029520,$80.00,Neighborhood highlights,2,1,1,1,4.84,100,https://www.airbnb.com/rooms/54029520
54032723,$140.00,Neighborhood highlights,1,1,1,1,NA,0,https://www.airbnb.com/rooms/54032723
54032853,$150.00,NA,4,1,2,2,4.86,7,https://www.airbnb.com/rooms/54032853
54036658,$411.00,Neighborhood highlights,6,1,1,3,4.78,18,https://www.airbnb.com/rooms/54036658
54036782,$249.00,Neighborhood highlights,1,1,1,2,4.67,3,https://www.airbnb.com/rooms/54036782
54038661,$317.00,NA,3,1,1,1,5,16,https://www.airbnb.com/rooms/54038661
54038902,$160.00,Neighborhood highlights,2,1,1,1,4.78,95,https://www.airbnb.com/rooms/54038902
54039046,$149.00,NA,2,1,2,2,4.8,30,https://www.airbnb.com/rooms/54039046
54042480,$112.00,Neighborhood highlights,2,1,1,2,4.91,77,https://www.airbnb.com/rooms/54042480
54045965,NA,Neighborhood highlights,7,NA,2,NA,5,2,https://www.airbnb.com/rooms/54045965
54049778,$88.00,NA,2,1,1,1,NA,0,https://www.airbnb.com/rooms/54049778
54049940,$84.00,NA,2,0,1,1,2,1,https://www.airbnb.com/rooms/54049940
54050176,$84.00,NA,2,1,1,1,NA,0,https://www.airbnb.com/rooms/54050176
54050549,$84.00,NA,2,1,1,1,NA,0,https://www.airbnb.com/rooms/54050549
54050650,$84.00,NA,2,1,1,1,NA,0,https://www.airbnb.com/rooms/54050650
54050973,$84.00,NA,2,1,1,1,NA,0,https://www.airbnb.com/rooms/54050973
54051067,NA,NA,2,NA,NA,NA,4.5,2,https://www.airbnb.com/rooms/54051067
54051192,$84.00,NA,2,1,1,1,NA,0,https://www.airbnb.com/rooms/54051192
54051259,$84.00,NA,2,0,1,1,5,1,https://www.airbnb.com/rooms/54051259
54051352,$84.00,NA,2,1,1,1,NA,0,https://www.airbnb.com/rooms/54051352
54055089,$60.00,NA,2,1,1,1,NA,0,https://www.airbnb.com/rooms/54055089
54057011,NA,NA,3,NA,1,NA,NA,0,https://www.airbnb.com/rooms/54057011
54057437,NA,Neighborhood highlights,1,NA,NA,NA,4.14,49,https://www.airbnb.com/rooms/54057437
54057539,NA,NA,16,NA,NA,NA,4.33,3,https://www.airbnb.com/rooms/54057539
54058732,$299.00,NA,4,2,2,3,5,21,https://www.airbnb.com/rooms/54058732
54064476,NA,NA,2,NA,NA,NA,NA,0,https://www.airbnb.com/rooms/54064476
54065144,$175.00,Neighborhood highlights,2,1,1,1,NA,0,https://www.airbnb.com/rooms/54065144
54065345,NA,Neighborhood highlights,2,NA,1,NA,4.7,37,https://www.airbnb.com/rooms/54065345
54065958,$128.00,NA,2,1,0,1,5,2,https://www.airbnb.com/rooms/54065958
54066353,NA,Neighborhood highlights,4,NA,2,NA,4.93,14,https://www.airbnb.com/rooms/54066353
54066555,$185.00,Neighborhood highlights,2,1,1,1,5,4,https://www.airbnb.com/rooms/54066555
54067905,$68.00,Neighborhood highlights,2,1,1,1,5,2,https://www.airbnb.com/rooms/54067905
54068602,$45.00,Neighborhood highlights,2,1,1,1,4.5,6,https://www.airbnb.com/rooms/54068602
54068618,$65.00,NA,1,1,1,1,4.85,164,https://www.airbnb.com/rooms/54068618
54068937,NA,NA,1,NA,2,NA,5,1,https://www.airbnb.com/rooms/54068937
54069262,$46.00,NA,2,1,1,2,4.71,49,https://www.airbnb.com/rooms/54069262
54069349,$129.00,NA,2,1,0,1,5,1,https://www.airbnb.com/rooms/54069349
54070767,$325.00,NA,4,1,1,1,4.5,2,https://www.airbnb.com/rooms/54070767
54071410,$444.00,Neighborhood highlights,4,2,2,2,5,5,https://www.airbnb.com/rooms/54071410
54083128,$49.00,Neighborhood highlights,2,1,1,1,4.9,50,https://www.airbnb.com/rooms/54083128
54083706,NA,Neighborhood highlights,2,NA,NA,NA,4.78,64,https://www.airbnb.com/rooms/54083706
54084803,NA,NA,2,NA,NA,NA,5,2,https://www.airbnb.com/rooms/54084803
54087836,$40.00,Neighborhood highlights,2,1,1,1,4.2,5,https://www.airbnb.com/rooms/54087836
54093527,$450.00,Neighborhood highlights,2,1,1,1,NA,0,https://www.airbnb.com/rooms/54093527
54093824,$219.00,Neighborhood highlights,5,2,3,1,5,9,https://www.airbnb.com/rooms/54093824
54094489,$98.00,NA,2,1,1,1,4.61,33,https://www.airbnb.com/rooms/54094489
54095786,NA,NA,1,NA,1,NA,NA,0,https://www.airbnb.com/rooms/54095786
54101952,$258.00,Neighborhood highlights,2,1,1,1,4.71,7,https://www.airbnb.com/rooms/54101952
54102963,$131.00,Neighborhood highlights,1,1,1,1,4.93,120,https://www.airbnb.com/rooms/54102963
54103419,$40.00,NA,1,1,2,2,5,1,https://www.airbnb.com/rooms/54103419
54104181,$122.00,NA,2,1,1,1,NA,0,https://www.airbnb.com/rooms/54104181
54108028,$93.00,Neighborhood highlights,4,1,1,2,NA,0,https://www.airbnb.com/rooms/54108028
54108451,$300.00,NA,2,1,1,1,4.67,3,https://www.airbnb.com/rooms/54108451
54109419,$50.00,Neighborhood highlights,2,1,1,1,4.25,4,https://www.airbnb.com/rooms/54109419
54110825,NA,NA,2,NA,1,NA,4.81,16,https://www.airbnb.com/rooms/54110825
54111106,NA,NA,3,NA,1,NA,5,21,https://www.airbnb.com/rooms/54111106
54113753,$199.00,NA,3,1,1,1,NA,0,https://www.airbnb.com/rooms/54113753
54114542,$294.00,Neighborhood highlights,2,1,0,1,4.5,14,https://www.airbnb.com/rooms/54114542
54115612,$380.00,Neighborhood highlights,6,1,2,2,4.8,10,https://www.airbnb.com/rooms/54115612
54117594,$202.00,NA,2,1,1,1,4.37,73,https://www.airbnb.com/rooms/54117594
54117644,NA,NA,2,NA,1,NA,4.4,77,https://www.airbnb.com/rooms/54117644
54120214,$40.00,NA,1,1,1,1,NA,0,https://www.airbnb.com/rooms/54120214
54122624,$240.00,NA,1,1,1,1,5,1,https://www.airbnb.com/rooms/54122624
54124015,NA,NA,2,NA,1,NA,NA,0,https://www.airbnb.com/rooms/54124015
54129100,$189.00,Neighborhood highlights,16,1,1,3,4.42,19,https://www.airbnb.com/rooms/54129100
54129391,$209.00,Neighborhood highlights,2,1,2,2,4.66,47,https://www.airbnb.com/rooms/54129391
54129568,$186.00,Neighborhood highlights,2,1,1,1,NA,0,https://www.airbnb.com/rooms/54129568
54131186,$300.00,NA,2,1,1,2,5,7,https://www.airbnb.com/rooms/54131186
54131340,$150.00,NA,2,1,0,1,5,5,https://www.airbnb.com/rooms/54131340
54132661,$150.00,NA,2,1.5,1,1,NA,0,https://www.airbnb.com/rooms/54132661
54136634,NA,NA,2,NA,NA,NA,5,3,https://www.airbnb.com/rooms/54136634
54136738,$350.00,Neighborhood highlights,5,1,2,3,4.82,67,https://www.airbnb.com/rooms/54136738
54137553,$293.00,Neighborhood highlights,2,1,1,1,NA,0,https://www.airbnb.com/rooms/54137553
54137625,NA,NA,1,NA,1,NA,NA,0,https://www.airbnb.com/rooms/54137625
54140633,$152.00,Neighborhood highlights,3,1,0,1,4.75,4,https://www.airbnb.com/rooms/54140633
54142967,NA,NA,2,NA,NA,NA,4.62,13,https://www.airbnb.com/rooms/54142967
54144015,$246.00,Neighborhood highlights,4,1,1,1,4.75,4,https://www.airbnb.com/rooms/54144015
54144455,$105.00,Neighborhood highlights,2,1,1,1,4.38,8,https://www.airbnb.com/rooms/54144455
54146364,$122.00,NA,3,1,1,1,4.8,10,https://www.airbnb.com/rooms/54146364
54148158,NA,Neighborhood highlights,1,NA,NA,NA,4.33,3,https://www.airbnb.com/rooms/54148158
54155390,$100.00,Neighborhood highlights,2,1.5,1,1,4.25,8,https://www.airbnb.com/rooms/54155390
54160031,$109.00,Neighborhood highlights,2,1,1,1,4.87,15,https://www.airbnb.com/rooms/54160031
54160187,NA,Neighborhood highlights,2,NA,NA,NA,5,2,https://www.airbnb.com/rooms/54160187
54161007,$125.00,Neighborhood highlights,4,1,2,2,4.75,4,https://www.airbnb.com/rooms/54161007
54162906,$110.00,Neighborhood highlights,3,1.5,2,2,4.67,9,https://www.airbnb.com/rooms/54162906
54163608,$49.00,NA,2,1,1,1,4.54,28,https://www.airbnb.com/rooms/54163608
54163789,$90.00,Neighborhood highlights,2,1,1,1,4.75,8,https://www.airbnb.com/rooms/54163789
54163894,NA,NA,1,NA,NA,NA,4.45,11,https://www.airbnb.com/rooms/54163894
54163912,$90.00,Neighborhood highlights,2,1,1,1,4.18,11,https://www.airbnb.com/rooms/54163912
54164357,$50.00,Neighborhood highlights,1,1.5,1,1,4.44,9,https://www.airbnb.com/rooms/54164357
54164587,$205.00,NA,6,1,0,3,4.75,8,https://www.airbnb.com/rooms/54164587
54164718,NA,Neighborhood highlights,4,NA,2,NA,5,5,https://www.airbnb.com/rooms/54164718
54164726,$145.00,NA,4,1,2,2,5,1,https://www.airbnb.com/rooms/54164726
54165294,NA,Neighborhood highlights,5,NA,2,NA,4.78,32,https://www.airbnb.com/rooms/54165294
54167112,$128.00,Neighborhood highlights,2,1,0,1,5,15,https://www.airbnb.com/rooms/54167112
54167665,$73.00,NA,2,1,1,1,NA,0,https://www.airbnb.com/rooms/54167665
54169005,$100.00,Neighborhood highlights,4,1,1,2,4.92,183,https://www.airbnb.com/rooms/54169005
54173093,$135.00,NA,5,1,3,3,4.75,12,https://www.airbnb.com/rooms/54173093
54179594,$180.00,NA,1,1,0,1,4.8,40,https://www.airbnb.com/rooms/54179594
54180355,$166.00,Neighborhood highlights,2,1,1,1,4.94,63,https://www.airbnb.com/rooms/54180355
54181198,$85.00,Neighborhood highlights,2,1,1,1,4.97,31,https://www.airbnb.com/rooms/54181198
54183564,$85.00,Neighborhood highlights,2,1,1,1,4.4,5,https://www.airbnb.com/rooms/54183564
54186567,$70.00,Neighborhood highlights,1,1,1,1,4.6,15,https://www.airbnb.com/rooms/54186567
54193168,$116.00,Neighborhood highlights,2,1,1,1,4.44,9,https://www.airbnb.com/rooms/54193168
54193549,$129.00,Neighborhood highlights,3,1,1,1,4.88,8,https://www.airbnb.com/rooms/54193549
54194995,$228.00,Neighborhood highlights,6,2,2,3,4.38,26,https://www.airbnb.com/rooms/54194995
54195597,NA,Neighborhood highlights,4,NA,2,NA,4.43,7,https://www.airbnb.com/rooms/54195597
54196350,$160.00,Neighborhood highlights,4,1,2,2,4.89,9,https://www.airbnb.com/rooms/54196350
54196744,$155.00,Neighborhood highlights,2,1,1,1,4.64,14,https://www.airbnb.com/rooms/54196744
54196777,$195.00,Neighborhood highlights,4,1,2,2,4.83,6,https://www.airbnb.com/rooms/54196777
54196947,NA,Neighborhood highlights,2,NA,1,NA,5,10,https://www.airbnb.com/rooms/54196947
54197051,$135.00,NA,2,1,1,1,5,8,https://www.airbnb.com/rooms/54197051
54197179,$118.00,Neighborhood highlights,2,1,1,1,4.25,8,https://www.airbnb.com/rooms/54197179
54197182,$115.00,Neighborhood highlights,2,1,0,1,4.5,8,https://www.airbnb.com/rooms/54197182
54197315,NA,Neighborhood highlights,2,NA,1,NA,5,7,https://www.airbnb.com/rooms/54197315
54206839,NA,NA,2,NA,NA,NA,5,2,https://www.airbnb.com/rooms/54206839
54206877,$170.00,Neighborhood highlights,3,1,0,1,5,4,https://www.airbnb.com/rooms/54206877
54206998,NA,NA,1,NA,1,NA,NA,0,https://www.airbnb.com/rooms/54206998
54207666,NA,NA,1,NA,1,NA,NA,0,https://www.airbnb.com/rooms/54207666
54207951,NA,NA,1,NA,1,NA,NA,0,https://www.airbnb.com/rooms/54207951
54210471,$200.00,Neighborhood highlights,6,2,3,5,4.99,76,https://www.airbnb.com/rooms/54210471
54210998,$190.00,NA,3,1,1,2,4.79,24,https://www.airbnb.com/rooms/54210998
54213367,$160.00,NA,4,1,1,2,NA,0,https://www.airbnb.com/rooms/54213367
54214433,$52.00,Neighborhood highlights,2,1,1,1,4.78,18,https://www.airbnb.com/rooms/54214433
54214666,$135.00,NA,1,1,1,1,4.33,6,https://www.airbnb.com/rooms/54214666
54217724,$750.00,NA,5,2.5,2,3,5,6,https://www.airbnb.com/rooms/54217724
54220873,$164.00,Neighborhood highlights,8,1,2,2,4.48,21,https://www.airbnb.com/rooms/54220873
54222180,NA,NA,6,NA,3,NA,4.93,68,https://www.airbnb.com/rooms/54222180
54222923,NA,NA,2,NA,1,NA,4.33,3,https://www.airbnb.com/rooms/54222923
54225945,NA,Neighborhood highlights,2,NA,NA,NA,5,14,https://www.airbnb.com/rooms/54225945
54227270,$180.00,Neighborhood highlights,2,1,1,1,4.5,6,https://www.airbnb.com/rooms/54227270
54229216,NA,NA,2,NA,1,NA,5,2,https://www.airbnb.com/rooms/54229216
54230938,NA,Neighborhood highlights,7,NA,3,NA,5,1,https://www.airbnb.com/rooms/54230938
54233094,NA,NA,5,NA,2,NA,4.71,7,https://www.airbnb.com/rooms/54233094
54238053,$256.00,Neighborhood highlights,4,1,1,2,4.94,65,https://www.airbnb.com/rooms/54238053
54238875,NA,Neighborhood highlights,2,NA,1,NA,NA,0,https://www.airbnb.com/rooms/54238875
54239768,$200.00,Neighborhood highlights,5,1,1,3,4.76,108,https://www.airbnb.com/rooms/54239768
54240206,NA,NA,7,NA,3,NA,NA,0,https://www.airbnb.com/rooms/54240206
54240974,$109.00,Neighborhood highlights,2,1,1,1,4.95,21,https://www.airbnb.com/rooms/54240974
54242006,$122.00,Neighborhood highlights,4,1,2,2,4,1,https://www.airbnb.com/rooms/54242006
54242854,$300.00,NA,2,1,1,1,5,3,https://www.airbnb.com/rooms/54242854
54243072,$214.00,NA,2,1,1,1,NA,0,https://www.airbnb.com/rooms/54243072
54243687,$250.00,NA,6,2.5,4,3,NA,0,https://www.airbnb.com/rooms/54243687
54245109,$120.00,NA,2,1,1,1,4.71,7,https://www.airbnb.com/rooms/54245109
54245163,$122.00,Neighborhood highlights,2,1,0,1,4.43,7,https://www.airbnb.com/rooms/54245163
54245960,$165.00,Neighborhood highlights,4,1,2,2,4.57,7,https://www.airbnb.com/rooms/54245960
54246235,$165.00,Neighborhood highlights,4,1,2,2,4.8,5,https://www.airbnb.com/rooms/54246235
54246425,$174.00,Neighborhood highlights,4,1,2,2,4.67,3,https://www.airbnb.com/rooms/54246425
54247180,$143.00,Neighborhood highlights,2,1,1,1,4.9,48,https://www.airbnb.com/rooms/54247180
54247733,$252.00,NA,2,1,1,1,3.88,8,https://www.airbnb.com/rooms/54247733
54256185,$54.00,NA,1,2,1,1,NA,0,https://www.airbnb.com/rooms/54256185
54258024,$115.00,Neighborhood highlights,2,1,1,1,4.6,5,https://www.airbnb.com/rooms/54258024
54258718,$155.00,Neighborhood highlights,4,1,2,2,5,6,https://www.airbnb.com/rooms/54258718
54260194,NA,NA,1,NA,NA,NA,3.67,3,https://www.airbnb.com/rooms/54260194
54260674,$90.00,Neighborhood highlights,2,1,1,1,4.88,65,https://www.airbnb.com/rooms/54260674
54262388,$160.00,Neighborhood highlights,4,1,2,2,5,8,https://www.airbnb.com/rooms/54262388
54262629,$155.00,Neighborhood highlights,4,1,2,2,4.25,12,https://www.airbnb.com/rooms/54262629
54262883,$144.00,Neighborhood highlights,4,1,2,2,4.8,10,https://www.airbnb.com/rooms/54262883
54263436,$155.00,Neighborhood highlights,4,1,2,2,4.9,10,https://www.airbnb.com/rooms/54263436
54263674,$100.00,Neighborhood highlights,2,1,0,1,4.6,10,https://www.airbnb.com/rooms/54263674
54263886,$160.00,Neighborhood highlights,4,1,2,2,4.67,6,https://www.airbnb.com/rooms/54263886
54264164,$125.00,Neighborhood highlights,4,1,2,2,4.75,8,https://www.airbnb.com/rooms/54264164
54264262,$65.00,NA,1,1,1,1,4.65,34,https://www.airbnb.com/rooms/54264262
54264944,$77.00,Neighborhood highlights,2,1,1,1,4.5,2,https://www.airbnb.com/rooms/54264944
54276494,$408.00,Neighborhood highlights,4,2,2,2,NA,0,https://www.airbnb.com/rooms/54276494
54281443,NA,NA,4,NA,2,NA,5,4,https://www.airbnb.com/rooms/54281443
54281603,NA,NA,2,NA,NA,NA,NA,0,https://www.airbnb.com/rooms/54281603
54291034,$401.00,Neighborhood highlights,6,1,0,3,4.54,50,https://www.airbnb.com/rooms/54291034
54291234,$344.00,Neighborhood highlights,6,1,0,3,4.58,84,https://www.airbnb.com/rooms/54291234
54292164,$125.00,Neighborhood highlights,2,1,0,1,4.63,8,https://www.airbnb.com/rooms/54292164
54294086,$342.00,NA,2,1,1,1,NA,0,https://www.airbnb.com/rooms/54294086
54295682,$90.00,NA,2,1,0,2,NA,0,https://www.airbnb.com/rooms/54295682
54295697,NA,NA,2,NA,1,NA,5,8,https://www.airbnb.com/rooms/54295697
54302784,$50.00,Neighborhood highlights,1,1.5,1,1,4.57,7,https://www.airbnb.com/rooms/54302784
54303003,$105.00,Neighborhood highlights,2,1,0,1,4.8,5,https://www.airbnb.com/rooms/54303003
54303183,$50.00,Neighborhood highlights,2,1.5,1,1,4.75,4,https://www.airbnb.com/rooms/54303183
54303332,$50.00,Neighborhood highlights,1,1.5,1,1,4.33,6,https://www.airbnb.com/rooms/54303332
54303623,$35.00,Neighborhood highlights,2,1.5,1,1,4.75,8,https://www.airbnb.com/rooms/54303623
54304065,$195.00,NA,4,1,2,2,4.25,4,https://www.airbnb.com/rooms/54304065
54304382,NA,Neighborhood highlights,2,NA,1,NA,4.73,11,https://www.airbnb.com/rooms/54304382
54307163,$299.00,NA,4,1,1,2,4,10,https://www.airbnb.com/rooms/54307163
54307170,$155.00,Neighborhood highlights,2,1,1,1,4.29,14,https://www.airbnb.com/rooms/54307170
54314301,$150.00,NA,2,1,1,2,NA,0,https://www.airbnb.com/rooms/54314301
54314481,$250.00,Neighborhood highlights,4,1,1,3,5,3,https://www.airbnb.com/rooms/54314481
54315055,$110.00,NA,4,1,1,1,NA,0,https://www.airbnb.com/rooms/54315055
54318636,$127.00,Neighborhood highlights,4,1,1,2,4.79,95,https://www.airbnb.com/rooms/54318636
54318921,$83.00,Neighborhood highlights,1,1,1,1,4,1,https://www.airbnb.com/rooms/54318921
54319710,$194.00,NA,4,1,2,2,4.94,120,https://www.airbnb.com/rooms/54319710
54320014,NA,NA,2,NA,1,NA,NA,0,https://www.airbnb.com/rooms/54320014
54326385,NA,Neighborhood highlights,2,NA,NA,NA,4.94,68,https://www.airbnb.com/rooms/54326385
54326428,NA,Neighborhood highlights,5,NA,2,NA,4.89,120,https://www.airbnb.com/rooms/54326428
54326605,$58.00,Neighborhood highlights,2,1,1,1,4.79,67,https://www.airbnb.com/rooms/54326605
54328203,$150.00,NA,2,1,1,1,5,3,https://www.airbnb.com/rooms/54328203
54328455,NA,NA,2,NA,1,NA,5,7,https://www.airbnb.com/rooms/54328455
54338345,$291.00,NA,5,1,0,3,NA,0,https://www.airbnb.com/rooms/54338345
54341162,$81.00,Neighborhood highlights,1,1,1,1,4,1,https://www.airbnb.com/rooms/54341162
54342351,$90.00,Neighborhood highlights,1,2,1,1,4.57,7,https://www.airbnb.com/rooms/54342351
54342792,$71.00,Neighborhood highlights,1,1,1,1,5,3,https://www.airbnb.com/rooms/54342792
54343089,$165.00,NA,3,1,1,2,NA,0,https://www.airbnb.com/rooms/54343089
54343414,$700.00,Neighborhood highlights,8,2,3,6,4.25,4,https://www.airbnb.com/rooms/54343414
54344557,$136.00,NA,1,1.5,1,1,4.46,71,https://www.airbnb.com/rooms/54344557
54344780,$96.00,Neighborhood highlights,1,2,1,1,4.78,9,https://www.airbnb.com/rooms/54344780
54345262,NA,Neighborhood highlights,2,NA,1,NA,4.55,31,https://www.airbnb.com/rooms/54345262
54351519,$67.00,Neighborhood highlights,2,1,1,1,4.91,11,https://www.airbnb.com/rooms/54351519
54351650,$62.00,Neighborhood highlights,1,1,1,1,4.81,21,https://www.airbnb.com/rooms/54351650
54352197,$97.00,Neighborhood highlights,2,1,1,1,4.97,105,https://www.airbnb.com/rooms/54352197
54353571,$109.00,Neighborhood highlights,2,1,1,1,5,6,https://www.airbnb.com/rooms/54353571
54355778,NA,NA,4,NA,2,NA,4,2,https://www.airbnb.com/rooms/54355778
54357934,$118.00,NA,2,1,1,2,4.63,124,https://www.airbnb.com/rooms/54357934
54359426,NA,NA,4,NA,1,NA,5,7,https://www.airbnb.com/rooms/54359426
54364623,$311.00,Neighborhood highlights,4,1,2,2,4.91,88,https://www.airbnb.com/rooms/54364623
54370489,NA,Neighborhood highlights,4,NA,2,NA,4.72,29,https://www.airbnb.com/rooms/54370489
54370566,$110.00,Neighborhood highlights,2,1,1,1,5,2,https://www.airbnb.com/rooms/54370566
54376286,$150.00,Neighborhood highlights,1,1,1,1,4.88,58,https://www.airbnb.com/rooms/54376286
54380502,$257.00,NA,2,1,1,2,NA,0,https://www.airbnb.com/rooms/54380502
54384906,$65.00,Neighborhood highlights,1,1,1,1,4.58,19,https://www.airbnb.com/rooms/54384906
54390128,NA,NA,2,NA,1,NA,NA,0,https://www.airbnb.com/rooms/54390128
54392381,$500.00,NA,6,2.5,4,3,NA,0,https://www.airbnb.com/rooms/54392381
54395062,$245.00,NA,6,1,2,4,4.67,3,https://www.airbnb.com/rooms/54395062
54395760,NA,Neighborhood highlights,4,NA,2,NA,5,7,https://www.airbnb.com/rooms/54395760
54397475,$130.00,Neighborhood highlights,2,1,1,1,4.93,42,https://www.airbnb.com/rooms/54397475
54399229,$75.00,NA,2,2,1,1,4.63,84,https://www.airbnb.com/rooms/54399229
4.9722165695391283e+17,$270.00,Neighborhood highlights,2,1,3,3,4.85,54,https://www.airbnb.com/rooms/497221656953912856
499228785781795840,$207.00,Neighborhood highlights,4,1,2,3,4.71,7,https://www.airbnb.com/rooms/499228785781795835
501357829718388860,$44.00,NA,1,0,4,1,NA,0,https://www.airbnb.com/rooms/501357829718388856
501404598925362e3,$150.00,Neighborhood highlights,2,1.5,1,1,5,38,https://www.airbnb.com/rooms/501404598925361958
502235608092478500,$82.00,NA,2,1,1,1,3.33,3,https://www.airbnb.com/rooms/502235608092478513
502887119852003e3,$91.00,Neighborhood highlights,1,1,1,1,4.77,52,https://www.airbnb.com/rooms/502887119852002992
505665954041199100,$38.00,Neighborhood highlights,1,1,1,1,NA,0,https://www.airbnb.com/rooms/505665954041199093
505895632087041660,$58.00,Neighborhood highlights,1,1,1,1,4.94,124,https://www.airbnb.com/rooms/505895632087041671
506753378825712060,$185.00,Neighborhood highlights,5,1,2,4,4.72,32,https://www.airbnb.com/rooms/506753378825712040
508095992839347900,$86.00,Neighborhood highlights,4,1,1,2,4.74,39,https://www.airbnb.com/rooms/508095992839347917
508631253232071740,$340.00,Neighborhood highlights,2,1,1,3,4.87,46,https://www.airbnb.com/rooms/508631253232071761
509021288759072700,$115.00,Neighborhood highlights,2,1,1,1,4.86,94,https://www.airbnb.com/rooms/509021288759072717
509912694780678300,$110.00,NA,4,1,2,2,4.67,3,https://www.airbnb.com/rooms/509912694780678266
511554590284267400,$109.00,Neighborhood highlights,1,1.5,1,1,4.83,52,https://www.airbnb.com/rooms/511554590284267375
513695012431520600,$129.00,NA,2,1.5,1,1,4.89,64,https://www.airbnb.com/rooms/513695012431520567
513923548156770560,$112.00,Neighborhood highlights,1,1.5,1,1,4.93,42,https://www.airbnb.com/rooms/513923548156770577
515016371882555600,NA,NA,1,NA,4,NA,NA,0,https://www.airbnb.com/rooms/515016371882555572
515036044381761800,$107.00,Neighborhood highlights,1,1.5,1,1,4.85,47,https://www.airbnb.com/rooms/515036044381761823
515270964752201500,$180.00,Neighborhood highlights,7,1,2,2,4.59,73,https://www.airbnb.com/rooms/515270964752201497
516056994945487100,$102.00,Neighborhood highlights,2,1,2,2,4.52,25,https://www.airbnb.com/rooms/516056994945487115
5.1610744614189837e+17,NA,Neighborhood highlights,2,NA,1,NA,5,3,https://www.airbnb.com/rooms/516107446141898344
518689109208853900,$190.00,NA,2,1,1,2,5,11,https://www.airbnb.com/rooms/518689109208853861
5.1945393615757517e+17,NA,Neighborhood highlights,5,NA,2,NA,4.77,98,https://www.airbnb.com/rooms/519453936157575198
522425855620716160,"$1,209.00",Neighborhood highlights,2,2.5,4,5,4.96,27,https://www.airbnb.com/rooms/522425855620716170
522639572031900400,NA,NA,2,NA,1,NA,4.84,106,https://www.airbnb.com/rooms/522639572031900388
5.2387855857347277e+17,$70.00,NA,1,0,3,1,NA,0,https://www.airbnb.com/rooms/523878558573472760
525003331348425300,$96.00,Neighborhood highlights,1,0,4,1,NA,0,https://www.airbnb.com/rooms/525003331348425299
528015431954888400,$72.00,NA,1,0,2,1,NA,0,https://www.airbnb.com/rooms/528015431954888406
529157103042604700,$135.00,NA,2,1,1,1,4.83,6,https://www.airbnb.com/rooms/529157103042604647
529737934145319550,$115.00,Neighborhood highlights,1,1.5,1,1,4.91,45,https://www.airbnb.com/rooms/529737934145319533
529984352362471300,$120.00,Neighborhood highlights,2,2,2,1,4.88,33,https://www.airbnb.com/rooms/529984352362471277
532108412257110700,$86.00,Neighborhood highlights,1,1.5,1,1,4.5,8,https://www.airbnb.com/rooms/532108412257110742
533862307562603650,$71.00,NA,1,0,3,1,NA,0,https://www.airbnb.com/rooms/533862307562603675
535565578084281200,$130.00,Neighborhood highlights,3,1,2,2,4.4,5,https://www.airbnb.com/rooms/535565578084281184
535581626561206850,$145.00,Neighborhood highlights,4,1,2,3,4.43,7,https://www.airbnb.com/rooms/535581626561206870
537802667956395840,NA,NA,4,NA,1,NA,4.8,5,https://www.airbnb.com/rooms/537802667956395844
537808541086146050,$180.00,Neighborhood highlights,2,1,1,2,4.83,36,https://www.airbnb.com/rooms/537808541086146067
539084025529334400,$163.00,NA,4,1,1,2,4.83,18,https://www.airbnb.com/rooms/539084025529334382
539742633266082750,$130.00,Neighborhood highlights,3,1,2,2,5,4,https://www.airbnb.com/rooms/539742633266082757
539865017663194200,$140.00,NA,4,1,2,1,4.94,31,https://www.airbnb.com/rooms/539865017663194156
539900905376069250,$190.00,NA,2,1,1,1,5,3,https://www.airbnb.com/rooms/539900905376069260
540369592793071360,$50.00,NA,1,2,1,1,NA,0,https://www.airbnb.com/rooms/540369592793071358
540383884343163140,$35.00,NA,1,2,4,1,4,1,https://www.airbnb.com/rooms/540383884343163127
540399699729264300,NA,NA,1,NA,1,NA,NA,0,https://www.airbnb.com/rooms/540399699729264340
540406223816915200,NA,NA,1,NA,1,NA,NA,0,https://www.airbnb.com/rooms/540406223816915198
5.4041283987919123e+17,NA,NA,1,NA,1,NA,NA,0,https://www.airbnb.com/rooms/540412839879191262
540421796402963140,NA,NA,1,NA,1,NA,NA,0,https://www.airbnb.com/rooms/540421796402963162
540711103104604350,$97.00,Neighborhood highlights,3,1,1,2,4.5,16,https://www.airbnb.com/rooms/540711103104604340
541324403087831360,NA,Neighborhood highlights,2,NA,NA,NA,NA,0,https://www.airbnb.com/rooms/541324403087831375
5.4133119816486803e+17,NA,Neighborhood highlights,2,NA,1,NA,4.5,2,https://www.airbnb.com/rooms/541331198164868034
541391255239717300,$49.00,Neighborhood highlights,2,1,1,0,5,1,https://www.airbnb.com/rooms/541391255239717337
541392924367618050,$49.00,NA,2,1,1,0,5,1,https://www.airbnb.com/rooms/541392924367618019
541393706359618e3,NA,Neighborhood highlights,2,NA,1,NA,NA,0,https://www.airbnb.com/rooms/541393706359617956
541394732744892100,NA,Neighborhood highlights,2,NA,1,NA,NA,0,https://www.airbnb.com/rooms/541394732744892092
541395567949290300,NA,Neighborhood highlights,2,NA,1,NA,5,1,https://www.airbnb.com/rooms/541395567949290296
541406446105322e3,$38.00,Neighborhood highlights,1,1,1,0,5,1,https://www.airbnb.com/rooms/541406446105321973
541410170284486400,$27.00,Neighborhood highlights,1,0,1,0,3.33,3,https://www.airbnb.com/rooms/541410170284486372
541449474530378e3,$99.00,NA,3,1,1,2,4.57,30,https://www.airbnb.com/rooms/541449474530378012
541838334174119600,$306.00,Neighborhood highlights,2,1,1,1,NA,0,https://www.airbnb.com/rooms/541838334174119591
541840861640055600,$330.00,Neighborhood highlights,2,1,1,1,NA,0,https://www.airbnb.com/rooms/541840861640055585
541841229631087300,$258.00,Neighborhood highlights,2,1,0,1,5,1,https://www.airbnb.com/rooms/541841229631087312
542239053789372860,NA,Neighborhood highlights,9,NA,3,NA,4.56,9,https://www.airbnb.com/rooms/542239053789372886
542600943912847800,NA,NA,3,NA,1,NA,5,3,https://www.airbnb.com/rooms/542600943912847794
542640652151641700,$81.00,NA,2,1,1,1,5,3,https://www.airbnb.com/rooms/542640652151641703
542642150642856640,$140.00,Neighborhood highlights,2,1,2,4,5,1,https://www.airbnb.com/rooms/542642150642856669
542677269372360060,$75.00,Neighborhood highlights,1,1,0,1,4.6,10,https://www.airbnb.com/rooms/542677269372360032
542765936993178750,NA,NA,1,NA,NA,NA,NA,0,https://www.airbnb.com/rooms/542765936993178756
542856379990916600,$150.00,NA,1,0,1,1,4.33,6,https://www.airbnb.com/rooms/542856379990916626
542897168768814200,$358.00,NA,8,1,3,7,4.7,27,https://www.airbnb.com/rooms/542897168768814229
542959954217251650,$110.00,Neighborhood highlights,2,1,0,1,4.78,46,https://www.airbnb.com/rooms/542959954217251648
542970756349440700,NA,Neighborhood highlights,2,NA,NA,NA,NA,0,https://www.airbnb.com/rooms/542970756349440677
543373265235326800,$55.00,NA,1,1,1,1,4.2,5,https://www.airbnb.com/rooms/543373265235326762
543491929592827500,$120.00,Neighborhood highlights,2,1,1,1,5,5,https://www.airbnb.com/rooms/543491929592827552
543581705573196800,$140.00,Neighborhood highlights,2,1,1,1,5,3,https://www.airbnb.com/rooms/543581705573196775
543635425943076800,$800.00,NA,5,2,2,3,5,1,https://www.airbnb.com/rooms/543635425943076778
544401457419857100,$235.00,Neighborhood highlights,4,1,1,2,4.89,142,https://www.airbnb.com/rooms/544401457419857074
544718208217458500,NA,NA,1,NA,1,NA,NA,0,https://www.airbnb.com/rooms/544718208217458511
544727385419103800,NA,NA,1,NA,1,NA,NA,0,https://www.airbnb.com/rooms/544727385419103801
544733837026708740,NA,NA,1,NA,1,NA,NA,0,https://www.airbnb.com/rooms/544733837026708714
544867022494251700,$115.00,Neighborhood highlights,2,1,0,1,4.82,49,https://www.airbnb.com/rooms/544867022494251692
544998650078746750,$189.00,Neighborhood highlights,2,1,0,1,5,5,https://www.airbnb.com/rooms/544998650078746770
545050187717763100,$80.00,Neighborhood highlights,1,1,1,1,5,1,https://www.airbnb.com/rooms/545050187717763060
545090914375173500,NA,Neighborhood highlights,2,NA,1,NA,NA,0,https://www.airbnb.com/rooms/545090914375173479
545163157468611460,$164.00,NA,2,1,1,2,4.71,84,https://www.airbnb.com/rooms/545163157468611464
545552773407024450,$264.00,NA,6,1,2,3,5,4,https://www.airbnb.com/rooms/545552773407024467
545563697666112600,$114.00,Neighborhood highlights,2,1,0,1,4.95,41,https://www.airbnb.com/rooms/545563697666112561
5.4565338467786637e+17,$150.00,Neighborhood highlights,4,1,2,3,4.67,6,https://www.airbnb.com/rooms/545653384677866355
545917627281915460,NA,NA,1,NA,1,NA,NA,0,https://www.airbnb.com/rooms/545917627281915475
545960635890039e3,$178.00,NA,2,1,1,1,4.84,75,https://www.airbnb.com/rooms/545960635890038947
546256455955963900,$199.00,NA,4,1,2,2,5,2,https://www.airbnb.com/rooms/546256455955963923
546263114511633860,$399.00,NA,8,1,4,4,NA,0,https://www.airbnb.com/rooms/546263114511633831
546407517674976450,NA,NA,6,NA,1,NA,5,2,https://www.airbnb.com/rooms/546407517674976443
5.4643837635938003e+17,$190.00,Neighborhood highlights,2,1,1,1,4.83,6,https://www.airbnb.com/rooms/546438376359380052
546459533399599360,NA,Neighborhood highlights,2,NA,1,NA,NA,0,https://www.airbnb.com/rooms/546459533399599339
546489197632602240,$90.00,Neighborhood highlights,2,1,1,1,4.66,62,https://www.airbnb.com/rooms/546489197632602270
546555949054231550,$203.00,NA,3,2,2,2,4.94,67,https://www.airbnb.com/rooms/546555949054231567
5.4668983446071917e+17,$140.00,Neighborhood highlights,2,1,2,1,4.77,13,https://www.airbnb.com/rooms/546689834460719148
547047157816656450,NA,NA,2,NA,NA,NA,4.6,20,https://www.airbnb.com/rooms/547047157816656460
547058790481548200,$120.00,NA,2,1,1,1,NA,0,https://www.airbnb.com/rooms/547058790481548248
547086501522814400,$225.00,Neighborhood highlights,4,1,1,1,4.81,21,https://www.airbnb.com/rooms/547086501522814424
547150124220387200,$80.00,Neighborhood highlights,3,1,2,2,4.91,11,https://www.airbnb.com/rooms/547150124220387168
547219823037006340,$85.00,Neighborhood highlights,4,1,2,2,4.81,32,https://www.airbnb.com/rooms/547219823037006318
547259041712806600,$112.00,NA,1,1,1,1,4.57,14,https://www.airbnb.com/rooms/547259041712806614
547539781253911740,$75.00,NA,2,2,1,0,4.7,53,https://www.airbnb.com/rooms/547539781253911739
547793067593304300,$87.00,NA,2,1,1,1,4.9,10,https://www.airbnb.com/rooms/547793067593304321
547797787916616200,$175.00,Neighborhood highlights,2,1,1,1,5,2,https://www.airbnb.com/rooms/547797787916616213
547815403096269950,NA,NA,2,NA,1,NA,4.83,6,https://www.airbnb.com/rooms/547815403096269955
547820238225408450,$119.00,Neighborhood highlights,4,1,2,3,5,5,https://www.airbnb.com/rooms/547820238225408462
547954295867404860,$199.00,Neighborhood highlights,1,1,1,1,4.9,59,https://www.airbnb.com/rooms/547954295867404844
547998622525410750,$220.00,Neighborhood highlights,2,1,1,1,5,2,https://www.airbnb.com/rooms/547998622525410778
548006572647649300,$100.00,NA,4,1,2,2,5,7,https://www.airbnb.com/rooms/548006572647649285
5.4801685779435277e+17,$151.00,NA,4,1,2,2,5,4,https://www.airbnb.com/rooms/548016857794352761
548041570921178800,$55.00,Neighborhood highlights,2,1,1,1,4.86,14,https://www.airbnb.com/rooms/548041570921178790
548058061023756350,$38.00,NA,1,1,3,1,NA,0,https://www.airbnb.com/rooms/548058061023756340
548511865075106100,$64.00,Neighborhood highlights,2,1,1,1,4.78,18,https://www.airbnb.com/rooms/548511865075106092
548533575279035460,NA,NA,4,NA,1,NA,4.94,16,https://www.airbnb.com/rooms/548533575279035482
548559882209685200,$105.00,Neighborhood highlights,1,1,1,1,4.85,26,https://www.airbnb.com/rooms/548559882209685166
548618432625308400,$140.00,Neighborhood highlights,3,1,2,2,4.94,16,https://www.airbnb.com/rooms/548618432625308411
548672572096028300,$140.00,NA,4,1,1,2,4.67,9,https://www.airbnb.com/rooms/548672572096028312
548735145074243840,NA,NA,4,NA,2,NA,5,1,https://www.airbnb.com/rooms/548735145074243823
548999032692933250,NA,NA,1,NA,1,NA,NA,0,https://www.airbnb.com/rooms/548999032692933239
5.4902677241742317e+17,$363.00,NA,7,2,3,5,4.77,64,https://www.airbnb.com/rooms/549026772417423162
549080771974459500,NA,NA,1,NA,1,NA,NA,0,https://www.airbnb.com/rooms/549080771974459504
5.4910128004659123e+17,NA,NA,1,NA,1,NA,NA,0,https://www.airbnb.com/rooms/549101280046591249
549194883005854700,$216.00,NA,2,1,0,1,5,1,https://www.airbnb.com/rooms/549194883005854692
549264345064528640,$164.00,Neighborhood highlights,2,1,1,1,4.93,92,https://www.airbnb.com/rooms/549264345064528625
549269675708932160,NA,Neighborhood highlights,2,NA,1,NA,4.88,16,https://www.airbnb.com/rooms/549269675708932153
549275003907405300,$151.00,Neighborhood highlights,2,1,1,2,5,17,https://www.airbnb.com/rooms/549275003907405309
549362079534421e3,$182.00,Neighborhood highlights,5,1,2,3,4.85,20,https://www.airbnb.com/rooms/549362079534421010
549381252283638100,$224.00,NA,2,1,1,1,4.58,12,https://www.airbnb.com/rooms/549381252283638106
549418712123925100,$105.00,Neighborhood highlights,2,1,1,1,5,39,https://www.airbnb.com/rooms/549418712123925136
549465289587099140,$104.00,Neighborhood highlights,2,1,0,1,4.63,16,https://www.airbnb.com/rooms/549465289587099130
549522896406512960,NA,NA,2,NA,1,NA,5,2,https://www.airbnb.com/rooms/549522896406512978
549989860829940900,NA,Neighborhood highlights,4,NA,1,NA,NA,0,https://www.airbnb.com/rooms/549989860829940927
550026488081973900,$94.00,NA,2,1,1,2,4.34,105,https://www.airbnb.com/rooms/550026488081973881
550135601428139e3,$50.00,NA,2,2,1,1,4.95,41,https://www.airbnb.com/rooms/550135601428139032
550220260905279800,NA,NA,1,NA,1,NA,NA,0,https://www.airbnb.com/rooms/550220260905279832
5.5041080387129203e+17,$45.00,Neighborhood highlights,1,1,1,1,5,3,https://www.airbnb.com/rooms/550410803871292045
5.5055542877744237e+17,$104.00,Neighborhood highlights,4,1,1,2,5,11,https://www.airbnb.com/rooms/550555428777442357
550588684303551740,$60.00,NA,1,1,1,1,4.93,15,https://www.airbnb.com/rooms/550588684303551770
550618527775379700,$99.00,Neighborhood highlights,2,2,1,1,4.86,7,https://www.airbnb.com/rooms/550618527775379687
550741674554463740,$139.00,NA,2,1,1,1,4.62,39,https://www.airbnb.com/rooms/550741674554463731
550841600859360450,$200.00,NA,5,1,2,3,4.33,3,https://www.airbnb.com/rooms/550841600859360458
550845920087869250,$107.00,Neighborhood highlights,1,1,1,1,4.88,8,https://www.airbnb.com/rooms/550845920087869266
550863614415728500,$48.00,NA,1,1,1,1,3.4,5,https://www.airbnb.com/rooms/550863614415728506
550905294962321340,$85.00,Neighborhood highlights,2,1,1,1,4.86,14,https://www.airbnb.com/rooms/550905294962321318
550923487986078e3,$145.00,Neighborhood highlights,2,1,1,4,4.95,64,https://www.airbnb.com/rooms/550923487986078016
550924397505635840,$161.00,Neighborhood highlights,2,1,2,3,5,40,https://www.airbnb.com/rooms/550924397505635837
551319901559838340,$80.00,Neighborhood highlights,2,1,1,1,4.32,34,https://www.airbnb.com/rooms/551319901559838353
551331888495706600,NA,Neighborhood highlights,3,NA,1,NA,4.93,28,https://www.airbnb.com/rooms/551331888495706616
551334234415439500,$45.00,NA,1,1,1,1,NA,0,https://www.airbnb.com/rooms/551334234415439458
551445523938181100,$75.00,NA,1,1,1,1,4.95,142,https://www.airbnb.com/rooms/551445523938181140
551486754862349950,$39.00,Neighborhood highlights,1,1,1,1,5,3,https://www.airbnb.com/rooms/551486754862349923
551494862092193860,$107.00,NA,1,1,1,1,4.91,32,https://www.airbnb.com/rooms/551494862092193850
551497141931129150,$174.00,NA,2,1,1,2,4.77,13,https://www.airbnb.com/rooms/551497141931129148
551665755238884800,$65.00,NA,2,1,1,1,5,2,https://www.airbnb.com/rooms/551665755238884793
551784052089926900,$304.00,NA,2,1,1,1,NA,0,https://www.airbnb.com/rooms/551784052089926925
551846781913884200,$538.00,Neighborhood highlights,4,2,2,2,NA,0,https://www.airbnb.com/rooms/551846781913884240
552042242548350700,$48.00,Neighborhood highlights,1,2,1,1,NA,0,https://www.airbnb.com/rooms/552042242548350696
552075850942208500,$180.00,NA,2,1,0,1,4.2,5,https://www.airbnb.com/rooms/552075850942208488
552087932017335e3,$145.00,Neighborhood highlights,4,1,2,3,5,4,https://www.airbnb.com/rooms/552087932017334952
552094356450388600,$46.00,Neighborhood highlights,1,2,1,1,NA,0,https://www.airbnb.com/rooms/552094356450388612
552096075557651e3,NA,NA,2,NA,NA,NA,4.67,3,https://www.airbnb.com/rooms/552096075557651001
552098297559363e3,$245.00,Neighborhood highlights,4,1,2,2,NA,0,https://www.airbnb.com/rooms/552098297559362978
552113158032353700,$75.00,NA,1,1,1,1,NA,0,https://www.airbnb.com/rooms/552113158032353754
552148250523188160,$46.00,Neighborhood highlights,1,2,1,1,NA,0,https://www.airbnb.com/rooms/552148250523188165
552174943582511040,$46.00,Neighborhood highlights,1,2,1,1,NA,0,https://www.airbnb.com/rooms/552174943582511016
552208563699318850,$120.00,NA,2,1,1,1,4.84,111,https://www.airbnb.com/rooms/552208563699318844
552211233896015740,$102.00,NA,5,1,3,3,4.77,48,https://www.airbnb.com/rooms/552211233896015720
552213619587086700,$69.00,Neighborhood highlights,2,0.5,1,1,4.6,15,https://www.airbnb.com/rooms/552213619587086694
5.5273848478595757e+17,$65.00,NA,1,1,1,1,5,5,https://www.airbnb.com/rooms/552738484785957570
552754739023120640,NA,Neighborhood highlights,2,NA,1,NA,4.77,13,https://www.airbnb.com/rooms/552754739023120654
552776894629824100,$150.00,NA,2,1,1,2,5,3,https://www.airbnb.com/rooms/552776894629824118
552782382741181900,$50.00,NA,1,1,1,1,NA,0,https://www.airbnb.com/rooms/552782382741181875
552798012536553500,$287.00,Neighborhood highlights,4,1,2,3,4.96,97,https://www.airbnb.com/rooms/552798012536553490
552804519831447400,$245.00,Neighborhood highlights,4,1,2,2,5,2,https://www.airbnb.com/rooms/552804519831447428
552819087046615550,NA,Neighborhood highlights,3,NA,1,NA,4,1,https://www.airbnb.com/rooms/552819087046615521
552836837466430340,NA,NA,2,NA,NA,NA,4.97,36,https://www.airbnb.com/rooms/552836837466430326
552839358870025e3,$161.00,Neighborhood highlights,3,1,1,2,4.57,14,https://www.airbnb.com/rooms/552839358870025051
552912907771427650,$38.00,NA,1,2,1,1,2.67,3,https://www.airbnb.com/rooms/552912907771427637
552972547593855940,$375.00,NA,5,1,2,3,4.74,34,https://www.airbnb.com/rooms/552972547593855946
553005121220644860,$66.00,NA,2,1.5,2,2,NA,0,https://www.airbnb.com/rooms/553005121220644891
553029238283466050,$295.00,Neighborhood highlights,2,1,1,1,4.9,41,https://www.airbnb.com/rooms/553029238283466076
553424076777304700,NA,Neighborhood highlights,1,NA,NA,NA,5,4,https://www.airbnb.com/rooms/553424076777304679
553472206682115140,NA,Neighborhood highlights,2,NA,1,NA,4.67,15,https://www.airbnb.com/rooms/553472206682115107
553495030817778300,NA,NA,1,NA,NA,NA,NA,0,https://www.airbnb.com/rooms/553495030817778297
554125687285092500,$89.00,Neighborhood highlights,2,1,1,1,4.6,25,https://www.airbnb.com/rooms/554125687285092457
554175570283178300,$120.00,NA,2,1,1,1,4.79,82,https://www.airbnb.com/rooms/554175570283178317
554272057299642050,$70.00,Neighborhood highlights,2,1,1,1,NA,0,https://www.airbnb.com/rooms/554272057299642031
554283191774753e3,$100.00,NA,1,1,0,1,4.83,6,https://www.airbnb.com/rooms/554283191774753015
554590833584755700,$245.00,Neighborhood highlights,6,1.5,1,3,4.78,96,https://www.airbnb.com/rooms/554590833584755715
554785184147676700,$195.00,NA,2,1,0,1,4.95,21,https://www.airbnb.com/rooms/554785184147676671
554951330810060860,$29.00,NA,1,1,1,1,5,1,https://www.airbnb.com/rooms/554951330810060879
555005271135605800,$101.00,Neighborhood highlights,2,1,1,1,4.86,125,https://www.airbnb.com/rooms/555005271135605811
555016287622862700,$37.00,Neighborhood highlights,2,1,1,1,4.58,78,https://www.airbnb.com/rooms/555016287622862694
555025453219072e3,$49.00,NA,2,1,1,0,NA,0,https://www.airbnb.com/rooms/555025453219071978
555028278236378200,$48.00,NA,2,1,1,0,5,1,https://www.airbnb.com/rooms/555028278236378188
555030246357854300,$49.00,NA,2,1,1,0,NA,0,https://www.airbnb.com/rooms/555030246357854273
555034459812571140,$46.00,NA,2,0,1,0,5,1,https://www.airbnb.com/rooms/555034459812571155
5.5503538710776877e+17,$49.00,NA,2,0,1,0,5,1,https://www.airbnb.com/rooms/555035387107768750
555036643800097e3,$46.00,NA,2,0,1,0,NA,0,https://www.airbnb.com/rooms/555036643800097019
555038069440891500,$49.00,NA,2,0,1,0,3.5,2,https://www.airbnb.com/rooms/555038069440891496
555040866773492350,$47.00,NA,2,0,1,0,NA,0,https://www.airbnb.com/rooms/555040866773492377
555056971119509e3,$171.00,NA,2,1,1,1,5,4,https://www.airbnb.com/rooms/555056971119508988
555073510443058560,$172.00,Neighborhood highlights,6,2,3,4,5,6,https://www.airbnb.com/rooms/555073510443058547
555084121436227700,$168.00,Neighborhood highlights,2,1,1,1,4.81,77,https://www.airbnb.com/rooms/555084121436227690
5.5515903489603443e+17,$399.00,Neighborhood highlights,8,1,4,5,NA,0,https://www.airbnb.com/rooms/555159034896034407
555167315945382460,NA,NA,4,NA,1,NA,NA,0,https://www.airbnb.com/rooms/555167315945382483
555171202368184300,$109.00,NA,2,1,1,1,4.81,43,https://www.airbnb.com/rooms/555171202368184293
555253571958535940,$250.00,NA,3,1,1,1,5,1,https://www.airbnb.com/rooms/555253571958535908
555284833565849500,NA,NA,1,NA,5,NA,NA,0,https://www.airbnb.com/rooms/555284833565849468
555304287621797760,$116.00,NA,1,0,2,1,NA,0,https://www.airbnb.com/rooms/555304287621797761
555610543409267200,$499.00,NA,8,1,4,4,NA,0,https://www.airbnb.com/rooms/555610543409267205
555681857754079360,$429.00,NA,4,1.5,2,3,4.94,34,https://www.airbnb.com/rooms/555681857754079373
5.5568782831501683e+17,$60.00,NA,2,1,1,1,4.33,42,https://www.airbnb.com/rooms/555687828315016864
5.5569021921317037e+17,$90.00,Neighborhood highlights,2,1,1,1,4.52,29,https://www.airbnb.com/rooms/555690219213170371
555807793431380500,$350.00,NA,16,1.5,2,3,4.69,16,https://www.airbnb.com/rooms/555807793431380504
556247091679540860,$79.00,Neighborhood highlights,2,1,1,1,4.97,33,https://www.airbnb.com/rooms/556247091679540869
556365927024053100,$115.00,Neighborhood highlights,2,1,1,2,4.85,61,https://www.airbnb.com/rooms/556365927024053098
556637820525993900,$45.00,NA,1,1,1,1,NA,0,https://www.airbnb.com/rooms/556637820525993937
556680269479602050,NA,Neighborhood highlights,3,NA,NA,NA,4.19,26,https://www.airbnb.com/rooms/556680269479602024
556719526790566e3,$79.00,NA,2,1,1,1,5,2,https://www.airbnb.com/rooms/556719526790566006
556960737995069300,$242.00,NA,6,1,2,4,5,3,https://www.airbnb.com/rooms/556960737995069310
557031472849294400,$100.00,Neighborhood highlights,2,1,1,1,4.79,117,https://www.airbnb.com/rooms/557031472849294373
557075442081745540,NA,Neighborhood highlights,4,NA,1,NA,4.8,5,https://www.airbnb.com/rooms/557075442081745526
557258094459983100,$350.00,NA,2,1,1,1,5,3,https://www.airbnb.com/rooms/557258094459983133
557287164309695740,NA,Neighborhood highlights,2,NA,1,NA,5,2,https://www.airbnb.com/rooms/557287164309695719
557308562445321600,$120.00,NA,2,1,0,1,4.75,4,https://www.airbnb.com/rooms/557308562445321576
557408661745512600,NA,Neighborhood highlights,2,NA,2,NA,5,6,https://www.airbnb.com/rooms/557408661745512587
557473594642446500,$180.00,NA,4,1,2,2,NA,0,https://www.airbnb.com/rooms/557473594642446522
557486369436961e3,$67.00,Neighborhood highlights,2,1.5,1,1,4.32,31,https://www.airbnb.com/rooms/557486369436961003
557509075015430140,$65.00,Neighborhood highlights,2,1,1,1,4.55,65,https://www.airbnb.com/rooms/557509075015430163
5.5783116089304723e+17,NA,Neighborhood highlights,2,NA,NA,NA,5,8,https://www.airbnb.com/rooms/557831160893047214
557862618452685950,NA,Neighborhood highlights,5,NA,2,NA,4.94,48,https://www.airbnb.com/rooms/557862618452685938
557912715961485950,$400.00,Neighborhood highlights,8,2,3,5,4.92,72,https://www.airbnb.com/rooms/557912715961485952
557940244756915800,NA,NA,2,NA,NA,NA,5,3,https://www.airbnb.com/rooms/557940244756915761
557953921538656300,$170.00,Neighborhood highlights,2,1,0,1,4.67,6,https://www.airbnb.com/rooms/557953921538656336
5.5797477640230957e+17,$185.00,NA,2,1,0,1,5,1,https://www.airbnb.com/rooms/557974776402309577
558134273361856500,$300.00,Neighborhood highlights,4,2,2,2,4.82,11,https://www.airbnb.com/rooms/558134273361856523
558306500468820860,$167.00,Neighborhood highlights,4,1,2,2,4.9,101,https://www.airbnb.com/rooms/558306500468820859
5.5831048296219763e+17,$160.00,Neighborhood highlights,2,1,1,1,NA,0,https://www.airbnb.com/rooms/558310482962197626
558374435893895700,$65.00,NA,1,2,1,1,5,2,https://www.airbnb.com/rooms/558374435893895678
558538926629464640,$140.00,Neighborhood highlights,5,2,2,4,4.75,8,https://www.airbnb.com/rooms/558538926629464616
558575557122330900,$350.00,NA,4,2,2,2,5,3,https://www.airbnb.com/rooms/558575557122330909
558597180499244350,$414.00,NA,6,3,2,3,4.84,64,https://www.airbnb.com/rooms/558597180499244358
558600050885522600,NA,Neighborhood highlights,4,NA,2,NA,4.75,12,https://www.airbnb.com/rooms/558600050885522642
558666686049436600,$234.00,Neighborhood highlights,6,1,3,3,5,30,https://www.airbnb.com/rooms/558666686049436599
558732520907162200,NA,Neighborhood highlights,2,NA,1,NA,NA,0,https://www.airbnb.com/rooms/558732520907162146
558746223707426750,$258.00,Neighborhood highlights,2,1,1,1,5,6,https://www.airbnb.com/rooms/558746223707426780
558874976542597760,$38.00,NA,2,1.5,1,1,4.92,13,https://www.airbnb.com/rooms/558874976542597786
558934184388886850,NA,NA,4,NA,3,NA,NA,0,https://www.airbnb.com/rooms/558934184388886841
558941566399441660,$200.00,NA,4,1,1,2,4.45,66,https://www.airbnb.com/rooms/558941566399441638
558983914291920600,NA,NA,4,NA,1,NA,NA,0,https://www.airbnb.com/rooms/558983914291920583
559186695166761200,NA,NA,2,NA,1,NA,5,10,https://www.airbnb.com/rooms/559186695166761209
559485519806458700,$104.00,Neighborhood highlights,2,1,1,1,4.82,78,https://www.airbnb.com/rooms/559485519806458663
559496513380238300,NA,Neighborhood highlights,4,NA,2,NA,4.75,4,https://www.airbnb.com/rooms/559496513380238292
559544054895092800,$100.00,NA,1,1,1,1,NA,0,https://www.airbnb.com/rooms/559544054895092780
559572983981929500,$62.00,NA,1,1,1,1,4.96,46,https://www.airbnb.com/rooms/559572983981929450
559586504917827300,$65.00,NA,1,1,1,1,4.77,13,https://www.airbnb.com/rooms/559586504917827345
559592743617283840,$321.00,NA,8,2.5,3,4,4.9,89,https://www.airbnb.com/rooms/559592743617283842
559619308472416450,$63.00,Neighborhood highlights,1,1,1,1,4.88,50,https://www.airbnb.com/rooms/559619308472416467
559643918547951500,$250.00,Neighborhood highlights,4,1,2,2,NA,0,https://www.airbnb.com/rooms/559643918547951479
559671382972443260,$150.00,NA,4,1,0,2,4.83,6,https://www.airbnb.com/rooms/559671382972443261
559881384063575740,NA,Neighborhood highlights,4,NA,3,NA,5,3,https://www.airbnb.com/rooms/559881384063575733
560093947389451200,$80.00,Neighborhood highlights,1,1,1,1,4.65,23,https://www.airbnb.com/rooms/560093947389451205
560128136545298700,NA,NA,1,NA,NA,NA,4.67,3,https://www.airbnb.com/rooms/560128136545298705
560128214211794560,NA,Neighborhood highlights,1,NA,NA,NA,5,1,https://www.airbnb.com/rooms/560128214211794555
560149197063785540,$155.00,Neighborhood highlights,4,1,2,3,4.4,5,https://www.airbnb.com/rooms/560149197063785531
560205663949770560,$170.00,Neighborhood highlights,2,1,1,1,5,6,https://www.airbnb.com/rooms/560205663949770570
560224400703639700,$215.00,Neighborhood highlights,5,2.5,3,3,4.67,45,https://www.airbnb.com/rooms/560224400703639699
5.6023922972361203e+17,$54.00,Neighborhood highlights,1,2,1,1,4.25,4,https://www.airbnb.com/rooms/560239229723612016
560241529792006400,$160.00,NA,1,1,1,1,4,1,https://www.airbnb.com/rooms/560241529792006404
560612212665776300,$104.00,Neighborhood highlights,4,1,2,3,5,4,https://www.airbnb.com/rooms/560612212665776305
560727126080403800,$44.00,NA,1,3,1,1,NA,0,https://www.airbnb.com/rooms/560727126080403797
5.6073170282552397e+17,$48.00,NA,1,1,1,1,NA,0,https://www.airbnb.com/rooms/560731702825523968
560735047537585660,NA,NA,1,NA,1,NA,NA,0,https://www.airbnb.com/rooms/560735047537585655
560746623203080700,$152.00,Neighborhood highlights,3,1,0,2,4.86,7,https://www.airbnb.com/rooms/560746623203080695
560819796143132800,NA,NA,4,NA,1,NA,5,1,https://www.airbnb.com/rooms/560819796143132798
560823556149262660,NA,NA,1,NA,NA,NA,5,1,https://www.airbnb.com/rooms/560823556149262684
560922841979568060,$55.00,Neighborhood highlights,1,1,1,1,5,7,https://www.airbnb.com/rooms/560922841979568080
560997011642218300,$80.00,Neighborhood highlights,2,1,1,1,4.75,16,https://www.airbnb.com/rooms/560997011642218304
561056459074470850,$164.00,Neighborhood highlights,2,1,1,1,4.72,68,https://www.airbnb.com/rooms/561056459074470843
561114265573680600,$190.00,Neighborhood highlights,2,1,1,1,4.93,43,https://www.airbnb.com/rooms/561114265573680580
561438111914086700,$120.00,NA,7,1,3,4,5,1,https://www.airbnb.com/rooms/561438111914086714
561440492721634300,$160.00,Neighborhood highlights,2,1,1,1,4.8,10,https://www.airbnb.com/rooms/561440492721634331
561580874092383700,$46.00,Neighborhood highlights,1,1,1,1,4.88,8,https://www.airbnb.com/rooms/561580874092383695
561766452830859700,$244.00,NA,2,1,1,1,5,5,https://www.airbnb.com/rooms/561766452830859698
562228465268570750,NA,NA,4,1,1,3,4.35,55,https://www.airbnb.com/rooms/562228465268570725
562298581962857600,$166.00,Neighborhood highlights,4,1,2,2,5,3,https://www.airbnb.com/rooms/562298581962857593
562316603338483300,NA,NA,6,NA,3,NA,NA,0,https://www.airbnb.com/rooms/562316603338483299
562418047487826100,$115.00,NA,2,1,1,1,4.76,17,https://www.airbnb.com/rooms/562418047487826132
562718405196083700,$160.00,Neighborhood highlights,2,1,2,2,4.5,6,https://www.airbnb.com/rooms/562718405196083742
562884903457128960,$160.00,NA,2,1,1,1,4.88,16,https://www.airbnb.com/rooms/562884903457128974
562907819641129660,NA,Neighborhood highlights,9,NA,4,NA,4.97,34,https://www.airbnb.com/rooms/562907819641129672
562964125617559100,$160.00,Neighborhood highlights,2,1,1,1,5,4,https://www.airbnb.com/rooms/562964125617559122
563007560084567360,$428.00,NA,8,1,4,5,NA,0,https://www.airbnb.com/rooms/563007560084567383
563246706811573400,$72.00,Neighborhood highlights,2,1.5,1,1,4.73,40,https://www.airbnb.com/rooms/563246706811573391
563268292006599300,$126.00,NA,2,1,1,1,4.73,176,https://www.airbnb.com/rooms/563268292006599316
563348510544506750,NA,Neighborhood highlights,1,NA,NA,NA,5,1,https://www.airbnb.com/rooms/563348510544506762
563561579325525100,$650.00,Neighborhood highlights,6,3.5,3,3,5,2,https://www.airbnb.com/rooms/563561579325525118
563687425156513150,$277.00,Neighborhood highlights,2,1,0,1,4.67,237,https://www.airbnb.com/rooms/563687425156513173
563690104682126400,$334.00,Neighborhood highlights,4,1,1,2,4.68,47,https://www.airbnb.com/rooms/563690104682126377
5.6371946703568083e+17,$659.00,Neighborhood highlights,6,1,2,3,4.73,75,https://www.airbnb.com/rooms/563719467035680846
563728723224510300,$285.00,Neighborhood highlights,2,1,0,1,4.76,256,https://www.airbnb.com/rooms/563728723224510265
5.6373708759034803e+17,$375.00,Neighborhood highlights,6,2,3,3,5,7,https://www.airbnb.com/rooms/563737087590348053
563747299762269900,NA,NA,3,NA,1,NA,4.92,24,https://www.airbnb.com/rooms/563747299762269894
563864922936990700,$129.00,Neighborhood highlights,6,1,3,5,4.7,71,https://www.airbnb.com/rooms/563864922936990733
563878450144015e3,NA,Neighborhood highlights,2,NA,2,NA,NA,0,https://www.airbnb.com/rooms/563878450144014953
5.6394804364229363e+17,"$1,428.00",NA,4,2,2,2,4.9,29,https://www.airbnb.com/rooms/563948043642293623
5.6395752070787277e+17,$174.00,NA,2,1,1,1,4.93,42,https://www.airbnb.com/rooms/563957520707872792
564074564653104960,NA,NA,1,NA,NA,NA,5,8,https://www.airbnb.com/rooms/564074564653104986
564171631173241540,NA,NA,4,NA,1,NA,NA,0,https://www.airbnb.com/rooms/564171631173241519
564229280225504100,$175.00,Neighborhood highlights,2,1,1,1,4.94,16,https://www.airbnb.com/rooms/564229280225504107
564251310292031940,NA,NA,2,NA,1,NA,NA,0,https://www.airbnb.com/rooms/564251310292031944
564254781588210300,NA,NA,4,NA,2,NA,5,6,https://www.airbnb.com/rooms/564254781588210297
564274377974292740,$60.00,NA,1,1,1,1,4.17,12,https://www.airbnb.com/rooms/564274377974292757
564281474587681860,$235.00,Neighborhood highlights,6,2,2,3,4.82,137,https://www.airbnb.com/rooms/564281474587681881
564290411806986500,NA,Neighborhood highlights,3,NA,1,NA,NA,0,https://www.airbnb.com/rooms/564290411806986528
564308644784550600,$153.00,Neighborhood highlights,4,1,2,1,4.89,28,https://www.airbnb.com/rooms/564308644784550594
564332310127293250,NA,NA,2,NA,1,NA,3.26,19,https://www.airbnb.com/rooms/564332310127293248
564332364431245800,$252.00,NA,2,1,1,1,3.5,4,https://www.airbnb.com/rooms/564332364431245843
564392277073018700,$208.00,Neighborhood highlights,3,1,2,1,4.5,2,https://www.airbnb.com/rooms/564392277073018712
564542318120486460,$560.00,Neighborhood highlights,3,2,1,1,4.9,41,https://www.airbnb.com/rooms/564542318120486446
564542475835793900,$120.00,NA,5,1,1,3,4.92,51,https://www.airbnb.com/rooms/564542475835793907
564546597596686700,$59.00,Neighborhood highlights,1,1.5,1,1,4.74,19,https://www.airbnb.com/rooms/564546597596686694
564602108695275200,$160.00,Neighborhood highlights,5,1,2,2,4.43,40,https://www.airbnb.com/rooms/564602108695275173
564602702188075840,$662.00,Neighborhood highlights,6,1,2,3,4.87,111,https://www.airbnb.com/rooms/564602702188075826
564639043483141440,NA,Neighborhood highlights,2,NA,1,NA,4.62,79,https://www.airbnb.com/rooms/564639043483141418
564682824371493100,$438.00,Neighborhood highlights,8,2,3,6,4.88,98,https://www.airbnb.com/rooms/564682824371493121
564712205408727900,NA,Neighborhood highlights,2,NA,NA,NA,4.63,19,https://www.airbnb.com/rooms/564712205408727874
564779036975389200,$60.00,NA,2,1,1,1,4.88,65,https://www.airbnb.com/rooms/564779036975389184
564807913864754700,$75.00,NA,2,1,1,1,3.67,3,https://www.airbnb.com/rooms/564807913864754690
5.6484443522591603e+17,$379.00,Neighborhood highlights,4,1,2,2,4,1,https://www.airbnb.com/rooms/564844435225916025
564924380211338600,$75.00,Neighborhood highlights,2,1,1,1,5,1,https://www.airbnb.com/rooms/564924380211338644
564973275397535300,$204.00,Neighborhood highlights,2,1,1,1,NA,0,https://www.airbnb.com/rooms/564973275397535318
564995378372454800,$98.00,NA,1,0,4,1,NA,0,https://www.airbnb.com/rooms/564995378372454757
565031776522886500,NA,Neighborhood highlights,2,NA,NA,NA,4.8,5,https://www.airbnb.com/rooms/565031776522886558
565079733741558700,NA,Neighborhood highlights,2,NA,1,NA,4.32,25,https://www.airbnb.com/rooms/565079733741558704
565082385498111800,NA,Neighborhood highlights,2,NA,1,NA,4.28,47,https://www.airbnb.com/rooms/565082385498111833
565112303079121e3,$110.00,Neighborhood highlights,2,1,1,1,4.83,41,https://www.airbnb.com/rooms/565112303079121006
565114924350358660,$55.00,Neighborhood highlights,1,1.5,1,1,4.92,37,https://www.airbnb.com/rooms/565114924350358637
565177389638327300,$200.00,NA,2,1,1,1,5,24,https://www.airbnb.com/rooms/565177389638327305
565233426239877060,NA,NA,2,NA,NA,NA,4.65,37,https://www.airbnb.com/rooms/565233426239877084
5.6523387450278483e+17,$399.00,NA,6,1,3,3,5,2,https://www.airbnb.com/rooms/565233874502784851
565252455567607e3,$89.00,Neighborhood highlights,2,1,1,1,5,32,https://www.airbnb.com/rooms/565252455567607000
565338334537326400,NA,Neighborhood highlights,2,NA,NA,NA,5,28,https://www.airbnb.com/rooms/565338334537326418
5.6535294599131437e+17,$62.00,Neighborhood highlights,1,1,1,1,4.86,35,https://www.airbnb.com/rooms/565352945991314340
565370785595448640,NA,NA,2,NA,1,NA,5,1,https://www.airbnb.com/rooms/565370785595448620
565490019458489340,$174.00,Neighborhood highlights,1,1,1,1,4.97,62,https://www.airbnb.com/rooms/565490019458489355
565644599954468350,NA,NA,1,NA,NA,NA,3.5,2,https://www.airbnb.com/rooms/565644599954468344
565717583867938240,$45.00,NA,1,2,1,1,NA,0,https://www.airbnb.com/rooms/565717583867938247
565773369515481700,$171.00,NA,5,1,2,3,5,4,https://www.airbnb.com/rooms/565773369515481713
565932625780175940,$128.00,NA,1,1,1,1,NA,0,https://www.airbnb.com/rooms/565932625780175955
565955554959928960,$85.00,NA,2,1,1,1,3.33,6,https://www.airbnb.com/rooms/565955554959928946
5.6601149844084403e+17,NA,Neighborhood highlights,4,NA,2,NA,4.7,10,https://www.airbnb.com/rooms/566011498440844024
5.6602991124868717e+17,$139.00,Neighborhood highlights,2,1,1,1,4.86,80,https://www.airbnb.com/rooms/566029911248687183
5.6609625801676557e+17,NA,NA,2,NA,1,NA,4.93,59,https://www.airbnb.com/rooms/566096258016765596
5.6609929883772237e+17,$167.00,Neighborhood highlights,2,1,2,2,4.91,32,https://www.airbnb.com/rooms/566099298837722354
566115227830033860,NA,NA,4,NA,1,NA,4.79,14,https://www.airbnb.com/rooms/566115227830033854
566119623093680640,$351.00,NA,4,1,1,1,4.7,20,https://www.airbnb.com/rooms/566119623093680636
566145363547365200,$314.00,NA,3,1,0,1,4.75,55,https://www.airbnb.com/rooms/566145363547365174
566571953344925e3,$155.00,Neighborhood highlights,4,1,2,2,4,3,https://www.airbnb.com/rooms/566571953344925019
566770293194580860,$40.00,Neighborhood highlights,1,1,1,1,4.71,14,https://www.airbnb.com/rooms/566770293194580846
566793905975010800,$182.00,NA,3,1.5,2,2,5,1,https://www.airbnb.com/rooms/566793905975010808
567166736329761660,$325.00,NA,5,1,2,3,4.67,12,https://www.airbnb.com/rooms/567166736329761635
567257583731577660,NA,Neighborhood highlights,6,NA,3,NA,4.33,3,https://www.airbnb.com/rooms/567257583731577667
567271244171571900,NA,Neighborhood highlights,4,NA,1,NA,5,36,https://www.airbnb.com/rooms/567271244171571875
567569597445331900,$348.00,Neighborhood highlights,4,1,1,2,4.78,9,https://www.airbnb.com/rooms/567569597445331901
568036746216605400,$262.00,NA,4,1,1,2,4.84,63,https://www.airbnb.com/rooms/568036746216605390
568049789197012500,$65.00,Neighborhood highlights,2,1,1,1,4.85,13,https://www.airbnb.com/rooms/568049789197012466
568179775239963400,NA,NA,5,NA,2,NA,4.84,31,https://www.airbnb.com/rooms/568179775239963391
568189538970405e3,$140.00,Neighborhood highlights,2,1,1,2,4.81,75,https://www.airbnb.com/rooms/568189538970405001
568240178481941250,$350.00,Neighborhood highlights,4,2.5,2,2,5,6,https://www.airbnb.com/rooms/568240178481941266
568270572432528100,$254.00,Neighborhood highlights,4,1,1,2,4.5,4,https://www.airbnb.com/rooms/568270572432528148
568511583610564860,$313.00,Neighborhood highlights,2,1,1,1,NA,0,https://www.airbnb.com/rooms/568511583610564835
568534717360191740,NA,Neighborhood highlights,5,NA,3,NA,5,2,https://www.airbnb.com/rooms/568534717360191731
568707365260286400,$155.00,Neighborhood highlights,5,1,2,2,4.17,6,https://www.airbnb.com/rooms/568707365260286376
568715568448775360,$58.00,Neighborhood highlights,1,1,1,1,4.91,44,https://www.airbnb.com/rooms/568715568448775342
568724726323586800,$828.00,NA,2,1,1,1,4.98,44,https://www.airbnb.com/rooms/568724726323586792
568772914092580200,$152.00,NA,2,1,1,1,4.6,5,https://www.airbnb.com/rooms/568772914092580222
568782483385919600,$175.00,Neighborhood highlights,4,1,1,2,4.96,114,https://www.airbnb.com/rooms/568782483385919603
568856313661881700,$84.00,Neighborhood highlights,2,1,1,1,4.89,46,https://www.airbnb.com/rooms/568856313661881754
568876379996447740,$100.00,NA,1,0,4,1,NA,0,https://www.airbnb.com/rooms/568876379996447750
568889960851600500,NA,Neighborhood highlights,2,1,0,1,5,4,https://www.airbnb.com/rooms/568889960851600487
568912566505799400,$180.00,NA,2,1,0,1,4.83,6,https://www.airbnb.com/rooms/568912566505799424
569077293707368200,$45.00,NA,1,1,1,1,5,1,https://www.airbnb.com/rooms/569077293707368212
569183451383157200,$88.00,Neighborhood highlights,3,1,1,2,4.78,98,https://www.airbnb.com/rooms/569183451383157192
569489053139938900,$115.00,Neighborhood highlights,4,2,2,3,5,3,https://www.airbnb.com/rooms/569489053139938853
569557641370592400,$90.00,Neighborhood highlights,1,1.5,1,1,4.8,5,https://www.airbnb.com/rooms/569557641370592374
569569246169923600,$312.00,Neighborhood highlights,4,2,3,4,4.95,42,https://www.airbnb.com/rooms/569569246169923553
5.6958155415992237e+17,$128.00,Neighborhood highlights,4,1,2,2,4.63,8,https://www.airbnb.com/rooms/569581554159922370
569703938333106750,$175.00,Neighborhood highlights,2,1,2,2,4.92,24,https://www.airbnb.com/rooms/569703938333106753
570034665527308100,$320.00,NA,5,1,1,3,4.64,58,https://www.airbnb.com/rooms/570034665527308088
5.7011666057440563e+17,$452.00,Neighborhood highlights,2,1,1,1,NA,0,https://www.airbnb.com/rooms/570116660574405617
570119178313367600,$301.00,Neighborhood highlights,2,1,1,1,NA,0,https://www.airbnb.com/rooms/570119178313367609
570192654400374100,NA,Neighborhood highlights,2,NA,NA,NA,5,1,https://www.airbnb.com/rooms/570192654400374055
570195549062750600,$350.00,NA,3,1,3,3,5,1,https://www.airbnb.com/rooms/570195549062750609
570203804646855940,NA,Neighborhood highlights,2,NA,NA,NA,4.86,7,https://www.airbnb.com/rooms/570203804646855967
570205083788695550,NA,Neighborhood highlights,2,NA,NA,NA,NA,0,https://www.airbnb.com/rooms/570205083788695535
570205745497904260,$37.00,Neighborhood highlights,1,1,1,1,4,1,https://www.airbnb.com/rooms/570205745497904256
570208020443569400,$252.00,Neighborhood highlights,3,1,2,2,4.97,34,https://www.airbnb.com/rooms/570208020443569412
570234476171665e3,NA,NA,4,NA,2,NA,NA,0,https://www.airbnb.com/rooms/570234476171665050
570243211438142400,NA,NA,2,NA,NA,NA,4.75,4,https://www.airbnb.com/rooms/570243211438142391
570245065716823900,$700.00,NA,1,1,2,1,5,1,https://www.airbnb.com/rooms/570245065716823858
570289761234523900,$188.00,Neighborhood highlights,2,1,0,1,5,1,https://www.airbnb.com/rooms/570289761234523888
570305497537981700,$400.00,Neighborhood highlights,4,2,2,2,NA,0,https://www.airbnb.com/rooms/570305497537981707
570313162895244800,$309.00,Neighborhood highlights,5,2,2,2,4.2,5,https://www.airbnb.com/rooms/570313162895244824
570315741712079e3,$290.00,Neighborhood highlights,2,1,1,1,5,13,https://www.airbnb.com/rooms/570315741712078963
570438889074248400,$155.00,NA,2,1,0,1,4.97,60,https://www.airbnb.com/rooms/570438889074248389
570496731191437250,$82.00,Neighborhood highlights,2,1,1,1,NA,0,https://www.airbnb.com/rooms/570496731191437257
570610211219335300,$205.00,NA,2,1,1,2,NA,0,https://www.airbnb.com/rooms/570610211219335304
570938216767909800,$292.00,NA,5,1,2,2,4.75,4,https://www.airbnb.com/rooms/570938216767909832
571047174375999e3,$39.00,Neighborhood highlights,2,1,1,1,NA,0,https://www.airbnb.com/rooms/571047174375999004
571047830548495940,$45.00,Neighborhood highlights,1,1,1,1,NA,0,https://www.airbnb.com/rooms/571047830548495957
571048519257374e3,$37.00,Neighborhood highlights,1,1,1,1,5,1,https://www.airbnb.com/rooms/571048519257374044
571085392689494600,$89.00,Neighborhood highlights,2,1,1,2,4.9,51,https://www.airbnb.com/rooms/571085392689494584
571141289630267260,$115.00,NA,1,1,1,1,NA,0,https://www.airbnb.com/rooms/571141289630267262
571202858982575100,$173.00,NA,6,2,3,1,NA,0,https://www.airbnb.com/rooms/571202858982575120
571533337600619700,$900.00,Neighborhood highlights,5,1,1,1,NA,0,https://www.airbnb.com/rooms/571533337600619710
571584519885225300,NA,Neighborhood highlights,2,1,1,1,4.67,12,https://www.airbnb.com/rooms/571584519885225281
571598171738337860,NA,Neighborhood highlights,8,NA,4,NA,4.77,22,https://www.airbnb.com/rooms/571598171738337849
571707436011405800,$101.00,NA,2,1,1,1,NA,0,https://www.airbnb.com/rooms/571707436011405839
571725114860159500,$79.00,NA,2,1,1,1,NA,0,https://www.airbnb.com/rooms/571725114860159505
571766238245027600,NA,NA,3,NA,1,NA,4.75,4,https://www.airbnb.com/rooms/571766238245027554
571775114354808300,NA,NA,3,NA,1,NA,NA,0,https://www.airbnb.com/rooms/571775114354808335
571784186153729860,NA,NA,4,NA,1,NA,3,2,https://www.airbnb.com/rooms/571784186153729853
571787380140782200,$254.00,NA,2,1,1,1,4.89,9,https://www.airbnb.com/rooms/571787380140782204
571799455601186500,NA,NA,2,NA,1,NA,5,1,https://www.airbnb.com/rooms/571799455601186486
571805879005480100,$350.00,NA,3,1.5,1,1,5,2,https://www.airbnb.com/rooms/571805879005480127
571832247157901e3,$85.00,NA,1,1,1,1,5,14,https://www.airbnb.com/rooms/571832247157900965
571916281271663360,$70.00,NA,2,1,1,1,4.73,83,https://www.airbnb.com/rooms/571916281271663365
571977872591258100,NA,Neighborhood highlights,4,NA,2,NA,NA,0,https://www.airbnb.com/rooms/571977872591258118
571983284291918660,$120.00,Neighborhood highlights,2,1,1,1,5,2,https://www.airbnb.com/rooms/571983284291918685
572293518296359900,$342.00,Neighborhood highlights,6,2,3,3,NA,0,https://www.airbnb.com/rooms/572293518296359866
572326237669669e3,$389.00,Neighborhood highlights,4,1,2,2,1,1,https://www.airbnb.com/rooms/572326237669668984
572326531219816200,NA,Neighborhood highlights,2,NA,1,NA,NA,0,https://www.airbnb.com/rooms/572326531219816196
572328741163521340,$408.00,Neighborhood highlights,2,1,1,1,NA,0,https://www.airbnb.com/rooms/572328741163521340
572329024533412700,$314.00,Neighborhood highlights,4,1,2,2,NA,0,https://www.airbnb.com/rooms/572329024533412656
572366166013701300,$54.00,NA,2,1,1,1,4.67,100,https://www.airbnb.com/rooms/572366166013701340
572484660497450500,$180.00,Neighborhood highlights,2,1.5,1,1,NA,0,https://www.airbnb.com/rooms/572484660497450512
572518683537352600,$93.00,NA,2,1,1,1,4.64,84,https://www.airbnb.com/rooms/572518683537352599
572530913771194500,$170.00,NA,2,1,1,2,4.97,117,https://www.airbnb.com/rooms/572530913771194520
572546257431058600,$273.00,NA,3,1,1,1,5,2,https://www.airbnb.com/rooms/572546257431058646
572547486242459140,$220.00,NA,6,2,3,3,4.65,48,https://www.airbnb.com/rooms/572547486242459152
5.7261212561550003e+17,$55.00,NA,1,1,1,1,4.8,5,https://www.airbnb.com/rooms/572612125615500056
572620870722180860,$500.00,NA,5,1,1,2,5,1,https://www.airbnb.com/rooms/572620870722180872
572662087904100700,NA,Neighborhood highlights,6,NA,3,NA,4.96,46,https://www.airbnb.com/rooms/572662087904100663
572714852622616640,$80.00,Neighborhood highlights,2,1,1,1,4.62,21,https://www.airbnb.com/rooms/572714852622616657
572733089973738900,$235.00,NA,6,1,2,3,4.99,69,https://www.airbnb.com/rooms/572733089973738908
572744570418271740,$43.00,NA,1,1,1,1,4.86,7,https://www.airbnb.com/rooms/572744570418271713
573004455033653060,$510.00,NA,4,1,1,2,5,9,https://www.airbnb.com/rooms/573004455033653038
573355574633387300,NA,Neighborhood highlights,4,NA,1,NA,4.57,7,https://www.airbnb.com/rooms/573355574633387314
573610185765083260,$233.00,Neighborhood highlights,2,1,1,1,NA,0,https://www.airbnb.com/rooms/573610185765083286
573737351748791300,$122.00,Neighborhood highlights,2,1,1,1,4.85,81,https://www.airbnb.com/rooms/573737351748791309
573778791400513700,$399.00,Neighborhood highlights,2,1,1,1,NA,0,https://www.airbnb.com/rooms/573778791400513725
573793458690033200,NA,NA,1,NA,1,NA,NA,0,https://www.airbnb.com/rooms/573793458690033196
573937970477329e3,$99.00,Neighborhood highlights,2,1,1,1,4.83,23,https://www.airbnb.com/rooms/573937970477329055
574069389069400100,$253.00,Neighborhood highlights,2,1,1,1,4.89,9,https://www.airbnb.com/rooms/574069389069400131
5.7411190569638797e+17,NA,Neighborhood highlights,5,NA,2,NA,4.45,53,https://www.airbnb.com/rooms/574111905696387981
574160569191259300,NA,NA,1,NA,1,NA,NA,0,https://www.airbnb.com/rooms/574160569191259347
574171031440944060,$599.00,Neighborhood highlights,2,1,1,1,NA,0,https://www.airbnb.com/rooms/574171031440944049
574562832846093440,$139.00,NA,1,1,1,2,4.93,55,https://www.airbnb.com/rooms/574562832846093413
5.7456429453006963e+17,$146.00,NA,2,1,2,2,4.7,47,https://www.airbnb.com/rooms/574564294530069603
574757974742325250,NA,Neighborhood highlights,3,NA,1,NA,4.5,26,https://www.airbnb.com/rooms/574757974742325254
574783901288734400,$40.00,Neighborhood highlights,2,1,1,1,NA,0,https://www.airbnb.com/rooms/574783901288734397
574789756800906500,$43.00,Neighborhood highlights,2,1,1,1,NA,0,https://www.airbnb.com/rooms/574789756800906492
574791074450329600,NA,NA,2,NA,NA,NA,4.4,20,https://www.airbnb.com/rooms/574791074450329600
574797503001569340,$38.00,Neighborhood highlights,1,1,1,1,NA,0,https://www.airbnb.com/rooms/574797503001569338
575123973920036700,$480.00,NA,6,0,1,3,4.15,33,https://www.airbnb.com/rooms/575123973920036701
575167991874744300,$184.00,Neighborhood highlights,4,1,1,2,4.86,7,https://www.airbnb.com/rooms/575167991874744304
575177553813624900,$149.00,Neighborhood highlights,1,1,1,1,4.5,16,https://www.airbnb.com/rooms/575177553813624922
575262161943675840,$95.00,NA,2,1,1,1,4.85,59,https://www.airbnb.com/rooms/575262161943675844
575296507654359400,$137.00,Neighborhood highlights,4,1,2,2,4.98,97,https://www.airbnb.com/rooms/575296507654359448
575323635538805500,$146.00,Neighborhood highlights,2,1,1,1,4.95,275,https://www.airbnb.com/rooms/575323635538805522
575377822891771650,$101.00,NA,2,1,1,1,4.7,119,https://www.airbnb.com/rooms/575377822891771622
575410155636588400,$185.00,NA,6,2,2,4,4.92,36,https://www.airbnb.com/rooms/575410155636588388
575662739710922300,$41.00,Neighborhood highlights,1,1.5,1,1,4.92,39,https://www.airbnb.com/rooms/575662739710922304
575932751809366100,$200.00,NA,8,2,3,5,4.84,43,https://www.airbnb.com/rooms/575932751809366069
575940350599230340,$125.00,Neighborhood highlights,1,1,1,1,5,40,https://www.airbnb.com/rooms/575940350599230311
575991857962051700,$88.00,Neighborhood highlights,2,1,1,1,5,2,https://www.airbnb.com/rooms/575991857962051718
576093855337848260,$129.00,Neighborhood highlights,2,1,1,2,4.78,23,https://www.airbnb.com/rooms/576093855337848259
576153568564908500,$500.00,Neighborhood highlights,7,1,3,5,5,2,https://www.airbnb.com/rooms/576153568564908504
576217808263109200,$225.00,NA,6,1,2,2,4.86,28,https://www.airbnb.com/rooms/576217808263109182
576554964542755700,$99.00,NA,2,1,1,1,4.97,98,https://www.airbnb.com/rooms/576554964542755713
576645744639819e3,$200.00,Neighborhood highlights,5,1,2,2,5,5,https://www.airbnb.com/rooms/576645744639819051
576650068700400400,$986.00,NA,2,1,1,1,5,6,https://www.airbnb.com/rooms/576650068700400424
576721116171485700,NA,NA,4,NA,2,NA,NA,0,https://www.airbnb.com/rooms/576721116171485742
576779694848403100,$186.00,Neighborhood highlights,6,1,2,3,4.75,92,https://www.airbnb.com/rooms/576779694848403067
576874907410061200,NA,Neighborhood highlights,2,NA,1,NA,4.67,21,https://www.airbnb.com/rooms/576874907410061149
576895620697427200,$165.00,NA,4,1,2,2,NA,0,https://www.airbnb.com/rooms/576895620697427204
576965624109762800,$211.00,Neighborhood highlights,2,1,0,1,4.97,33,https://www.airbnb.com/rooms/576965624109762836
576997675656254800,$141.00,NA,2,1,1,1,NA,0,https://www.airbnb.com/rooms/576997675656254818
577164177523405800,$56.00,NA,2,1,1,1,NA,0,https://www.airbnb.com/rooms/577164177523405787
577187306174934700,$94.00,NA,2,1,1,0,4.71,114,https://www.airbnb.com/rooms/577187306174934665
577353418726528800,$249.00,NA,4,1,2,2,5,1,https://www.airbnb.com/rooms/577353418726528790
577404557117592800,$225.00,NA,6,1,3,5,4.43,40,https://www.airbnb.com/rooms/577404557117592892
577528145632005e3,$214.00,Neighborhood highlights,2,1,3,3,4.75,24,https://www.airbnb.com/rooms/577528145632005017
577536900357821300,$150.00,Neighborhood highlights,2,1,2,1,5,5,https://www.airbnb.com/rooms/577536900357821301
577549145052236200,NA,NA,2,NA,1,NA,4.92,182,https://www.airbnb.com/rooms/577549145052236213
5.7755896162085594e+17,NA,Neighborhood highlights,2,NA,1,NA,5,17,https://www.airbnb.com/rooms/577558961620855893
577568858041619500,$111.00,Neighborhood highlights,2,1,1,1,4.68,34,https://www.airbnb.com/rooms/577568858041619516
577587131735416300,$90.00,NA,2,1,1,1,5,9,https://www.airbnb.com/rooms/577587131735416353
577638418323881900,$200.00,Neighborhood highlights,4,1,1,2,4.99,76,https://www.airbnb.com/rooms/577638418323881838
577657240307523e3,$189.00,Neighborhood highlights,6,1,3,5,4.74,84,https://www.airbnb.com/rooms/577657240307522892
577684671946039e3,NA,NA,1,NA,2,NA,5,3,https://www.airbnb.com/rooms/577684671946039020
577717132178907e3,$222.00,NA,2,1,1,1,4,4,https://www.airbnb.com/rooms/577717132178906992
577857477164670500,$399.00,NA,6,1,3,5,NA,0,https://www.airbnb.com/rooms/577857477164670474
577900056382599300,$150.00,NA,2,1,1,1,4.75,28,https://www.airbnb.com/rooms/577900056382599282
578062833929989400,NA,Neighborhood highlights,2,NA,2,NA,NA,0,https://www.airbnb.com/rooms/578062833929989358
578099444956394200,$434.00,Neighborhood highlights,2,1,1,1,NA,0,https://www.airbnb.com/rooms/578099444956394228
578100862597124100,$580.00,Neighborhood highlights,2,1,1,1,NA,0,https://www.airbnb.com/rooms/578100862597124078
578122976308702700,$237.00,NA,2,1,1,1,5,7,https://www.airbnb.com/rooms/578122976308702760
578223960441464300,$52.00,Neighborhood highlights,2,0,1,0,NA,0,https://www.airbnb.com/rooms/578223960441464261
578232463793806100,$52.00,Neighborhood highlights,2,0,1,0,NA,0,https://www.airbnb.com/rooms/578232463793806043
578233382580796400,$54.00,NA,2,0,1,0,NA,0,https://www.airbnb.com/rooms/578233382580796409
578237716651086100,$50.00,Neighborhood highlights,2,0,1,0,NA,0,https://www.airbnb.com/rooms/578237716651086045
578279798758765700,$52.00,Neighborhood highlights,2,1,1,0,NA,0,https://www.airbnb.com/rooms/578279798758765693
578284172312341600,$52.00,NA,2,1,1,0,NA,0,https://www.airbnb.com/rooms/578284172312341665
578284927659450900,$52.00,NA,2,1,1,0,NA,0,https://www.airbnb.com/rooms/578284927659450910
578287492364167600,$52.00,NA,2,1,1,0,NA,0,https://www.airbnb.com/rooms/578287492364167556
578288348952271400,$52.00,NA,2,0,1,0,NA,0,https://www.airbnb.com/rooms/578288348952271368
578327925011346200,$254.00,Neighborhood highlights,4,1,2,2,4.79,42,https://www.airbnb.com/rooms/578327925011346119
578338335733828e3,$153.00,Neighborhood highlights,5,1,2,3,4.83,30,https://www.airbnb.com/rooms/578338335733827926
578370850362236900,NA,NA,2,NA,NA,NA,4.82,39,https://www.airbnb.com/rooms/578370850362236902
578419829253234700,NA,NA,2,NA,1,NA,4.89,27,https://www.airbnb.com/rooms/578419829253234672
578423657057251300,$95.00,NA,2,1,1,1,4.35,34,https://www.airbnb.com/rooms/578423657057251360
578430230117365500,NA,NA,3,NA,1,NA,5,2,https://www.airbnb.com/rooms/578430230117365467
578435995379090700,NA,NA,2,NA,1,NA,5,5,https://www.airbnb.com/rooms/578435995379090676
578445066626711400,$91.00,Neighborhood highlights,2,1,1,1,4.5,16,https://www.airbnb.com/rooms/578445066626711411
578592072056483800,$280.00,Neighborhood highlights,2,1,1,1,4.83,6,https://www.airbnb.com/rooms/578592072056483887
578656399549614100,$176.00,NA,4,1,2,4,NA,0,https://www.airbnb.com/rooms/578656399549614123
578769192318564200,$207.00,Neighborhood highlights,2,1,1,1,NA,0,https://www.airbnb.com/rooms/578769192318564193
578771193995873700,$182.00,Neighborhood highlights,2,1,1,1,NA,0,https://www.airbnb.com/rooms/578771193995873617
578841345143129100,$288.00,Neighborhood highlights,4,1,1,2,4.92,13,https://www.airbnb.com/rooms/578841345143129136
578865443425287e3,NA,NA,1,NA,NA,NA,4.67,3,https://www.airbnb.com/rooms/578865443425287033
578892930307995400,NA,NA,1,NA,NA,NA,5,2,https://www.airbnb.com/rooms/578892930307995421
578897008704988200,$95.00,NA,2,1,0,1,4.86,7,https://www.airbnb.com/rooms/578897008704988139
578923571089407100,$136.00,Neighborhood highlights,2,1,1,1,4.25,8,https://www.airbnb.com/rooms/578923571089407152
578946747998659700,$130.00,Neighborhood highlights,2,1.5,1,1,4.38,8,https://www.airbnb.com/rooms/578946747998659752
578953148834710500,$276.00,Neighborhood highlights,2,1,1,1,5,19,https://www.airbnb.com/rooms/578953148834710577
578977880199483400,$186.00,NA,1,1,1,1,5,4,https://www.airbnb.com/rooms/578977880199483445
579063522427869200,"$2,500.00",Neighborhood highlights,12,4,6,11,NA,0,https://www.airbnb.com/rooms/579063522427869170
579513654453597200,$200.00,Neighborhood highlights,4,1,1,2,5,7,https://www.airbnb.com/rooms/579513654453597247
579518893469769100,NA,NA,1,NA,1,NA,NA,0,https://www.airbnb.com/rooms/579518893469769031
579526088606923e3,$47.00,NA,1,2,1,1,NA,0,https://www.airbnb.com/rooms/579526088606923025
579543533372210300,$225.00,Neighborhood highlights,2,1,1,1,4.93,61,https://www.airbnb.com/rooms/579543533372210260
579561089289585500,$45.00,Neighborhood highlights,2,1.5,1,1,4.36,11,https://www.airbnb.com/rooms/579561089289585584
579605285222029600,$185.00,NA,4,1,3,3,4.57,7,https://www.airbnb.com/rooms/579605285222029528
579679370505962900,$156.00,Neighborhood highlights,2,1,1,1,NA,0,https://www.airbnb.com/rooms/579679370505962821
579736738715900500,$85.00,Neighborhood highlights,1,1.5,1,1,5,3,https://www.airbnb.com/rooms/579736738715900510
579764154480991100,NA,NA,3,NA,NA,NA,4.25,8,https://www.airbnb.com/rooms/579764154480991074
57979599405345e4,$700.00,Neighborhood highlights,6,1,3,3,5,2,https://www.airbnb.com/rooms/579795994053449936
580013014809987600,$497.00,Neighborhood highlights,2,1,1,2,5,11,https://www.airbnb.com/rooms/580013014809987573
580155764329845200,NA,Neighborhood highlights,6,NA,3,NA,NA,0,https://www.airbnb.com/rooms/580155764329845254
580204728935308500,$270.00,Neighborhood highlights,2,1,1,1,4.94,35,https://www.airbnb.com/rooms/580204728935308567
580221270316789800,$315.00,Neighborhood highlights,4,2,2,2,NA,0,https://www.airbnb.com/rooms/580221270316789820
580271592654435e3,$279.00,Neighborhood highlights,2,1,1,1,NA,0,https://www.airbnb.com/rooms/580271592654434952
580327989332197e3,$126.00,Neighborhood highlights,2,1,1,2,4.98,101,https://www.airbnb.com/rooms/580327989332197053
580342971247892700,$200.00,Neighborhood highlights,4,1.5,2,2,NA,0,https://www.airbnb.com/rooms/580342971247892693
580461966002205800,NA,NA,5,NA,2,NA,4,14,https://www.airbnb.com/rooms/580461966002205793
580476325425880200,$90.00,NA,2,1,0,1,4.67,3,https://www.airbnb.com/rooms/580476325425880145
580480407893927800,$86.00,Neighborhood highlights,2,1,1,1,4.69,95,https://www.airbnb.com/rooms/580480407893927850
580589040494696400,$105.00,NA,2,1,1,1,5,1,https://www.airbnb.com/rooms/580589040494696466
581040495250047600,NA,NA,1,NA,1,NA,NA,0,https://www.airbnb.com/rooms/581040495250047566
581112082582157700,NA,Neighborhood highlights,2,NA,NA,NA,5,2,https://www.airbnb.com/rooms/581112082582157720
581113547716057e3,NA,NA,1,NA,NA,NA,5,1,https://www.airbnb.com/rooms/581113547716056947
581146598600431100,$160.00,Neighborhood highlights,2,1,1,3,4.98,86,https://www.airbnb.com/rooms/581146598600431139
581147952275587e3,$85.00,NA,1,1,1,1,4.95,87,https://www.airbnb.com/rooms/581147952275586941
581204831879275600,$84.00,Neighborhood highlights,2,1,1,1,4.65,43,https://www.airbnb.com/rooms/581204831879275676
581276193109315800,$220.00,NA,4,1,2,2,3.58,12,https://www.airbnb.com/rooms/581276193109315899
581411547269622400,$99.00,Neighborhood highlights,2,1,1,1,4.67,18,https://www.airbnb.com/rooms/581411547269622388
581427869630920700,$65.00,Neighborhood highlights,2,2,1,1,5,38,https://www.airbnb.com/rooms/581427869630920755
581464304458945e3,NA,Neighborhood highlights,2,NA,1,NA,4.73,11,https://www.airbnb.com/rooms/581464304458944961
581673232497281900,$225.00,NA,5,1,2,2,4.63,19,https://www.airbnb.com/rooms/581673232497281944
581703896020442400,$259.00,Neighborhood highlights,2,1,1,1,5,3,https://www.airbnb.com/rooms/581703896020442376
581707845699487700,$62.00,Neighborhood highlights,1,1,1,1,4.86,50,https://www.airbnb.com/rooms/581707845699487740
581738619206774400,NA,NA,1,NA,NA,NA,5,6,https://www.airbnb.com/rooms/581738619206774453
581756065537386600,NA,NA,1,NA,1,NA,NA,0,https://www.airbnb.com/rooms/581756065537386664
581804203112075100,$245.00,NA,4,1,2,2,4.86,7,https://www.airbnb.com/rooms/581804203112075143
581828450067457800,$348.00,NA,3,2,1,1,NA,0,https://www.airbnb.com/rooms/581828450067457846
581858374016685e3,$218.00,Neighborhood highlights,4,1,2,2,4.92,48,https://www.airbnb.com/rooms/581858374016685042
582035740622572e3,$70.00,Neighborhood highlights,1,1,1,1,4.92,12,https://www.airbnb.com/rooms/582035740622571978
582099168237779100,$109.00,Neighborhood highlights,2,1,2,1,NA,0,https://www.airbnb.com/rooms/582099168237779070
582137289665171300,$225.00,Neighborhood highlights,2,1,1,2,4.99,93,https://www.airbnb.com/rooms/582137289665171294
582466438103478e3,$106.00,Neighborhood highlights,2,1,0,1,4.84,55,https://www.airbnb.com/rooms/582466438103477967
582478029279386400,$379.00,Neighborhood highlights,6,1,2,4,5,4,https://www.airbnb.com/rooms/582478029279386383
582502152506137300,$201.00,NA,5,1,2,3,3,2,https://www.airbnb.com/rooms/582502152506137348
582525816928227200,$135.00,NA,2,1,1,1,4.73,70,https://www.airbnb.com/rooms/582525816928227231
582545050931009800,NA,NA,3,NA,3,NA,NA,0,https://www.airbnb.com/rooms/582545050931009843
582618740791796200,$118.00,Neighborhood highlights,2,1,1,1,4.33,3,https://www.airbnb.com/rooms/582618740791796176
582625019781248400,$224.00,Neighborhood highlights,5,1,2,3,4.93,102,https://www.airbnb.com/rooms/582625019781248348
582626681889558800,NA,NA,2,NA,NA,NA,4.5,18,https://www.airbnb.com/rooms/582626681889558744
582645071498480900,$160.00,Neighborhood highlights,6,1,2,4,5,3,https://www.airbnb.com/rooms/582645071498480931
582678773466303500,$110.00,NA,1,1,1,1,5,11,https://www.airbnb.com/rooms/582678773466303522
582789867315606400,$80.00,NA,2,1,1,1,4.66,61,https://www.airbnb.com/rooms/582789867315606351
582817278861712100,$420.00,Neighborhood highlights,4,2,2,2,4.7,10,https://www.airbnb.com/rooms/582817278861712149
582935357509088300,$90.00,Neighborhood highlights,1,1,2,1,NA,0,https://www.airbnb.com/rooms/582935357509088315
583018303401434500,$250.00,NA,6,1,2,4,4.77,60,https://www.airbnb.com/rooms/583018303401434498
583029260519350100,$531.00,Neighborhood highlights,2,1,1,1,NA,0,https://www.airbnb.com/rooms/583029260519350121
583136653599213400,$280.00,NA,6,2,3,3,4.89,114,https://www.airbnb.com/rooms/583136653599213378
583261334774123900,$180.00,NA,2,1,0,1,4.67,6,https://www.airbnb.com/rooms/583261334774123938
583312696230574600,$49.00,NA,2,1,1,0,NA,0,https://www.airbnb.com/rooms/583312696230574640
583316946369555100,$49.00,NA,2,1,1,0,NA,0,https://www.airbnb.com/rooms/583316946369555057
583318124446202800,$49.00,NA,2,1,1,0,NA,0,https://www.airbnb.com/rooms/583318124446202798
583318937810048100,$49.00,NA,2,1,1,0,NA,0,https://www.airbnb.com/rooms/583318937810048085
583319794962810400,$50.00,NA,2,0,1,0,NA,0,https://www.airbnb.com/rooms/583319794962810365
583320859572486300,$49.00,NA,2,0,1,0,NA,0,https://www.airbnb.com/rooms/583320859572486216
583325206900651100,$49.00,NA,2,0,1,0,NA,0,https://www.airbnb.com/rooms/583325206900651137
583326605313745400,$49.00,NA,2,0,1,0,NA,0,https://www.airbnb.com/rooms/583326605313745353
583327226961054e3,NA,NA,2,NA,1,NA,NA,0,https://www.airbnb.com/rooms/583327226961053939
583327900385039600,NA,NA,2,NA,1,NA,3,1,https://www.airbnb.com/rooms/583327900385039624
583397494925809e3,NA,Neighborhood highlights,4,NA,1,NA,5,4,https://www.airbnb.com/rooms/583397494925808969
583428565614956e3,$229.00,NA,5,1,0,1,4.7,53,https://www.airbnb.com/rooms/583428565614956095
583475356292405500,$59.00,Neighborhood highlights,2,1.5,1,1,4.85,20,https://www.airbnb.com/rooms/583475356292405535
583539614386985500,NA,NA,2,NA,1,NA,NA,0,https://www.airbnb.com/rooms/583539614386985410
583599643437944600,$271.00,Neighborhood highlights,5,1,2,2,4.71,7,https://www.airbnb.com/rooms/583599643437944603
583791786268204900,$277.00,Neighborhood highlights,2,1,1,1,NA,0,https://www.airbnb.com/rooms/583791786268204937
583980771921347200,$200.00,NA,1,1,1,2,4.6,5,https://www.airbnb.com/rooms/583980771921347235
584053658746490200,$69.00,Neighborhood highlights,1,1,1,1,5,4,https://www.airbnb.com/rooms/584053658746490241
584100149741768200,NA,NA,2,NA,NA,NA,4.88,16,https://www.airbnb.com/rooms/584100149741768240
584108904096805900,$112.00,NA,2,1,1,1,NA,0,https://www.airbnb.com/rooms/584108904096805948
584110672069834100,$87.00,NA,2,1,1,1,4.54,97,https://www.airbnb.com/rooms/584110672069834078
584183482083983e3,NA,NA,2,NA,1,NA,5,3,https://www.airbnb.com/rooms/584183482083983017
584464841351499300,NA,NA,1,NA,NA,NA,3.75,4,https://www.airbnb.com/rooms/584464841351499309
584523514909500900,NA,Neighborhood highlights,2,NA,1,NA,4.5,2,https://www.airbnb.com/rooms/584523514909500950
584608377540934700,$206.00,NA,4,1,2,2,4.67,3,https://www.airbnb.com/rooms/584608377540934705
584631850749087100,$240.00,Neighborhood highlights,2,1,1,1,4.87,23,https://www.airbnb.com/rooms/584631850749087164
584638860690374400,NA,NA,4,NA,2,NA,NA,0,https://www.airbnb.com/rooms/584638860690374341
584641571670399500,NA,Neighborhood highlights,4,NA,2,NA,4.48,27,https://www.airbnb.com/rooms/584641571670399489
584833406345340700,$325.00,Neighborhood highlights,6,2,3,3,4.67,3,https://www.airbnb.com/rooms/584833406345340639
584843453194315600,$800.00,Neighborhood highlights,8,1.5,4,4,4.88,75,https://www.airbnb.com/rooms/584843453194315608
58490310323967e4,$350.00,Neighborhood highlights,7,1.5,3,4,4.85,26,https://www.airbnb.com/rooms/584903103239670051
585116610819537400,$400.00,Neighborhood highlights,8,2,3,4,4.6,25,https://www.airbnb.com/rooms/585116610819537455
585116748406863500,$160.00,Neighborhood highlights,4,2,1,2,4.78,27,https://www.airbnb.com/rooms/585116748406863439
585291307421718700,$133.00,Neighborhood highlights,2,1,1,1,4.98,46,https://www.airbnb.com/rooms/585291307421718603
585362461929487500,$37.00,NA,1,1,1,1,NA,0,https://www.airbnb.com/rooms/585362461929487447
585393510573578100,$275.00,NA,5,2,3,4,4.74,38,https://www.airbnb.com/rooms/585393510573578069
585415117916198800,$100.00,Neighborhood highlights,2,2,1,1,4.38,39,https://www.airbnb.com/rooms/585415117916198725
585421591267602300,$100.00,Neighborhood highlights,2,2,1,1,4.49,49,https://www.airbnb.com/rooms/585421591267602334
585485781418964900,$221.00,NA,6,1,3,3,5,2,https://www.airbnb.com/rooms/585485781418964904
585585178003667e3,$450.00,Neighborhood highlights,2,1,1,1,5,6,https://www.airbnb.com/rooms/585585178003666988
586000133483887600,NA,NA,2,NA,NA,NA,5,2,https://www.airbnb.com/rooms/586000133483887650
586029013505140100,$220.00,NA,2,1,0,1,4.63,8,https://www.airbnb.com/rooms/586029013505140144
586127510877255400,NA,NA,1,NA,1,NA,NA,0,https://www.airbnb.com/rooms/586127510877255383
586134404471254700,$150.00,Neighborhood highlights,4,1,2,3,4.29,7,https://www.airbnb.com/rooms/586134404471254679
586149795259722900,$190.00,NA,1,1,1,2,NA,0,https://www.airbnb.com/rooms/586149795259722898
586213047311871e3,NA,Neighborhood highlights,6,NA,2,NA,5,2,https://www.airbnb.com/rooms/586213047311870975
586219220105984100,$56.00,NA,2,1.5,1,0,NA,0,https://www.airbnb.com/rooms/586219220105984182
586244870263367600,$136.00,Neighborhood highlights,2,1,1,1,4.93,72,https://www.airbnb.com/rooms/586244870263367585
586441527551341e3,$47.00,NA,2,2,1,1,5,1,https://www.airbnb.com/rooms/586441527551341023
586495175882984200,$180.00,NA,3,1,1,3,5,1,https://www.airbnb.com/rooms/586495175882984166
586761073028187100,$500.00,Neighborhood highlights,3,1,1,1,5,1,https://www.airbnb.com/rooms/586761073028187150
586798321587331700,$40.00,Neighborhood highlights,2,1,1,1,NA,0,https://www.airbnb.com/rooms/586798321587331719
586831248260054700,NA,Neighborhood highlights,4,NA,NA,NA,4.65,23,https://www.airbnb.com/rooms/586831248260054635
586967576979590100,$43.00,NA,1,1.5,1,1,NA,0,https://www.airbnb.com/rooms/586967576979590205
586987891324165400,NA,NA,2,NA,1,NA,4.86,7,https://www.airbnb.com/rooms/586987891324165376
587034845529468200,$129.00,Neighborhood highlights,2,1,1,1,4.96,93,https://www.airbnb.com/rooms/587034845529468111
587066198051086700,$70.00,Neighborhood highlights,2,1,1,1,4.57,7,https://www.airbnb.com/rooms/587066198051086739
587069440501954e3,$70.00,Neighborhood highlights,2,1,1,1,4.69,13,https://www.airbnb.com/rooms/587069440501954023
587207524120016900,$643.00,NA,10,2,6,6,4.55,56,https://www.airbnb.com/rooms/587207524120016838
587486114839236900,$391.00,Neighborhood highlights,2,1,1,1,NA,0,https://www.airbnb.com/rooms/587486114839236867
587606395719069200,$350.00,NA,5,2,2,2,5,1,https://www.airbnb.com/rooms/587606395719069171
587615709441606e3,$100.00,Neighborhood highlights,4,1,2,2,4.78,64,https://www.airbnb.com/rooms/587615709441605979
587632543526103600,$250.00,Neighborhood highlights,5,1.5,1,2,NA,0,https://www.airbnb.com/rooms/587632543526103568
587659571869719e3,$173.00,Neighborhood highlights,5,1,2,3,4.74,43,https://www.airbnb.com/rooms/587659571869719096
587685396835692300,$235.00,Neighborhood highlights,2,1,1,1,4.78,49,https://www.airbnb.com/rooms/587685396835692238
587842332142199700,$214.00,Neighborhood highlights,8,1,2,6,4.78,114,https://www.airbnb.com/rooms/587842332142199671
587889072466798800,$106.00,Neighborhood highlights,2,1,1,2,4.87,69,https://www.airbnb.com/rooms/587889072466798836
587903909892258600,NA,Neighborhood highlights,2,NA,NA,NA,5,5,https://www.airbnb.com/rooms/587903909892258575
587998817752597500,$300.00,NA,4,1,2,2,5,5,https://www.airbnb.com/rooms/587998817752597445
588184187445624200,NA,NA,2,NA,NA,NA,NA,0,https://www.airbnb.com/rooms/588184187445624199
588211929863905200,$227.00,NA,4,1,2,2,4,3,https://www.airbnb.com/rooms/588211929863905201
588263591786868600,$330.00,Neighborhood highlights,6,1,3,3,NA,0,https://www.airbnb.com/rooms/588263591786868588
588273937819990900,$109.00,Neighborhood highlights,2,1,1,1,4.85,80,https://www.airbnb.com/rooms/588273937819990870
588282895511481700,NA,Neighborhood highlights,2,NA,NA,NA,4.85,40,https://www.airbnb.com/rooms/588282895511481696
588288327470809200,$750.00,Neighborhood highlights,4,1,2,2,4.9,10,https://www.airbnb.com/rooms/588288327470809159
588433935054614800,$75.00,NA,1,1.5,1,1,5,3,https://www.airbnb.com/rooms/588433935054614821
588550970022904600,$149.00,Neighborhood highlights,2,1,1,1,4.86,94,https://www.airbnb.com/rooms/588550970022904542
588559469616617600,$100.00,Neighborhood highlights,1,1,1,1,5,13,https://www.airbnb.com/rooms/588559469616617641
588562529196153e3,$57.00,Neighborhood highlights,1,2,1,1,4.9,10,https://www.airbnb.com/rooms/588562529196152934
588627515187957900,$176.00,Neighborhood highlights,4,1,1,2,4.92,59,https://www.airbnb.com/rooms/588627515187957928
588748105671065e3,$350.00,Neighborhood highlights,2,1,1,3,4.77,57,https://www.airbnb.com/rooms/588748105671065001
588934568638611700,NA,Neighborhood highlights,4,NA,2,NA,4.8,49,https://www.airbnb.com/rooms/588934568638611716
588970063349178600,$96.00,Neighborhood highlights,6,1,2,3,4.63,24,https://www.airbnb.com/rooms/588970063349178677
588971722304912400,$129.00,Neighborhood highlights,3,1,2,2,4.92,59,https://www.airbnb.com/rooms/588971722304912342
589037312864417200,$395.00,Neighborhood highlights,5,2,2,2,4.78,18,https://www.airbnb.com/rooms/589037312864417098
589077888822822500,$336.00,Neighborhood highlights,5,2.5,3,3,5,10,https://www.airbnb.com/rooms/589077888822822507
589197973220202600,$152.00,NA,4,1,2,2,4.82,45,https://www.airbnb.com/rooms/589197973220202667
589221565957846e3,$71.00,NA,4,1,1,1,3.67,3,https://www.airbnb.com/rooms/589221565957845956
589598122351179e3,$278.00,Neighborhood highlights,4,2,2,2,NA,0,https://www.airbnb.com/rooms/589598122351179060
589735024458525800,$95.00,NA,2,1,1,1,4.97,67,https://www.airbnb.com/rooms/589735024458525794
589746507763311200,$236.00,Neighborhood highlights,4,1,2,2,NA,0,https://www.airbnb.com/rooms/589746507763311188
589764253801350800,$41.00,NA,1,2,1,1,NA,0,https://www.airbnb.com/rooms/589764253801350753
589855151621795500,NA,Neighborhood highlights,2,NA,1,NA,4.9,111,https://www.airbnb.com/rooms/589855151621795399
589857043016769900,$298.00,Neighborhood highlights,2,1,1,1,5,16,https://www.airbnb.com/rooms/589857043016769966
589867261336973700,NA,NA,3,NA,1,NA,4.95,19,https://www.airbnb.com/rooms/589867261336973745
589892242131929900,NA,Neighborhood highlights,4,NA,1,NA,5,2,https://www.airbnb.com/rooms/589892242131929891
590040648193371400,$60.00,NA,1,1,1,1,5,9,https://www.airbnb.com/rooms/590040648193371393
590041263854398600,$140.00,Neighborhood highlights,4,1,3,3,NA,0,https://www.airbnb.com/rooms/590041263854398620
590106698688286500,NA,NA,1,NA,1,NA,NA,0,https://www.airbnb.com/rooms/590106698688286408
590116798933408100,$41.00,NA,1,2,1,1,NA,0,https://www.airbnb.com/rooms/590116798933408086
590126936263588e3,NA,NA,1,NA,1,NA,NA,0,https://www.airbnb.com/rooms/590126936263587927
590157685038987800,$51.00,Neighborhood highlights,1,1,1,1,4.2,5,https://www.airbnb.com/rooms/590157685038987810
590372866147671800,$156.00,Neighborhood highlights,2,1,1,2,4.91,75,https://www.airbnb.com/rooms/590372866147671751
590376779560856800,$135.00,Neighborhood highlights,3,1,1,2,4.83,41,https://www.airbnb.com/rooms/590376779560856799
590390648297717400,$100.00,Neighborhood highlights,2,1,1,1,4,1,https://www.airbnb.com/rooms/590390648297717410
590422201407835300,$260.00,Neighborhood highlights,4,1,2,2,5,1,https://www.airbnb.com/rooms/590422201407835236
590484773612652e3,$70.00,Neighborhood highlights,3,1,1,1,4.81,26,https://www.airbnb.com/rooms/590484773612652071
5.9049389861183194e+17,$114.00,Neighborhood highlights,2,1,1,1,4.84,43,https://www.airbnb.com/rooms/590493898611831944
590541486540140900,$140.00,Neighborhood highlights,4,1,3,3,NA,0,https://www.airbnb.com/rooms/590541486540140894
590543805794852900,$320.00,NA,2,2,2,2,5,9,https://www.airbnb.com/rooms/590543805794852854
590551081727585500,$600.00,Neighborhood highlights,2,1.5,1,2,4.67,6,https://www.airbnb.com/rooms/590551081727585539
590595341992355600,$200.00,NA,2,1,1,1,5,6,https://www.airbnb.com/rooms/590595341992355609
590714165817961100,$60.00,NA,1,2,1,1,4.42,31,https://www.airbnb.com/rooms/590714165817961123
591126001314853400,$125.00,Neighborhood highlights,4,1,2,2,NA,0,https://www.airbnb.com/rooms/591126001314853341
591168265331519400,$519.00,NA,2,1,1,4,5,26,https://www.airbnb.com/rooms/591168265331519350
591199461871265800,NA,NA,1,NA,1,NA,NA,0,https://www.airbnb.com/rooms/591199461871265735
591210724344251600,NA,Neighborhood highlights,1,NA,NA,NA,5,12,https://www.airbnb.com/rooms/591210724344251633
591317872598387e3,$100.00,NA,2,1,1,1,4.66,53,https://www.airbnb.com/rooms/591317872598386976
591322358832287400,$225.00,Neighborhood highlights,4,1.5,2,3,5,2,https://www.airbnb.com/rooms/591322358832287390
591340911912499500,$300.00,Neighborhood highlights,6,1,3,3,NA,0,https://www.airbnb.com/rooms/591340911912499423
591386911248387700,NA,NA,2,NA,NA,NA,5,2,https://www.airbnb.com/rooms/591386911248387763
591427135680545500,$150.00,Neighborhood highlights,6,1,3,3,4.85,106,https://www.airbnb.com/rooms/591427135680545574
591461387312379100,"$1,428.00",NA,4,2,2,2,5,7,https://www.airbnb.com/rooms/591461387312379178
591485868352836900,$190.00,Neighborhood highlights,4,2,2,3,4.97,69,https://www.airbnb.com/rooms/591485868352836863
591525078289936100,$160.00,Neighborhood highlights,1,1,1,1,4.71,7,https://www.airbnb.com/rooms/591525078289936163
591632776960108700,$65.00,Neighborhood highlights,1,1,1,1,3.67,3,https://www.airbnb.com/rooms/591632776960108670
591807438082548700,$50.00,Neighborhood highlights,2,1,1,1,4.86,58,https://www.airbnb.com/rooms/591807438082548675
591883582403156100,$225.00,NA,2,1,0,1,4.86,7,https://www.airbnb.com/rooms/591883582403156068
591969184938312700,$180.00,Neighborhood highlights,2,1,2,2,4.95,172,https://www.airbnb.com/rooms/591969184938312703
591982694850524800,$60.00,NA,1,1,1,1,5,1,https://www.airbnb.com/rooms/591982694850524774
592108458572200200,$96.00,NA,2,1,1,1,4.92,74,https://www.airbnb.com/rooms/592108458572200255
592160838482377500,$105.00,NA,2,1,1,1,5,8,https://www.airbnb.com/rooms/592160838482377458
592231928282119600,$90.00,Neighborhood highlights,2,1,1,1,4.6,70,https://www.airbnb.com/rooms/592231928282119554
592466368246789900,$175.00,Neighborhood highlights,16,1,1,3,4.29,14,https://www.airbnb.com/rooms/592466368246789831
592529354391161500,NA,Neighborhood highlights,4,NA,2,NA,5,1,https://www.airbnb.com/rooms/592529354391161532
592573997737825900,$179.00,Neighborhood highlights,7,1,3,4,4.72,71,https://www.airbnb.com/rooms/592573997737825938
592679984594951700,$115.00,Neighborhood highlights,2,1,1,1,4.61,62,https://www.airbnb.com/rooms/592679984594951626
592736448808176600,$140.00,NA,2,1,1,1,5,9,https://www.airbnb.com/rooms/592736448808176674
592755817357492900,NA,Neighborhood highlights,2,NA,1,NA,4.92,26,https://www.airbnb.com/rooms/592755817357492854
592770456978707200,NA,Neighborhood highlights,2,NA,NA,NA,4.75,4,https://www.airbnb.com/rooms/592770456978707178
592867681828592e3,$425.00,Neighborhood highlights,3,1,2,2,4.79,43,https://www.airbnb.com/rooms/592867681828592003
592893183768538900,$128.00,NA,2,1,0,1,5,4,https://www.airbnb.com/rooms/592893183768538881
592914921857097600,$150.00,Neighborhood highlights,2,1,2,4,4.69,58,https://www.airbnb.com/rooms/592914921857097651
592923226218574e3,$75.00,Neighborhood highlights,1,1.5,1,2,5,8,https://www.airbnb.com/rooms/592923226218573943
593310907721075600,$160.00,Neighborhood highlights,4,1,2,3,5,4,https://www.airbnb.com/rooms/593310907721075575
593322347340602800,$84.00,Neighborhood highlights,1,1,1,1,4.53,1294,https://www.airbnb.com/rooms/593322347340602809
593352965728095900,$300.00,NA,4,1,2,3,4.71,7,https://www.airbnb.com/rooms/593352965728095819
593413853901361200,$150.00,Neighborhood highlights,4,1,2,2,4.75,8,https://www.airbnb.com/rooms/593413853901361166
593442190007569900,$285.00,Neighborhood highlights,2,1,1,1,4.43,7,https://www.airbnb.com/rooms/593442190007569880
593512409390835100,NA,NA,1,NA,1,NA,5,2,https://www.airbnb.com/rooms/593512409390835064
593539441379982600,$65.00,NA,1,1,1,1,NA,0,https://www.airbnb.com/rooms/593539441379982570
5.9353964585688806e+17,$325.00,NA,4,1,2,3,4.89,19,https://www.airbnb.com/rooms/593539645856888063
593555804094235900,NA,Neighborhood highlights,2,NA,1,NA,4.89,28,https://www.airbnb.com/rooms/593555804094235891
593594099575379700,NA,Neighborhood highlights,2,NA,1,NA,4.9,48,https://www.airbnb.com/rooms/593594099575379650
593628573423529900,$99.00,NA,2,1,1,2,4.85,62,https://www.airbnb.com/rooms/593628573423529888
593684843078544100,$320.00,Neighborhood highlights,7,2,4,5,4.72,75,https://www.airbnb.com/rooms/593684843078544142
593707497430332500,$231.00,Neighborhood highlights,5,2,3,4,4.82,33,https://www.airbnb.com/rooms/593707497430332483
593999597558147800,$244.00,Neighborhood highlights,5,2,2,2,4.73,30,https://www.airbnb.com/rooms/593999597558147807
594041771481964900,NA,Neighborhood highlights,4,NA,1,NA,4.36,11,https://www.airbnb.com/rooms/594041771481964878
594108734920583400,$113.00,NA,2,1,1,1,4.69,104,https://www.airbnb.com/rooms/594108734920583369
594159308931470800,$180.00,Neighborhood highlights,2,1,1,1,4.9,31,https://www.airbnb.com/rooms/594159308931470808
594168710234003300,$98.00,Neighborhood highlights,2,1,0,1,4.58,31,https://www.airbnb.com/rooms/594168710234003387
59417221960906e4,$87.00,Neighborhood highlights,2,1,1,1,4.5,6,https://www.airbnb.com/rooms/594172219609060026
594235684678364300,$144.00,NA,6,2,3,4,5,1,https://www.airbnb.com/rooms/594235684678364310
594240338554500900,$110.00,NA,2,1,0,1,3,2,https://www.airbnb.com/rooms/594240338554500815
594278892712646700,$514.00,Neighborhood highlights,8,1.5,4,5,4.87,52,https://www.airbnb.com/rooms/594278892712646603
594364901323939500,$75.00,NA,1,1.5,1,2,5,13,https://www.airbnb.com/rooms/594364901323939440
594578980893404200,$80.00,NA,2,1,1,1,5,4,https://www.airbnb.com/rooms/594578980893404198
594686068974696300,$289.00,Neighborhood highlights,2,1.5,1,1,NA,0,https://www.airbnb.com/rooms/594686068974696323
594686502384672500,$444.00,Neighborhood highlights,2,1.5,1,1,NA,0,https://www.airbnb.com/rooms/594686502384672497
594705719138931300,$130.00,Neighborhood highlights,2,1,1,1,5,1,https://www.airbnb.com/rooms/594705719138931356
594791050150433300,$102.00,NA,1,1,1,1,4.73,41,https://www.airbnb.com/rooms/594791050150433308
594808092992638300,$350.00,NA,2,1,1,1,5,1,https://www.airbnb.com/rooms/594808092992638358
594818355675207800,$113.00,NA,2,1,1,1,4.5,70,https://www.airbnb.com/rooms/594818355675207868
594914131275091100,$161.00,Neighborhood highlights,2,1,1,1,4.86,28,https://www.airbnb.com/rooms/594914131275091113
594977987499279600,$415.00,Neighborhood highlights,2,2,2,2,4.83,12,https://www.airbnb.com/rooms/594977987499279648
594978188146529800,$135.00,NA,2,1,1,1,4.58,19,https://www.airbnb.com/rooms/594978188146529787
594978227209109e3,$120.00,NA,2,1,1,1,4.8,30,https://www.airbnb.com/rooms/594978227209109001
594992794630052200,$150.00,NA,2,1,1,1,5,14,https://www.airbnb.com/rooms/594992794630052260
595025950780985600,$98.00,NA,2,1,1,1,NA,0,https://www.airbnb.com/rooms/595025950780985584
595046810022277400,NA,NA,5,NA,3,NA,5,6,https://www.airbnb.com/rooms/595046810022277356
595433752535380500,$219.00,Neighborhood highlights,1,1,1,1,4.67,3,https://www.airbnb.com/rooms/595433752535380451
595491366424087700,$241.00,Neighborhood highlights,2,1,1,1,NA,0,https://www.airbnb.com/rooms/595491366424087670
595528055387349100,$250.00,NA,2,1,1,1,4.89,18,https://www.airbnb.com/rooms/595528055387349071
595543365276878500,$165.00,Neighborhood highlights,2,1,0,1,4.7,10,https://www.airbnb.com/rooms/595543365276878517
595613559093932400,$175.00,Neighborhood highlights,2,1,1,1,5,1,https://www.airbnb.com/rooms/595613559093932418
595652970230241400,$151.00,Neighborhood highlights,2,1,1,1,4.86,66,https://www.airbnb.com/rooms/595652970230241413
595656476182329200,$120.00,NA,2,1,1,1,4.89,9,https://www.airbnb.com/rooms/595656476182329187
595830031913916200,$44.00,NA,1,2,1,1,NA,0,https://www.airbnb.com/rooms/595830031913916190
595879031780542600,$285.00,NA,4,2,2,4,5,4,https://www.airbnb.com/rooms/595879031780542616
596165065028890600,$60.00,Neighborhood highlights,1,1,1,1,5,12,https://www.airbnb.com/rooms/596165065028890644
596203731563582600,$210.00,NA,4,1,3,3,4.83,6,https://www.airbnb.com/rooms/596203731563582651
596328264441937500,$250.00,NA,2,1,1,1,4.83,6,https://www.airbnb.com/rooms/596328264441937500
596361949342437500,$132.00,Neighborhood highlights,2,1,0,4,4,2,https://www.airbnb.com/rooms/596361949342437513
596413252706204400,$155.00,NA,4,1,1,2,4.5,6,https://www.airbnb.com/rooms/596413252706204441
596413302681259400,$150.00,Neighborhood highlights,4,1,0,2,5,2,https://www.airbnb.com/rooms/596413302681259342
59686919048451e4,NA,Neighborhood highlights,2,NA,1,NA,NA,0,https://www.airbnb.com/rooms/596869190484509912
596946485985538200,$300.00,NA,6,2,3,3,5,14,https://www.airbnb.com/rooms/596946485985538229
596986224454269600,NA,NA,5,NA,3,NA,4.75,32,https://www.airbnb.com/rooms/596986224454269512
597013333352448300,$213.00,Neighborhood highlights,2,1,0,2,4.9,49,https://www.airbnb.com/rooms/597013333352448220
597027528927382e3,NA,NA,4,NA,2,NA,5,2,https://www.airbnb.com/rooms/597027528927381973
597077746482427600,$500.00,Neighborhood highlights,6,3,3,4,5,1,https://www.airbnb.com/rooms/597077746482427681
597087942704646400,$360.00,Neighborhood highlights,5,1,2,2,4.58,55,https://www.airbnb.com/rooms/597087942704646402
597137689589326600,NA,NA,1,NA,NA,NA,NA,0,https://www.airbnb.com/rooms/597137689589326557
597288356012627200,NA,Neighborhood highlights,2,NA,2,NA,4.79,73,https://www.airbnb.com/rooms/597288356012627205
597293762881765900,$198.00,Neighborhood highlights,4,1,1,2,4.93,86,https://www.airbnb.com/rooms/597293762881765844
597304555711876e3,$245.00,NA,4,1,3,3,5,5,https://www.airbnb.com/rooms/597304555711876002
597317982397851300,$148.00,NA,2,1,0,1,5,3,https://www.airbnb.com/rooms/597317982397851255
597375402315843300,$68.00,Neighborhood highlights,3,1,1,1,5,5,https://www.airbnb.com/rooms/597375402315843266
597752885764924200,$396.00,NA,5,1,2,3,4.73,103,https://www.airbnb.com/rooms/597752885764924164
5.9777541768477594e+17,"$1,200.00",NA,4,2.5,4,3,5,1,https://www.airbnb.com/rooms/597775417684775967
59778912441714e4,$150.00,NA,5,2,2,3,4.73,78,https://www.airbnb.com/rooms/597789124417139922
597885471876205800,$200.00,NA,3,1,1,1,4.79,34,https://www.airbnb.com/rooms/597885471876205835
597938230465576700,$160.00,NA,2,1,1,1,4.9,29,https://www.airbnb.com/rooms/597938230465576741
597970057292470500,$49.00,NA,1,1,1,1,4.86,43,https://www.airbnb.com/rooms/597970057292470584
597980544989694500,NA,NA,2,NA,NA,NA,4.64,11,https://www.airbnb.com/rooms/597980544989694525
598007984813034200,NA,Neighborhood highlights,1,NA,NA,NA,4.82,34,https://www.airbnb.com/rooms/598007984813034204
598042449965026200,NA,NA,1,NA,1,NA,NA,0,https://www.airbnb.com/rooms/598042449965026150
598105617689041300,NA,NA,1,NA,NA,NA,5,2,https://www.airbnb.com/rooms/598105617689041331
598163738028486100,NA,Neighborhood highlights,2,NA,NA,NA,4.78,36,https://www.airbnb.com/rooms/598163738028486177
598371691339737e3,$350.00,NA,2,1,1,1,4.91,11,https://www.airbnb.com/rooms/598371691339736940
598418961025528200,$483.00,NA,8,1,1,4,4.88,43,https://www.airbnb.com/rooms/598418961025528178
598423415434781200,$516.00,NA,8,1,0,4,4.75,59,https://www.airbnb.com/rooms/598423415434781224
598428972310981200,$225.00,NA,4,1,0,2,4.64,42,https://www.airbnb.com/rooms/598428972310981226
598451687067310100,$238.00,NA,4,1,0,2,4.76,192,https://www.airbnb.com/rooms/598451687067310074
598456006209498e3,$309.00,NA,6,1,0,4,4.76,50,https://www.airbnb.com/rooms/598456006209498021
598459577490449200,$217.00,NA,3,1,0,3,4.3,10,https://www.airbnb.com/rooms/598459577490449094
598488193327054300,$235.00,NA,4,1,0,3,4.71,167,https://www.airbnb.com/rooms/598488193327054398
598499099324319600,$349.00,NA,6,1,0,3,4.76,115,https://www.airbnb.com/rooms/598499099324319670
598503098845264400,$338.00,NA,6,1,0,3,4.92,74,https://www.airbnb.com/rooms/598503098845264438
598507858224426400,$435.00,NA,6,1,2,3,4.73,48,https://www.airbnb.com/rooms/598507858224426373
598570700663448700,$225.00,NA,2,1,1,1,5,26,https://www.airbnb.com/rooms/598570700663448652
598600568938104300,$189.00,NA,4,1,1,2,4.88,16,https://www.airbnb.com/rooms/598600568938104304
598683745595378400,NA,Neighborhood highlights,2,NA,NA,NA,4.4,5,https://www.airbnb.com/rooms/598683745595378442
598713051061239300,$120.00,Neighborhood highlights,2,1,0,1,4.87,15,https://www.airbnb.com/rooms/598713051061239312
598898744269747600,$163.00,Neighborhood highlights,6,1,3,3,5,4,https://www.airbnb.com/rooms/598898744269747553
598899258097315300,$145.00,Neighborhood highlights,2,1,1,1,5,4,https://www.airbnb.com/rooms/598899258097315370
598923105171759400,$152.00,Neighborhood highlights,3,1,0,2,4.89,9,https://www.airbnb.com/rooms/598923105171759382
598928506031816200,$250.00,Neighborhood highlights,2,2,1,1,5,21,https://www.airbnb.com/rooms/598928506031816181
599017022512025e3,$300.00,NA,3,1,1,2,4.97,63,https://www.airbnb.com/rooms/599017022512024975
599077997645477800,$412.00,Neighborhood highlights,6,2,3,3,NA,0,https://www.airbnb.com/rooms/599077997645477697
599114974037879200,$800.00,NA,2,1,1,1,NA,0,https://www.airbnb.com/rooms/599114974037879224
599131807524850700,NA,Neighborhood highlights,4,NA,1,NA,5,1,https://www.airbnb.com/rooms/599131807524850707
599150267090624e3,$140.00,NA,8,2.5,3,6,4.74,57,https://www.airbnb.com/rooms/599150267090624036
599163855232485400,$169.00,Neighborhood highlights,2,1,0,1,5,7,https://www.airbnb.com/rooms/599163855232485384
599256513633251e3,$105.00,Neighborhood highlights,2,1,0,1,5,7,https://www.airbnb.com/rooms/599256513633250977
599411803159805600,$121.00,Neighborhood highlights,2,1,1,1,5,33,https://www.airbnb.com/rooms/599411803159805553
599452961415418500,$111.00,Neighborhood highlights,2,1,1,1,4.81,57,https://www.airbnb.com/rooms/599452961415418542
599466894517671400,$73.00,NA,1,2,3,1,5,1,https://www.airbnb.com/rooms/599466894517671462
599780130229041900,$81.00,NA,2,1.5,1,1,4.81,21,https://www.airbnb.com/rooms/599780130229041931
599806687631020700,$95.00,NA,1,1,1,1,4.48,23,https://www.airbnb.com/rooms/599806687631020705
599857800756664400,$80.00,NA,2,1,0,1,5,5,https://www.airbnb.com/rooms/599857800756664388
599906169922777600,$149.00,Neighborhood highlights,3,1,1,2,4.92,25,https://www.airbnb.com/rooms/599906169922777608
599991388795660300,$410.00,Neighborhood highlights,4,1,0,2,4.6,242,https://www.airbnb.com/rooms/599991388795660334
599992429950840200,$178.00,Neighborhood highlights,2,1,0,1,4.57,582,https://www.airbnb.com/rooms/599992429950840153
599992807763168100,$393.00,Neighborhood highlights,2,1,0,1,3.25,4,https://www.airbnb.com/rooms/599992807763168166
599993984917025400,$353.00,Neighborhood highlights,2,1,0,1,4.2,65,https://www.airbnb.com/rooms/599993984917025377
600011341366442100,$155.00,Neighborhood highlights,3,1,0,1,4,2,https://www.airbnb.com/rooms/600011341366442097
600013989830559200,$87.00,Neighborhood highlights,2,1,1,1,4.78,9,https://www.airbnb.com/rooms/600013989830559229
600101578919505900,NA,NA,2,NA,NA,NA,4.23,333,https://www.airbnb.com/rooms/600101578919505892
60011097070913e4,NA,NA,2,NA,3,NA,NA,0,https://www.airbnb.com/rooms/600110970709129944
600113695273260500,$135.00,Neighborhood highlights,2,1,1,1,5,40,https://www.airbnb.com/rooms/600113695273260585
600127034703248900,NA,NA,2,NA,2,NA,NA,0,https://www.airbnb.com/rooms/600127034703248901
600263116064127700,$214.00,Neighborhood highlights,2,1,1,1,4.9,10,https://www.airbnb.com/rooms/600263116064127765
600273870163702900,$294.00,Neighborhood highlights,4,1,1,2,4.92,13,https://www.airbnb.com/rooms/600273870163702857
600516115073736800,NA,NA,1,NA,NA,NA,5,1,https://www.airbnb.com/rooms/600516115073736856
600532423835281200,NA,NA,1,NA,NA,NA,2.33,3,https://www.airbnb.com/rooms/600532423835281204
600705397043965600,$54.00,Neighborhood highlights,2,0,1,1,4,1,https://www.airbnb.com/rooms/600705397043965626
600822967142771e3,$300.00,NA,4,1,3,3,4.85,67,https://www.airbnb.com/rooms/600822967142770896
600953895762341400,$107.00,NA,6,1,1,4,5,4,https://www.airbnb.com/rooms/600953895762341350
601189303598379e3,$80.00,Neighborhood highlights,2,1,1,1,4.91,64,https://www.airbnb.com/rooms/601189303598379053
601295190436961300,NA,NA,4,NA,2,NA,5,3,https://www.airbnb.com/rooms/601295190436961230
601341275822151600,$80.00,Neighborhood highlights,4,1,2,2,4.97,29,https://www.airbnb.com/rooms/601341275822151601
601344149069397500,$196.00,Neighborhood highlights,5,1,2,3,4.71,93,https://www.airbnb.com/rooms/601344149069397462
601383847863781100,$140.00,NA,2,1.5,1,1,4.57,7,https://www.airbnb.com/rooms/601383847863781109
601387378295632600,$135.00,NA,2,1,1,1,4.78,9,https://www.airbnb.com/rooms/601387378295632609
601395300140041e3,$124.00,NA,2,1,1,1,4.6,5,https://www.airbnb.com/rooms/601395300140040942
601400178545759700,$131.00,Neighborhood highlights,2,1,1,2,4.95,44,https://www.airbnb.com/rooms/601400178545759728
601436798783503700,$410.00,Neighborhood highlights,10,2,5,6,4.79,47,https://www.airbnb.com/rooms/601436798783503804
601450993668834e3,$202.00,NA,2,1,0,1,4.86,21,https://www.airbnb.com/rooms/601450993668834041
601621921556384400,$230.00,NA,3,1,1,1,4.83,6,https://www.airbnb.com/rooms/601621921556384429
601643366462947600,$225.00,NA,4,1,1,2,5,11,https://www.airbnb.com/rooms/601643366462947554
601684518197356700,$255.00,Neighborhood highlights,4,2,2,2,5,8,https://www.airbnb.com/rooms/601684518197356654
601690867947727900,$211.00,NA,5,1,2,4,4.85,41,https://www.airbnb.com/rooms/601690867947727847
601809481239819900,$140.00,NA,2,1,1,1,3.67,3,https://www.airbnb.com/rooms/601809481239819914
602018638543355400,"$1,429.00",Neighborhood highlights,8,3,3,3,4.94,34,https://www.airbnb.com/rooms/602018638543355450
602019372802508400,$46.00,Neighborhood highlights,2,1,1,1,4.94,18,https://www.airbnb.com/rooms/602019372802508438
602029215213888100,$45.00,Neighborhood highlights,2,1,1,1,4.82,22,https://www.airbnb.com/rooms/602029215213888162
602066419007693600,$126.00,Neighborhood highlights,4,1,1,2,4.83,29,https://www.airbnb.com/rooms/602066419007693604
602240103644056200,NA,NA,2,NA,2,NA,4.63,8,https://www.airbnb.com/rooms/602240103644056149
602753544351230600,$51.00,NA,2,1,1,0,NA,0,https://www.airbnb.com/rooms/602753544351230553
602759934255145300,$53.00,Neighborhood highlights,2,1,1,1,4,1,https://www.airbnb.com/rooms/602759934255145305
602763112123283100,NA,Neighborhood highlights,2,NA,NA,NA,4.33,3,https://www.airbnb.com/rooms/602763112123283056
602780849247393900,$180.00,Neighborhood highlights,2,1,1,1,4.71,28,https://www.airbnb.com/rooms/602780849247393930
602791797587630500,$550.00,NA,4,1,1,1,5,1,https://www.airbnb.com/rooms/602791797587630510
602823682550416400,$54.00,Neighborhood highlights,2,1,1,1,5,2,https://www.airbnb.com/rooms/602823682550416384
602827356114645600,$57.00,Neighborhood highlights,2,1,1,0,5,1,https://www.airbnb.com/rooms/602827356114645635
602829257111124500,$56.00,Neighborhood highlights,2,1,1,0,NA,0,https://www.airbnb.com/rooms/602829257111124533
602831381226115600,$53.00,Neighborhood highlights,2,1,1,0,NA,0,https://www.airbnb.com/rooms/602831381226115612
602831437262573400,$200.00,NA,2,1,1,1,4,1,https://www.airbnb.com/rooms/602831437262573485
602833605446123e3,$55.00,Neighborhood highlights,2,1,1,0,4,1,https://www.airbnb.com/rooms/602833605446123047
602847514991741400,$171.00,Neighborhood highlights,2,1,1,1,4.97,63,https://www.airbnb.com/rooms/602847514991741383
602928733998502400,$275.00,NA,2,2,1,1,5,9,https://www.airbnb.com/rooms/602928733998502439
602952577502027300,$150.00,NA,1,1,1,1,5,12,https://www.airbnb.com/rooms/602952577502027312
602971370945279100,$85.00,NA,1,1,1,1,5,1,https://www.airbnb.com/rooms/602971370945279067
602989716661668600,$125.00,Neighborhood highlights,5,1,2,5,4.53,17,https://www.airbnb.com/rooms/602989716661668567
603053165683406500,$199.00,NA,4,1,2,2,4,2,https://www.airbnb.com/rooms/603053165683406487
60308390008811e4,$849.00,NA,2,1,1,1,NA,0,https://www.airbnb.com/rooms/603083900088109982
603102812031344600,NA,NA,4,NA,2,NA,5,5,https://www.airbnb.com/rooms/603102812031344663
603145399437635100,$232.00,Neighborhood highlights,2,1,1,1,NA,0,https://www.airbnb.com/rooms/603145399437635044
603288724410012900,$125.00,Neighborhood highlights,2,1,1,1,4.84,106,https://www.airbnb.com/rooms/603288724410012895
603315506762043600,$60.00,NA,1,1,1,1,5,5,https://www.airbnb.com/rooms/603315506762043698
603323604235900900,$60.00,NA,1,1,1,1,5,2,https://www.airbnb.com/rooms/603323604235900959
603328520876979300,NA,NA,1,NA,NA,NA,NA,0,https://www.airbnb.com/rooms/603328520876979359
603516984683399300,$650.00,Neighborhood highlights,6,3,3,4,5,12,https://www.airbnb.com/rooms/603516984683399236
603532558526028700,NA,NA,1,NA,5,NA,4.76,17,https://www.airbnb.com/rooms/603532558526028735
603547987619834200,$130.00,Neighborhood highlights,4,1,2,1,4.15,13,https://www.airbnb.com/rooms/603547987619834273
603561478013469e3,NA,NA,2,NA,1,NA,3.78,37,https://www.airbnb.com/rooms/603561478013469067
603567922629026200,NA,NA,1,NA,NA,NA,4.8,5,https://www.airbnb.com/rooms/603567922629026197
603613025139199200,NA,NA,1,NA,NA,NA,4.93,15,https://www.airbnb.com/rooms/603613025139199279
603753191773135400,$74.00,Neighborhood highlights,2,1,0,2,4.88,26,https://www.airbnb.com/rooms/603753191773135399
603858956459000300,$93.00,Neighborhood highlights,1,1.5,1,1,5,23,https://www.airbnb.com/rooms/603858956459000309
604157600844300800,NA,Neighborhood highlights,2,NA,1,NA,4.93,14,https://www.airbnb.com/rooms/604157600844300858
604213081528050200,$239.00,Neighborhood highlights,4,1,0,2,4.62,42,https://www.airbnb.com/rooms/604213081528050189
604274785806949400,NA,NA,4,NA,2,NA,4.75,85,https://www.airbnb.com/rooms/604274785806949333
604574846282012500,$220.00,Neighborhood highlights,2,1,1,2,4.86,57,https://www.airbnb.com/rooms/604574846282012598
604623136540022800,$135.00,NA,7,1,3,5,5,3,https://www.airbnb.com/rooms/604623136540022796
604890571233440100,NA,Neighborhood highlights,2,NA,5,NA,4.3,10,https://www.airbnb.com/rooms/604890571233440169
604979090670594300,$124.00,NA,4,1,2,2,4.71,56,https://www.airbnb.com/rooms/604979090670594317
605035448454706800,$105.00,Neighborhood highlights,2,1,1,1,4.95,20,https://www.airbnb.com/rooms/605035448454706797
605051948071435100,$161.00,Neighborhood highlights,2,1,0,1,4.92,138,https://www.airbnb.com/rooms/605051948071435121
605057284037163100,$325.00,Neighborhood highlights,4,2,2,2,4.38,13,https://www.airbnb.com/rooms/605057284037163093
605060073702279600,NA,NA,2,NA,NA,NA,4.65,17,https://www.airbnb.com/rooms/605060073702279502
605089566908342700,NA,NA,1,NA,NA,NA,5,4,https://www.airbnb.com/rooms/605089566908342599
605090421306436e3,$215.00,NA,2,1,1,1,NA,0,https://www.airbnb.com/rooms/605090421306435930
605110928280940400,NA,NA,1,NA,NA,NA,4.75,4,https://www.airbnb.com/rooms/605110928280940374
605115521796576100,NA,NA,2,NA,NA,NA,4.33,9,https://www.airbnb.com/rooms/605115521796576121
605132368954258300,$200.00,Neighborhood highlights,6,2,3,4,4.65,20,https://www.airbnb.com/rooms/605132368954258356
605153978187086700,$69.00,Neighborhood highlights,2,1,1,1,4.68,56,https://www.airbnb.com/rooms/605153978187086750
6.0520147053616794e+17,NA,Neighborhood highlights,2,NA,NA,NA,4.93,43,https://www.airbnb.com/rooms/605201470536167919
605251128906230100,$225.00,Neighborhood highlights,4,1,2,2,4.25,4,https://www.airbnb.com/rooms/605251128906230102
60530002019361e4,$95.00,Neighborhood highlights,5,1,1,4,4.64,42,https://www.airbnb.com/rooms/605300020193610016
605583991244171300,$185.00,Neighborhood highlights,3,1,1,1,4.5,6,https://www.airbnb.com/rooms/605583991244171226
605677493735522700,$125.00,NA,2,1,1,1,5,3,https://www.airbnb.com/rooms/605677493735522649
605720639370929900,$36.00,Neighborhood highlights,2,1,1,1,4.65,20,https://www.airbnb.com/rooms/605720639370929870
605734646204848600,$135.00,NA,2,1,1,2,4.56,45,https://www.airbnb.com/rooms/605734646204848683
605743546909880300,NA,NA,2,NA,NA,NA,NA,0,https://www.airbnb.com/rooms/605743546909880369
606091353745064600,$51.00,NA,1,2,1,1,NA,0,https://www.airbnb.com/rooms/606091353745064622
606099280539160300,$44.00,NA,1,2,1,1,NA,0,https://www.airbnb.com/rooms/606099280539160331
606247538449026800,$424.00,Neighborhood highlights,15,3,5,0,5,7,https://www.airbnb.com/rooms/606247538449026759
606360437730635900,$43.00,NA,1,2,1,1,NA,0,https://www.airbnb.com/rooms/606360437730635923
606366094972532200,NA,Neighborhood highlights,2,NA,1,NA,4.69,26,https://www.airbnb.com/rooms/606366094972532271
606406524027500400,$100.00,NA,2,1,1,1,4.82,50,https://www.airbnb.com/rooms/606406524027500438
606502008318501200,$340.00,NA,5,2,2,3,NA,0,https://www.airbnb.com/rooms/606502008318501202
606544996803495200,$140.00,Neighborhood highlights,3,1,1,2,5,5,https://www.airbnb.com/rooms/606544996803495153
606690225420596500,$50.00,Neighborhood highlights,2,1.5,1,1,4.56,32,https://www.airbnb.com/rooms/606690225420596522
606709162800634600,NA,NA,1,NA,1,NA,NA,0,https://www.airbnb.com/rooms/606709162800634643
606793016263697200,NA,Neighborhood highlights,2,NA,1,NA,4.82,84,https://www.airbnb.com/rooms/606793016263697106
606961940356841300,$45.00,Neighborhood highlights,1,1,3,3,5,2,https://www.airbnb.com/rooms/606961940356841317
607145426901839400,$110.00,Neighborhood highlights,2,2,1,1,4.69,13,https://www.airbnb.com/rooms/607145426901839341
607202437461817200,$105.00,Neighborhood highlights,2,1,1,1,4.75,56,https://www.airbnb.com/rooms/607202437461817180
607328822575142100,$75.00,NA,2,1,1,1,4.95,58,https://www.airbnb.com/rooms/607328822575142192
607334009809889900,$170.00,Neighborhood highlights,4,1,1,2,4.79,34,https://www.airbnb.com/rooms/607334009809889875
607365811485133200,$48.00,Neighborhood highlights,2,1,0,1,4.22,18,https://www.airbnb.com/rooms/607365811485133132
607411512488798200,NA,Neighborhood highlights,6,NA,3,NA,5,9,https://www.airbnb.com/rooms/607411512488798244
607428078841533700,NA,NA,4,NA,2,NA,5,1,https://www.airbnb.com/rooms/607428078841533758
607495941651400800,NA,NA,2,NA,NA,NA,5,2,https://www.airbnb.com/rooms/607495941651400846
607527880077351700,$100.00,NA,1,1,1,1,5,1,https://www.airbnb.com/rooms/607527880077351661
607696246279492e3,$395.00,NA,7,2,3,4,4.94,34,https://www.airbnb.com/rooms/607696246279491997
607787384382455600,NA,Neighborhood highlights,2,NA,1,NA,NA,0,https://www.airbnb.com/rooms/607787384382455500
607837648463076900,$225.00,Neighborhood highlights,5,2,3,4,4.7,33,https://www.airbnb.com/rooms/607837648463076810
607841201085063e3,$121.00,Neighborhood highlights,2,1,2,3,4.9,84,https://www.airbnb.com/rooms/607841201085063007
607857571989966e3,$430.00,NA,5,2,3,3,4.6,5,https://www.airbnb.com/rooms/607857571989965974
607933688375392800,$100.00,NA,4,1,2,3,5,1,https://www.airbnb.com/rooms/607933688375392709
607945532912774700,NA,NA,2,NA,NA,NA,NA,0,https://www.airbnb.com/rooms/607945532912774703
608059640162815100,NA,Neighborhood highlights,2,NA,NA,NA,5,1,https://www.airbnb.com/rooms/608059640162815055
608065350562145500,NA,Neighborhood highlights,1,NA,NA,NA,1,1,https://www.airbnb.com/rooms/608065350562145555
608070430216725900,NA,Neighborhood highlights,1,NA,NA,NA,5,1,https://www.airbnb.com/rooms/608070430216725944
608073586104603100,$45.00,Neighborhood highlights,1,1,1,1,4,1,https://www.airbnb.com/rooms/608073586104603179
608153789298309500,$200.00,Neighborhood highlights,2,1,1,1,5,1,https://www.airbnb.com/rooms/608153789298309501
608223092668558100,$100.00,Neighborhood highlights,1,1,1,1,5,5,https://www.airbnb.com/rooms/608223092668558137
608316367002672600,$439.00,Neighborhood highlights,6,2,3,3,NA,0,https://www.airbnb.com/rooms/608316367002672662
608484199640101e3,$875.00,Neighborhood highlights,8,2,1,2,4.93,29,https://www.airbnb.com/rooms/608484199640101037
608550974651560600,$174.00,Neighborhood highlights,2,1,1,1,4.9,20,https://www.airbnb.com/rooms/608550974651560535
608609524765569800,$186.00,NA,4,1,1,2,5,3,https://www.airbnb.com/rooms/608609524765569811
608618639198821900,$70.00,NA,2,1,1,1,4.85,54,https://www.airbnb.com/rooms/608618639198821844
608624106972795400,NA,Neighborhood highlights,4,NA,1,NA,5,1,https://www.airbnb.com/rooms/608624106972795388
608633560591187600,NA,NA,1,NA,NA,NA,5,4,https://www.airbnb.com/rooms/608633560591187544
608671468736291200,$127.00,NA,3,1,2,1,5,3,https://www.airbnb.com/rooms/608671468736291174
608733870146827e3,NA,Neighborhood highlights,2,NA,NA,NA,4,1,https://www.airbnb.com/rooms/608733870146827069
608737695863276700,NA,Neighborhood highlights,1,NA,NA,NA,5,2,https://www.airbnb.com/rooms/608737695863276620
608740663323286900,NA,Neighborhood highlights,1,NA,NA,NA,4,2,https://www.airbnb.com/rooms/608740663323286889
608743408052135400,$44.00,Neighborhood highlights,1,1,1,1,5,1,https://www.airbnb.com/rooms/608743408052135388
608748589350814800,NA,Neighborhood highlights,2,NA,NA,NA,NA,0,https://www.airbnb.com/rooms/608748589350814821
608751764495831300,NA,Neighborhood highlights,2,NA,NA,NA,4.5,4,https://www.airbnb.com/rooms/608751764495831252
608754282841359100,$49.00,Neighborhood highlights,1,1,1,1,NA,0,https://www.airbnb.com/rooms/608754282841359168
608756805445061500,$43.00,Neighborhood highlights,1,1,1,1,NA,0,https://www.airbnb.com/rooms/608756805445061483
608829370155852900,$250.00,Neighborhood highlights,4,1,2,2,4.63,24,https://www.airbnb.com/rooms/608829370155852978
608832957622750100,$381.00,Neighborhood highlights,4,2,2,2,4.97,36,https://www.airbnb.com/rooms/608832957622750076
608840004988738600,NA,Neighborhood highlights,2,NA,NA,NA,5,1,https://www.airbnb.com/rooms/608840004988738509
608846337069661e3,NA,Neighborhood highlights,2,NA,NA,NA,NA,0,https://www.airbnb.com/rooms/608846337069661074
608851159509104800,NA,Neighborhood highlights,2,NA,NA,NA,5,1,https://www.airbnb.com/rooms/608851159509104710
608854294617307400,NA,Neighborhood highlights,2,NA,NA,NA,4,1,https://www.airbnb.com/rooms/608854294617307443
608859441715766800,NA,Neighborhood highlights,2,NA,NA,NA,NA,0,https://www.airbnb.com/rooms/608859441715766750
608863867483739500,NA,Neighborhood highlights,2,NA,NA,NA,NA,0,https://www.airbnb.com/rooms/608863867483739576
608867684971468200,NA,Neighborhood highlights,2,NA,NA,NA,NA,0,https://www.airbnb.com/rooms/608867684971468218
608868377530362900,NA,Neighborhood highlights,2,NA,NA,NA,NA,0,https://www.airbnb.com/rooms/608868377530362853
608877029630038500,NA,NA,2,NA,1,NA,NA,0,https://www.airbnb.com/rooms/608877029630038530
608883254672780300,$44.00,NA,1,1,1,1,NA,0,https://www.airbnb.com/rooms/608883254672780320
608883511707431e3,NA,NA,2,NA,2,NA,4.92,38,https://www.airbnb.com/rooms/608883511707431102
609165336419094300,$75.00,NA,3,1,1,2,4.45,11,https://www.airbnb.com/rooms/609165336419094270
609219525346430800,$133.00,NA,3,1,1,2,NA,0,https://www.airbnb.com/rooms/609219525346430851
609238880596761e3,$250.00,Neighborhood highlights,4,1,2,2,NA,0,https://www.airbnb.com/rooms/609238880596760919
609278205075943400,$100.00,NA,1,1,1,1,NA,0,https://www.airbnb.com/rooms/609278205075943432
609374779504415200,$50.00,NA,1,1,1,1,5,1,https://www.airbnb.com/rooms/609374779504415266
609425709203864400,$505.00,Neighborhood highlights,6,1,2,2,4.9,10,https://www.airbnb.com/rooms/609425709203864417
609464599710757400,NA,Neighborhood highlights,1,NA,NA,NA,4.94,53,https://www.airbnb.com/rooms/609464599710757396
609485334617648100,$87.00,NA,1,1,1,1,4.89,37,https://www.airbnb.com/rooms/609485334617648116
609500363267740300,$300.00,Neighborhood highlights,2,1,1,1,5,3,https://www.airbnb.com/rooms/609500363267740230
609547626613687800,NA,NA,2,NA,1,NA,4.83,35,https://www.airbnb.com/rooms/609547626613687846
609956068365812700,$179.00,NA,4,1,1,2,4.93,15,https://www.airbnb.com/rooms/609956068365812790
610038530448408700,NA,NA,1,NA,1,NA,NA,0,https://www.airbnb.com/rooms/610038530448408701
610212395047524200,$307.00,Neighborhood highlights,6,1,3,5,NA,0,https://www.airbnb.com/rooms/610212395047524279
610313074951797400,$135.00,NA,2,1,1,1,4.92,12,https://www.airbnb.com/rooms/610313074951797337
610397447841855100,$59.00,NA,1,1,1,1,4.73,86,https://www.airbnb.com/rooms/610397447841855110
610414224153337900,$55.00,NA,1,1,1,1,4.83,82,https://www.airbnb.com/rooms/610414224153337918
610418835243217800,$59.00,NA,1,1,1,1,4.8,101,https://www.airbnb.com/rooms/610418835243217843
610424024716164900,$49.00,NA,1,1,1,1,4.74,99,https://www.airbnb.com/rooms/610424024716164801
610745546680973200,$325.00,Neighborhood highlights,2,1,1,1,5,80,https://www.airbnb.com/rooms/610745546680973191
610851098819332e3,NA,Neighborhood highlights,3,NA,1,NA,4.67,3,https://www.airbnb.com/rooms/610851098819332002
610863338159377900,$600.00,Neighborhood highlights,4,2,2,0,5,2,https://www.airbnb.com/rooms/610863338159377977
610891800789188600,$104.00,Neighborhood highlights,2,1,1,1,4.89,57,https://www.airbnb.com/rooms/610891800789188590
610971500647041900,$344.00,Neighborhood highlights,6,1,2,4,4.56,36,https://www.airbnb.com/rooms/610971500647041917
610995636848918400,$143.00,Neighborhood highlights,5,1,2,2,4.83,6,https://www.airbnb.com/rooms/610995636848918433
611089534312850700,$101.00,Neighborhood highlights,2,1,1,1,4.97,115,https://www.airbnb.com/rooms/611089534312850631
611108851793385900,NA,NA,1,NA,1,NA,NA,0,https://www.airbnb.com/rooms/611108851793385835
611117321249794200,NA,NA,1,NA,1,NA,NA,0,https://www.airbnb.com/rooms/611117321249794139
611375240063524e3,NA,NA,1,NA,1,NA,NA,0,https://www.airbnb.com/rooms/611375240063523967
611382914426442100,NA,NA,1,NA,1,NA,NA,0,https://www.airbnb.com/rooms/611382914426442073
611391968391044700,$39.00,NA,1,2,1,1,NA,0,https://www.airbnb.com/rooms/611391968391044777
611470894386068e3,$436.00,Neighborhood highlights,6,2,3,4,4.93,69,https://www.airbnb.com/rooms/611470894386067928
611489940966512500,NA,NA,1,NA,1,NA,NA,0,https://www.airbnb.com/rooms/611489940966512511
611736171410366100,$163.00,Neighborhood highlights,2,1.5,1,1,4.71,7,https://www.airbnb.com/rooms/611736171410366121
61178325671491e4,$80.00,NA,2,1,1,1,5,12,https://www.airbnb.com/rooms/611783256714909948
611854481085487200,$101.00,Neighborhood highlights,2,1,1,2,5,2,https://www.airbnb.com/rooms/611854481085487220
611859893450940300,NA,NA,1,NA,1,NA,NA,0,https://www.airbnb.com/rooms/611859893450940350
612104679091450600,NA,Neighborhood highlights,5,NA,2,NA,4.38,26,https://www.airbnb.com/rooms/612104679091450603
612132833235907800,NA,Neighborhood highlights,3,NA,NA,NA,4.98,63,https://www.airbnb.com/rooms/612132833235907823
612146795311921800,$160.00,NA,2,1,1,1,5,6,https://www.airbnb.com/rooms/612146795311921850
612178257211694100,$79.00,Neighborhood highlights,4,2,1,1,4.7,50,https://www.airbnb.com/rooms/612178257211694119
6.1222820328477606e+17,$150.00,NA,2,1,1,2,4.86,56,https://www.airbnb.com/rooms/612228203284776025
612235967341730400,$148.00,Neighborhood highlights,7,1,3,4,4.75,57,https://www.airbnb.com/rooms/612235967341730418
612288987277395800,NA,NA,5,NA,2,NA,5,2,https://www.airbnb.com/rooms/612288987277395824
612338884237506e3,NA,Neighborhood highlights,4,NA,NA,NA,NA,0,https://www.airbnb.com/rooms/612338884237506055
612409930265187700,$198.00,Neighborhood highlights,6,2,3,3,4.8,56,https://www.airbnb.com/rooms/612409930265187755
612786367099269400,NA,NA,1,NA,NA,NA,5,1,https://www.airbnb.com/rooms/612786367099269346
612794244899116300,NA,NA,1,NA,NA,NA,4.5,4,https://www.airbnb.com/rooms/612794244899116347
612872711453169500,$120.00,Neighborhood highlights,1,1,1,1,3.25,4,https://www.airbnb.com/rooms/612872711453169565
612888390919914900,$209.00,Neighborhood highlights,2,2,1,4,4.91,79,https://www.airbnb.com/rooms/612888390919914838
612894779190867300,$130.00,Neighborhood highlights,2,1,1,2,5,11,https://www.airbnb.com/rooms/612894779190867344
612944215647305100,$66.00,Neighborhood highlights,2,1,1,1,4.79,24,https://www.airbnb.com/rooms/612944215647305074
612945509331555800,NA,Neighborhood highlights,2,NA,1,NA,NA,0,https://www.airbnb.com/rooms/612945509331555870
612991065549809800,$132.00,NA,2,1,1,1,5,6,https://www.airbnb.com/rooms/612991065549809752
613045587854720400,$250.00,NA,2,1,1,1,1,2,https://www.airbnb.com/rooms/613045587854720391
613098581353641300,$100.00,Neighborhood highlights,3,1,1,1,4.87,54,https://www.airbnb.com/rooms/613098581353641369
613107065263042400,NA,Neighborhood highlights,2,NA,1,NA,4.8,5,https://www.airbnb.com/rooms/613107065263042477
613120742777811200,NA,NA,4,NA,1,NA,NA,0,https://www.airbnb.com/rooms/613120742777811183
613169372456144100,$64.00,NA,1,1,1,1,4.42,12,https://www.airbnb.com/rooms/613169372456144088
613199633140677100,$350.00,Neighborhood highlights,2,1,1,1,5,12,https://www.airbnb.com/rooms/613199633140677112
613217295481896700,NA,NA,2,NA,2,NA,5,2,https://www.airbnb.com/rooms/613217295481896760
6.1323011302040806e+17,$249.00,NA,4,1,2,2,4.94,34,https://www.airbnb.com/rooms/613230113020408121
613236049546020100,NA,Neighborhood highlights,1,NA,1,NA,5,1,https://www.airbnb.com/rooms/613236049546020114
613266153587015600,$189.00,NA,2,1,1,1,4.92,26,https://www.airbnb.com/rooms/613266153587015491
613295222944590200,$113.00,NA,4,1,1,4,4.52,33,https://www.airbnb.com/rooms/613295222944590211
613429806262281700,$328.00,NA,7,1,2,3,4.95,43,https://www.airbnb.com/rooms/613429806262281723
613581623546160800,$50.00,NA,1,1,1,1,NA,0,https://www.airbnb.com/rooms/613581623546160760
613606685400763800,$190.00,NA,4,1,3,4,5,16,https://www.airbnb.com/rooms/613606685400763792
613625022147622e3,$170.00,NA,11,2.5,3,3,4.14,7,https://www.airbnb.com/rooms/613625022147622040
613658945946121900,$180.00,NA,6,2,3,3,4.46,13,https://www.airbnb.com/rooms/613658945946121900
613712485674535e3,NA,NA,2,NA,1,NA,4.67,9,https://www.airbnb.com/rooms/613712485674535041
613747202944317300,$305.00,Neighborhood highlights,2,1,0,1,4.4,30,https://www.airbnb.com/rooms/613747202944317309
613798700673277700,$218.00,NA,2,1,1,1,5,3,https://www.airbnb.com/rooms/613798700673277733
613807325009015200,$189.00,NA,3,1,2,2,4.75,4,https://www.airbnb.com/rooms/613807325009015175
613808562601796e3,$150.00,Neighborhood highlights,3,1,1,2,4.83,6,https://www.airbnb.com/rooms/613808562601795981
613809022021280600,NA,NA,4,NA,1,NA,4.65,26,https://www.airbnb.com/rooms/613809022021280612
613840699365840600,$103.00,NA,1,1,3,3,4.94,16,https://www.airbnb.com/rooms/613840699365840579
613842278291796100,$213.00,Neighborhood highlights,4,1,1,2,4.94,98,https://www.airbnb.com/rooms/613842278291796082
613948541551662800,$250.00,NA,10,2.5,3,3,4.91,11,https://www.airbnb.com/rooms/613948541551662793
613979821327826200,$23.00,NA,1,2,1,1,NA,0,https://www.airbnb.com/rooms/613979821327826237
614321790165772400,$175.00,Neighborhood highlights,3,1,0,1,5,2,https://www.airbnb.com/rooms/614321790165772374
614412564467355600,$170.00,NA,2,1,1,1,5,3,https://www.airbnb.com/rooms/614412564467355649
614422614245857e3,NA,NA,4,NA,1,NA,4.76,66,https://www.airbnb.com/rooms/614422614245856965
614440509928289300,$93.00,Neighborhood highlights,3,1,1,1,4.75,8,https://www.airbnb.com/rooms/614440509928289280
614463806792697300,NA,Neighborhood highlights,2,NA,1,NA,4.91,44,https://www.airbnb.com/rooms/614463806792697297
614471078556109800,$103.00,NA,2,1,1,1,NA,0,https://www.airbnb.com/rooms/614471078556109773
614481973721072600,NA,Neighborhood highlights,2,NA,1,NA,4.92,24,https://www.airbnb.com/rooms/614481973721072614
614509099548801400,$233.00,Neighborhood highlights,2,1,2,3,4.91,32,https://www.airbnb.com/rooms/614509099548801376
614693159756870900,NA,Neighborhood highlights,5,NA,3,NA,4.74,46,https://www.airbnb.com/rooms/614693159756870969
614805306151398100,NA,NA,1,NA,1,NA,NA,0,https://www.airbnb.com/rooms/614805306151398180
615031553709442800,$97.00,Neighborhood highlights,1,1,1,1,5,3,https://www.airbnb.com/rooms/615031553709442871
615043660276866300,NA,NA,2,NA,1,NA,5,1,https://www.airbnb.com/rooms/615043660276866260
615118262419946800,$90.00,NA,2,1,1,1,4.92,62,https://www.airbnb.com/rooms/615118262419946816
61512394544182e4,$120.00,Neighborhood highlights,1,1,1,1,3,1,https://www.airbnb.com/rooms/615123945441819970
615126076185455200,$400.00,NA,2,1,1,1,4.87,15,https://www.airbnb.com/rooms/615126076185455171
6.1514710393772006e+17,$100.00,Neighborhood highlights,4,1,1,3,4.73,67,https://www.airbnb.com/rooms/615147103937720079
615180685247297200,$37.00,NA,1,2,1,1,5,1,https://www.airbnb.com/rooms/615180685247297195
615395641198034e3,$150.00,Neighborhood highlights,2,1,1,1,5,10,https://www.airbnb.com/rooms/615395641198034052
615401329818769700,NA,NA,1,NA,1,NA,NA,0,https://www.airbnb.com/rooms/615401329818769718
615409646743320700,$139.00,Neighborhood highlights,1,1,1,1,4.94,16,https://www.airbnb.com/rooms/615409646743320726
615413849122417500,NA,NA,1,NA,1,NA,NA,0,https://www.airbnb.com/rooms/615413849122417575
615432684761025200,$82.00,Neighborhood highlights,2,1,1,1,4.95,20,https://www.airbnb.com/rooms/615432684761025204
615629653666909700,NA,Neighborhood highlights,5,NA,2,NA,4.93,46,https://www.airbnb.com/rooms/615629653666909751
615727733158148600,$509.00,Neighborhood highlights,4,2,2,2,NA,0,https://www.airbnb.com/rooms/615727733158148585
615821520431158500,$250.00,NA,4,1,2,1,5,3,https://www.airbnb.com/rooms/615821520431158475
615846408980719600,$200.00,Neighborhood highlights,3,1.5,2,2,4.89,9,https://www.airbnb.com/rooms/615846408980719554
615904441638758400,$68.00,Neighborhood highlights,2,1,1,1,4.45,11,https://www.airbnb.com/rooms/615904441638758447
616011591675728400,$193.00,Neighborhood highlights,6,1,3,4,4.73,122,https://www.airbnb.com/rooms/616011591675728415
616045163495228500,$119.00,Neighborhood highlights,2,1,1,1,4.93,61,https://www.airbnb.com/rooms/616045163495228503
616106207872645600,"$1,062.00",Neighborhood highlights,9,3,4,5,5,6,https://www.airbnb.com/rooms/616106207872645681
616588223686232600,$64.00,Neighborhood highlights,1,1,2,2,2,1,https://www.airbnb.com/rooms/616588223686232585
616867664648376200,$129.00,NA,4,1,1,2,4.85,47,https://www.airbnb.com/rooms/616867664648376188
617276903379514e3,$133.00,Neighborhood highlights,3,1,1,3,4.97,35,https://www.airbnb.com/rooms/617276903379514004
6.1734806688496794e+17,$249.00,NA,4,1,2,2,4.58,12,https://www.airbnb.com/rooms/617348066884967902
617440782709168400,$140.00,NA,4,1,0,2,4.5,4,https://www.airbnb.com/rooms/617440782709168418
617478786022109200,$90.00,Neighborhood highlights,5,1,2,3,4.73,30,https://www.airbnb.com/rooms/617478786022109124
617499038697675500,$131.00,Neighborhood highlights,2,1,1,1,4.94,157,https://www.airbnb.com/rooms/617499038697675576
617551684769193700,NA,Neighborhood highlights,4,NA,2,NA,5,1,https://www.airbnb.com/rooms/617551684769193703
617780094173216900,$93.00,Neighborhood highlights,6,1,3,3,4.83,36,https://www.airbnb.com/rooms/617780094173216846
617871935670392800,NA,NA,5,NA,2,NA,4.75,8,https://www.airbnb.com/rooms/617871935670392856
617902706904621e3,$130.00,Neighborhood highlights,3,1,1,2,5,1,https://www.airbnb.com/rooms/617902706904621033
617996666218494800,$138.00,Neighborhood highlights,2,1,1,1,4.98,84,https://www.airbnb.com/rooms/617996666218494904
618003645645289900,$125.00,Neighborhood highlights,2,1,0,1,4.93,30,https://www.airbnb.com/rooms/618003645645289874
618023128301471100,$700.00,Neighborhood highlights,10,2.5,4,6,4.83,48,https://www.airbnb.com/rooms/618023128301471110
618029927103390500,$48.00,Neighborhood highlights,1,1,1,1,4.9,20,https://www.airbnb.com/rooms/618029927103390496
618103359828240800,$205.00,NA,3,1,1,1,NA,0,https://www.airbnb.com/rooms/618103359828240779
618136830609238300,$346.00,NA,6,2,3,4,5,2,https://www.airbnb.com/rooms/618136830609238321
618137879433124900,$150.00,Neighborhood highlights,4,2,2,2,4.75,8,https://www.airbnb.com/rooms/618137879433124876
618155488881850500,$78.00,NA,2,1,1,1,4.78,81,https://www.airbnb.com/rooms/618155488881850494
6.1818491513976794e+17,$265.00,Neighborhood highlights,2,1,1,1,4.97,35,https://www.airbnb.com/rooms/618184915139767958
618282597619443500,$175.00,Neighborhood highlights,4,1,1,2,4.85,47,https://www.airbnb.com/rooms/618282597619443456
618390733290143700,$83.00,NA,2,1,1,1,3.75,4,https://www.airbnb.com/rooms/618390733290143782
618451653506979200,$70.00,NA,2,1,0,1,4.67,3,https://www.airbnb.com/rooms/618451653506979162
618599774783838600,$162.00,NA,2,1,1,1,4.71,7,https://www.airbnb.com/rooms/618599774783838639
618649798688415200,$238.00,NA,2,1,1,1,4.93,15,https://www.airbnb.com/rooms/618649798688415199
618694402413486100,$125.00,Neighborhood highlights,3,1,2,2,NA,0,https://www.airbnb.com/rooms/618694402413486023
618708161953854100,$211.00,NA,4,1,3,3,5,11,https://www.airbnb.com/rooms/618708161953854098
618720470051631e3,$140.00,Neighborhood highlights,1,1,1,1,NA,0,https://www.airbnb.com/rooms/618720470051630981
618731819301540600,$300.00,Neighborhood highlights,4,2,2,3,5,1,https://www.airbnb.com/rooms/618731819301540593
618792015114033900,$238.00,Neighborhood highlights,2,1,2,3,4.88,64,https://www.airbnb.com/rooms/618792015114033966
618832316866966100,$400.00,NA,4,2,3,3,NA,0,https://www.airbnb.com/rooms/618832316866966127
618842603796198800,$199.00,NA,2,1,1,1,4.96,48,https://www.airbnb.com/rooms/618842603796198772
618914766461895e3,$100.00,Neighborhood highlights,1,1,1,1,NA,0,https://www.airbnb.com/rooms/618914766461895015
618920986406124900,$100.00,Neighborhood highlights,1,1,1,1,NA,0,https://www.airbnb.com/rooms/618920986406124869
618927610124184300,$80.00,Neighborhood highlights,1,1,1,1,NA,0,https://www.airbnb.com/rooms/618927610124184285
618973131846384e3,$94.00,Neighborhood highlights,1,1,1,1,4.71,83,https://www.airbnb.com/rooms/618973131846384024
618994191723179900,$157.00,Neighborhood highlights,2,1,2,2,4.9,124,https://www.airbnb.com/rooms/618994191723179959
619263844054027300,$140.00,NA,4,1,2,3,5,3,https://www.airbnb.com/rooms/619263844054027323
619266532102143500,$286.00,Neighborhood highlights,2,1,1,1,NA,0,https://www.airbnb.com/rooms/619266532102143496
619354374288622500,$300.00,Neighborhood highlights,6,1.5,3,4,4.6,10,https://www.airbnb.com/rooms/619354374288622502
619381766727404200,$216.00,Neighborhood highlights,2,1,1,2,5,6,https://www.airbnb.com/rooms/619381766727404134
619471347276644700,$50.00,NA,1,2,1,1,4.89,28,https://www.airbnb.com/rooms/619471347276644775
619493228177621200,$491.00,Neighborhood highlights,4,2,2,2,4.4,5,https://www.airbnb.com/rooms/619493228177621291
619496242599733100,$175.00,Neighborhood highlights,2,1,1,1,4.85,27,https://www.airbnb.com/rooms/619496242599733097
619504021677189800,$350.00,Neighborhood highlights,3,1,1,1,NA,0,https://www.airbnb.com/rooms/619504021677189809
619523165838380900,$159.00,Neighborhood highlights,2,1,1,2,4.91,185,https://www.airbnb.com/rooms/619523165838380933
619523534073453300,$599.00,NA,6,2,2,3,5,3,https://www.airbnb.com/rooms/619523534073453300
619529255377778200,$75.00,NA,2,1,0,2,4.85,53,https://www.airbnb.com/rooms/619529255377778179
619598201001500400,$249.00,NA,5,1,2,3,4.71,24,https://www.airbnb.com/rooms/619598201001500398
619670698282022400,NA,Neighborhood highlights,5,NA,4,NA,5,3,https://www.airbnb.com/rooms/619670698282022453
619762115206375700,$172.00,Neighborhood highlights,2,1,1,2,4.82,56,https://www.airbnb.com/rooms/619762115206375738
619968653451288600,$293.00,Neighborhood highlights,2,1,1,1,NA,0,https://www.airbnb.com/rooms/619968653451288600
620091110736498700,$182.00,Neighborhood highlights,4,1,2,3,5,1,https://www.airbnb.com/rooms/620091110736498694
620127898324451500,$69.00,NA,1,1,1,1,NA,0,https://www.airbnb.com/rooms/620127898324451424
620193811140349700,NA,NA,2,NA,2,NA,5,1,https://www.airbnb.com/rooms/620193811140349661
620228228819642800,$700.00,NA,4,2,2,2,5,4,https://www.airbnb.com/rooms/620228228819642772
620271930498260200,$98.00,NA,2,1,1,1,4.98,83,https://www.airbnb.com/rooms/620271930498260272
620304354584557700,NA,Neighborhood highlights,2,NA,NA,NA,4.9,39,https://www.airbnb.com/rooms/620304354584557749
620313680319580500,NA,Neighborhood highlights,1,NA,1,NA,5,1,https://www.airbnb.com/rooms/620313680319580555
620338635103290600,NA,Neighborhood highlights,4,NA,1,NA,5,2,https://www.airbnb.com/rooms/620338635103290664
620385164597679200,$143.00,Neighborhood highlights,2,1,1,1,4.81,69,https://www.airbnb.com/rooms/620385164597679213
620428760444478300,$238.00,NA,2,1,1,1,NA,0,https://www.airbnb.com/rooms/620428760444478344
620499908179792300,NA,Neighborhood highlights,2,NA,1,NA,4.67,27,https://www.airbnb.com/rooms/620499908179792270
620569593739163100,$177.00,Neighborhood highlights,1,1,1,1,5,36,https://www.airbnb.com/rooms/620569593739163094
620578868328318600,"$2,434.00",NA,6,2.5,2,3,4.92,12,https://www.airbnb.com/rooms/620578868328318638
620856346042035300,$275.00,Neighborhood highlights,2,1,1,1,4.86,14,https://www.airbnb.com/rooms/620856346042035386
620919324221630500,$170.00,NA,2,1,1,1,4.81,16,https://www.airbnb.com/rooms/620919324221630458
621000144783155100,$225.00,Neighborhood highlights,4,2,3,4,4.7,37,https://www.airbnb.com/rooms/621000144783155024
621136137682975400,$320.00,Neighborhood highlights,5,1,3,3,NA,0,https://www.airbnb.com/rooms/621136137682975310
621161205437914900,$330.00,Neighborhood highlights,5,1,3,3,5,1,https://www.airbnb.com/rooms/621161205437914837
621196224002920600,$41.00,NA,2,1.5,1,1,5,3,https://www.airbnb.com/rooms/621196224002920613
621199904073271200,$40.00,NA,2,1.5,1,1,5,5,https://www.airbnb.com/rooms/621199904073271115
621228646987167100,$43.00,NA,2,1.5,1,1,4.75,4,https://www.airbnb.com/rooms/621228646987167138
621258024252525200,$164.00,NA,4,1,2,2,5,1,https://www.airbnb.com/rooms/621258024252525240
621267743726156200,$99.00,NA,2,1,1,1,4.18,17,https://www.airbnb.com/rooms/621267743726156138
621581270186251400,$220.00,Neighborhood highlights,5,2.5,3,3,5,3,https://www.airbnb.com/rooms/621581270186251413
621617855395281900,$857.00,Neighborhood highlights,12,2.5,6,7,4.92,38,https://www.airbnb.com/rooms/621617855395281977
621619861209277800,NA,NA,1,NA,NA,NA,5,1,https://www.airbnb.com/rooms/621619861209277854
621692324553291900,NA,Neighborhood highlights,5,NA,2,NA,4,1,https://www.airbnb.com/rooms/621692324553291873
621763568649914500,$156.00,NA,3,1,0,1,4.74,126,https://www.airbnb.com/rooms/621763568649914469
621880905850087800,$170.00,NA,6,2,2,4,4.67,6,https://www.airbnb.com/rooms/621880905850087827
621890434851995600,NA,Neighborhood highlights,6,NA,3,NA,NA,0,https://www.airbnb.com/rooms/621890434851995627
621933627162910700,NA,NA,1,NA,1,NA,NA,0,https://www.airbnb.com/rooms/621933627162910699
621943200878315900,NA,NA,1,NA,1,NA,NA,0,https://www.airbnb.com/rooms/621943200878315937
621952284492189400,NA,Neighborhood highlights,2,NA,1,NA,5,2,https://www.airbnb.com/rooms/621952284492189498
621980119520092900,NA,NA,1,NA,1,NA,NA,0,https://www.airbnb.com/rooms/621980119520092893
621993494573410600,NA,NA,1,NA,1,NA,NA,0,https://www.airbnb.com/rooms/621993494573410612
622282373326580700,$155.00,Neighborhood highlights,2,1,0,1,4.5,2,https://www.airbnb.com/rooms/622282373326580697
622289283359247400,$170.00,Neighborhood highlights,3,1,0,1,5,4,https://www.airbnb.com/rooms/622289283359247413
622350469075907200,$95.00,NA,6,1.5,3,3,4.77,73,https://www.airbnb.com/rooms/622350469075907189
622355656173465600,NA,Neighborhood highlights,16,NA,4,NA,NA,0,https://www.airbnb.com/rooms/622355656173465587
622356158026719600,NA,Neighborhood highlights,12,NA,3,NA,NA,0,https://www.airbnb.com/rooms/622356158026719645
622356173587527200,NA,Neighborhood highlights,12,NA,3,NA,4,3,https://www.airbnb.com/rooms/622356173587527197
622356627526404600,NA,Neighborhood highlights,8,NA,2,NA,4,1,https://www.airbnb.com/rooms/622356627526404589
622356657977248600,NA,Neighborhood highlights,8,NA,2,NA,3.33,3,https://www.airbnb.com/rooms/622356657977248684
622358136376969500,NA,Neighborhood highlights,4,NA,1,NA,4,2,https://www.airbnb.com/rooms/622358136376969464
622383818484517900,NA,Neighborhood highlights,4,NA,1,NA,5,3,https://www.airbnb.com/rooms/622383818484517905
622391207958176800,$39.00,NA,2,1.5,1,1,4.71,7,https://www.airbnb.com/rooms/622391207958176781
622399228574126300,$42.00,NA,2,1.5,1,1,4.5,4,https://www.airbnb.com/rooms/622399228574126361
622602193403700700,$220.00,Neighborhood highlights,2,1,1,1,4.88,8,https://www.airbnb.com/rooms/622602193403700800
622622320675898500,$100.00,Neighborhood highlights,2,1,1,1,4.97,74,https://www.airbnb.com/rooms/622622320675898463
622642286236302200,$56.00,NA,2,1,1,1,4.94,51,https://www.airbnb.com/rooms/622642286236302171
622647238390881200,$995.00,Neighborhood highlights,5,2,2,2,5,46,https://www.airbnb.com/rooms/622647238390881096
622654112769456600,$38.00,NA,2,1.5,1,1,3.33,6,https://www.airbnb.com/rooms/622654112769456670
622662335084368600,$38.00,NA,2,1.5,1,1,5,4,https://www.airbnb.com/rooms/622662335084368629
622682336643221100,$40.00,NA,2,1.5,1,1,3.67,3,https://www.airbnb.com/rooms/622682336643221151
622687594514022700,$38.00,NA,2,1.5,1,1,4.63,8,https://www.airbnb.com/rooms/622687594514022681
622816204041595100,NA,Neighborhood highlights,1,NA,NA,NA,4.64,28,https://www.airbnb.com/rooms/622816204041595172
622852689794634e3,$469.00,Neighborhood highlights,4,1,2,2,5,1,https://www.airbnb.com/rooms/622852689794634047
622852964134031900,$380.00,Neighborhood highlights,4,1.5,2,2,NA,0,https://www.airbnb.com/rooms/622852964134031818
622853236242589e3,NA,Neighborhood highlights,2,NA,1,NA,NA,0,https://www.airbnb.com/rooms/622853236242589115
622853578857500300,$318.00,Neighborhood highlights,2,1,1,1,NA,0,https://www.airbnb.com/rooms/622853578857500280
622853930405575800,$224.00,Neighborhood highlights,2,1,1,1,NA,0,https://www.airbnb.com/rooms/622853930405575823
622928213265542900,$145.00,NA,3,1,1,1,NA,0,https://www.airbnb.com/rooms/622928213265542885
622964050408357800,$200.00,NA,4,1,2,2,NA,0,https://www.airbnb.com/rooms/622964050408357805
623052451160158800,NA,Neighborhood highlights,3,NA,1,NA,5,1,https://www.airbnb.com/rooms/623052451160158796
623082106605347800,$84.00,Neighborhood highlights,2,1,1,1,4.75,89,https://www.airbnb.com/rooms/623082106605347836
623087251740124e3,$113.00,NA,2,1,1,1,4.53,64,https://www.airbnb.com/rooms/623087251740124065
623093314568047200,NA,Neighborhood highlights,4,NA,1,NA,4.82,87,https://www.airbnb.com/rooms/623093314568047287
623185525340790800,$500.00,NA,6,3,3,4,5,2,https://www.airbnb.com/rooms/623185525340790807
623222466272185700,$150.00,NA,2,1,1,1,4.47,15,https://www.airbnb.com/rooms/623222466272185741
623311353812146e3,$107.00,NA,2,1,1,2,4.85,26,https://www.airbnb.com/rooms/623311353812146045
623312636097789800,NA,Neighborhood highlights,2,NA,NA,NA,5,2,https://www.airbnb.com/rooms/623312636097789885
623316905566055700,$244.00,Neighborhood highlights,4,1,2,3,4.84,37,https://www.airbnb.com/rooms/623316905566055675
623416908414012400,NA,Neighborhood highlights,3,NA,2,NA,5,3,https://www.airbnb.com/rooms/623416908414012434
623514517668546200,$324.00,Neighborhood highlights,2,1,1,1,5,1,https://www.airbnb.com/rooms/623514517668546155
623617517141073200,$102.00,NA,2,1,1,1,5,2,https://www.airbnb.com/rooms/623617517141073104
623657977519782100,$185.00,Neighborhood highlights,2,1,1,1,4.86,72,https://www.airbnb.com/rooms/623657977519782139
623725303372467700,$47.00,NA,1,2,1,1,NA,0,https://www.airbnb.com/rooms/623725303372467759
623763533917886200,$47.00,Neighborhood highlights,1,1,1,1,5,7,https://www.airbnb.com/rooms/623763533917886225
623812432062401900,$115.00,NA,3,1,1,1,NA,0,https://www.airbnb.com/rooms/623812432062401934
623828374234662700,NA,NA,4,NA,2,NA,4,3,https://www.airbnb.com/rooms/623828374234662704
623869990777003400,$220.00,Neighborhood highlights,5,1,2,2,5,1,https://www.airbnb.com/rooms/623869990777003378
623882710917814300,$250.00,NA,2,1,1,1,NA,0,https://www.airbnb.com/rooms/623882710917814272
623911914751029100,$215.00,Neighborhood highlights,4,2,2,3,4.89,27,https://www.airbnb.com/rooms/623911914751029129
623922493793824e3,$195.00,Neighborhood highlights,2,2,1,5,4.93,40,https://www.airbnb.com/rooms/623922493793823954
623930544541593300,$80.00,NA,2,1,1,1,4.88,57,https://www.airbnb.com/rooms/623930544541593281
623939702676372e3,$89.00,NA,4,1,0,1,4.95,44,https://www.airbnb.com/rooms/623939702676372002
624059578503166300,NA,Neighborhood highlights,4,NA,2,NA,5,21,https://www.airbnb.com/rooms/624059578503166374
624070672075316e3,NA,NA,2,NA,1,NA,4.9,10,https://www.airbnb.com/rooms/624070672075315987
624197678735957100,$70.00,Neighborhood highlights,2,1,1,1,4.93,43,https://www.airbnb.com/rooms/624197678735957167
624399238774557700,$100.00,NA,2,1,1,1,4.81,16,https://www.airbnb.com/rooms/624399238774557651
624463882538871300,$235.00,NA,2,1,1,1,5,4,https://www.airbnb.com/rooms/624463882538871329
624543869555689700,NA,NA,1,NA,NA,NA,4.57,7,https://www.airbnb.com/rooms/624543869555689716
624543917590041100,NA,NA,2,NA,NA,NA,4.56,9,https://www.airbnb.com/rooms/624543917590041116
624545561138819e3,$411.00,Neighborhood highlights,6,1,2,2,4.74,138,https://www.airbnb.com/rooms/624545561138818983
624564459912553600,$130.00,Neighborhood highlights,2,1,1,2,4.94,118,https://www.airbnb.com/rooms/624564459912553577
624585985635107600,$311.00,Neighborhood highlights,6,1,2,2,4.65,130,https://www.airbnb.com/rooms/624585985635107552
624608255734306700,NA,Neighborhood highlights,2,NA,1,NA,NA,0,https://www.airbnb.com/rooms/624608255734306751
624632015335254700,$368.00,Neighborhood highlights,6,1,2,2,4.69,134,https://www.airbnb.com/rooms/624632015335254608
624652602355765e3,$226.00,Neighborhood highlights,3,1,1,1,4.88,135,https://www.airbnb.com/rooms/624652602355764943
624656778421996200,$42.00,Neighborhood highlights,1,1,1,1,5,1,https://www.airbnb.com/rooms/624656778421996162
624662381318884100,$229.00,Neighborhood highlights,3,1,1,1,4.84,150,https://www.airbnb.com/rooms/624662381318884072
624668883011039200,$243.00,Neighborhood highlights,3,1,1,1,4.75,130,https://www.airbnb.com/rooms/624668883011039248
624678118491722800,$221.00,Neighborhood highlights,4,1,1,2,4.82,146,https://www.airbnb.com/rooms/624678118491722763
624687753142583700,$200.00,Neighborhood highlights,4,1,0,2,4.76,127,https://www.airbnb.com/rooms/624687753142583669
624694699394680600,$190.00,Neighborhood highlights,3,1,1,1,4.72,137,https://www.airbnb.com/rooms/624694699394680598
624695997934785500,$180.00,Neighborhood highlights,2,1,1,1,4.98,40,https://www.airbnb.com/rooms/624695997934785475
624739608555526300,NA,Neighborhood highlights,1,NA,NA,NA,NA,0,https://www.airbnb.com/rooms/624739608555526246
624804271494857200,$93.00,NA,2,1,1,1,5,1,https://www.airbnb.com/rooms/624804271494857253
624817034465207300,NA,Neighborhood highlights,4,NA,2,NA,5,1,https://www.airbnb.com/rooms/624817034465207352
625049848930384300,$161.00,NA,2,1,1,1,5,7,https://www.airbnb.com/rooms/625049848930384229
625101948280782600,$166.00,NA,4,1,2,2,NA,0,https://www.airbnb.com/rooms/625101948280782536
625130804427996300,$190.00,NA,4,1,2,2,4.89,35,https://www.airbnb.com/rooms/625130804427996264
625137784525256400,$92.00,NA,2,1,1,1,4.86,22,https://www.airbnb.com/rooms/625137784525256492
625153363281072400,$85.00,NA,4,1,1,2,2.88,8,https://www.airbnb.com/rooms/625153363281072354
625206952539862800,$45.00,NA,1,1,1,1,4.67,3,https://www.airbnb.com/rooms/625206952539862808
625327900692074900,"$1,157.00",NA,6,2,3,2,4.86,86,https://www.airbnb.com/rooms/625327900692074881
625395041557539e3,$133.00,Neighborhood highlights,5,1,2,2,4.49,35,https://www.airbnb.com/rooms/625395041557538907
625396851096244100,NA,NA,1,NA,NA,NA,NA,0,https://www.airbnb.com/rooms/625396851096244118
625436382311410800,NA,NA,3,NA,1,NA,5,2,https://www.airbnb.com/rooms/625436382311410874
625470772596139900,$89.00,NA,2,1,1,1,4.74,86,https://www.airbnb.com/rooms/625470772596139920
625506869650504800,$305.00,NA,2,1,1,1,NA,0,https://www.airbnb.com/rooms/625506869650504874
625519191136597400,$99.00,NA,2,1,1,1,4.66,73,https://www.airbnb.com/rooms/625519191136597349
625559308859723600,$135.00,NA,3,1,1,1,5,8,https://www.airbnb.com/rooms/625559308859723672
625575155202250500,$150.00,NA,2,1,1,2,4.93,14,https://www.airbnb.com/rooms/625575155202250468
625607057280802400,$260.00,Neighborhood highlights,4,1.5,1,2,5,6,https://www.airbnb.com/rooms/625607057280802438
625792034614526800,$343.00,Neighborhood highlights,2,1,1,1,5,1,https://www.airbnb.com/rooms/625792034614526869
625794540207537e3,$308.00,Neighborhood highlights,2,1,1,1,2,1,https://www.airbnb.com/rooms/625794540207537013
625945264362250800,NA,NA,1,NA,1,NA,NA,0,https://www.airbnb.com/rooms/625945264362250739
625945286123857500,NA,NA,1,NA,1,NA,NA,0,https://www.airbnb.com/rooms/625945286123857493
625945305310477600,$45.00,NA,1,2,1,1,4,1,https://www.airbnb.com/rooms/625945305310477544
625945324171056900,NA,NA,1,NA,1,NA,NA,0,https://www.airbnb.com/rooms/625945324171056840
625949325513876e3,$203.00,NA,4,1,2,2,NA,0,https://www.airbnb.com/rooms/625949325513875956
626119555061496200,NA,NA,1,NA,NA,NA,NA,0,https://www.airbnb.com/rooms/626119555061496226
626177015848231400,$280.00,NA,2,1,0,1,NA,0,https://www.airbnb.com/rooms/626177015848231393
626201225015078700,$199.00,Neighborhood highlights,7,1,3,4,4.49,43,https://www.airbnb.com/rooms/626201225015078685
626247347691900200,NA,NA,2,NA,NA,NA,4.5,2,https://www.airbnb.com/rooms/626247347691900150
626327629962215200,$116.00,Neighborhood highlights,4,1,1,2,4.61,44,https://www.airbnb.com/rooms/626327629962215199
626368815819350700,$145.00,Neighborhood highlights,2,1,2,3,4.45,53,https://www.airbnb.com/rooms/626368815819350675
626673211098506900,$95.00,NA,5,1,2,3,5,6,https://www.airbnb.com/rooms/626673211098506935
626711320545523e3,NA,NA,2,NA,1,NA,5,5,https://www.airbnb.com/rooms/626711320545522978
6.2674228883098394e+17,$99.00,Neighborhood highlights,2,1,1,2,4.94,52,https://www.airbnb.com/rooms/626742288830983894
626767327976025900,$136.00,Neighborhood highlights,2,1,1,1,4.92,116,https://www.airbnb.com/rooms/626767327976025919
626938118995684e3,$152.00,Neighborhood highlights,2,2,1,2,4.83,6,https://www.airbnb.com/rooms/626938118995684022
626940120481689300,$126.00,Neighborhood highlights,3,1,2,3,NA,0,https://www.airbnb.com/rooms/626940120481689338
627028314789354900,$235.00,Neighborhood highlights,5,1,2,3,4.74,105,https://www.airbnb.com/rooms/627028314789354917
627075354277215400,$95.00,NA,1,1,1,1,NA,0,https://www.airbnb.com/rooms/627075354277215363
627209991370408200,$75.00,Neighborhood highlights,1,1,1,1,5,3,https://www.airbnb.com/rooms/627209991370408129
627371470100795600,$489.00,Neighborhood highlights,2,1,2,1,4,3,https://www.airbnb.com/rooms/627371470100795624
627380994474321200,$200.00,Neighborhood highlights,2,1,2,2,NA,0,https://www.airbnb.com/rooms/627380994474321106
627430327536180400,NA,Neighborhood highlights,4,NA,2,NA,5,1,https://www.airbnb.com/rooms/627430327536180331
627459179441867e3,NA,Neighborhood highlights,2,NA,1,NA,5,1,https://www.airbnb.com/rooms/627459179441867014
627466484798255900,$200.00,NA,3,1,1,1,5,5,https://www.airbnb.com/rooms/627466484798255862
627550044032943e3,NA,NA,2,NA,1,NA,5,4,https://www.airbnb.com/rooms/627550044032942914
627553930119405300,NA,NA,6,NA,2,NA,4.89,9,https://www.airbnb.com/rooms/627553930119405271
627626874539824500,$195.00,Neighborhood highlights,2,1,1,2,4.98,59,https://www.airbnb.com/rooms/627626874539824485
627630241535436200,NA,NA,4,NA,1,NA,4.6,5,https://www.airbnb.com/rooms/627630241535436146
627738730032506900,NA,NA,2,NA,NA,NA,4.84,50,https://www.airbnb.com/rooms/627738730032506851
627768301668465700,$70.00,Neighborhood highlights,4,1,3,3,NA,0,https://www.airbnb.com/rooms/627768301668465642
627882948798648700,$200.00,Neighborhood highlights,6,1,2,3,4.98,106,https://www.airbnb.com/rooms/627882948798648715
627897706345601e3,$91.00,NA,6,1,3,3,4.68,65,https://www.airbnb.com/rooms/627897706345600965
628138206727405800,$280.00,Neighborhood highlights,2,1,2,2,5,8,https://www.airbnb.com/rooms/628138206727405883
628375857871187e3,$90.00,NA,2,1,1,1,4.91,57,https://www.airbnb.com/rooms/628375857871186931
628382340509109200,NA,NA,2,NA,1,NA,5,3,https://www.airbnb.com/rooms/628382340509109222
628677894176612100,NA,Neighborhood highlights,4,NA,NA,NA,4.76,17,https://www.airbnb.com/rooms/628677894176612092
628769873559199100,$80.00,Neighborhood highlights,2,1,1,1,4.53,40,https://www.airbnb.com/rooms/628769873559199151
628804013078255500,NA,NA,1,NA,1,NA,NA,0,https://www.airbnb.com/rooms/628804013078255511
628943467087735600,NA,NA,1,NA,NA,NA,5,4,https://www.airbnb.com/rooms/628943467087735545
629036001404946600,$85.00,Neighborhood highlights,1,1,1,1,5,2,https://www.airbnb.com/rooms/629036001404946530
629040494057779300,$76.00,Neighborhood highlights,2,0,0,1,4.96,27,https://www.airbnb.com/rooms/629040494057779296
629099709887557100,$286.00,Neighborhood highlights,2,1,1,1,5,7,https://www.airbnb.com/rooms/629099709887557109
629156946000001500,NA,NA,2,NA,NA,NA,4.57,7,https://www.airbnb.com/rooms/629156946000001563
629186934930042e3,$42.00,Neighborhood highlights,2,1,1,1,NA,0,https://www.airbnb.com/rooms/629186934930041957
629196150330969500,$187.00,NA,4,1,2,2,4.72,29,https://www.airbnb.com/rooms/629196150330969487
629201476816704500,NA,NA,1,NA,1,NA,NA,0,https://www.airbnb.com/rooms/629201476816704492
629201523932170800,NA,NA,1,NA,1,NA,NA,0,https://www.airbnb.com/rooms/629201523932170811
629211160504994300,$43.00,Neighborhood highlights,2,1,1,1,NA,0,https://www.airbnb.com/rooms/629211160504994365
629214679279057500,$40.00,Neighborhood highlights,2,1,1,1,NA,0,https://www.airbnb.com/rooms/629214679279057533
629218021162074800,$40.00,Neighborhood highlights,2,1,1,1,5,1,https://www.airbnb.com/rooms/629218021162074757
629225308329225700,NA,NA,1,NA,1,NA,NA,0,https://www.airbnb.com/rooms/629225308329225732
629225329057476100,NA,NA,1,NA,1,NA,NA,0,https://www.airbnb.com/rooms/629225329057476101
629443977042344800,NA,Neighborhood highlights,2,NA,NA,NA,5,1,https://www.airbnb.com/rooms/629443977042344895
629447871269889700,NA,Neighborhood highlights,2,NA,NA,NA,4,2,https://www.airbnb.com/rooms/629447871269889618
629451890576674200,NA,Neighborhood highlights,2,NA,NA,NA,3.5,2,https://www.airbnb.com/rooms/629451890576674227
629455083096848100,$40.00,Neighborhood highlights,2,1,1,1,NA,0,https://www.airbnb.com/rooms/629455083096848189
629457877765846800,NA,Neighborhood highlights,2,NA,NA,NA,NA,0,https://www.airbnb.com/rooms/629457877765846841
629461307877955300,$40.00,Neighborhood highlights,2,1,1,1,NA,0,https://www.airbnb.com/rooms/629461307877955269
629464147569786600,NA,Neighborhood highlights,2,NA,NA,NA,4.4,5,https://www.airbnb.com/rooms/629464147569786562
629466757954163500,$42.00,Neighborhood highlights,2,1,1,1,NA,0,https://www.airbnb.com/rooms/629466757954163478
629469532960970100,$38.00,Neighborhood highlights,2,1,1,1,5,1,https://www.airbnb.com/rooms/629469532960970139
629472397958878600,NA,Neighborhood highlights,2,NA,NA,NA,4,2,https://www.airbnb.com/rooms/629472397958878588
629506345003800200,$42.00,Neighborhood highlights,2,1,1,1,NA,0,https://www.airbnb.com/rooms/629506345003800251
629511614357700900,$42.00,Neighborhood highlights,2,1,1,1,5,2,https://www.airbnb.com/rooms/629511614357700914
629514935604381700,$40.00,Neighborhood highlights,2,1,1,1,NA,0,https://www.airbnb.com/rooms/629514935604381742
629515771520130600,NA,Neighborhood highlights,2,NA,1,NA,NA,0,https://www.airbnb.com/rooms/629515771520130617
629518017935220700,$43.00,Neighborhood highlights,2,1,1,1,5,1,https://www.airbnb.com/rooms/629518017935220766
629521570554652500,NA,Neighborhood highlights,1,NA,NA,NA,3,1,https://www.airbnb.com/rooms/629521570554652574
629527356436598400,$39.00,Neighborhood highlights,2,1,1,1,NA,0,https://www.airbnb.com/rooms/629527356436598360
629530527468606100,$42.00,Neighborhood highlights,2,1,1,1,NA,0,https://www.airbnb.com/rooms/629530527468606023
629538724569464300,NA,NA,5,NA,2,NA,NA,0,https://www.airbnb.com/rooms/629538724569464300
629539851451635800,NA,Neighborhood highlights,2,NA,NA,NA,4.5,2,https://www.airbnb.com/rooms/629539851451635891
629545795325044500,$40.00,Neighborhood highlights,2,1,1,1,5,1,https://www.airbnb.com/rooms/629545795325044454
629553214644339600,$38.00,Neighborhood highlights,2,1,1,1,4.5,2,https://www.airbnb.com/rooms/629553214644339643
629563487898203500,$38.00,Neighborhood highlights,2,1,1,1,4,1,https://www.airbnb.com/rooms/629563487898203483
629566753478421600,$42.00,Neighborhood highlights,2,1,1,1,NA,0,https://www.airbnb.com/rooms/629566753478421585
629569426296705e3,$42.00,Neighborhood highlights,2,1,1,1,NA,0,https://www.airbnb.com/rooms/629569426296704978
629572038203706200,$37.00,Neighborhood highlights,2,1,1,1,4,1,https://www.airbnb.com/rooms/629572038203706247
629574457058400100,$39.00,Neighborhood highlights,2,1,1,1,NA,0,https://www.airbnb.com/rooms/629574457058400167
629578207446439700,$42.00,Neighborhood highlights,2,1,1,1,NA,0,https://www.airbnb.com/rooms/629578207446439643
629582588140640100,$44.00,Neighborhood highlights,2,1,1,1,4,2,https://www.airbnb.com/rooms/629582588140640099
629589757658933800,$40.00,Neighborhood highlights,2,1,1,1,4,1,https://www.airbnb.com/rooms/629589757658933748
629592838989909800,NA,Neighborhood highlights,2,NA,NA,NA,NA,0,https://www.airbnb.com/rooms/629592838989909799
629595484262591400,NA,Neighborhood highlights,1,NA,NA,NA,NA,0,https://www.airbnb.com/rooms/629595484262591382
629598168399561900,NA,Neighborhood highlights,2,NA,NA,NA,4.5,6,https://www.airbnb.com/rooms/629598168399561862
629600858408447200,$40.00,Neighborhood highlights,2,1,1,1,NA,0,https://www.airbnb.com/rooms/629600858408447250
629603065773189100,$39.00,Neighborhood highlights,2,1,1,1,4,1,https://www.airbnb.com/rooms/629603065773189120
629605539937305600,$39.00,Neighborhood highlights,2,1,1,1,NA,0,https://www.airbnb.com/rooms/629605539937305537
629608042637648500,$159.00,Neighborhood highlights,3,1,1,1,5,4,https://www.airbnb.com/rooms/629608042637648455
629608462165298700,$39.00,Neighborhood highlights,2,1,1,1,NA,0,https://www.airbnb.com/rooms/629608462165298732
6.2961119281640794e+17,$40.00,Neighborhood highlights,2,1,1,1,5,1,https://www.airbnb.com/rooms/629611192816407927
629613549217949600,$45.00,Neighborhood highlights,2,1,1,1,NA,0,https://www.airbnb.com/rooms/629613549217949564
629616322363654500,NA,Neighborhood highlights,2,NA,NA,NA,NA,0,https://www.airbnb.com/rooms/629616322363654468
629619024467752300,NA,Neighborhood highlights,2,NA,NA,NA,3,2,https://www.airbnb.com/rooms/629619024467752288
629663355074558600,$55.00,Neighborhood highlights,1,1,1,1,5,2,https://www.airbnb.com/rooms/629663355074558569
629728707925098200,$50.00,NA,1,1,1,1,4.78,9,https://www.airbnb.com/rooms/629728707925098234
629738067148149100,NA,Neighborhood highlights,6,NA,3,NA,NA,0,https://www.airbnb.com/rooms/629738067148149172
629785812320853e3,$63.00,NA,2,1,1,1,4.93,14,https://www.airbnb.com/rooms/629785812320853020
629802358927619600,$102.00,Neighborhood highlights,2,1,1,1,4.2,5,https://www.airbnb.com/rooms/629802358927619607
629828621166494600,$150.00,NA,3,1,4,4,5,1,https://www.airbnb.com/rooms/629828621166494625
629858751113622e3,NA,NA,5,NA,1,NA,NA,0,https://www.airbnb.com/rooms/629858751113622049
629892229908611100,$120.00,Neighborhood highlights,2,2,2,3,4.94,62,https://www.airbnb.com/rooms/629892229908611040
629964135068695e3,$350.00,NA,4,1,2,2,4,5,https://www.airbnb.com/rooms/629964135068695094
630127601876610600,$234.00,Neighborhood highlights,2,1,1,1,NA,0,https://www.airbnb.com/rooms/630127601876610614
630134452451645200,$250.00,Neighborhood highlights,2,1,1,2,5,10,https://www.airbnb.com/rooms/630134452451645197
630137679168876400,$250.00,Neighborhood highlights,2,2,1,1,NA,0,https://www.airbnb.com/rooms/630137679168876359
630149949140915100,$250.00,Neighborhood highlights,2,1,1,2,5,5,https://www.airbnb.com/rooms/630149949140915081
630337719111556600,$155.00,NA,4,1,1,0,4.87,39,https://www.airbnb.com/rooms/630337719111556566
630361538025228e3,$249.00,NA,4,1,1,1,NA,0,https://www.airbnb.com/rooms/630361538025228018
630383399703268100,$179.00,Neighborhood highlights,4,1,2,2,4.35,20,https://www.airbnb.com/rooms/630383399703268082
630424920231712e3,$71.00,Neighborhood highlights,1,1,1,1,5,9,https://www.airbnb.com/rooms/630424920231712059
630494641216712800,NA,Neighborhood highlights,2,NA,2,NA,4.94,16,https://www.airbnb.com/rooms/630494641216712852
630499749987945600,$163.00,NA,3,1,1,1,5,5,https://www.airbnb.com/rooms/630499749987945658
630501828250730500,$120.00,Neighborhood highlights,4,1,1,1,4.95,38,https://www.airbnb.com/rooms/630501828250730546
630539037367902e3,$153.00,NA,2,1,1,1,4.94,81,https://www.airbnb.com/rooms/630539037367901963
630550882860410500,$169.00,Neighborhood highlights,2,1,0,1,5,10,https://www.airbnb.com/rooms/630550882860410542
630606368063091300,$155.00,Neighborhood highlights,3,1,2,2,4.86,78,https://www.airbnb.com/rooms/630606368063091272
630608973941975700,NA,Neighborhood highlights,2,NA,NA,NA,5,8,https://www.airbnb.com/rooms/630608973941975705
630681106769931100,$900.00,NA,6,4,3,3,5,3,https://www.airbnb.com/rooms/630681106769931163
63078228896264e4,$125.00,NA,1,1,1,1,5,7,https://www.airbnb.com/rooms/630782288962640020
630863953200294100,$490.00,Neighborhood highlights,4,2,2,2,NA,0,https://www.airbnb.com/rooms/630863953200294159
630864416509205800,$442.00,Neighborhood highlights,6,2,3,3,NA,0,https://www.airbnb.com/rooms/630864416509205724
630866621074508500,$150.00,NA,2,1,1,1,4.91,46,https://www.airbnb.com/rooms/630866621074508493
630921135487536800,$150.00,Neighborhood highlights,2,1,1,1,4.86,7,https://www.airbnb.com/rooms/630921135487536795
63096248989969e4,$151.00,NA,2,1,2,2,4.57,7,https://www.airbnb.com/rooms/630962489899690048
630988343816913e3,$60.00,Neighborhood highlights,2,1.5,1,1,4.75,8,https://www.airbnb.com/rooms/630988343816913041
631040288153314600,$190.00,NA,1,1,1,1,NA,0,https://www.airbnb.com/rooms/631040288153314520
631097874868219600,$75.00,Neighborhood highlights,4,1,1,2,4.79,29,https://www.airbnb.com/rooms/631097874868219629
631117573914514600,$91.00,NA,2,1,1,1,4.88,72,https://www.airbnb.com/rooms/631117573914514515
631149892014601600,$330.00,NA,5,2,2,2,4.33,3,https://www.airbnb.com/rooms/631149892014601626
631297971412473200,$120.00,NA,2,1,1,2,4.64,55,https://www.airbnb.com/rooms/631297971412473276
631410769451035400,$65.00,Neighborhood highlights,2,1,1,1,NA,0,https://www.airbnb.com/rooms/631410769451035402
631719694603808100,NA,NA,5,NA,3,NA,4.77,53,https://www.airbnb.com/rooms/631719694603808069
631736560411380200,$268.00,Neighborhood highlights,2,1,2,3,4.95,56,https://www.airbnb.com/rooms/631736560411380264
631782880451117300,NA,NA,6,NA,NA,NA,4.71,7,https://www.airbnb.com/rooms/631782880451117310
631814036536779100,NA,NA,4,NA,NA,NA,4,1,https://www.airbnb.com/rooms/631814036536779115
631823229287186700,$202.00,Neighborhood highlights,2,1,1,1,4.85,107,https://www.airbnb.com/rooms/631823229287186669
631838483322074500,$220.00,NA,4,2,2,3,5,7,https://www.airbnb.com/rooms/631838483322074518
631869038931868300,$149.00,NA,4,1,2,2,5,3,https://www.airbnb.com/rooms/631869038931868233
631889901355547800,NA,NA,2,NA,1,NA,4.92,13,https://www.airbnb.com/rooms/631889901355547794
631893185455656800,$95.00,NA,4,1,2,2,4.33,3,https://www.airbnb.com/rooms/631893185455656817
632032875822277900,NA,Neighborhood highlights,1,NA,1,NA,5,2,https://www.airbnb.com/rooms/632032875822277950
632551534039863300,$55.00,Neighborhood highlights,1,1,1,1,4.43,7,https://www.airbnb.com/rooms/632551534039863241
632586631810442100,$55.00,NA,1,1,1,1,5,4,https://www.airbnb.com/rooms/632586631810442130
632608899902231800,$60.00,NA,2,1,1,1,4.97,66,https://www.airbnb.com/rooms/632608899902231779
632632066789092200,$60.00,NA,1,1,1,1,NA,0,https://www.airbnb.com/rooms/632632066789092268
632694124102986200,$390.00,Neighborhood highlights,6,1,3,4,4.89,19,https://www.airbnb.com/rooms/632694124102986233
632726981512238100,$450.00,Neighborhood highlights,8,2.5,3,5,4.83,6,https://www.airbnb.com/rooms/632726981512238069
632752608177110800,$75.00,NA,1,1,1,1,4,5,https://www.airbnb.com/rooms/632752608177110815
633113362893109900,"$2,400.00",Neighborhood highlights,9,3.5,4,6,5,1,https://www.airbnb.com/rooms/633113362893109950
633115105120193800,$432.00,Neighborhood highlights,4,2,2,2,NA,0,https://www.airbnb.com/rooms/633115105120193759
633146168446073300,$130.00,Neighborhood highlights,2,1,2,2,4.82,61,https://www.airbnb.com/rooms/633146168446073367
633168575271695e3,$68.00,Neighborhood highlights,2,1,1,1,4.82,11,https://www.airbnb.com/rooms/633168575271694958
633247730440238100,$120.00,Neighborhood highlights,2,1,0,1,3.67,3,https://www.airbnb.com/rooms/633247730440238021
633318450007507100,$269.00,NA,4,2,2,2,NA,0,https://www.airbnb.com/rooms/633318450007507030
633332823092765300,NA,Neighborhood highlights,2,NA,1,NA,5,6,https://www.airbnb.com/rooms/633332823092765337
633426670632924800,$125.00,Neighborhood highlights,2,1,1,1,4.9,39,https://www.airbnb.com/rooms/633426670632924814
633492364636824200,$150.00,NA,3,2,1,1,5,4,https://www.airbnb.com/rooms/633492364636824182
633713635109468500,NA,NA,1,NA,NA,NA,2.5,2,https://www.airbnb.com/rooms/633713635109468483
63373037092451e4,NA,NA,1,NA,NA,NA,3.57,7,https://www.airbnb.com/rooms/633730370924509931
633741921038906400,$292.00,Neighborhood highlights,2,1,1,1,5,1,https://www.airbnb.com/rooms/633741921038906371
633754014339342300,NA,Neighborhood highlights,2,NA,1,NA,4.65,17,https://www.airbnb.com/rooms/633754014339342273
6338210090784e5,NA,NA,2,NA,NA,NA,4.91,11,https://www.airbnb.com/rooms/633821009078400018
633835046032395300,$145.00,Neighborhood highlights,4,1,2,2,4.75,4,https://www.airbnb.com/rooms/633835046032395216
633930221689532800,$230.00,NA,3,1,0,1,4.67,6,https://www.airbnb.com/rooms/633930221689532784
633939380745222400,$275.00,NA,4,2,3,3,4.71,24,https://www.airbnb.com/rooms/633939380745222351
633956160953215600,$425.00,NA,2,1,1,1,NA,0,https://www.airbnb.com/rooms/633956160953215663
633968806284955400,$265.00,NA,4,1,1,1,5,8,https://www.airbnb.com/rooms/633968806284955396
633977351927953400,$55.00,Neighborhood highlights,2,2,1,3,4.86,29,https://www.airbnb.com/rooms/633977351927953398
633986809547076600,$557.00,NA,4,2,1,2,4.62,79,https://www.airbnb.com/rooms/633986809547076584
634033315397058200,$235.00,Neighborhood highlights,2,1,1,2,4.85,46,https://www.airbnb.com/rooms/634033315397058152
634221576598890900,NA,NA,8,NA,4,NA,5,2,https://www.airbnb.com/rooms/634221576598890867
634276902012072700,$70.00,Neighborhood highlights,2,2,1,1,4.75,12,https://www.airbnb.com/rooms/634276902012072709
634345238203851300,NA,Neighborhood highlights,4,NA,1,NA,4.86,7,https://www.airbnb.com/rooms/634345238203851228
634543701516019100,$320.00,Neighborhood highlights,2,1,1,1,NA,0,https://www.airbnb.com/rooms/634543701516019054
634609163193731500,$250.00,NA,2,1,1,1,5,6,https://www.airbnb.com/rooms/634609163193731506
634674620597541600,$349.00,Neighborhood highlights,4,1,1,2,5,3,https://www.airbnb.com/rooms/634674620597541646
634696594171846100,$217.00,NA,3,1,0,1,NA,0,https://www.airbnb.com/rooms/634696594171846190
634697357178727800,$170.00,NA,2,1,1,1,5,2,https://www.airbnb.com/rooms/634697357178727807
634724215081251600,NA,Neighborhood highlights,6,NA,2,NA,4.5,2,https://www.airbnb.com/rooms/634724215081251527
634743259855202800,$79.00,Neighborhood highlights,2,1,1,1,4.78,18,https://www.airbnb.com/rooms/634743259855202791
634898625226634100,$665.00,Neighborhood highlights,2,1,1,1,5,6,https://www.airbnb.com/rooms/634898625226634059
634936824891612e3,NA,Neighborhood highlights,2,NA,1,NA,5,20,https://www.airbnb.com/rooms/634936824891612018
634937231178401700,NA,NA,7,NA,3,NA,4.65,20,https://www.airbnb.com/rooms/634937231178401689
634996589413630600,$165.00,Neighborhood highlights,8,1,4,5,3.83,6,https://www.airbnb.com/rooms/634996589413630576
635057394274438800,NA,NA,1,NA,1,NA,NA,0,https://www.airbnb.com/rooms/635057394274438824
635125760914246e3,$160.00,Neighborhood highlights,2,1,2,3,4.45,38,https://www.airbnb.com/rooms/635125760914245990
635301868080561700,$394.00,Neighborhood highlights,2,1,2,1,4.89,57,https://www.airbnb.com/rooms/635301868080561725
635349981223517800,$169.00,Neighborhood highlights,2,1,3,3,4.75,81,https://www.airbnb.com/rooms/635349981223517857
635350674625977100,$175.00,Neighborhood highlights,4,1,2,0,4.94,49,https://www.airbnb.com/rooms/635350674625977113
635383523425875600,$160.00,Neighborhood highlights,2,1,0,2,4.88,8,https://www.airbnb.com/rooms/635383523425875590
635406284291902e3,$179.00,NA,1,1,1,1,4.89,36,https://www.airbnb.com/rooms/635406284291901953
635420521327405700,$135.00,Neighborhood highlights,3,1.5,2,1,5,1,https://www.airbnb.com/rooms/635420521327405738
635446393352142500,$248.00,Neighborhood highlights,6,2,3,3,4.82,17,https://www.airbnb.com/rooms/635446393352142475
635454293983434e3,$58.00,NA,3,1,1,1,4.72,43,https://www.airbnb.com/rooms/635454293983433941
635474429874721400,$125.00,NA,1,1,1,1,5,29,https://www.airbnb.com/rooms/635474429874721360
635484369090867600,$135.00,NA,2,1,2,2,4.95,170,https://www.airbnb.com/rooms/635484369090867609
635574615894942500,$250.00,NA,2,1,1,1,4.93,28,https://www.airbnb.com/rooms/635574615894942412
635617204486061700,$308.00,Neighborhood highlights,6,1,2,4,4.97,61,https://www.airbnb.com/rooms/635617204486061688
635840098829073900,$194.00,Neighborhood highlights,2,1.5,1,1,4.25,4,https://www.airbnb.com/rooms/635840098829073925
636027704467896200,$58.00,NA,1,1,1,1,4.62,21,https://www.airbnb.com/rooms/636027704467896179
636051632523342e3,$391.00,Neighborhood highlights,2,1,1,1,NA,0,https://www.airbnb.com/rooms/636051632523341934
636167593975534300,$175.00,NA,2,1,1,1,5,11,https://www.airbnb.com/rooms/636167593975534277
636216578068395500,$95.00,Neighborhood highlights,2,1,1,2,5,8,https://www.airbnb.com/rooms/636216578068395468
636242839030318800,$249.00,Neighborhood highlights,6,1,3,3,4.69,13,https://www.airbnb.com/rooms/636242839030318825
636249406490155e3,NA,NA,1,NA,1,NA,4.53,19,https://www.airbnb.com/rooms/636249406490154947
636259194924261500,$350.00,Neighborhood highlights,4,2,2,2,4.75,4,https://www.airbnb.com/rooms/636259194924261523
636274456676328800,$196.00,NA,6,2,2,2,NA,0,https://www.airbnb.com/rooms/636274456676328779
636384130950359800,$90.00,Neighborhood highlights,1,1,1,1,NA,0,https://www.airbnb.com/rooms/636384130950359856
636748829958680600,$280.00,Neighborhood highlights,2,1,1,1,5,10,https://www.airbnb.com/rooms/636748829958680554
63675058030425e4,NA,Neighborhood highlights,1,NA,NA,NA,4.82,38,https://www.airbnb.com/rooms/636750580304250017
636801605735543800,$150.00,Neighborhood highlights,2,1,1,1,4.69,32,https://www.airbnb.com/rooms/636801605735543805
636873795592113300,$83.00,NA,2,1,1,1,4.67,3,https://www.airbnb.com/rooms/636873795592113226
636944681866019200,$80.00,NA,6,1,0,3,4.7,23,https://www.airbnb.com/rooms/636944681866019204
636959724917638500,$220.00,NA,5,1,2,4,4.88,24,https://www.airbnb.com/rooms/636959724917638564
636974759066296600,$86.00,NA,8,1,1,3,4.68,19,https://www.airbnb.com/rooms/636974759066296574
636982135524593700,$104.00,Neighborhood highlights,1,1,1,1,4.3,10,https://www.airbnb.com/rooms/636982135524593603
637041914856524500,$106.00,Neighborhood highlights,4,1,1,2,4.89,18,https://www.airbnb.com/rooms/637041914856524482
637478582940681700,NA,Neighborhood highlights,2,NA,NA,NA,NA,0,https://www.airbnb.com/rooms/637478582940681740
637493347211635100,NA,Neighborhood highlights,2,NA,NA,NA,5,1,https://www.airbnb.com/rooms/637493347211635054
637500375209808100,NA,Neighborhood highlights,2,NA,NA,NA,NA,0,https://www.airbnb.com/rooms/637500375209808073
637505576684770600,NA,Neighborhood highlights,2,NA,NA,NA,NA,0,https://www.airbnb.com/rooms/637505576684770516
637510579402318100,NA,Neighborhood highlights,2,NA,NA,NA,NA,0,https://www.airbnb.com/rooms/637510579402318016
637518053786282e3,NA,Neighborhood highlights,2,NA,NA,NA,NA,0,https://www.airbnb.com/rooms/637518053786282035
637524390360273e3,$180.00,Neighborhood highlights,4,1,3,3,4.97,36,https://www.airbnb.com/rooms/637524390360273018
637634357376846300,NA,NA,6,NA,2,NA,4.6,5,https://www.airbnb.com/rooms/637634357376846351
637660091350480100,$450.00,NA,10,0,0,1,5,2,https://www.airbnb.com/rooms/637660091350480104
637682857782165500,NA,Neighborhood highlights,2,NA,3,NA,4.92,13,https://www.airbnb.com/rooms/637682857782165510
637744816439999100,$120.00,Neighborhood highlights,2,1,1,1,4.61,23,https://www.airbnb.com/rooms/637744816439999158
637834430758310500,$45.00,Neighborhood highlights,2,1,1,1,4.9,21,https://www.airbnb.com/rooms/637834430758310495
638044371366059500,$287.00,Neighborhood highlights,2,1,1,1,5,6,https://www.airbnb.com/rooms/638044371366059533
638186208000099500,$455.00,Neighborhood highlights,4,2,2,2,5,1,https://www.airbnb.com/rooms/638186208000099445
638186562751523e3,$220.00,Neighborhood highlights,2,1,1,1,NA,0,https://www.airbnb.com/rooms/638186562751522999
638208932898066700,$111.00,Neighborhood highlights,4,1,1,2,4.3,10,https://www.airbnb.com/rooms/638208932898066716
638248680390943500,NA,NA,2,NA,NA,NA,4.44,9,https://www.airbnb.com/rooms/638248680390943500
638274411802977900,$100.00,Neighborhood highlights,1,1,1,1,NA,0,https://www.airbnb.com/rooms/638274411802977958
638356688178697300,NA,Neighborhood highlights,4,NA,1,NA,4.63,41,https://www.airbnb.com/rooms/638356688178697321
638375695955118200,$175.00,NA,3,1,1,1,4.88,17,https://www.airbnb.com/rooms/638375695955118228
638404496657149600,$40.00,NA,2,1,1,1,4.93,14,https://www.airbnb.com/rooms/638404496657149559
638405806968346e3,$220.00,Neighborhood highlights,4,1,2,3,4.75,20,https://www.airbnb.com/rooms/638405806968345946
638411614489556400,$60.00,Neighborhood highlights,1,1,1,1,4.62,13,https://www.airbnb.com/rooms/638411614489556367
638412872710785300,$90.00,Neighborhood highlights,2,1,1,2,5,1,https://www.airbnb.com/rooms/638412872710785326
638451573988709500,$257.00,NA,3,1,0,1,5,1,https://www.airbnb.com/rooms/638451573988709495
638452467910880100,$135.00,NA,1,1,1,1,4.67,3,https://www.airbnb.com/rooms/638452467910880184
638454791738509800,$483.00,NA,7,1,2,4,4.82,71,https://www.airbnb.com/rooms/638454791738509873
638559732123689e3,NA,NA,2,NA,NA,NA,4.43,35,https://www.airbnb.com/rooms/638559732123688987
638561936471394600,NA,Neighborhood highlights,2,NA,NA,NA,5,4,https://www.airbnb.com/rooms/638561936471394622
638565038460127600,NA,Neighborhood highlights,3,NA,2,NA,4.8,5,https://www.airbnb.com/rooms/638565038460127669
638593187408318800,$125.00,Neighborhood highlights,4,0,1,3,4.85,34,https://www.airbnb.com/rooms/638593187408318846
638907637372622600,$545.00,NA,4,1,0,2,4.94,32,https://www.airbnb.com/rooms/638907637372622550
638943669371529500,$152.00,Neighborhood highlights,2,1,1,1,4.8,46,https://www.airbnb.com/rooms/638943669371529428
638952269160723800,$150.00,Neighborhood highlights,3,1,1,1,4.63,16,https://www.airbnb.com/rooms/638952269160723825
638959722709087400,$352.00,Neighborhood highlights,4,1,1,2,4.3,47,https://www.airbnb.com/rooms/638959722709087366
638965000463156e3,$99.00,Neighborhood highlights,2,1,1,1,4.62,42,https://www.airbnb.com/rooms/638965000463155963
639222453616087400,$66.00,NA,1,1,1,1,5,1,https://www.airbnb.com/rooms/639222453616087462
639229743093320400,$219.00,NA,4,1,1,2,4.72,36,https://www.airbnb.com/rooms/639229743093320456
639259145023364500,$112.00,NA,3,1,1,1,4.92,63,https://www.airbnb.com/rooms/639259145023364485
639317233046143700,$264.00,Neighborhood highlights,5,1,2,2,4.54,13,https://www.airbnb.com/rooms/639317233046143765
639375848801087e3,$185.00,NA,3,1,2,2,4.67,3,https://www.airbnb.com/rooms/639375848801087010
639402947365116e3,$90.00,Neighborhood highlights,4,1.5,1,2,4.72,32,https://www.airbnb.com/rooms/639402947365116095
639540429317887400,$250.00,NA,4,1,2,2,4.67,12,https://www.airbnb.com/rooms/639540429317887373
639549197073947900,$426.00,Neighborhood highlights,4,2,2,2,NA,0,https://www.airbnb.com/rooms/639549197073947929
63966459108707e4,$125.00,NA,3,1,1,1,NA,0,https://www.airbnb.com/rooms/639664591087069915
639694558611399300,$173.00,Neighborhood highlights,1,1,1,1,4.92,36,https://www.airbnb.com/rooms/639694558611399338
639705836870039300,$422.00,Neighborhood highlights,6,1,0,4,4.82,204,https://www.airbnb.com/rooms/639705836870039306
639772463912396700,$180.00,NA,2,1,1,1,5,2,https://www.airbnb.com/rooms/639772463912396637
639879080043628900,$125.00,Neighborhood highlights,5,1,1,1,5,2,https://www.airbnb.com/rooms/639879080043628899
639920141110609300,$65.00,Neighborhood highlights,1,1,2,2,4.8,40,https://www.airbnb.com/rooms/639920141110609277
639949866161826e3,NA,Neighborhood highlights,5,NA,1,NA,4.5,4,https://www.airbnb.com/rooms/639949866161826018
639951636744198300,$150.00,NA,4,1,1,1,5,2,https://www.airbnb.com/rooms/639951636744198318
639986041202943500,$400.00,Neighborhood highlights,6,2,3,8,4.9,20,https://www.airbnb.com/rooms/639986041202943450
639987961838040800,$60.00,Neighborhood highlights,2,1,1,2,4.47,34,https://www.airbnb.com/rooms/639987961838040881
639991069697648600,NA,NA,1,NA,NA,NA,4.92,12,https://www.airbnb.com/rooms/639991069697648692
640055465550143100,NA,NA,1,NA,NA,NA,4,3,https://www.airbnb.com/rooms/640055465550143058
640076159281018100,NA,Neighborhood highlights,1,NA,NA,NA,4.91,35,https://www.airbnb.com/rooms/640076159281018152
640148680845711e3,$135.00,Neighborhood highlights,3,1,1,3,4.9,20,https://www.airbnb.com/rooms/640148680845711037
640159275260186900,$99.00,NA,2,1,0,0,5,16,https://www.airbnb.com/rooms/640159275260186822
640270260790083800,$139.00,Neighborhood highlights,10,1,2,5,5,1,https://www.airbnb.com/rooms/640270260790083804
640366504429539800,$145.00,Neighborhood highlights,2,1,1,1,5,9,https://www.airbnb.com/rooms/640366504429539829
640436833654251e3,$60.00,NA,1,1,1,1,4.25,4,https://www.airbnb.com/rooms/640436833654251067
640443472855597400,$194.00,NA,2,2,2,2,NA,0,https://www.airbnb.com/rooms/640443472855597440
640506046655863e3,NA,NA,1,NA,1,NA,5,1,https://www.airbnb.com/rooms/640506046655863097
640508290069155700,$155.00,NA,2,1,0,2,5,4,https://www.airbnb.com/rooms/640508290069155758
640546114975692700,$420.00,Neighborhood highlights,6,1.5,3,3,NA,0,https://www.airbnb.com/rooms/640546114975692688
640550903674715900,$250.00,Neighborhood highlights,5,1,3,3,4.9,62,https://www.airbnb.com/rooms/640550903674715854
640563031447364e3,NA,NA,6,NA,2,NA,4.93,85,https://www.airbnb.com/rooms/640563031447363952
640577546507007400,$52.00,Neighborhood highlights,1,1,0,1,4.89,36,https://www.airbnb.com/rooms/640577546507007342
640594356794505500,$268.00,Neighborhood highlights,6,2,3,3,4.98,44,https://www.airbnb.com/rooms/640594356794505499
640612171111039e3,$89.00,Neighborhood highlights,6,1,2,4,4.41,22,https://www.airbnb.com/rooms/640612171111039003
640642120843598200,"$1,200.00",NA,10,2,5,5,4.13,16,https://www.airbnb.com/rooms/640642120843598207
640665953927218300,NA,NA,2,NA,1,NA,4.88,24,https://www.airbnb.com/rooms/640665953927218274
6.4069858422853594e+17,$40.00,Neighborhood highlights,2,1,1,1,5,3,https://www.airbnb.com/rooms/640698584228535894
640717537442605600,"$1,367.00",Neighborhood highlights,10,3,4,5,4.98,44,https://www.airbnb.com/rooms/640717537442605608
640801236656094300,$120.00,Neighborhood highlights,2,1,1,1,4.79,14,https://www.airbnb.com/rooms/640801236656094345
641072234133563800,$287.00,Neighborhood highlights,2,1,1,1,NA,0,https://www.airbnb.com/rooms/641072234133563797
641128802903031800,$115.00,Neighborhood highlights,4,1,1,1,5,8,https://www.airbnb.com/rooms/641128802903031792
641158076171707400,NA,NA,2,NA,NA,NA,5,6,https://www.airbnb.com/rooms/641158076171707390
641195737727189400,NA,NA,2,NA,1,NA,4,3,https://www.airbnb.com/rooms/641195737727189437
641209854002197200,$400.00,Neighborhood highlights,4,1,2,2,5,51,https://www.airbnb.com/rooms/641209854002197271
641269555325432700,NA,NA,3,NA,1,NA,4.83,12,https://www.airbnb.com/rooms/641269555325432713
641355980552957300,$120.00,Neighborhood highlights,3,1,1,2,4.95,38,https://www.airbnb.com/rooms/641355980552957352
641376017147695900,$245.00,NA,3,1,1,2,NA,0,https://www.airbnb.com/rooms/641376017147695867
641383103796618500,$225.00,NA,2,1,0,1,5,7,https://www.airbnb.com/rooms/641383103796618559
641407498918275300,$89.00,Neighborhood highlights,1,1,1,1,4.83,116,https://www.airbnb.com/rooms/641407498918275357
641503239935717200,$91.00,Neighborhood highlights,2,1,3,1,4.87,92,https://www.airbnb.com/rooms/641503239935717251
641503565693174300,$97.00,NA,2,1,3,1,4.93,27,https://www.airbnb.com/rooms/641503565693174262
641753911937668500,$149.00,Neighborhood highlights,6,2,4,4,5,1,https://www.airbnb.com/rooms/641753911937668445
641852518442102300,$299.00,Neighborhood highlights,2,1,1,1,5,1,https://www.airbnb.com/rooms/641852518442102238
641863227870851700,$80.00,Neighborhood highlights,2,1,1,1,4.59,22,https://www.airbnb.com/rooms/641863227870851745
641926339661538700,NA,Neighborhood highlights,1,NA,NA,NA,4.75,4,https://www.airbnb.com/rooms/641926339661538750
641928038476344700,$94.00,Neighborhood highlights,6,1,2,2,4.69,52,https://www.airbnb.com/rooms/641928038476344706
641930068984421200,$250.00,NA,2,1,1,1,4.7,10,https://www.airbnb.com/rooms/641930068984421251
641934650921997e3,$86.00,Neighborhood highlights,2,1,1,0,4.73,30,https://www.airbnb.com/rooms/641934650921997062
641966849143162e3,$131.00,Neighborhood highlights,4,1,1,2,4.97,33,https://www.airbnb.com/rooms/641966849143161975
642004894846322400,$70.00,Neighborhood highlights,2,1,1,1,4.81,116,https://www.airbnb.com/rooms/642004894846322446
642060325365353200,$314.00,Neighborhood highlights,2,1,1,1,4.57,7,https://www.airbnb.com/rooms/642060325365353277
642114689727881e3,$43.00,Neighborhood highlights,2,1,1,1,4.52,23,https://www.airbnb.com/rooms/642114689727881014
642193534164032900,$363.00,NA,4,1,2,3,4,3,https://www.airbnb.com/rooms/642193534164032936
642195234094768e3,$140.00,NA,4,1,2,2,4.61,23,https://www.airbnb.com/rooms/642195234094767957
642204005625892900,$295.00,NA,6,1,2,2,4.74,53,https://www.airbnb.com/rooms/642204005625892887
642617234993807500,$350.00,Neighborhood highlights,5,2,3,7,4.98,45,https://www.airbnb.com/rooms/642617234993807538
642637497581463800,NA,NA,4,NA,NA,NA,4.75,8,https://www.airbnb.com/rooms/642637497581463828
642639503370235900,NA,Neighborhood highlights,2,NA,1,NA,4.91,115,https://www.airbnb.com/rooms/642639503370235908
642658096006228900,NA,NA,1,NA,1,NA,NA,0,https://www.airbnb.com/rooms/642658096006228819
642693769449691900,NA,NA,2,NA,1,NA,NA,0,https://www.airbnb.com/rooms/642693769449691921
642755693102173400,$215.00,NA,2,1,0,1,4.88,8,https://www.airbnb.com/rooms/642755693102173459
642767846378335400,NA,NA,2,NA,1,NA,4.91,22,https://www.airbnb.com/rooms/642767846378335345
642778580946457500,$99.00,Neighborhood highlights,2,1,1,1,4.76,38,https://www.airbnb.com/rooms/642778580946457478
642874449710966900,$55.00,Neighborhood highlights,2,1,1,1,4.83,98,https://www.airbnb.com/rooms/642874449710966973
642882282666809500,$99.00,Neighborhood highlights,2,1,1,1,4.65,20,https://www.airbnb.com/rooms/642882282666809517
64289086857019e4,NA,NA,2,NA,NA,NA,4.96,52,https://www.airbnb.com/rooms/642890868570189961
642929203652842100,NA,Neighborhood highlights,2,NA,NA,NA,4.89,27,https://www.airbnb.com/rooms/642929203652842061
643033322160599200,$50.00,NA,1,1,1,1,NA,0,https://www.airbnb.com/rooms/643033322160599166
643036839521359200,$185.00,Neighborhood highlights,5,1,2,2,4.94,100,https://www.airbnb.com/rooms/643036839521359188
643292338531013500,$303.00,Neighborhood highlights,2,1,1,1,NA,0,https://www.airbnb.com/rooms/643292338531013503
643309952273241e3,$423.00,Neighborhood highlights,4,2,2,2,5,1,https://www.airbnb.com/rooms/643309952273240997
643319222792682600,$164.00,Neighborhood highlights,3,1.5,1,1,5,11,https://www.airbnb.com/rooms/643319222792682565
643339344703990400,NA,NA,1,NA,NA,NA,5,2,https://www.airbnb.com/rooms/643339344703990354
643399667682678300,$190.00,Neighborhood highlights,2,1,1,4,4.67,6,https://www.airbnb.com/rooms/643399667682678297
643406530097776e3,$425.00,NA,4,1,1,1,4.67,9,https://www.airbnb.com/rooms/643406530097775941
643410103404182700,$200.00,NA,4,1.5,2,2,NA,0,https://www.airbnb.com/rooms/643410103404182626
643420063748562600,$160.00,Neighborhood highlights,2,1,0,1,5,2,https://www.airbnb.com/rooms/643420063748562514
643432304055185200,NA,Neighborhood highlights,4,NA,2,NA,4.88,16,https://www.airbnb.com/rooms/643432304055185121
643468329339124200,$253.00,Neighborhood highlights,2,1,0,2,4.37,38,https://www.airbnb.com/rooms/643468329339124241
643471736626808200,$245.00,Neighborhood highlights,2,1,0,1,4.5,32,https://www.airbnb.com/rooms/643471736626808139
643473669546971300,$243.00,Neighborhood highlights,2,1,0,1,4.44,400,https://www.airbnb.com/rooms/643473669546971313
643478753128785700,$322.00,Neighborhood highlights,2,1,0,1,4.21,19,https://www.airbnb.com/rooms/643478753128785623
643479175182355300,$291.00,Neighborhood highlights,2,1,0,1,4.73,15,https://www.airbnb.com/rooms/643479175182355349
643584832778723200,$776.00,Neighborhood highlights,4,2,3,3,5,8,https://www.airbnb.com/rooms/643584832778723249
643603500585643300,$60.00,Neighborhood highlights,1,1,1,1,4.75,4,https://www.airbnb.com/rooms/643603500585643289
643668354213109800,$241.00,NA,4,1,0,2,4.9,48,https://www.airbnb.com/rooms/643668354213109787
643751687258267900,$204.00,NA,4,1,1,2,4.92,62,https://www.airbnb.com/rooms/643751687258267958
643878224920282800,$449.00,Neighborhood highlights,4,2,2,2,NA,0,https://www.airbnb.com/rooms/643878224920282752
643975067258502900,$95.00,NA,1,1,1,1,4.8,10,https://www.airbnb.com/rooms/643975067258502855
644053798396895100,$169.00,Neighborhood highlights,2,1,1,1,5,6,https://www.airbnb.com/rooms/644053798396895113
644084990266055400,$90.00,NA,2,1,1,1,4.89,19,https://www.airbnb.com/rooms/644084990266055467
644087277401613600,NA,NA,5,NA,2,NA,5,9,https://www.airbnb.com/rooms/644087277401613514
644156882646200800,$73.00,NA,2,1,0,1,4.65,26,https://www.airbnb.com/rooms/644156882646200864
644176324966821800,$90.00,NA,2,1,1,1,NA,0,https://www.airbnb.com/rooms/644176324966821813
644202319559232800,$145.00,NA,3,1,1,1,5,11,https://www.airbnb.com/rooms/644202319559232710
644214769362516e3,$150.00,NA,2,1,1,1,5,3,https://www.airbnb.com/rooms/644214769362515961
644229610092847200,NA,NA,4,NA,1,NA,5,17,https://www.airbnb.com/rooms/644229610092847277
644288061379383400,NA,NA,2,NA,1,NA,4.83,6,https://www.airbnb.com/rooms/644288061379383363
644311938371273900,$366.00,Neighborhood highlights,2,1.5,1,1,5,5,https://www.airbnb.com/rooms/644311938371273827
644365316106799100,$50.00,NA,1,1,1,1,4.7,56,https://www.airbnb.com/rooms/644365316106799161
644371190094658800,NA,NA,5,NA,2,NA,5,1,https://www.airbnb.com/rooms/644371190094658863
644391116758129500,$125.00,Neighborhood highlights,4,1,2,4,5,3,https://www.airbnb.com/rooms/644391116758129571
644608008451518700,$212.00,Neighborhood highlights,2,1,1,1,NA,0,https://www.airbnb.com/rooms/644608008451518771
644755921284741900,$386.00,Neighborhood highlights,6,1,0,3,4.63,54,https://www.airbnb.com/rooms/644755921284741861
644818373615039400,$55.00,NA,1,1,2,1,4.8,25,https://www.airbnb.com/rooms/644818373615039359
644828159829814400,$80.00,NA,2,1,1,1,4.97,72,https://www.airbnb.com/rooms/644828159829814355
644845156231451600,$150.00,NA,1,1,0,1,5,6,https://www.airbnb.com/rooms/644845156231451666
644893239131306800,$207.00,Neighborhood highlights,3,1,1,1,5,7,https://www.airbnb.com/rooms/644893239131306705
644940552640814800,$120.00,NA,1,1,1,2,4.5,2,https://www.airbnb.com/rooms/644940552640814865
644960069324573800,NA,Neighborhood highlights,2,NA,2,NA,4.72,29,https://www.airbnb.com/rooms/644960069324573869
644983706165736200,$199.00,NA,2,1,1,2,4.96,53,https://www.airbnb.com/rooms/644983706165736194
64499612644751e4,$245.00,Neighborhood highlights,3,1,1,2,4.62,55,https://www.airbnb.com/rooms/644996126447510028
645056913089000800,$251.00,NA,2,1,1,1,4.96,75,https://www.airbnb.com/rooms/645056913089000891
645066999703067300,$91.00,Neighborhood highlights,2,1,1,1,4.92,13,https://www.airbnb.com/rooms/645066999703067236
645081268065656700,$66.00,NA,1,1,1,1,NA,0,https://www.airbnb.com/rooms/645081268065656764
645088514323491700,$66.00,NA,1,1,1,1,NA,0,https://www.airbnb.com/rooms/645088514323491657
645096335240771800,NA,Neighborhood highlights,2,NA,NA,NA,4.68,25,https://www.airbnb.com/rooms/645096335240771835
645315165254782700,$213.00,Neighborhood highlights,2,1,1,1,NA,0,https://www.airbnb.com/rooms/645315165254782741
645426662953840800,$228.00,NA,2,1,1,1,4.91,44,https://www.airbnb.com/rooms/645426662953840812
645446410837726700,$98.00,Neighborhood highlights,6,1,3,3,5,17,https://www.airbnb.com/rooms/645446410837726780
645589858646705800,$116.00,Neighborhood highlights,2,1,1,1,4.85,82,https://www.airbnb.com/rooms/645589858646705763
645615045587315e3,$205.00,Neighborhood highlights,8,2,3,4,4.72,72,https://www.airbnb.com/rooms/645615045587314926
645666659875635300,NA,Neighborhood highlights,2,NA,NA,NA,4.75,12,https://www.airbnb.com/rooms/645666659875635272
645755972905902700,$89.00,Neighborhood highlights,6,1,3,3,5,24,https://www.airbnb.com/rooms/645755972905902755
645819491297280300,$200.00,Neighborhood highlights,1,2,2,1,5,13,https://www.airbnb.com/rooms/645819491297280194
645886640432143100,"$1,428.00",Neighborhood highlights,4,2,2,2,4.97,33,https://www.airbnb.com/rooms/645886640432143048
6.4611594789087194e+17,$278.00,Neighborhood highlights,4,1,2,2,NA,0,https://www.airbnb.com/rooms/646115947890871926
646116286313431700,$288.00,Neighborhood highlights,2,1,1,1,NA,0,https://www.airbnb.com/rooms/646116286313431627
646234869189160800,$250.00,NA,3,1,1,1,4.6,15,https://www.airbnb.com/rooms/646234869189160847
646258324909440600,$249.00,NA,6,2,3,3,5,75,https://www.airbnb.com/rooms/646258324909440669
646290906877998100,$252.00,NA,2,1,1,1,1,2,https://www.airbnb.com/rooms/646290906877998095
646325822391260400,NA,NA,1,NA,3,NA,5,8,https://www.airbnb.com/rooms/646325822391260382
646371982877063400,$41.00,Neighborhood highlights,1,1,1,1,4.86,7,https://www.airbnb.com/rooms/646371982877063378
646397294912944100,$82.00,NA,1,1,1,1,5,2,https://www.airbnb.com/rooms/646397294912944159
646422444789464200,$175.00,NA,2,1,0,1,NA,0,https://www.airbnb.com/rooms/646422444789464175
646425809677788800,$222.00,NA,6,1,1,2,5,3,https://www.airbnb.com/rooms/646425809677788815
646665510489708700,$155.00,NA,4,2,2,2,4.61,59,https://www.airbnb.com/rooms/646665510489708708
647125962319558700,$189.00,NA,4,1,2,2,NA,0,https://www.airbnb.com/rooms/647125962319558621
647142881824370300,$60.00,Neighborhood highlights,3,1,1,3,4.5,18,https://www.airbnb.com/rooms/647142881824370304
647221355173490400,$92.00,NA,2,1,1,1,4.88,64,https://www.airbnb.com/rooms/647221355173490472
647266787507443300,$140.00,NA,2,1,1,1,5,3,https://www.airbnb.com/rooms/647266787507443295
647623852337935400,$145.00,Neighborhood highlights,2,1,1,1,4.87,39,https://www.airbnb.com/rooms/647623852337935394
647670913385420700,$85.00,Neighborhood highlights,4,1,2,4,4.83,89,https://www.airbnb.com/rooms/647670913385420699
647705805867409800,$198.00,Neighborhood highlights,2,1,1,1,4.86,7,https://www.airbnb.com/rooms/647705805867409740
647713196690083e3,$280.00,Neighborhood highlights,2,1,1,2,4.98,55,https://www.airbnb.com/rooms/647713196690082967
647725378677755800,$58.00,Neighborhood highlights,1,1,1,1,5,1,https://www.airbnb.com/rooms/647725378677755778
647754438721915900,$699.00,Neighborhood highlights,3,1,1,3,5,1,https://www.airbnb.com/rooms/647754438721915924
647797577220134900,NA,NA,2,NA,1,NA,NA,0,https://www.airbnb.com/rooms/647797577220134956
647827764669965e3,$96.00,NA,2,2,1,1,4.9,84,https://www.airbnb.com/rooms/647827764669965037
647871864272863200,$350.00,Neighborhood highlights,7,1,2,4,4.74,68,https://www.airbnb.com/rooms/647871864272863224
647875601297252900,$220.00,Neighborhood highlights,5,1,2,0,5,3,https://www.airbnb.com/rooms/647875601297252814
647876419980006100,NA,NA,4,NA,2,NA,4.5,10,https://www.airbnb.com/rooms/647876419980006161
647970673581521300,$179.00,NA,2,2,1,1,5,51,https://www.airbnb.com/rooms/647970673581521335
647995381932475600,$192.00,NA,4,1,1,1,4.88,32,https://www.airbnb.com/rooms/647995381932475686
647997237954609900,$140.00,NA,2,1,1,1,5,1,https://www.airbnb.com/rooms/647997237954609900
648002347981302400,$160.00,Neighborhood highlights,4,1,2,3,4.85,27,https://www.airbnb.com/rooms/648002347981302350
648030958567177300,NA,NA,3,NA,1,NA,5,2,https://www.airbnb.com/rooms/648030958567177305
648033676238017200,$30.00,NA,2,1,1,1,4.9,21,https://www.airbnb.com/rooms/648033676238017128
648077091113308300,$350.00,NA,5,2.5,3,3,5,2,https://www.airbnb.com/rooms/648077091113308243
648216606887889400,"$1,120.00",NA,3,1.5,1,1,NA,0,https://www.airbnb.com/rooms/648216606887889353
648339852314068400,$100.00,NA,2,2,3,1,NA,0,https://www.airbnb.com/rooms/648339852314068317
648364867651197800,$48.00,NA,1,1,1,1,NA,0,https://www.airbnb.com/rooms/648364867651197829
648367821797968400,$320.00,Neighborhood highlights,4,2,2,2,4.83,12,https://www.airbnb.com/rooms/648367821797968350
648377407209324800,$172.00,NA,2,1,1,2,4.8,66,https://www.airbnb.com/rooms/648377407209324860
648415349853084400,$200.00,NA,3,1,1,1,NA,0,https://www.airbnb.com/rooms/648415349853084453
648487968072894e3,$380.00,Neighborhood highlights,8,2.5,3,4,4.96,74,https://www.airbnb.com/rooms/648487968072894005
648501530742752e3,NA,Neighborhood highlights,1,NA,NA,NA,5,6,https://www.airbnb.com/rooms/648501530742752063
648526008035647500,$169.00,NA,2,1,1,1,5,3,https://www.airbnb.com/rooms/648526008035647446
648543338159103100,$375.00,Neighborhood highlights,6,2,2,2,NA,0,https://www.airbnb.com/rooms/648543338159103074
648552533965337e3,$400.00,Neighborhood highlights,6,2,2,2,1,1,https://www.airbnb.com/rooms/648552533965336949
648587804094088600,$246.00,NA,2,1,0,1,4.67,6,https://www.airbnb.com/rooms/648587804094088553
648592683552031500,$130.00,Neighborhood highlights,2,1,0,1,4.93,191,https://www.airbnb.com/rooms/648592683552031495
648612556966047500,NA,NA,1,NA,NA,NA,5,12,https://www.airbnb.com/rooms/648612556966047511
648626938629605800,$198.00,Neighborhood highlights,4,1,3,3,NA,0,https://www.airbnb.com/rooms/648626938629605757
648686501635596400,$145.00,NA,6,1,3,3,4.69,26,https://www.airbnb.com/rooms/648686501635596386
648732550651285100,$175.00,Neighborhood highlights,5,1,1,3,4.65,65,https://www.airbnb.com/rooms/648732550651285115
648733025832739500,$98.00,NA,2,1,1,1,4.15,27,https://www.airbnb.com/rooms/648733025832739455
648733914773975400,$143.00,NA,2,0,0,2,4.6,80,https://www.airbnb.com/rooms/648733914773975406
648767260782957600,$200.00,Neighborhood highlights,7,2.5,4,5,4.75,4,https://www.airbnb.com/rooms/648767260782957609
648775559661516200,$339.00,Neighborhood highlights,6,2.5,2,4,4.85,62,https://www.airbnb.com/rooms/648775559661516156
648857359350164400,$199.00,NA,2,1,1,2,4.95,63,https://www.airbnb.com/rooms/648857359350164301
648908101004994600,NA,NA,1,NA,NA,NA,4.87,78,https://www.airbnb.com/rooms/648908101004994524
649075074887124600,$155.00,Neighborhood highlights,2,1,0,1,3.5,2,https://www.airbnb.com/rooms/649075074887124641
649081767387879e3,NA,NA,6,NA,2,NA,4.67,3,https://www.airbnb.com/rooms/649081767387878979
649098572529240300,NA,Neighborhood highlights,2,NA,NA,NA,5,2,https://www.airbnb.com/rooms/649098572529240318
649107665318683100,$73.00,Neighborhood highlights,1,1,1,1,4.47,15,https://www.airbnb.com/rooms/649107665318683109
649110754016519e3,$139.00,NA,2,1,1,2,4.64,81,https://www.airbnb.com/rooms/649110754016519016
649129686097497500,$373.00,NA,3,1,1,2,4.94,35,https://www.airbnb.com/rooms/649129686097497520
649171234457483400,NA,NA,8,NA,3,NA,4.7,23,https://www.airbnb.com/rooms/649171234457483387
649174647761073200,$135.00,NA,2,1,0,2,4,6,https://www.airbnb.com/rooms/649174647761073124
649185211357475700,$300.00,NA,6,1,3,3,2,1,https://www.airbnb.com/rooms/649185211357475650
649188496353748700,NA,Neighborhood highlights,3,NA,1,NA,4.75,12,https://www.airbnb.com/rooms/649188496353748763
6.4919166227877594e+17,$199.00,NA,2,1,1,2,4.96,50,https://www.airbnb.com/rooms/649191662278775891
649196902646021100,$110.00,NA,1,1,1,1,4.25,4,https://www.airbnb.com/rooms/649196902646021083
649207925115972500,$277.00,NA,2,1,0,1,NA,0,https://www.airbnb.com/rooms/649207925115972536
6.4921914727991194e+17,$37.00,NA,2,1,1,1,NA,0,https://www.airbnb.com/rooms/649219147279911928
649243480456322600,$85.00,NA,2,1,1,1,4.97,31,https://www.airbnb.com/rooms/649243480456322528
649265769107676500,$265.00,NA,2,1,0,1,4.75,4,https://www.airbnb.com/rooms/649265769107676530
64926580713835e4,$220.00,NA,2,1,0,1,4.33,3,https://www.airbnb.com/rooms/649265807138349981
649266764109046900,$90.00,Neighborhood highlights,3,1,1,1,NA,0,https://www.airbnb.com/rooms/649266764109046867
649267754730612700,$140.00,Neighborhood highlights,2,1,1,1,4.93,54,https://www.airbnb.com/rooms/649267754730612723
649312397859851300,$89.00,Neighborhood highlights,3,1,0,2,4.46,28,https://www.airbnb.com/rooms/649312397859851284
649314401060114800,$145.00,Neighborhood highlights,6,1,2,3,4.5,12,https://www.airbnb.com/rooms/649314401060114870
649344196401364500,$84.00,NA,2,1,1,2,4.77,74,https://www.airbnb.com/rooms/649344196401364433
649361804801721100,$277.00,NA,2,1,0,1,4.8,5,https://www.airbnb.com/rooms/649361804801721027
649396817211747100,NA,NA,8,NA,3,NA,NA,0,https://www.airbnb.com/rooms/649396817211747108
649409919100947600,$249.00,NA,6,1,3,3,NA,0,https://www.airbnb.com/rooms/649409919100947625
649423203553367700,$116.00,NA,2,1,0,1,5,2,https://www.airbnb.com/rooms/649423203553367743
649470584792583300,$399.00,NA,6,1,3,4,4.33,6,https://www.airbnb.com/rooms/649470584792583345
649493072234819200,$88.00,NA,2,2,1,1,4.89,82,https://www.airbnb.com/rooms/649493072234819209
649522948140887700,$250.00,Neighborhood highlights,3,2,3,3,4.8,41,https://www.airbnb.com/rooms/649522948140887617
6.4970169500693606e+17,$100.00,Neighborhood highlights,1,1,1,1,3.89,9,https://www.airbnb.com/rooms/649701695006936118
649814577876399900,$83.00,Neighborhood highlights,1,1,1,1,NA,0,https://www.airbnb.com/rooms/649814577876399920
649819721923399600,$70.00,NA,2,1,1,1,5,5,https://www.airbnb.com/rooms/649819721923399503
649900405599945700,NA,NA,4,NA,1,NA,4,5,https://www.airbnb.com/rooms/649900405599945791
649903423252036e3,NA,NA,2,NA,1,NA,1,1,https://www.airbnb.com/rooms/649903423252035918
649904945697397600,NA,NA,2,NA,1,NA,4.57,14,https://www.airbnb.com/rooms/649904945697397610
649905426134989300,NA,NA,4,NA,2,NA,5,3,https://www.airbnb.com/rooms/649905426134989324
649905929833715300,NA,NA,4,NA,1,NA,4.75,4,https://www.airbnb.com/rooms/649905929833715362
649906944540990800,NA,NA,4,NA,1,NA,4.67,6,https://www.airbnb.com/rooms/649906944540990885
649907962236132600,$70.00,NA,2,1,1,1,NA,0,https://www.airbnb.com/rooms/649907962236132573
649930539132835100,$179.00,Neighborhood highlights,2,1,0,1,4.58,101,https://www.airbnb.com/rooms/649930539132835017
649935588690630700,$65.00,Neighborhood highlights,1,1,2,1,5,14,https://www.airbnb.com/rooms/649935588690630611
649952179707636700,$235.00,Neighborhood highlights,4,1,0,2,4.76,170,https://www.airbnb.com/rooms/649952179707636731
649958810437390300,$214.00,Neighborhood highlights,2,1,0,1,4.65,364,https://www.airbnb.com/rooms/649958810437390374
649965690762945500,$214.00,Neighborhood highlights,2,1,0,1,4.53,17,https://www.airbnb.com/rooms/649965690762945524
649968161200990800,$389.00,NA,2,2,4,8,4.76,49,https://www.airbnb.com/rooms/649968161200990873
649968169559996400,$194.00,Neighborhood highlights,2,1,0,1,4.67,36,https://www.airbnb.com/rooms/649968169559996381
650038079521479700,$185.00,NA,2,1,1,1,5,5,https://www.airbnb.com/rooms/650038079521479637
650091090835963e3,$109.00,NA,2,1,1,1,NA,0,https://www.airbnb.com/rooms/650091090835962950
650118088095149300,$285.00,NA,5,1,2,3,NA,0,https://www.airbnb.com/rooms/650118088095149287
650125021376712800,$117.00,NA,2,1,2,2,1.67,3,https://www.airbnb.com/rooms/650125021376712889
6.5013836141893594e+17,$90.00,NA,2,1,1,1,NA,0,https://www.airbnb.com/rooms/650138361418935954
650139894928176900,$150.00,Neighborhood highlights,6,1,4,5,4.8,50,https://www.airbnb.com/rooms/650139894928176912
650156553358311400,$120.00,Neighborhood highlights,2,1,1,1,4.75,8,https://www.airbnb.com/rooms/650156553358311474
650204531120073500,$117.00,NA,2,1,1,1,4.5,2,https://www.airbnb.com/rooms/650204531120073459
650481967750264200,$376.00,Neighborhood highlights,4,2,3,4,5,11,https://www.airbnb.com/rooms/650481967750264191
650494137473244400,$208.00,Neighborhood highlights,4,1.5,3,3,4.96,25,https://www.airbnb.com/rooms/650494137473244378
650657373008534700,$340.00,Neighborhood highlights,6,1,3,3,4.38,8,https://www.airbnb.com/rooms/650657373008534596
650712432517285600,$300.00,NA,4,1,1,1,4.89,9,https://www.airbnb.com/rooms/650712432517285683
650956611349081700,$189.00,Neighborhood highlights,2,1,1,1,5,3,https://www.airbnb.com/rooms/650956611349081780
650969850624566800,$160.00,Neighborhood highlights,1,1,1,1,5,28,https://www.airbnb.com/rooms/650969850624566810
6.5109090248450394e+17,"$1,429.00",NA,2,1,1,1,5,15,https://www.airbnb.com/rooms/651090902484503885
651141070866801700,$270.00,Neighborhood highlights,2,1.5,1,1,NA,0,https://www.airbnb.com/rooms/651141070866801705
651217453070717e3,NA,NA,1,NA,1,NA,NA,0,https://www.airbnb.com/rooms/651217453070716995
651315208890296400,$51.00,NA,3,1,1,1,4.63,107,https://www.airbnb.com/rooms/651315208890296394
651338556174245900,$250.00,Neighborhood highlights,7,2.5,4,4,5,2,https://www.airbnb.com/rooms/651338556174245862
651379369974834300,$149.00,NA,3,1,1,2,4.82,17,https://www.airbnb.com/rooms/651379369974834329
651383983309519500,$181.00,NA,5,1,1,3,4.65,34,https://www.airbnb.com/rooms/651383983309519498
651449714253706e3,$142.00,Neighborhood highlights,2,1,1,1,4.91,46,https://www.airbnb.com/rooms/651449714253705996
651474937733497200,NA,NA,1,NA,NA,NA,5,4,https://www.airbnb.com/rooms/651474937733497223
651495086718522100,$65.00,Neighborhood highlights,1,1,1,2,5,7,https://www.airbnb.com/rooms/651495086718522145
651497507012443500,$89.00,Neighborhood highlights,2,1,1,1,4.94,65,https://www.airbnb.com/rooms/651497507012443462
651524831580142200,$302.00,Neighborhood highlights,6,1,2,3,NA,0,https://www.airbnb.com/rooms/651524831580142228
651562218202790500,NA,Neighborhood highlights,4,NA,2,NA,5,1,https://www.airbnb.com/rooms/651562218202790555
651564440114113300,$170.00,NA,2,1,1,1,4.95,43,https://www.airbnb.com/rooms/651564440114113277
651587873612601100,NA,NA,7,NA,2,NA,NA,0,https://www.airbnb.com/rooms/651587873612601114
651593916026998400,NA,NA,2,NA,NA,NA,NA,0,https://www.airbnb.com/rooms/651593916026998398
651609977576996500,$389.00,NA,2,1,1,1,NA,0,https://www.airbnb.com/rooms/651609977576996497
651615646478624100,$210.00,NA,6,1,3,3,NA,0,https://www.airbnb.com/rooms/651615646478624151
651628141529414700,$166.00,NA,6,1,1,3,5,1,https://www.airbnb.com/rooms/651628141529414679
651629086666838100,$175.00,NA,3,1,1,1,4.6,30,https://www.airbnb.com/rooms/651629086666838151
651634314032635300,$65.00,Neighborhood highlights,2,1,1,1,4.7,10,https://www.airbnb.com/rooms/651634314032635229
651640728974046700,NA,NA,6,NA,3,NA,NA,0,https://www.airbnb.com/rooms/651640728974046766
652148994573037400,$101.00,Neighborhood highlights,1,1,1,1,5,4,https://www.airbnb.com/rooms/652148994573037396
652172745279262800,NA,NA,4,NA,2,NA,4.85,73,https://www.airbnb.com/rooms/652172745279262844
652209616641745200,$107.00,Neighborhood highlights,2,1,0,1,4.9,39,https://www.airbnb.com/rooms/652209616641745176
652279676468280200,$150.00,Neighborhood highlights,2,1,1,2,4.62,39,https://www.airbnb.com/rooms/652279676468280165
652494151174298500,$43.00,Neighborhood highlights,1,1,1,1,4.3,54,https://www.airbnb.com/rooms/652494151174298506
652512981578744200,$45.00,Neighborhood highlights,1,1,1,1,4.18,40,https://www.airbnb.com/rooms/652512981578744130
652728420275457200,$62.00,Neighborhood highlights,2,1,1,1,5,1,https://www.airbnb.com/rooms/652728420275457154
652765195663334300,NA,NA,1,NA,2,NA,NA,0,https://www.airbnb.com/rooms/652765195663334252
652933534451877200,$133.00,NA,2,1,0,1,NA,0,https://www.airbnb.com/rooms/652933534451877293
652937345632974100,$197.00,NA,8,2,3,5,5,1,https://www.airbnb.com/rooms/652937345632974037
652943524305648400,$197.00,NA,2,1,1,1,4.94,49,https://www.airbnb.com/rooms/652943524305648321
652993992835733e3,NA,Neighborhood highlights,2,NA,NA,NA,4.5,10,https://www.airbnb.com/rooms/652993992835732991
653015092633711700,$62.00,Neighborhood highlights,1,1,1,1,5,2,https://www.airbnb.com/rooms/653015092633711688
653032844402630300,$350.00,NA,6,1,3,3,4.94,16,https://www.airbnb.com/rooms/653032844402630246
653033565392375800,"$1,200.00",NA,2,3.5,4,4,NA,0,https://www.airbnb.com/rooms/653033565392375865
653115959913998e3,$93.00,NA,1,1.5,1,1,5,23,https://www.airbnb.com/rooms/653115959913997889
653121626548977500,$250.00,Neighborhood highlights,2,1.5,2,2,4.63,16,https://www.airbnb.com/rooms/653121626548977499
653258474247952600,$149.00,Neighborhood highlights,2,1,1,1,4.79,90,https://www.airbnb.com/rooms/653258474247952642
653295261335760800,$443.00,Neighborhood highlights,4,1,2,2,NA,0,https://www.airbnb.com/rooms/653295261335760706
653295592214769e3,$354.00,Neighborhood highlights,6,2,3,3,NA,0,https://www.airbnb.com/rooms/653295592214768980
653331491008788100,NA,NA,2,NA,NA,NA,4.8,15,https://www.airbnb.com/rooms/653331491008788135
653436475529853200,$129.00,Neighborhood highlights,2,1,1,1,4.9,31,https://www.airbnb.com/rooms/653436475529853186
653449381677669e3,NA,NA,3,NA,2,NA,5,2,https://www.airbnb.com/rooms/653449381677669032
653483360414653600,NA,NA,2,NA,NA,NA,4.46,13,https://www.airbnb.com/rooms/653483360414653528
653507297797336200,$65.00,NA,1,1,1,1,NA,0,https://www.airbnb.com/rooms/653507297797336134
653521720885521400,$70.00,NA,2,1,1,1,5,4,https://www.airbnb.com/rooms/653521720885521468
653536694333017900,$174.00,Neighborhood highlights,2,1,1,1,NA,0,https://www.airbnb.com/rooms/653536694333017814
653607125944399600,$300.00,NA,4,1,2,2,4.43,14,https://www.airbnb.com/rooms/653607125944399593
653645669646983e3,NA,Neighborhood highlights,2,NA,1,NA,4.88,17,https://www.airbnb.com/rooms/653645669646983071
653688020628660600,$168.00,NA,2,1,1,1,4.93,44,https://www.airbnb.com/rooms/653688020628660646
653714732160288500,NA,Neighborhood highlights,1,NA,NA,NA,4.88,122,https://www.airbnb.com/rooms/653714732160288528
653723361452107500,"$1,000.00",NA,4,2,2,3,5,5,https://www.airbnb.com/rooms/653723361452107575
653909555821012600,$330.00,Neighborhood highlights,5,1,2,2,4.89,18,https://www.airbnb.com/rooms/653909555821012638
654030106559187700,$231.00,Neighborhood highlights,2,1,1,1,NA,0,https://www.airbnb.com/rooms/654030106559187690
654073673847797600,$110.00,NA,2,1,1,1,NA,0,https://www.airbnb.com/rooms/654073673847797610
654096386003797400,NA,Neighborhood highlights,2,NA,1,NA,5,1,https://www.airbnb.com/rooms/654096386003797340
654206843986971600,$230.00,Neighborhood highlights,4,1,1,1,5,4,https://www.airbnb.com/rooms/654206843986971609
654213698930297500,$299.00,NA,2,1,1,1,5,1,https://www.airbnb.com/rooms/654213698930297417
654236650153476600,$200.00,Neighborhood highlights,4,1,2,2,4.13,8,https://www.airbnb.com/rooms/654236650153476579
654272694167633200,$302.00,NA,2,1,1,1,5,5,https://www.airbnb.com/rooms/654272694167633113
654274540781636400,$283.00,NA,2,1,1,1,5,3,https://www.airbnb.com/rooms/654274540781636364
654345916710898e3,$143.00,Neighborhood highlights,10,2,3,4,4.73,66,https://www.airbnb.com/rooms/654345916710898110
654361482306091100,$201.00,Neighborhood highlights,1,1,1,1,4.91,132,https://www.airbnb.com/rooms/654361482306091105
654369142722453100,$60.00,NA,2,1,1,1,4.62,42,https://www.airbnb.com/rooms/654369142722453169
654374746298580500,$89.00,Neighborhood highlights,2,1,1,1,4.94,139,https://www.airbnb.com/rooms/654374746298580477
654390748938051700,NA,NA,3,NA,1,NA,5,3,https://www.airbnb.com/rooms/654390748938051680
654402388376149900,"$2,000.00",Neighborhood highlights,6,6,5,6,5,1,https://www.airbnb.com/rooms/654402388376149877
654403670398653400,$124.00,NA,3,1,1,2,4.44,90,https://www.airbnb.com/rooms/654403670398653419
65441268670127e4,$189.00,Neighborhood highlights,2,1,1,2,4.83,48,https://www.airbnb.com/rooms/654412686701270062
654422366880624e3,NA,NA,2,NA,1,NA,5,5,https://www.airbnb.com/rooms/654422366880624023
654429810861492100,$165.00,Neighborhood highlights,6,1,2,3,4.93,61,https://www.airbnb.com/rooms/654429810861492069
654470154099824500,NA,Neighborhood highlights,4,NA,2,NA,4.88,8,https://www.airbnb.com/rooms/654470154099824456
654528694889785600,$243.00,NA,5,2,2,2,NA,0,https://www.airbnb.com/rooms/654528694889785621
654544771425247900,$104.00,Neighborhood highlights,1,1,1,1,5,2,https://www.airbnb.com/rooms/654544771425247916
654546940803014100,$267.00,NA,5,2,2,2,NA,0,https://www.airbnb.com/rooms/654546940803014161
654558158981000200,$215.00,NA,4,1,2,1,4.5,8,https://www.airbnb.com/rooms/654558158981000200
654625640417543300,$215.00,NA,3,1,1,1,4.87,39,https://www.airbnb.com/rooms/654625640417543306
65472620771104e4,NA,NA,2,NA,1,NA,NA,0,https://www.airbnb.com/rooms/654726207711039975
654937944496459800,$66.00,NA,1,1,1,1,NA,0,https://www.airbnb.com/rooms/654937944496459742
654949802542096800,$130.00,Neighborhood highlights,2,1,1,1,4.98,124,https://www.airbnb.com/rooms/654949802542096801
655057865614543400,"$3,600.00",NA,16,3,3,3,5,1,https://www.airbnb.com/rooms/655057865614543377
655061924755782e3,$100.00,Neighborhood highlights,2,1,1,1,4.94,78,https://www.airbnb.com/rooms/655061924755781969
655084915447823100,$416.00,Neighborhood highlights,4,1,1,2,4.25,16,https://www.airbnb.com/rooms/655084915447823076
6.5510122646474406e+17,NA,Neighborhood highlights,2,NA,1,NA,5,15,https://www.airbnb.com/rooms/655101226464744005
655119049254518800,$57.00,NA,3,1,1,2,4.9,10,https://www.airbnb.com/rooms/655119049254518736
655133439562431100,NA,NA,2,NA,1,NA,5,6,https://www.airbnb.com/rooms/655133439562431150
655144931255799800,$220.00,NA,2,1,1,1,5,22,https://www.airbnb.com/rooms/655144931255799849
655155221993894100,NA,Neighborhood highlights,1,NA,NA,NA,3.33,3,https://www.airbnb.com/rooms/655155221993894189
655205438300291600,$183.00,NA,8,2,3,3,NA,0,https://www.airbnb.com/rooms/655205438300291534
6552186826117e5,$183.00,NA,6,2,3,3,NA,0,https://www.airbnb.com/rooms/655218682611699970
655238160094915500,$298.00,Neighborhood highlights,4,1,2,2,4.8,10,https://www.airbnb.com/rooms/655238160094915460
655241486161179100,$455.00,Neighborhood highlights,2,2.5,3,3,5,15,https://www.airbnb.com/rooms/655241486161179082
655244206955404500,NA,Neighborhood highlights,2,NA,NA,NA,NA,0,https://www.airbnb.com/rooms/655244206955404591
655264235480555300,NA,Neighborhood highlights,2,NA,NA,NA,5,1,https://www.airbnb.com/rooms/655264235480555254
655276640634508500,NA,NA,1,NA,NA,NA,NA,0,https://www.airbnb.com/rooms/655276640634508542
655339007497638500,$229.00,Neighborhood highlights,4,1,2,3,4.81,127,https://www.airbnb.com/rooms/655339007497638499
655344158993649e3,$161.00,NA,2,1,1,1,4.71,114,https://www.airbnb.com/rooms/655344158993649044
655565090602020100,$300.00,Neighborhood highlights,2,1,1,1,NA,0,https://www.airbnb.com/rooms/655565090602020122
655606853429815200,$95.00,NA,2,1,1,1,NA,0,https://www.airbnb.com/rooms/655606853429815213
655639829261307800,NA,Neighborhood highlights,2,NA,2,NA,5,4,https://www.airbnb.com/rooms/655639829261307791
655655590735199400,$411.00,NA,6,1,4,4,4.8,5,https://www.airbnb.com/rooms/655655590735199413
655677192002375200,NA,Neighborhood highlights,4,NA,2,NA,5,2,https://www.airbnb.com/rooms/655677192002375123
655733624096906e3,$80.00,Neighborhood highlights,4,1.5,1,1,4.88,67,https://www.airbnb.com/rooms/655733624096905947
655757649786694900,$100.00,NA,1,1,2,1,4.4,5,https://www.airbnb.com/rooms/655757649786694921
655985883678196e3,NA,Neighborhood highlights,8,NA,4,NA,4.68,31,https://www.airbnb.com/rooms/655985883678195946
656012196224522e3,"$1,200.00",NA,6,2.5,2,2,5,1,https://www.airbnb.com/rooms/656012196224522033
656027520962010200,$45.00,NA,4,1,1,2,4.38,8,https://www.airbnb.com/rooms/656027520962010261
656048217942976400,$98.00,Neighborhood highlights,2,1,1,1,4.2,5,https://www.airbnb.com/rooms/656048217942976411
656061093200134700,$250.00,NA,2,1.5,1,1,5,20,https://www.airbnb.com/rooms/656061093200134683
656247043276001300,NA,Neighborhood highlights,3,NA,1,NA,4.5,6,https://www.airbnb.com/rooms/656247043276001273
656289993889198100,$233.00,Neighborhood highlights,2,1,1,1,NA,0,https://www.airbnb.com/rooms/656289993889198021
656292512767358700,$234.00,Neighborhood highlights,2,1,1,1,NA,0,https://www.airbnb.com/rooms/656292512767358715
656388033574218800,$200.00,Neighborhood highlights,4,1,1,4,4.32,34,https://www.airbnb.com/rooms/656388033574218797
656394974994716700,$321.00,Neighborhood highlights,4,2,2,3,5,52,https://www.airbnb.com/rooms/656394974994716619
656397999425509600,NA,Neighborhood highlights,4,NA,2,NA,4.72,39,https://www.airbnb.com/rooms/656397999425509672
656439552095891200,$150.00,NA,4,1,0,2,5,8,https://www.airbnb.com/rooms/656439552095891153
656480577099546500,NA,NA,2,NA,NA,NA,5,3,https://www.airbnb.com/rooms/656480577099546545
656542401937236e3,NA,Neighborhood highlights,2,NA,NA,NA,4.88,49,https://www.airbnb.com/rooms/656542401937235958
656571870851532900,$73.00,NA,2,1,1,1,4.33,3,https://www.airbnb.com/rooms/656571870851532866
656572443194920400,$60.00,NA,2,1,1,1,4.86,42,https://www.airbnb.com/rooms/656572443194920483
656613711417727500,$45.00,Neighborhood highlights,1,1,1,1,NA,0,https://www.airbnb.com/rooms/656613711417727477
656619145059845e3,$60.00,Neighborhood highlights,1,1,1,1,NA,0,https://www.airbnb.com/rooms/656619145059845047
656642874471658600,$375.00,NA,2,1,1,1,NA,0,https://www.airbnb.com/rooms/656642874471658660
656670206888476200,$153.00,NA,2,1,1,1,4.66,86,https://www.airbnb.com/rooms/656670206888476126
656786592772732700,$120.00,NA,1,1,1,1,5,1,https://www.airbnb.com/rooms/656786592772732637
656984227698035200,$325.00,Neighborhood highlights,7,1,2,3,4.84,43,https://www.airbnb.com/rooms/656984227698035180
657007491901880700,$145.00,Neighborhood highlights,2,1,2,2,4.96,51,https://www.airbnb.com/rooms/657007491901880680
657114792493776e3,$350.00,NA,2,1,1,1,4.94,18,https://www.airbnb.com/rooms/657114792493776062
657125083842330400,$200.00,Neighborhood highlights,2,1,1,1,5,9,https://www.airbnb.com/rooms/657125083842330352
657148208532648400,$80.00,Neighborhood highlights,1,1,1,1,5,1,https://www.airbnb.com/rooms/657148208532648393
657160196365765400,$169.00,Neighborhood highlights,3,1,2,2,5,5,https://www.airbnb.com/rooms/657160196365765351
657161625137901400,$423.00,Neighborhood highlights,4,1,0,2,NA,0,https://www.airbnb.com/rooms/657161625137901422
657241935470471300,$548.00,NA,6,2,2,4,4.95,19,https://www.airbnb.com/rooms/657241935470471253
657371072209259900,NA,NA,4,NA,2,NA,5,1,https://www.airbnb.com/rooms/657371072209259860
657441930493975700,$300.00,NA,6,1,3,3,5,5,https://www.airbnb.com/rooms/657441930493975647
657450415752189400,$155.00,Neighborhood highlights,2,1,0,1,4,1,https://www.airbnb.com/rooms/657450415752189395
657831597044910300,$200.00,NA,2,1,1,2,5,1,https://www.airbnb.com/rooms/657831597044910300
657836649849238400,$343.00,Neighborhood highlights,5,1.5,3,4,4.88,40,https://www.airbnb.com/rooms/657836649849238363
657945772316259500,$95.00,Neighborhood highlights,2,1.5,1,1,4.92,78,https://www.airbnb.com/rooms/657945772316259432
657962221012628900,$556.00,NA,6,2,3,5,4.76,34,https://www.airbnb.com/rooms/657962221012628823
657985069638694900,$90.00,NA,2,1,1,1,5,2,https://www.airbnb.com/rooms/657985069638694860
658038137610452700,NA,NA,5,NA,2,NA,4.96,23,https://www.airbnb.com/rooms/658038137610452673
658074690563378700,NA,NA,2,NA,1,NA,4.5,2,https://www.airbnb.com/rooms/658074690563378679
658467871334019200,$263.00,Neighborhood highlights,4,1,2,2,5,1,https://www.airbnb.com/rooms/658467871334019195
658473651880117500,$77.00,NA,1,1,1,1,5,3,https://www.airbnb.com/rooms/658473651880117447
658476893753152600,$346.00,Neighborhood highlights,2,1,1,1,2.5,2,https://www.airbnb.com/rooms/658476893753152665
658503812592196e3,NA,NA,4,NA,2,NA,NA,0,https://www.airbnb.com/rooms/658503812592195974
658528213631488800,$75.00,NA,2,1,1,1,NA,0,https://www.airbnb.com/rooms/658528213631488822
658545811833091500,$370.00,Neighborhood highlights,6,1,2,4,4.9,62,https://www.airbnb.com/rooms/658545811833091501
658567847166417400,$190.00,Neighborhood highlights,2,1,0,1,4.72,25,https://www.airbnb.com/rooms/658567847166417444
658593485867330800,NA,NA,2,NA,1,NA,4.67,15,https://www.airbnb.com/rooms/658593485867330859
658593619913286400,NA,NA,2,NA,1,NA,4.47,19,https://www.airbnb.com/rooms/658593619913286406
658627538548772e3,$220.00,NA,2,1,1,1,5,4,https://www.airbnb.com/rooms/658627538548771993
658652034156317400,$289.00,NA,4,1,0,2,NA,0,https://www.airbnb.com/rooms/658652034156317401
658658419167402500,$129.00,NA,6,1,2,3,4.67,6,https://www.airbnb.com/rooms/658658419167402439
658680445829252700,$191.00,Neighborhood highlights,4,1,1,1,5,5,https://www.airbnb.com/rooms/658680445829252719
658698666358924800,$174.00,Neighborhood highlights,2,1,2,2,5,1,https://www.airbnb.com/rooms/658698666358924862
658760978030704900,$326.00,Neighborhood highlights,2,1,1,1,4.89,36,https://www.airbnb.com/rooms/658760978030704860
658768987162660500,$66.00,NA,1,1,1,1,NA,0,https://www.airbnb.com/rooms/658768987162660522
658772827164292900,$167.00,Neighborhood highlights,2,1,1,1,4.91,53,https://www.airbnb.com/rooms/658772827164292906
658778407325963300,$199.00,NA,2,1,1,1,4.92,64,https://www.airbnb.com/rooms/658778407325963223
658797762075613600,$177.00,NA,2,1,1,1,4.7,46,https://www.airbnb.com/rooms/658797762075613569
658840248450586500,$379.00,Neighborhood highlights,6,1,2,3,4.85,26,https://www.airbnb.com/rooms/658840248450586454
658848031386457100,$129.00,Neighborhood highlights,2,1,1,1,4.86,21,https://www.airbnb.com/rooms/658848031386457087
658852188801289300,$328.00,Neighborhood highlights,8,1.5,1,5,4.92,73,https://www.airbnb.com/rooms/658852188801289401
658872910949576800,$83.00,Neighborhood highlights,1,1,0,1,4.74,62,https://www.airbnb.com/rooms/658872910949576878
658892870219038500,NA,Neighborhood highlights,1,NA,NA,NA,NA,0,https://www.airbnb.com/rooms/658892870219038525
658907663386656400,NA,Neighborhood highlights,2,NA,1,NA,NA,0,https://www.airbnb.com/rooms/658907663386656370
658912955699416400,$120.00,Neighborhood highlights,3,1,1,1,5,10,https://www.airbnb.com/rooms/658912955699416386
658952579841691400,NA,Neighborhood highlights,2,NA,NA,NA,4,1,https://www.airbnb.com/rooms/658952579841691406
658988234758536800,NA,Neighborhood highlights,2,NA,NA,NA,NA,0,https://www.airbnb.com/rooms/658988234758536829
659020891922810900,$281.00,Neighborhood highlights,2,1,1,1,5,5,https://www.airbnb.com/rooms/659020891922810888
659119714760195300,NA,Neighborhood highlights,1,NA,NA,NA,NA,0,https://www.airbnb.com/rooms/659119714760195297
659139831841951500,$45.00,Neighborhood highlights,2,1,1,1,NA,0,https://www.airbnb.com/rooms/659139831841951546
659192804246853500,NA,Neighborhood highlights,1,NA,NA,NA,5,3,https://www.airbnb.com/rooms/659192804246853527
659251938589582e3,NA,NA,2,NA,2,NA,4.71,7,https://www.airbnb.com/rooms/659251938589581896
659260971295206300,$92.00,Neighborhood highlights,4,1,2,3,4.93,45,https://www.airbnb.com/rooms/659260971295206222
659310625338344700,$140.00,Neighborhood highlights,1,1,1,1,4.08,12,https://www.airbnb.com/rooms/659310625338344733
659312809290309600,$65.00,NA,2,1,1,1,4.28,32,https://www.airbnb.com/rooms/659312809290309591
659318499793428500,$55.00,Neighborhood highlights,2,1,1,2,4.64,36,https://www.airbnb.com/rooms/659318499793428434
659329592070542700,NA,NA,2,NA,NA,NA,1,2,https://www.airbnb.com/rooms/659329592070542766
659341556619965400,NA,Neighborhood highlights,2,NA,NA,NA,5,3,https://www.airbnb.com/rooms/659341556619965499
659377270989336600,$140.00,NA,6,2,2,2,4.3,20,https://www.airbnb.com/rooms/659377270989336593
659412576671178e3,$230.00,NA,4,2,2,2,5,4,https://www.airbnb.com/rooms/659412576671178046
659420459502596400,$170.00,Neighborhood highlights,3,1.5,1,1,5,18,https://www.airbnb.com/rooms/659420459502596346
659422624325644300,$170.00,Neighborhood highlights,2,1,1,1,5,2,https://www.airbnb.com/rooms/659422624325644314
659483103190871700,$159.00,Neighborhood highlights,2,1,1,2,4.8,5,https://www.airbnb.com/rooms/659483103190871635
659506943405862900,$229.00,NA,4,1,1,2,4.75,4,https://www.airbnb.com/rooms/659506943405862911
659524468137662200,$140.00,Neighborhood highlights,3,1,1,2,4.96,54,https://www.airbnb.com/rooms/659524468137662241
659528166968284400,$50.00,Neighborhood highlights,1,1,1,1,4.9,39,https://www.airbnb.com/rooms/659528166968284441
659604683113528300,$185.00,Neighborhood highlights,4,1,1,2,5,3,https://www.airbnb.com/rooms/659604683113528369
659631472910843800,$192.00,Neighborhood highlights,3,1,2,2,4.97,62,https://www.airbnb.com/rooms/659631472910843766
659786580883647200,NA,Neighborhood highlights,2,NA,NA,NA,NA,0,https://www.airbnb.com/rooms/659786580883647183
659813590472610800,$45.00,Neighborhood highlights,2,1,1,1,NA,0,https://www.airbnb.com/rooms/659813590472610860
659830629004758e3,NA,Neighborhood highlights,1,NA,NA,NA,4,1,https://www.airbnb.com/rooms/659830629004758023
659862982529135700,$43.00,Neighborhood highlights,2,2,1,2,5,2,https://www.airbnb.com/rooms/659862982529135703
659895773898892900,$258.00,Neighborhood highlights,2,1,1,1,NA,0,https://www.airbnb.com/rooms/659895773898892978
659898672803776600,$313.00,Neighborhood highlights,4,2,2,2,NA,0,https://www.airbnb.com/rooms/659898672803776629
659898991484098600,$195.00,Neighborhood highlights,2,1,1,1,NA,0,https://www.airbnb.com/rooms/659898991484098598
659962127827331300,$163.00,Neighborhood highlights,2,1,2,2,4.33,6,https://www.airbnb.com/rooms/659962127827331285
659969149413779200,NA,NA,1,NA,NA,NA,4.94,69,https://www.airbnb.com/rooms/659969149413779138
659997673906063400,$85.00,NA,2,1,1,1,1,1,https://www.airbnb.com/rooms/659997673906063358
660032656340817500,NA,Neighborhood highlights,4,NA,2,NA,4.67,12,https://www.airbnb.com/rooms/660032656340817517
660042195395876600,$100.00,Neighborhood highlights,2,1,1,1,4.81,16,https://www.airbnb.com/rooms/660042195395876548
660052120631955300,$104.00,Neighborhood highlights,2,1,1,2,NA,0,https://www.airbnb.com/rooms/660052120631955356
660056513559633400,$150.00,NA,3,1,1,3,4.5,10,https://www.airbnb.com/rooms/660056513559633413
660082095537116500,$100.00,Neighborhood highlights,2,1,1,1,4.91,80,https://www.airbnb.com/rooms/660082095537116529
660143703289707900,$320.00,NA,2,1,1,1,5,3,https://www.airbnb.com/rooms/660143703289707879
660204875025359400,$280.00,NA,2,1,1,1,4.86,21,https://www.airbnb.com/rooms/660204875025359364
66029993186335e4,$140.00,NA,4,1,0,2,5,3,https://www.airbnb.com/rooms/660299931863349952
660299946944611800,$149.00,NA,2,1,2,2,4.86,37,https://www.airbnb.com/rooms/660299946944611779
660310667265628400,$96.00,Neighborhood highlights,2,1,1,1,5,12,https://www.airbnb.com/rooms/660310667265628435
660325478398193400,NA,Neighborhood highlights,1,NA,NA,NA,4,1,https://www.airbnb.com/rooms/660325478398193360
660348429997264900,$40.00,Neighborhood highlights,2,1,1,1,3,2,https://www.airbnb.com/rooms/660348429997264887
660439600344856600,$39.00,Neighborhood highlights,1,1,1,1,5,2,https://www.airbnb.com/rooms/660439600344856604
660449497312289200,$181.00,NA,2,1,1,2,4.77,64,https://www.airbnb.com/rooms/660449497312289132
660464226861212800,$41.00,Neighborhood highlights,2,1,1,1,NA,0,https://www.airbnb.com/rooms/660464226861212827
660468074010524300,$542.00,NA,7,2,3,3,4.74,35,https://www.airbnb.com/rooms/660468074010524274
6.6055067795327194e+17,$76.00,NA,2,2,4,1,NA,0,https://www.airbnb.com/rooms/660550677953271936
660621871798289e3,$216.00,NA,1,1,1,1,4.69,29,https://www.airbnb.com/rooms/660621871798289009
660784156196154200,$163.00,Neighborhood highlights,2,1,0,1,3,1,https://www.airbnb.com/rooms/660784156196154183
660801366565819100,$85.00,Neighborhood highlights,2,1,1,1,4.94,48,https://www.airbnb.com/rooms/660801366565819095
660806119289637900,$241.00,Neighborhood highlights,2,1,1,1,4.82,11,https://www.airbnb.com/rooms/660806119289637869
660817027795540100,$300.00,NA,4,1,2,2,5,1,https://www.airbnb.com/rooms/660817027795540122
660878177372429200,$185.00,NA,1,1,0,1,4.86,7,https://www.airbnb.com/rooms/660878177372429228
660925723513795800,$125.00,Neighborhood highlights,2,1,1,1,NA,0,https://www.airbnb.com/rooms/660925723513795835
660940560060862e3,NA,NA,4,NA,2,NA,4.67,6,https://www.airbnb.com/rooms/660940560060861896
661047626577487900,NA,NA,2,NA,1,NA,5,3,https://www.airbnb.com/rooms/661047626577487909
661051689303484700,$55.00,Neighborhood highlights,1,1.5,1,1,4.8,5,https://www.airbnb.com/rooms/661051689303484701
661072300808739100,$50.00,Neighborhood highlights,1,1.5,1,1,5,3,https://www.airbnb.com/rooms/661072300808739106
661082174673264400,$55.00,Neighborhood highlights,1,1.5,1,1,5,7,https://www.airbnb.com/rooms/661082174673264411
661124761175705500,$771.00,Neighborhood highlights,6,2,3,3,4.25,4,https://www.airbnb.com/rooms/661124761175705523
661147139425587500,$109.00,Neighborhood highlights,4,1,1,1,4.98,240,https://www.airbnb.com/rooms/661147139425587430
661149465260974600,$38.00,Neighborhood highlights,1,1,1,1,NA,0,https://www.airbnb.com/rooms/661149465260974604
661166397409508500,NA,Neighborhood highlights,2,NA,NA,NA,NA,0,https://www.airbnb.com/rooms/661166397409508440
661181826586737700,NA,Neighborhood highlights,2,NA,1,NA,4.8,5,https://www.airbnb.com/rooms/661181826586737714
661404047684581800,$105.00,Neighborhood highlights,2,1,1,1,4.98,56,https://www.airbnb.com/rooms/661404047684581697
661414349506912900,$79.00,Neighborhood highlights,2,1,1,1,4.96,48,https://www.airbnb.com/rooms/661414349506912943
661448870217296400,NA,Neighborhood highlights,3,NA,1,NA,NA,0,https://www.airbnb.com/rooms/661448870217296346
661479822799553800,NA,NA,6,NA,3,NA,3.92,12,https://www.airbnb.com/rooms/661479822799553764
661489424483343400,$50.00,NA,5,1,2,2,4.38,40,https://www.airbnb.com/rooms/661489424483343369
661507166274157700,$299.00,NA,8,1.5,3,4,4.91,67,https://www.airbnb.com/rooms/661507166274157667
661544600499634800,$478.00,Neighborhood highlights,7,2,3,3,4.65,17,https://www.airbnb.com/rooms/661544600499634761
661552460178932200,$192.00,Neighborhood highlights,4,1,1,1,4.67,6,https://www.airbnb.com/rooms/661552460178932280
661571589480416800,$264.00,Neighborhood highlights,6,1.5,2,3,5,1,https://www.airbnb.com/rooms/661571589480416747
661582521798525700,$155.00,NA,1,1,0,1,5,3,https://www.airbnb.com/rooms/661582521798525657
661630205577243400,$229.00,NA,5,1,1,2,4.5,28,https://www.airbnb.com/rooms/661630205577243354
661654644870337500,NA,Neighborhood highlights,2,NA,NA,NA,4.78,46,https://www.airbnb.com/rooms/661654644870337577
661706684975350400,$159.00,Neighborhood highlights,4,1,2,2,4.93,61,https://www.airbnb.com/rooms/661706684975350438
661713782277628200,$100.00,NA,1,2,1,1,4.96,26,https://www.airbnb.com/rooms/661713782277628102
661725822508445400,NA,NA,2,NA,NA,NA,NA,0,https://www.airbnb.com/rooms/661725822508445380
661730417858478200,$115.00,NA,2,1,1,1,4.38,21,https://www.airbnb.com/rooms/661730417858478185
661781799902754800,$231.00,NA,2,1,1,1,5,28,https://www.airbnb.com/rooms/661781799902754847
661782930987139600,$85.00,Neighborhood highlights,3,1,1,4,4.79,14,https://www.airbnb.com/rooms/661782930987139565
661815525849464200,$71.00,Neighborhood highlights,2,1,1,2,4.9,10,https://www.airbnb.com/rooms/661815525849464198
662169111240753900,$44.00,NA,1,1,1,1,NA,0,https://www.airbnb.com/rooms/662169111240753946
662194644295415200,$55.00,Neighborhood highlights,1,1,1,1,4.86,14,https://www.airbnb.com/rooms/662194644295415176
662225821326078100,$117.00,Neighborhood highlights,2,1,1,1,4.58,111,https://www.airbnb.com/rooms/662225821326078046
662294145410750600,$380.00,Neighborhood highlights,8,2.5,3,4,4.91,68,https://www.airbnb.com/rooms/662294145410750636
662322807381323100,$80.00,Neighborhood highlights,1,1,1,1,4.96,26,https://www.airbnb.com/rooms/662322807381323149
662324653098427800,$179.00,Neighborhood highlights,8,1.5,3,3,4.87,23,https://www.airbnb.com/rooms/662324653098427815
662333562981472400,NA,NA,2,NA,1,NA,5,2,https://www.airbnb.com/rooms/662333562981472345
662414596006658700,NA,Neighborhood highlights,2,NA,NA,NA,4.89,9,https://www.airbnb.com/rooms/662414596006658636
662468221101298e3,$114.00,Neighborhood highlights,1,1,1,1,4.99,85,https://www.airbnb.com/rooms/662468221101298052
662634382281169e3,NA,NA,2,NA,NA,NA,4.67,3,https://www.airbnb.com/rooms/662634382281169012
662715538137334700,NA,NA,1,NA,1,NA,5,7,https://www.airbnb.com/rooms/662715538137334599
662719849289901400,$225.00,NA,2,1,0,1,NA,0,https://www.airbnb.com/rooms/662719849289901468
662854742004200300,NA,NA,2,NA,1,NA,5,4,https://www.airbnb.com/rooms/662854742004200367
662885171324702e3,$95.00,Neighborhood highlights,2,1,1,1,4.59,44,https://www.airbnb.com/rooms/662885171324701891
662908139346389400,$232.00,Neighborhood highlights,2,1,1,1,5,2,https://www.airbnb.com/rooms/662908139346389329
662918883547539800,$50.00,Neighborhood highlights,2,1,1,1,4.81,21,https://www.airbnb.com/rooms/662918883547539852
663051010733596700,$199.00,NA,6,1,2,3,5,5,https://www.airbnb.com/rooms/663051010733596682
663110648582733e3,NA,Neighborhood highlights,1,NA,NA,NA,5,6,https://www.airbnb.com/rooms/663110648582733012
663185874925783700,$100.00,Neighborhood highlights,2,1,1,1,4.79,73,https://www.airbnb.com/rooms/663185874925783688
663209281854083500,NA,NA,2,NA,NA,NA,NA,0,https://www.airbnb.com/rooms/663209281854083425
663619511043068500,$150.00,Neighborhood highlights,2,1,1,1,4.79,108,https://www.airbnb.com/rooms/663619511043068535
663621928284719e3,NA,NA,1,NA,1,NA,NA,0,https://www.airbnb.com/rooms/663621928284719005
663649634317192400,$160.00,Neighborhood highlights,2,1,0,1,4.5,2,https://www.airbnb.com/rooms/663649634317192434
663684786694835300,NA,NA,2,NA,NA,NA,4,4,https://www.airbnb.com/rooms/663684786694835347
663697610236716800,$40.00,NA,1,1,1,1,4.52,21,https://www.airbnb.com/rooms/663697610236716834
663718440837696400,$85.00,Neighborhood highlights,2,1,1,1,4.71,24,https://www.airbnb.com/rooms/663718440837696429
663745860969758600,$130.00,Neighborhood highlights,4,1,2,4,4.9,73,https://www.airbnb.com/rooms/663745860969758545
663746111895282400,$100.00,NA,4,1,1,1,4.45,31,https://www.airbnb.com/rooms/663746111895282403
663748681839344900,$142.00,NA,2,1,1,1,4.8,89,https://www.airbnb.com/rooms/663748681839344930
663774622861765400,$93.00,Neighborhood highlights,2,1,0,2,4.75,44,https://www.airbnb.com/rooms/663774622861765379
663833979768493600,$140.00,NA,5,1,2,2,4.71,56,https://www.airbnb.com/rooms/663833979768493524
664069026786529300,$150.00,NA,2,1,1,1,4.55,22,https://www.airbnb.com/rooms/664069026786529219
664131650504538200,$254.00,Neighborhood highlights,2,1,1,1,NA,0,https://www.airbnb.com/rooms/664131650504538216
664255702585134600,$200.00,Neighborhood highlights,3,1,1,1,4.3,10,https://www.airbnb.com/rooms/664255702585134531
664296796498884900,$240.00,NA,2,1,0,1,4.95,19,https://www.airbnb.com/rooms/664296796498884804
664357173915207700,$55.00,Neighborhood highlights,1,1.5,1,1,5,6,https://www.airbnb.com/rooms/664357173915207634
664375845830898800,$150.00,NA,3,1,1,2,3,3,https://www.airbnb.com/rooms/664375845830898773
664390826805768700,$275.00,NA,5,1.5,3,3,4.75,4,https://www.airbnb.com/rooms/664390826805768659
664397229263148400,$349.00,NA,2,1,1,1,4.71,7,https://www.airbnb.com/rooms/664397229263148421
664497748383780100,$100.00,NA,3,1,1,1,4.4,10,https://www.airbnb.com/rooms/664497748383780160
664572843276859600,$101.00,Neighborhood highlights,2,1.5,1,2,5,5,https://www.airbnb.com/rooms/664572843276859586
664579373936408800,$100.00,NA,2,1,1,1,5,6,https://www.airbnb.com/rooms/664579373936408809
664592128234764500,NA,NA,2,NA,1,NA,NA,0,https://www.airbnb.com/rooms/664592128234764567
664633132220977400,$130.00,NA,2,1,1,1,4.87,79,https://www.airbnb.com/rooms/664633132220977386
664636711297826200,$250.00,Neighborhood highlights,6,2,3,4,4.91,75,https://www.airbnb.com/rooms/664636711297826137
664690019018423600,NA,Neighborhood highlights,2,NA,1,NA,5,2,https://www.airbnb.com/rooms/664690019018423522
664712422766458400,NA,NA,2,NA,1,NA,NA,0,https://www.airbnb.com/rooms/664712422766458416
664718575675240800,NA,NA,2,NA,1,NA,5,3,https://www.airbnb.com/rooms/664718575675240842
664750177582396400,NA,NA,2,NA,NA,NA,NA,0,https://www.airbnb.com/rooms/664750177582396471
664786138147954200,$39.00,Neighborhood highlights,1,1,1,1,5,1,https://www.airbnb.com/rooms/664786138147954127
664858198125567100,NA,Neighborhood highlights,2,NA,NA,NA,NA,0,https://www.airbnb.com/rooms/664858198125567144
664858490982848100,NA,Neighborhood highlights,2,NA,NA,NA,NA,0,https://www.airbnb.com/rooms/664858490982848128
664911795912787800,$42.00,Neighborhood highlights,1,1,1,1,5,1,https://www.airbnb.com/rooms/664911795912787897
665096684159385600,$150.00,Neighborhood highlights,2,1,1,1,5,26,https://www.airbnb.com/rooms/665096684159385562
66513852779048e4,$123.00,Neighborhood highlights,2,1.5,1,1,4.93,28,https://www.airbnb.com/rooms/665138527790480004
665156020477225500,$92.00,Neighborhood highlights,2,1,0,2,3.33,3,https://www.airbnb.com/rooms/665156020477225426
665163726232623e3,$650.00,NA,4,1.5,1,1,5,1,https://www.airbnb.com/rooms/665163726232622938
665181323509587100,$185.00,Neighborhood highlights,3,1,3,3,5,13,https://www.airbnb.com/rooms/665181323509587015
665194268205617900,$310.00,Neighborhood highlights,2,1,1,1,4.61,23,https://www.airbnb.com/rooms/665194268205617883
665207224147437200,$350.00,NA,2,1.5,1,1,5,2,https://www.airbnb.com/rooms/665207224147437182
665216186202601900,$111.00,NA,2,1,1,1,5,1,https://www.airbnb.com/rooms/665216186202601911
665261673918293900,$205.00,Neighborhood highlights,4,1,0,2,5,6,https://www.airbnb.com/rooms/665261673918293920
665312789712426400,$625.00,Neighborhood highlights,8,2,3,1,4.83,6,https://www.airbnb.com/rooms/665312789712426381
665409290103351600,$150.00,NA,1,1,0,1,4.36,22,https://www.airbnb.com/rooms/665409290103351494
665646655834815600,$185.00,Neighborhood highlights,2,1,0,1,NA,0,https://www.airbnb.com/rooms/665646655834815561
665671949504373600,NA,Neighborhood highlights,4,NA,2,NA,5,3,https://www.airbnb.com/rooms/665671949504373650
665683449975313300,$70.00,Neighborhood highlights,2,1,1,2,4.91,11,https://www.airbnb.com/rooms/665683449975313297
665763011147325700,NA,Neighborhood highlights,2,NA,1,NA,5,9,https://www.airbnb.com/rooms/665763011147325751
665776395339192200,NA,NA,2,NA,1,NA,5,5,https://www.airbnb.com/rooms/665776395339192167
665798319766014e3,NA,NA,4,NA,3,NA,NA,0,https://www.airbnb.com/rooms/665798319766013910
665821541040767100,$80.00,Neighborhood highlights,2,1,1,1,4.72,29,https://www.airbnb.com/rooms/665821541040767116
665824099468566300,$154.00,Neighborhood highlights,2,1,1,1,4.54,26,https://www.airbnb.com/rooms/665824099468566235
665857667645966500,$197.00,Neighborhood highlights,4,1,1,2,4.63,59,https://www.airbnb.com/rooms/665857667645966460
665881240261196900,$197.00,Neighborhood highlights,3,1,1,2,4.45,83,https://www.airbnb.com/rooms/665881240261196973
665928263769244300,"$1,028.00",Neighborhood highlights,3,1,1,1,5,5,https://www.airbnb.com/rooms/665928263769244265
665937856862413400,$219.00,NA,2,1,1,1,5,7,https://www.airbnb.com/rooms/665937856862413383
665940355853174400,$40.00,Neighborhood highlights,1,2,1,2,4.5,2,https://www.airbnb.com/rooms/665940355853174403
665957060402579200,$79.00,Neighborhood highlights,1,1,1,1,4.82,55,https://www.airbnb.com/rooms/665957060402579185
665969160178614800,$37.00,Neighborhood highlights,1,2,1,2,4.67,3,https://www.airbnb.com/rooms/665969160178614841
665980631217887100,$222.00,Neighborhood highlights,4,1,1,2,4.71,17,https://www.airbnb.com/rooms/665980631217887084
666022943667475200,$139.00,Neighborhood highlights,2,1,0,1,4.88,80,https://www.airbnb.com/rooms/666022943667475224
666039859586324200,$148.00,Neighborhood highlights,3,1,1,2,4.76,29,https://www.airbnb.com/rooms/666039859586324230
666211588862292e3,NA,NA,2,NA,1,NA,4.4,10,https://www.airbnb.com/rooms/666211588862291966
666452158465931e3,$45.00,Neighborhood highlights,1,1,2,2,NA,0,https://www.airbnb.com/rooms/666452158465930957
666482362855955100,$280.00,NA,2,1,0,1,4.5,4,https://www.airbnb.com/rooms/666482362855955099
666523063265397500,$120.00,NA,3,1,1,2,NA,0,https://www.airbnb.com/rooms/666523063265397554
666546073287471600,$599.00,NA,2,2,2,2,4.76,49,https://www.airbnb.com/rooms/666546073287471564
6.6655366057184794e+17,NA,NA,1,NA,1,NA,NA,0,https://www.airbnb.com/rooms/666553660571847932
666604518209434800,$75.00,Neighborhood highlights,2,1,1,1,4.76,58,https://www.airbnb.com/rooms/666604518209434741
666647240323900200,$45.00,Neighborhood highlights,1,1,1,1,4.8,5,https://www.airbnb.com/rooms/666647240323900209
666687689202133200,$112.00,NA,2,1,1,1,5,7,https://www.airbnb.com/rooms/666687689202133264
666705065274020100,$109.00,NA,2,1,1,1,4.67,6,https://www.airbnb.com/rooms/666705065274020115
666708304495128700,$299.00,NA,3,1,1,1,4.9,10,https://www.airbnb.com/rooms/666708304495128651
666710213882459300,$240.00,Neighborhood highlights,3,1,1,1,3,1,https://www.airbnb.com/rooms/666710213882459211
666720978502253600,$101.00,NA,2,1,1,1,5,7,https://www.airbnb.com/rooms/666720978502253554
666757974043019400,$150.00,Neighborhood highlights,2,1.5,1,1,4.92,12,https://www.airbnb.com/rooms/666757974043019449
666851184773991700,$102.00,Neighborhood highlights,2,1,2,2,4.87,31,https://www.airbnb.com/rooms/666851184773991718
666901236921586600,NA,NA,6,NA,3,NA,5,2,https://www.airbnb.com/rooms/666901236921586557
666928089924200600,$120.00,NA,4,1,1,2,NA,0,https://www.airbnb.com/rooms/666928089924200608
667070287508491400,$53.00,Neighborhood highlights,1,1,1,1,4.75,4,https://www.airbnb.com/rooms/667070287508491340
667193462423431700,$143.00,NA,4,1,1,2,4.71,14,https://www.airbnb.com/rooms/667193462423431721
667260564999109200,$135.00,NA,4,1,1,3,4.88,32,https://www.airbnb.com/rooms/667260564999109254
667316357375615600,$182.00,NA,2,1,0,1,4.73,390,https://www.airbnb.com/rooms/667316357375615620
667322847280708200,$200.00,NA,2,1,1,1,5,7,https://www.airbnb.com/rooms/667322847280708223
667347787528220700,$87.00,Neighborhood highlights,2,1,1,1,4.92,12,https://www.airbnb.com/rooms/667347787528220620
667369281292801300,NA,NA,1,NA,NA,NA,5,4,https://www.airbnb.com/rooms/667369281292801252
667445959216742300,$75.00,NA,1,1,1,3,5,7,https://www.airbnb.com/rooms/667445959216742310
667446376283843200,$79.00,NA,2,1,1,1,4.83,69,https://www.airbnb.com/rooms/667446376283843236
667503501751137300,$136.00,Neighborhood highlights,2,1,1,2,4.83,12,https://www.airbnb.com/rooms/667503501751137216
667532032936314e3,$128.00,Neighborhood highlights,2,1,0,1,4.88,119,https://www.airbnb.com/rooms/667532032936314042
667539668193564400,$133.00,Neighborhood highlights,2,1,0,1,4.85,89,https://www.airbnb.com/rooms/667539668193564442
667565465688888600,$125.00,NA,4,1,1,2,4.78,9,https://www.airbnb.com/rooms/667565465688888631
667586446305176700,$115.00,Neighborhood highlights,2,1,1,1,4.8,5,https://www.airbnb.com/rooms/667586446305176763
667681707929418900,$221.00,Neighborhood highlights,6,2,3,3,NA,0,https://www.airbnb.com/rooms/667681707929418857
667752414115857900,$50.00,Neighborhood highlights,1,1,1,2,5,1,https://www.airbnb.com/rooms/667752414115857961
667962689671524100,NA,Neighborhood highlights,2,NA,1,NA,4.25,4,https://www.airbnb.com/rooms/667962689671524076
668015611171512800,$250.00,Neighborhood highlights,2,1,1,1,NA,0,https://www.airbnb.com/rooms/668015611171512819
668072542591926100,$233.00,Neighborhood highlights,6,1,2,2,5,19,https://www.airbnb.com/rooms/668072542591926094
668101492405958400,$106.00,Neighborhood highlights,2,1,1,1,4.78,82,https://www.airbnb.com/rooms/668101492405958388
668116367958257800,NA,NA,3,NA,1,NA,5,9,https://www.airbnb.com/rooms/668116367958257757
668144560978973e3,NA,Neighborhood highlights,2,NA,1,NA,4.75,24,https://www.airbnb.com/rooms/668144560978973072
668184500955261200,$100.00,Neighborhood highlights,2,1,1,1,5,13,https://www.airbnb.com/rooms/668184500955261231
668235574980359800,$285.00,NA,2,1,1,1,NA,0,https://www.airbnb.com/rooms/668235574980359823
668246733213442600,$194.00,NA,3,1,1,2,4.96,27,https://www.airbnb.com/rooms/668246733213442620
668265663179820200,$98.00,NA,2,1,0,2,5,33,https://www.airbnb.com/rooms/668265663179820153
668306085348412500,$444.00,NA,2,1,1,1,4.97,29,https://www.airbnb.com/rooms/668306085348412545
668307222584748800,NA,Neighborhood highlights,2,NA,1,NA,4.85,20,https://www.airbnb.com/rooms/668307222584748827
668336778831639800,$80.00,NA,4,1,1,2,4.56,18,https://www.airbnb.com/rooms/668336778831639835
668364704805260400,NA,Neighborhood highlights,4,NA,2,NA,5,8,https://www.airbnb.com/rooms/668364704805260416
668644789906973e3,NA,NA,2,NA,1,NA,5,2,https://www.airbnb.com/rooms/668644789906973025
668683865066124300,NA,Neighborhood highlights,3,NA,1,NA,4.2,5,https://www.airbnb.com/rooms/668683865066124331
668701039156616400,NA,Neighborhood highlights,4,NA,2,NA,4.84,43,https://www.airbnb.com/rooms/668701039156616445
668717518462688500,NA,Neighborhood highlights,3,NA,1,NA,4.08,12,https://www.airbnb.com/rooms/668717518462688530
668720193573393e3,NA,Neighborhood highlights,2,NA,1,NA,4.32,19,https://www.airbnb.com/rooms/668720193573393052
668782753074319200,$133.00,Neighborhood highlights,2,1,0,1,4.83,108,https://www.airbnb.com/rooms/668782753074319290
668784032759232600,$38.00,NA,1,1,1,1,4.62,21,https://www.airbnb.com/rooms/668784032759232580
668790285163282800,NA,NA,4,NA,2,NA,4.5,2,https://www.airbnb.com/rooms/668790285163282826
668811671195022600,$600.00,Neighborhood highlights,7,3,3,3,4.89,55,https://www.airbnb.com/rooms/668811671195022653
668853333634332300,$142.00,NA,5,1,1,3,4.04,49,https://www.airbnb.com/rooms/668853333634332283
668867522409494e3,$85.00,Neighborhood highlights,2,1,1,2,5,9,https://www.airbnb.com/rooms/668867522409494045
668902093131935200,$117.00,NA,2,1,1,1,5,1,https://www.airbnb.com/rooms/668902093131935246
668902255426418e3,$145.00,NA,2,1,1,1,4.62,13,https://www.airbnb.com/rooms/668902255426418000
668912150944678500,NA,NA,4,NA,2,NA,5,4,https://www.airbnb.com/rooms/668912150944678523
668915664131621600,$249.00,NA,2,1,1,1,4.86,7,https://www.airbnb.com/rooms/668915664131621695
668924398417015600,$200.00,Neighborhood highlights,2,1,1,1,4.96,82,https://www.airbnb.com/rooms/668924398417015489
668991592927183100,$99.00,Neighborhood highlights,2,1,1,2,4.79,58,https://www.airbnb.com/rooms/668991592927183099
669037953556271200,NA,Neighborhood highlights,2,NA,2,NA,4.94,52,https://www.airbnb.com/rooms/669037953556271270
669064816219867500,NA,NA,2,2,1,1,4.74,57,https://www.airbnb.com/rooms/669064816219867515
669124977887839200,$250.00,Neighborhood highlights,3,1,1,1,4.64,14,https://www.airbnb.com/rooms/669124977887839244
669305594749936500,$128.00,Neighborhood highlights,2,1,0,1,4.86,93,https://www.airbnb.com/rooms/669305594749936462
669389148056543500,$41.00,Neighborhood highlights,1,1,1,1,NA,0,https://www.airbnb.com/rooms/669389148056543438
669434958503706800,NA,Neighborhood highlights,2,NA,NA,NA,4.09,11,https://www.airbnb.com/rooms/669434958503706800
669462162306456800,$41.00,Neighborhood highlights,1,1,1,1,NA,0,https://www.airbnb.com/rooms/669462162306456780
669488239177845100,$40.00,Neighborhood highlights,1,1,1,1,4.67,6,https://www.airbnb.com/rooms/669488239177845173
669491267862682900,$163.00,Neighborhood highlights,3,1,0,1,4,3,https://www.airbnb.com/rooms/669491267862682923
669514968467200900,$246.00,NA,5,1,2,3,4.5,2,https://www.airbnb.com/rooms/669514968467200932
669517161697427600,$350.00,NA,2,1,1,1,NA,0,https://www.airbnb.com/rooms/669517161697427565
669519510476876e3,$100.00,Neighborhood highlights,2,1,1,1,4.85,47,https://www.airbnb.com/rooms/669519510476876049
669540391418426900,$85.00,NA,4,1,1,2,4.92,26,https://www.airbnb.com/rooms/669540391418426932
669556691110506900,$151.00,Neighborhood highlights,2,0,1,0,NA,0,https://www.airbnb.com/rooms/669556691110506855
669586810357582e3,$200.00,NA,4,1,2,2,4.4,5,https://www.airbnb.com/rooms/669586810357581963
669641524922502700,NA,NA,4,NA,1,NA,5,3,https://www.airbnb.com/rooms/669641524922502639
669720939119467900,$150.00,Neighborhood highlights,6,2,4,4,5,4,https://www.airbnb.com/rooms/669720939119467877
669726309815956900,$200.00,NA,2,2,1,1,5,5,https://www.airbnb.com/rooms/669726309815956918
669857128942326900,$139.00,Neighborhood highlights,1,1,1,1,4.9,39,https://www.airbnb.com/rooms/669857128942326923
669881612090048300,$495.00,Neighborhood highlights,5,1,2,2,4.17,6,https://www.airbnb.com/rooms/669881612090048281
669975220433811100,NA,Neighborhood highlights,2,NA,1,NA,4,1,https://www.airbnb.com/rooms/669975220433811036
669975637538940400,$369.00,Neighborhood highlights,6,2,3,3,2,2,https://www.airbnb.com/rooms/669975637538940388
669982176778070800,$102.00,Neighborhood highlights,2,1,1,1,NA,0,https://www.airbnb.com/rooms/669982176778070752
670083252987549800,NA,NA,1,NA,1,NA,5,2,https://www.airbnb.com/rooms/670083252987549859
670113209169345300,$177.00,NA,4,1,2,2,5,1,https://www.airbnb.com/rooms/670113209169345300
670146755140991200,NA,Neighborhood highlights,4,NA,2,NA,4.73,22,https://www.airbnb.com/rooms/670146755140991237
670165785509109e3,$250.00,NA,4,1,2,3,4.97,30,https://www.airbnb.com/rooms/670165785509109009
670223243489065e3,NA,NA,1,NA,1,NA,NA,0,https://www.airbnb.com/rooms/670223243489064987
670239788354887200,$204.00,Neighborhood highlights,6,1,2,4,4.79,113,https://www.airbnb.com/rooms/670239788354887215
670258225097904800,$245.00,NA,2,1,1,1,5,1,https://www.airbnb.com/rooms/670258225097904745
670291854273683600,$139.00,Neighborhood highlights,2,1,0,1,4.88,100,https://www.airbnb.com/rooms/670291854273683571
670312905458118800,$238.00,NA,2,1,1,1,5,1,https://www.airbnb.com/rooms/670312905458118822
670325129117711e3,$129.00,Neighborhood highlights,2,2,3,2,4.72,29,https://www.airbnb.com/rooms/670325129117711026
670329573323739400,$99.00,Neighborhood highlights,1,1,1,1,4.96,54,https://www.airbnb.com/rooms/670329573323739442
670343762862892900,$150.00,Neighborhood highlights,2,1,1,1,4,2,https://www.airbnb.com/rooms/670343762862892910
670347356576318100,$449.00,NA,2,1,1,1,5,1,https://www.airbnb.com/rooms/670347356576318038
670375952726446600,$75.00,NA,2,1,1,1,5,4,https://www.airbnb.com/rooms/670375952726446648
670381152919644800,$671.00,NA,16,0.5,1,4,5,1,https://www.airbnb.com/rooms/670381152919644805
670401205229303200,$75.00,NA,2,1,1,1,4.5,2,https://www.airbnb.com/rooms/670401205229303119
670433084394073300,$157.00,Neighborhood highlights,2,1.5,1,1,5,42,https://www.airbnb.com/rooms/670433084394073293
670508782333755800,$55.00,NA,1,1,1,1,4.79,28,https://www.airbnb.com/rooms/670508782333755778
670528666075637100,$119.00,Neighborhood highlights,2,1,1,1,4.72,53,https://www.airbnb.com/rooms/670528666075637080
670549816690736400,"$1,328.00",NA,4,2,2,2,4.85,47,https://www.airbnb.com/rooms/670549816690736403
670578061835591300,$131.00,NA,4,1,1,2,5,28,https://www.airbnb.com/rooms/670578061835591281
67072061024577e4,$45.00,Neighborhood highlights,2,1,1,1,4.59,22,https://www.airbnb.com/rooms/670720610245769928
670760245146901e3,$174.00,Neighborhood highlights,2,1,1,1,4,2,https://www.airbnb.com/rooms/670760245146901007
670783006675700500,NA,NA,5,NA,2,NA,4.33,3,https://www.airbnb.com/rooms/670783006675700484
670797178397299600,$149.00,Neighborhood highlights,2,2,1,1,4.56,52,https://www.airbnb.com/rooms/670797178397299587
670869996943190300,$277.00,NA,4,2,3,3,5,2,https://www.airbnb.com/rooms/670869996943190290
670989302114442100,$264.00,Neighborhood highlights,4,1,2,3,4.81,16,https://www.airbnb.com/rooms/670989302114442100
671019499077342600,$175.00,Neighborhood highlights,2,1,1,1,4.94,50,https://www.airbnb.com/rooms/671019499077342540
671034927249204200,$148.00,NA,7,1,3,5,4.67,6,https://www.airbnb.com/rooms/671034927249204257
671053676457324700,$153.00,Neighborhood highlights,2,1,1,1,4.98,44,https://www.airbnb.com/rooms/671053676457324655
671093035569281400,$365.00,Neighborhood highlights,4,2,2,2,3,1,https://www.airbnb.com/rooms/671093035569281358
671123801706291800,$113.00,Neighborhood highlights,2,1.5,1,1,4.93,28,https://www.airbnb.com/rooms/671123801706291795
671188401549574900,$115.00,Neighborhood highlights,6,1,1,3,4.71,31,https://www.airbnb.com/rooms/671188401549574869
671197809028227700,$280.00,Neighborhood highlights,2,1,1,2,4.91,54,https://www.airbnb.com/rooms/671197809028227677
671525381875536300,$298.00,Neighborhood highlights,4,1,2,2,NA,0,https://www.airbnb.com/rooms/671525381875536248
671564039133288700,$70.00,Neighborhood highlights,2,1.5,1,1,4.82,17,https://www.airbnb.com/rooms/671564039133288645
671595380930437e3,$240.00,NA,4,1,1,1,4.67,3,https://www.airbnb.com/rooms/671595380930437038
671650608187114800,NA,NA,2,NA,NA,NA,5,1,https://www.airbnb.com/rooms/671650608187114753
671658213452240100,$257.00,Neighborhood highlights,8,2.5,4,6,4.94,54,https://www.airbnb.com/rooms/671658213452240171
671717284247808800,$370.00,NA,5,2,2,2,5,1,https://www.airbnb.com/rooms/671717284247808828
671719926157001900,$108.00,Neighborhood highlights,4,1,2,3,5,7,https://www.airbnb.com/rooms/671719926157001801
671732447545454500,$230.00,NA,3,1,0,1,NA,0,https://www.airbnb.com/rooms/671732447545454504
671745578734344600,$238.00,Neighborhood highlights,5,1.5,3,3,4.91,23,https://www.airbnb.com/rooms/671745578734344543
671752201993199500,$92.00,NA,2,1,1,1,4.63,41,https://www.airbnb.com/rooms/671752201993199546
671831802785282200,$104.00,Neighborhood highlights,1,1.5,1,1,5,21,https://www.airbnb.com/rooms/671831802785282113
671852433528637200,$120.00,NA,4,1,2,1,5,5,https://www.airbnb.com/rooms/671852433528637182
671897840167942500,$200.00,NA,2,1,1,1,5,2,https://www.airbnb.com/rooms/671897840167942514
671900378304577300,$69.00,Neighborhood highlights,1,1,1,1,4.93,15,https://www.airbnb.com/rooms/671900378304577311
671904924954937500,$150.00,NA,1,1,1,1,5,1,https://www.airbnb.com/rooms/671904924954937418
672291117149229800,$155.00,Neighborhood highlights,2,1,1,1,4.96,45,https://www.airbnb.com/rooms/672291117149229775
672321382177061100,NA,Neighborhood highlights,2,NA,1,NA,4.88,8,https://www.airbnb.com/rooms/672321382177061126
672459717259106800,$250.00,NA,4,1,2,2,4.79,29,https://www.airbnb.com/rooms/672459717259106879
672486378317990300,$141.00,Neighborhood highlights,2,1,1,1,4.96,69,https://www.airbnb.com/rooms/672486378317990261
672500835605671700,$178.00,NA,2,1,1,1,4,1,https://www.airbnb.com/rooms/672500835605671640
672522014124319700,$223.00,NA,1,1,1,1,4.4,5,https://www.airbnb.com/rooms/672522014124319806
672527145784967600,$235.00,NA,2,1,1,2,4.8,5,https://www.airbnb.com/rooms/672527145784967504
672533137578321400,$196.00,NA,2,1,1,1,4.29,7,https://www.airbnb.com/rooms/672533137578321458
672584509447841e3,NA,NA,4,NA,NA,NA,NA,0,https://www.airbnb.com/rooms/672584509447841012
6.7261349533285594e+17,NA,Neighborhood highlights,2,NA,1,NA,4.92,13,https://www.airbnb.com/rooms/672613495332855898
672679520595641e3,$246.00,NA,2,1,1,1,4.71,14,https://www.airbnb.com/rooms/672679520595641012
672794036667337200,$65.00,NA,2,1,1,1,NA,0,https://www.airbnb.com/rooms/672794036667337163
673036111561916900,$213.00,NA,2,1,0,1,4.87,39,https://www.airbnb.com/rooms/673036111561916930
673038589832674200,$204.00,NA,2,1,0,2,4.69,127,https://www.airbnb.com/rooms/673038589832674138
673049180434259100,$100.00,Neighborhood highlights,2,1,1,1,4.93,70,https://www.airbnb.com/rooms/673049180434259056
673065585750527400,$500.00,Neighborhood highlights,4,2,2,3,4.67,18,https://www.airbnb.com/rooms/673065585750527297
673102765757221100,$85.00,Neighborhood highlights,1,1,1,1,5,1,https://www.airbnb.com/rooms/673102765757221060
673171576876246e3,$153.00,NA,2,1,1,1,4.95,41,https://www.airbnb.com/rooms/673171576876246023
673213798306719e3,$81.00,Neighborhood highlights,1,1,1,1,5,11,https://www.airbnb.com/rooms/673213798306719028
673259519238099300,$495.00,NA,4,2,2,2,5,2,https://www.airbnb.com/rooms/673259519238099266
673302194338130400,$226.00,NA,4,1,2,3,4.94,69,https://www.airbnb.com/rooms/673302194338130414
673339628005219100,$302.00,Neighborhood highlights,6,1,2,3,4.86,72,https://www.airbnb.com/rooms/673339628005219034
673371494715317200,$90.00,NA,2,1,1,1,4.88,102,https://www.airbnb.com/rooms/673371494715317188
673400435299130800,$799.00,Neighborhood highlights,4,1,1,2,NA,0,https://www.airbnb.com/rooms/673400435299130792
673429087859447600,$370.00,Neighborhood highlights,7,2,4,5,NA,0,https://www.airbnb.com/rooms/673429087859447521
673722620349844500,$264.00,NA,2,1,1,1,4.88,16,https://www.airbnb.com/rooms/673722620349844470
673759129204949600,$124.00,Neighborhood highlights,1,2,1,1,4.63,8,https://www.airbnb.com/rooms/673759129204949693
673763196022491900,$209.00,Neighborhood highlights,2,1,1,1,NA,0,https://www.airbnb.com/rooms/673763196022491865
673765667567431300,$313.00,Neighborhood highlights,2,1,1,1,NA,0,https://www.airbnb.com/rooms/673765667567431243
673784924326196e3,$174.00,Neighborhood highlights,2,1,1,1,4.93,14,https://www.airbnb.com/rooms/673784924326195986
673786603652497500,NA,Neighborhood highlights,1,NA,NA,NA,4.83,23,https://www.airbnb.com/rooms/673786603652497562
673798856558999400,$263.00,Neighborhood highlights,4,1,2,3,4.95,44,https://www.airbnb.com/rooms/673798856558999445
673803763328291100,$481.00,Neighborhood highlights,6,1,2,3,NA,0,https://www.airbnb.com/rooms/673803763328291112
673811142418548100,$375.00,NA,6,2,2,2,NA,0,https://www.airbnb.com/rooms/673811142418548144
673811223486765700,$375.00,NA,6,2,2,2,4,1,https://www.airbnb.com/rooms/673811223486765639
673811265484009500,$375.00,NA,6,2,2,2,NA,0,https://www.airbnb.com/rooms/673811265484009501
673811286668342900,$186.00,Neighborhood highlights,3,1,1,2,4.53,15,https://www.airbnb.com/rooms/673811286668342935
673832833253700100,$217.00,NA,3,1,0,1,5,1,https://www.airbnb.com/rooms/673832833253700135
673853471795094800,$188.00,Neighborhood highlights,4,1,1,2,4.67,15,https://www.airbnb.com/rooms/673853471795094745
673863985730681900,NA,Neighborhood highlights,3,NA,1,NA,5,1,https://www.airbnb.com/rooms/673863985730681796
673865940435507300,$208.00,Neighborhood highlights,4,1,1,2,5,2,https://www.airbnb.com/rooms/673865940435507299
673873192225899400,$235.00,Neighborhood highlights,6,1,2,3,4.64,22,https://www.airbnb.com/rooms/673873192225899360
673874846826602900,$145.00,Neighborhood highlights,4,1,2,3,4.5,4,https://www.airbnb.com/rooms/673874846826602871
673891949409493400,$170.00,Neighborhood highlights,2,1,1,2,5,3,https://www.airbnb.com/rooms/673891949409493355
673945070295034e3,$196.00,Neighborhood highlights,3,1,1,1,4,2,https://www.airbnb.com/rooms/673945070295033994
673954743024383200,NA,NA,4,NA,2,NA,5,4,https://www.airbnb.com/rooms/673954743024383201
673978775729099600,$106.00,Neighborhood highlights,2,1,1,1,4.76,25,https://www.airbnb.com/rooms/673978775729099603
674000890781448600,$650.00,NA,8,2,4,5,5,10,https://www.airbnb.com/rooms/674000890781448536
674009411610783700,$135.00,Neighborhood highlights,2,1,1,1,4.83,6,https://www.airbnb.com/rooms/674009411610783803
674040603017953500,$75.00,Neighborhood highlights,2,1,1,1,3.75,8,https://www.airbnb.com/rooms/674040603017953502
674043655320352900,$120.00,NA,2,1,1,1,4.36,11,https://www.airbnb.com/rooms/674043655320352871
674117341675633400,$516.00,NA,6,1,3,5,1,1,https://www.airbnb.com/rooms/674117341675633392
674130162281885400,$182.00,NA,2,1,0,1,4.43,102,https://www.airbnb.com/rooms/674130162281885492
674142134370314100,$203.00,NA,3,1,0,1,4.69,68,https://www.airbnb.com/rooms/674142134370314168
674289725303083e3,NA,Neighborhood highlights,1,NA,NA,NA,NA,0,https://www.airbnb.com/rooms/674289725303082989
674292457306196200,$39.00,Neighborhood highlights,1,1,1,1,NA,0,https://www.airbnb.com/rooms/674292457306196193
674341420002595200,$160.00,Neighborhood highlights,4,1,1,1,2,4,https://www.airbnb.com/rooms/674341420002595219
674341509795531900,$140.00,Neighborhood highlights,2,1,1,1,2.67,3,https://www.airbnb.com/rooms/674341509795531856
674355754303389400,$135.00,Neighborhood highlights,2,1,1,1,4.58,12,https://www.airbnb.com/rooms/674355754303389463
674355796588359800,$120.00,Neighborhood highlights,1,1,1,1,4.78,9,https://www.airbnb.com/rooms/674355796588359846
674502995250782800,NA,Neighborhood highlights,6,NA,2,NA,4.6,5,https://www.airbnb.com/rooms/674502995250782855
674524605711151900,$300.00,Neighborhood highlights,6,2.5,3,6,5,3,https://www.airbnb.com/rooms/674524605711151888
674573762284442800,$285.00,NA,5,1.5,3,3,5,1,https://www.airbnb.com/rooms/674573762284442785
674591377934202500,NA,Neighborhood highlights,1,NA,NA,NA,5,6,https://www.airbnb.com/rooms/674591377934202450
674641911507626400,$72.00,Neighborhood highlights,4,1,0,1,4.66,32,https://www.airbnb.com/rooms/674641911507626377
674725534075241e3,$110.00,Neighborhood highlights,2,1,1,1,4.66,77,https://www.airbnb.com/rooms/674725534075240928
674740154613880800,NA,Neighborhood highlights,6,NA,3,NA,5,3,https://www.airbnb.com/rooms/674740154613880800
6.7490047926122406e+17,$240.00,NA,2,1,1,1,NA,0,https://www.airbnb.com/rooms/674900479261224037
675147298695151700,$373.00,Neighborhood highlights,2,1,1,1,NA,0,https://www.airbnb.com/rooms/675147298695151692
675213534287960700,$46.00,Neighborhood highlights,1,2,1,1,4.89,27,https://www.airbnb.com/rooms/675213534287960672
675417561755872e3,NA,NA,1,NA,3,NA,5,1,https://www.airbnb.com/rooms/675417561755871977
675489669821327700,$263.00,Neighborhood highlights,4,1,1,2,5,8,https://www.airbnb.com/rooms/675489669821327713
675637354003240200,$160.00,Neighborhood highlights,2,1,1,1,4.8,50,https://www.airbnb.com/rooms/675637354003240171
675765317337436e3,$309.00,Neighborhood highlights,4,2,2,2,NA,0,https://www.airbnb.com/rooms/675765317337436091
675768336575302500,NA,Neighborhood highlights,4,NA,2,NA,5,1,https://www.airbnb.com/rooms/675768336575302558
675885956612647700,NA,Neighborhood highlights,3,NA,1,NA,4.72,60,https://www.airbnb.com/rooms/675885956612647744
675894671648952800,$292.00,Neighborhood highlights,2,1,1,1,NA,0,https://www.airbnb.com/rooms/675894671648952785
675939523002388500,$175.00,NA,9,2.5,4,7,4.94,79,https://www.airbnb.com/rooms/675939523002388461
675959117355164700,$137.00,Neighborhood highlights,2,1,1,1,NA,0,https://www.airbnb.com/rooms/675959117355164668
676078765992325100,$239.00,Neighborhood highlights,6,4,4,4,4.33,3,https://www.airbnb.com/rooms/676078765992325073
676097656827785100,NA,NA,4,NA,3,NA,NA,0,https://www.airbnb.com/rooms/676097656827785088
676206857756954800,$88.00,NA,2,1,1,1,4.79,33,https://www.airbnb.com/rooms/676206857756954751
676285832291308400,$45.00,NA,1,2,1,1,NA,0,https://www.airbnb.com/rooms/676285832291308459
676689406802185100,NA,Neighborhood highlights,1,NA,NA,NA,5,14,https://www.airbnb.com/rooms/676689406802185089
676691150991486100,$67.00,NA,1,1,0,1,NA,0,https://www.airbnb.com/rooms/676691150991486082
676705749178508800,$390.00,Neighborhood highlights,2,1,1,1,5,62,https://www.airbnb.com/rooms/676705749178508791
676709338551896800,$102.00,NA,4,1,1,2,4.76,34,https://www.airbnb.com/rooms/676709338551896783
676731522676199400,$734.00,Neighborhood highlights,7,1,3,3,4.78,64,https://www.airbnb.com/rooms/676731522676199403
676765043240544300,NA,Neighborhood highlights,1,NA,NA,NA,5,4,https://www.airbnb.com/rooms/676765043240544271
676778209945329700,$190.00,NA,2,1,1,1,4.84,19,https://www.airbnb.com/rooms/676778209945329666
676810214656585500,$54.00,Neighborhood highlights,1,1,1,1,3.75,4,https://www.airbnb.com/rooms/676810214656585436
676955867231155800,$328.00,NA,3,2,2,2,4.5,16,https://www.airbnb.com/rooms/676955867231155817
677064038629345800,$188.00,Neighborhood highlights,2,1,1,1,5,7,https://www.airbnb.com/rooms/677064038629345796
677152319340682800,$250.00,Neighborhood highlights,5,1.5,3,3,4.83,30,https://www.airbnb.com/rooms/677152319340682750
677407787155705300,NA,NA,5,NA,2,NA,NA,0,https://www.airbnb.com/rooms/677407787155705346
677408866265433500,$118.00,NA,2,1,1,1,4.86,169,https://www.airbnb.com/rooms/677408866265433530
677471437727806200,$88.00,Neighborhood highlights,2,1,1,1,4.74,19,https://www.airbnb.com/rooms/677471437727806233
677481616825247100,$150.00,NA,2,1,1,1,5,10,https://www.airbnb.com/rooms/677481616825247069
677490985343470700,NA,NA,2,NA,NA,NA,4.5,2,https://www.airbnb.com/rooms/677490985343470741
677538041688162700,$250.00,Neighborhood highlights,8,1,2,5,4,13,https://www.airbnb.com/rooms/677538041688162695
677584726745279400,NA,Neighborhood highlights,4,NA,2,NA,NA,0,https://www.airbnb.com/rooms/677584726745279406
677666479277771600,$100.00,Neighborhood highlights,1,1,1,1,4.79,43,https://www.airbnb.com/rooms/677666479277771695
678035888016921300,$125.00,Neighborhood highlights,8,1,2,3,4.89,28,https://www.airbnb.com/rooms/678035888016921335
678157886849617200,$116.00,NA,2,1,1,1,4.78,18,https://www.airbnb.com/rooms/678157886849617174
678213347614482700,$112.00,Neighborhood highlights,2,1,2,3,5,90,https://www.airbnb.com/rooms/678213347614482633
678216792904885600,$217.00,Neighborhood highlights,6,1,3,4,4.91,23,https://www.airbnb.com/rooms/678216792904885634
6.7829999042538406e+17,$224.00,Neighborhood highlights,7,1,3,4,4.76,17,https://www.airbnb.com/rooms/678299990425384008
678307673647236600,$60.00,NA,2,1,1,1,4.88,34,https://www.airbnb.com/rooms/678307673647236628
678314451867012700,$750.00,Neighborhood highlights,6,3,3,5,5,2,https://www.airbnb.com/rooms/678314451867012753
678320552070670500,$200.00,NA,4,1,2,2,4.92,38,https://www.airbnb.com/rooms/678320552070670465
6.7832554602256806e+17,$95.00,Neighborhood highlights,2,1,2,2,3,2,https://www.airbnb.com/rooms/678325546022568046
678331335413405300,$120.00,Neighborhood highlights,2,1,1,3,4.86,22,https://www.airbnb.com/rooms/678331335413405358
678348772214000900,$43.00,Neighborhood highlights,2,1,1,1,5,17,https://www.airbnb.com/rooms/678348772214000865
678437875562130200,$207.00,Neighborhood highlights,2,2.5,1,1,NA,0,https://www.airbnb.com/rooms/678437875562130185
678702549251404e3,NA,NA,2,NA,NA,NA,4.77,13,https://www.airbnb.com/rooms/678702549251404068
6.7871031392253606e+17,$130.00,NA,2,1,1,1,4.91,11,https://www.airbnb.com/rooms/678710313922536057
678748611160929200,NA,Neighborhood highlights,3,NA,1,NA,4.83,6,https://www.airbnb.com/rooms/678748611160929141
678788359112415500,$150.00,Neighborhood highlights,1,1,1,1,NA,0,https://www.airbnb.com/rooms/678788359112415515
678794291818450700,$180.00,Neighborhood highlights,3,1,1,1,4.84,67,https://www.airbnb.com/rooms/678794291818450722
6.7881874515959194e+17,$175.00,Neighborhood highlights,3,1,1,1,4.8,5,https://www.airbnb.com/rooms/678818745159591890
678851274729740800,NA,Neighborhood highlights,2,2,1,1,NA,0,https://www.airbnb.com/rooms/678851274729740778
678853457233224800,$110.00,Neighborhood highlights,2,1,1,4,4.96,77,https://www.airbnb.com/rooms/678853457233224820
678876863179024600,$34.00,Neighborhood highlights,1,2,1,1,NA,0,https://www.airbnb.com/rooms/678876863179024660
678919180976813200,NA,Neighborhood highlights,2,NA,NA,NA,NA,0,https://www.airbnb.com/rooms/678919180976813127
678955228217767400,$628.00,NA,2,2,1,1,NA,0,https://www.airbnb.com/rooms/678955228217767382
678968165461368200,$135.00,NA,2,1,0,1,5,1,https://www.airbnb.com/rooms/678968165461368245
678987385312382e3,$200.00,Neighborhood highlights,3,1,1,1,4.82,17,https://www.airbnb.com/rooms/678987385312381897
678999969960915e3,$140.00,Neighborhood highlights,2,1,1,1,4.85,20,https://www.airbnb.com/rooms/678999969960914914
679032744499422600,$130.00,Neighborhood highlights,4,1,2,0,3.55,11,https://www.airbnb.com/rooms/679032744499422534
679083434084759400,$70.00,NA,2,1,1,1,4.86,35,https://www.airbnb.com/rooms/679083434084759443
6.7911926786492006e+17,$146.00,Neighborhood highlights,4,1,2,2,4.47,17,https://www.airbnb.com/rooms/679119267864920124
679175170766060900,NA,Neighborhood highlights,3,NA,1,NA,4.75,16,https://www.airbnb.com/rooms/679175170766060904
679228031240209800,NA,Neighborhood highlights,1,NA,1,NA,NA,0,https://www.airbnb.com/rooms/679228031240209812
679521094740973800,$399.00,NA,3,1,1,2,NA,0,https://www.airbnb.com/rooms/679521094740973792
679558822608911700,$278.00,Neighborhood highlights,2,1,1,1,NA,0,https://www.airbnb.com/rooms/679558822608911685
679560933447221500,$40.00,Neighborhood highlights,2,2,1,1,NA,0,https://www.airbnb.com/rooms/679560933447221530
679604722787295700,$50.00,NA,1,1,1,1,4.22,27,https://www.airbnb.com/rooms/679604722787295688
679610066679499300,$175.00,Neighborhood highlights,4,1,2,3,5,1,https://www.airbnb.com/rooms/679610066679499298
679620321278287200,NA,NA,2,NA,2,NA,5,4,https://www.airbnb.com/rooms/679620321278287273
679639039552683900,$340.00,NA,4,1,2,2,5,3,https://www.airbnb.com/rooms/679639039552683894
679669067993743900,$120.00,Neighborhood highlights,2,1,1,1,4.98,97,https://www.airbnb.com/rooms/679669067993743821
679674057718086700,$169.00,Neighborhood highlights,5,1,2,2,5,2,https://www.airbnb.com/rooms/679674057718086634
679702021882633600,$90.00,Neighborhood highlights,1,1,1,1,5,10,https://www.airbnb.com/rooms/679702021882633653
679737864262116900,$115.00,Neighborhood highlights,2,1,1,1,4.93,60,https://www.airbnb.com/rooms/679737864262116907
679748049519905700,$110.00,Neighborhood highlights,4,1,2,3,4.87,53,https://www.airbnb.com/rooms/679748049519905706
679750050214460800,$375.00,NA,7,2,3,4,4.61,28,https://www.airbnb.com/rooms/679750050214460766
679789376101116400,$345.00,NA,6,2,3,3,4.61,31,https://www.airbnb.com/rooms/679789376101116375
679793888125076100,$71.00,Neighborhood highlights,2,1,1,1,5,37,https://www.airbnb.com/rooms/679793888125076039
679810163377737100,$43.00,NA,2,1,1,1,4.66,32,https://www.airbnb.com/rooms/679810163377737065
679820840001432600,$250.00,NA,3,1,1,2,5,2,https://www.airbnb.com/rooms/679820840001432631
679903477039048800,$38.00,Neighborhood highlights,2,2,1,1,5,2,https://www.airbnb.com/rooms/679903477039048830
679948459187885600,$49.00,Neighborhood highlights,1,1,1,1,4.5,2,https://www.airbnb.com/rooms/679948459187885599
679978606670112400,$76.00,NA,1,1.5,2,0,NA,0,https://www.airbnb.com/rooms/679978606670112389
679987510857372e3,$532.00,Neighborhood highlights,16,2,6,8,4.8,10,https://www.airbnb.com/rooms/679987510857371972
680280955847184e3,$52.00,NA,2,1,1,1,NA,0,https://www.airbnb.com/rooms/680280955847184022
680330991490808600,$250.00,NA,4,1,1,1,5,2,https://www.airbnb.com/rooms/680330991490808518
680341463529754500,$322.00,Neighborhood highlights,5,2,3,3,4.71,7,https://www.airbnb.com/rooms/680341463529754504
680360485707633e3,$84.00,Neighborhood highlights,2,1,1,1,4.83,35,https://www.airbnb.com/rooms/680360485707632968
680442514253235500,$140.00,NA,2,1,1,1,1,1,https://www.airbnb.com/rooms/680442514253235419
680442938388437400,$80.00,NA,1,1,1,1,4.91,22,https://www.airbnb.com/rooms/680442938388437436
680477646462919200,$265.00,Neighborhood highlights,3,1,1,2,4.89,9,https://www.airbnb.com/rooms/680477646462919105
680484863680480600,$78.00,Neighborhood highlights,1,1,1,1,4.81,32,https://www.airbnb.com/rooms/680484863680480626
680506283244593400,$200.00,NA,1,1,1,1,5,3,https://www.airbnb.com/rooms/680506283244593374
680511312420873300,$71.00,NA,1,1,1,1,5,28,https://www.airbnb.com/rooms/680511312420873338
680527395305587200,$120.00,Neighborhood highlights,2,1,1,1,5,3,https://www.airbnb.com/rooms/680527395305587176
680550539811300100,$100.00,Neighborhood highlights,2,1,1,1,4.83,30,https://www.airbnb.com/rooms/680550539811300085
680557505870104400,$280.00,Neighborhood highlights,2,1,3,5,5,5,https://www.airbnb.com/rooms/680557505870104482
680563059050396200,$411.00,Neighborhood highlights,5,1,3,3,5,97,https://www.airbnb.com/rooms/680563059050396133
680586350161739e3,$43.00,Neighborhood highlights,1,2,1,1,4.96,25,https://www.airbnb.com/rooms/680586350161738984
680609560461132300,$170.00,Neighborhood highlights,4,1,3,3,NA,0,https://www.airbnb.com/rooms/680609560461132351
680647742820836900,NA,Neighborhood highlights,1,NA,NA,NA,4,1,https://www.airbnb.com/rooms/680647742820836816
68065350385001e4,$65.00,Neighborhood highlights,1,1,1,1,4.8,51,https://www.airbnb.com/rooms/680653503850009988
680666117697390700,$163.00,Neighborhood highlights,2,1,1,1,5,1,https://www.airbnb.com/rooms/680666117697390739
680809275096546400,$37.00,NA,1,1,1,1,5,1,https://www.airbnb.com/rooms/680809275096546488
680809637105922e3,NA,NA,1,NA,NA,NA,NA,0,https://www.airbnb.com/rooms/680809637105922093
680834598468643500,$48.00,Neighborhood highlights,2,2.5,1,1,3.5,2,https://www.airbnb.com/rooms/680834598468643479
680847139950470100,$50.00,NA,2,2,1,1,4.78,27,https://www.airbnb.com/rooms/680847139950470129
680901370022401200,NA,Neighborhood highlights,2,NA,NA,NA,5,1,https://www.airbnb.com/rooms/680901370022401144
681025139336985200,$179.00,Neighborhood highlights,4,1,2,2,4.26,35,https://www.airbnb.com/rooms/681025139336985246
681095875381595900,$90.00,Neighborhood highlights,2,1,1,1,5,4,https://www.airbnb.com/rooms/681095875381595879
681111228605002800,NA,NA,1,NA,NA,NA,5,3,https://www.airbnb.com/rooms/681111228605002763
681112101018422800,NA,NA,1,NA,1,NA,5,1,https://www.airbnb.com/rooms/681112101018422741
681164404044413300,$89.00,NA,2,1,1,1,4.78,9,https://www.airbnb.com/rooms/681164404044413348
681183272731076400,$134.00,Neighborhood highlights,2,1,0,1,4.75,4,https://www.airbnb.com/rooms/681183272731076396
681210158470081500,$185.00,Neighborhood highlights,4,1,2,2,4.87,15,https://www.airbnb.com/rooms/681210158470081528
681261714985765900,NA,NA,3,NA,1,NA,4.67,3,https://www.airbnb.com/rooms/681261714985765895
681296327139376400,$200.00,Neighborhood highlights,4,1,1,1,5,4,https://www.airbnb.com/rooms/681296327139376370
681340518773187100,$250.00,Neighborhood highlights,7,2,3,4,4.9,10,https://www.airbnb.com/rooms/681340518773187020
681366942258397300,$175.00,Neighborhood highlights,3,1,1,2,5,9,https://www.airbnb.com/rooms/681366942258397260
681380028722476200,$241.00,NA,2,1,2,2,4.85,52,https://www.airbnb.com/rooms/681380028722476177
681504125966887800,$50.00,NA,2,2,1,1,4.85,20,https://www.airbnb.com/rooms/681504125966887847
68152043014046e4,$59.00,NA,2,2,1,1,4.87,23,https://www.airbnb.com/rooms/681520430140459985
681533496702991900,$65.00,NA,1,2,1,1,4.95,21,https://www.airbnb.com/rooms/681533496702991847
681548825618098300,$85.00,NA,2,2,1,1,4.64,22,https://www.airbnb.com/rooms/681548825618098245
681609393472186e3,$60.00,NA,1,1,1,1,4.33,6,https://www.airbnb.com/rooms/681609393472185980
681730243323738600,NA,NA,1,NA,NA,NA,4.79,14,https://www.airbnb.com/rooms/681730243323738679
681805560172871700,$85.00,NA,2,1,1,1,4.69,58,https://www.airbnb.com/rooms/681805560172871680
6.8201103840615206e+17,$155.00,Neighborhood highlights,2,1,1,1,5,2,https://www.airbnb.com/rooms/682011038406152082
682107201631972200,NA,Neighborhood highlights,5,NA,2,NA,4.46,24,https://www.airbnb.com/rooms/682107201631972285
682435530775922300,NA,NA,1,NA,1,NA,NA,0,https://www.airbnb.com/rooms/682435530775922262
682535527513924100,$500.00,NA,4,2.5,2,2,5,5,https://www.airbnb.com/rooms/682535527513924139
682569640765881100,$170.00,Neighborhood highlights,2,1.5,1,2,5,1,https://www.airbnb.com/rooms/682569640765881074
682641202868881e3,$96.00,NA,4,1,1,1,4.71,17,https://www.airbnb.com/rooms/682641202868881015
682739715009522200,$196.00,Neighborhood highlights,7,1,3,4,4.75,68,https://www.airbnb.com/rooms/682739715009522200
682775213799997600,$300.00,NA,2,0.5,2,2,NA,0,https://www.airbnb.com/rooms/682775213799997508
682780336449637900,NA,Neighborhood highlights,4,NA,NA,NA,4.89,46,https://www.airbnb.com/rooms/682780336449637830
683226302696572400,$156.00,Neighborhood highlights,2,1,1,2,5,35,https://www.airbnb.com/rooms/683226302696572362
683259855400881200,$75.00,NA,1,1,0,1,5,1,https://www.airbnb.com/rooms/683259855400881147
683326142665670800,$60.00,Neighborhood highlights,1,1,1,1,5,2,https://www.airbnb.com/rooms/683326142665670776
683337685088953700,NA,NA,6,NA,3,NA,5,1,https://www.airbnb.com/rooms/683337685088953709
683343792774114400,$145.00,NA,2,1,1,1,4.67,27,https://www.airbnb.com/rooms/683343792774114481
683349159262420200,$331.00,Neighborhood highlights,2,1,1,1,5,3,https://www.airbnb.com/rooms/683349159262420204
683368120186220900,$169.00,Neighborhood highlights,5,1,2,3,4.49,39,https://www.airbnb.com/rooms/683368120186220988
683521188198132e3,$300.00,Neighborhood highlights,1,1,1,1,5,4,https://www.airbnb.com/rooms/683521188198131996
683523642121128800,$185.00,Neighborhood highlights,4,1,1,2,4.92,115,https://www.airbnb.com/rooms/683523642121128796
683592444987548200,$84.00,NA,1,0,1,0,5,1,https://www.airbnb.com/rooms/683592444987548195
683756499047497200,$357.00,Neighborhood highlights,4,2,2,2,NA,0,https://www.airbnb.com/rooms/683756499047497194
683832772356785200,$153.00,Neighborhood highlights,2,1,1,1,4.86,149,https://www.airbnb.com/rooms/683832772356785161
683855848444214800,$175.00,Neighborhood highlights,2,1,0,1,5,2,https://www.airbnb.com/rooms/683855848444214769
683856808253507700,$110.00,Neighborhood highlights,2,1,1,1,5,9,https://www.airbnb.com/rooms/683856808253507761
683909861921823700,NA,Neighborhood highlights,2,NA,NA,NA,4,1,https://www.airbnb.com/rooms/683909861921823774
683917359584827900,$350.00,NA,4,2,1,2,NA,0,https://www.airbnb.com/rooms/683917359584827882
68392798032501e4,$250.00,NA,4,2,2,2,5,6,https://www.airbnb.com/rooms/683927980325010111
683996557814541400,$125.00,NA,2,1,1,1,4.52,33,https://www.airbnb.com/rooms/683996557814541468
684027785145158400,$338.00,NA,3,1,1,1,NA,0,https://www.airbnb.com/rooms/684027785145158405
684029923054859500,$246.00,NA,2,1,0,1,3,1,https://www.airbnb.com/rooms/684029923054859570
684031633306598900,$253.00,NA,2,1,0,1,NA,0,https://www.airbnb.com/rooms/684031633306598910
684035614254004400,$269.00,NA,2,1,0,1,NA,0,https://www.airbnb.com/rooms/684035614254004415
684036907320690800,$469.00,NA,5,2,2,2,NA,0,https://www.airbnb.com/rooms/684036907320690818
684039950274738800,$316.00,NA,3,1,1,1,5,2,https://www.airbnb.com/rooms/684039950274738818
684061540597852500,$90.00,NA,2,1,0,1,NA,0,https://www.airbnb.com/rooms/684061540597852601
684075483286870700,$99.00,Neighborhood highlights,4,1,2,3,4.72,36,https://www.airbnb.com/rooms/684075483286870689
684090020687385600,$320.00,NA,2,1,0,1,NA,0,https://www.airbnb.com/rooms/684090020687385607
684120199970481700,NA,NA,4,NA,1,NA,4.07,15,https://www.airbnb.com/rooms/684120199970481671
684132773517404500,NA,NA,4,NA,1,NA,3.84,32,https://www.airbnb.com/rooms/684132773517404498
684136699505468200,NA,NA,2,NA,1,NA,3,3,https://www.airbnb.com/rooms/684136699505468110
684143322726204300,NA,NA,4,NA,1,NA,3.25,4,https://www.airbnb.com/rooms/684143322726204244
684146128752623100,NA,NA,4,NA,1,NA,3.64,25,https://www.airbnb.com/rooms/684146128752623056
684167152890227700,$256.00,NA,6,2,3,0,4.64,42,https://www.airbnb.com/rooms/684167152890227720
684207350034153300,NA,NA,2,NA,1,NA,5,1,https://www.airbnb.com/rooms/684207350034153354
684254423881120500,$188.00,Neighborhood highlights,2,1,1,1,4.99,143,https://www.airbnb.com/rooms/684254423881120576
684333733159579800,$108.00,Neighborhood highlights,3,1,1,2,5,16,https://www.airbnb.com/rooms/684333733159579768
684335173772455e3,$261.00,Neighborhood highlights,4,1,1,2,5,40,https://www.airbnb.com/rooms/684335173772455036
684342030838981500,$98.00,NA,2,1,0,1,4.83,30,https://www.airbnb.com/rooms/684342030838981455
684348813110151e3,NA,NA,4,NA,1,NA,5,6,https://www.airbnb.com/rooms/684348813110151039
684380893411439700,$81.00,Neighborhood highlights,1,1,1,1,5,9,https://www.airbnb.com/rooms/684380893411439779
684533628871857500,$189.00,Neighborhood highlights,2,1,0,1,4.72,25,https://www.airbnb.com/rooms/684533628871857518
684586853445268400,$160.00,NA,2,1,1,2,NA,0,https://www.airbnb.com/rooms/684586853445268355
684589513841684400,NA,NA,2,NA,NA,NA,NA,0,https://www.airbnb.com/rooms/684589513841684365
684589631507451900,$390.00,Neighborhood highlights,6,2,4,6,NA,0,https://www.airbnb.com/rooms/684589631507451937
684598459983753300,$509.00,NA,5,2,2,2,NA,0,https://www.airbnb.com/rooms/684598459983753356
684622412185439600,$50.00,NA,2,1,1,1,4.82,93,https://www.airbnb.com/rooms/684622412185439593
684634229190021800,$48.00,NA,2,1,1,1,4.7,91,https://www.airbnb.com/rooms/684634229190021754
684636604364196600,$65.00,NA,2,1,1,1,4.8,100,https://www.airbnb.com/rooms/684636604364196606
684651042293858200,NA,NA,2,NA,1,NA,3.71,7,https://www.airbnb.com/rooms/684651042293858196
684651129920644900,NA,NA,2,NA,1,NA,3.21,14,https://www.airbnb.com/rooms/684651129920644856
684668096777520600,NA,NA,2,NA,1,NA,2.5,2,https://www.airbnb.com/rooms/684668096777520668
684685929473485600,$75.00,Neighborhood highlights,1,1,1,1,5,3,https://www.airbnb.com/rooms/684685929473485562
684716759603498500,NA,NA,4,NA,1,NA,5,1,https://www.airbnb.com/rooms/684716759603498483
684750666942206200,NA,Neighborhood highlights,1,NA,NA,NA,4.33,3,https://www.airbnb.com/rooms/684750666942206241
684753116716835e3,$361.00,Neighborhood highlights,6,2,2,2,5,3,https://www.airbnb.com/rooms/684753116716834893
684777616434180600,$120.00,Neighborhood highlights,2,1,1,1,4.75,4,https://www.airbnb.com/rooms/684777616434180638
684788720978219e3,"$1,850.00",NA,16,2,0,1,NA,0,https://www.airbnb.com/rooms/684788720978219067
684815654246207700,"$1,850.00",NA,16,2,0,1,NA,0,https://www.airbnb.com/rooms/684815654246207718
684818345183889700,$150.00,Neighborhood highlights,4,1,2,1,4.86,7,https://www.airbnb.com/rooms/684818345183889619
684845666675241300,$100.00,NA,1,1,1,1,4.33,6,https://www.airbnb.com/rooms/684845666675241305
684896122783940600,NA,Neighborhood highlights,2,NA,1,NA,NA,0,https://www.airbnb.com/rooms/684896122783940646
684914471082395600,$313.00,NA,4,1,1,1,4.63,8,https://www.airbnb.com/rooms/684914471082395602
684917665207182300,NA,NA,2,NA,NA,NA,4.93,40,https://www.airbnb.com/rooms/684917665207182279
684918328617783400,$95.00,Neighborhood highlights,4,1,1,2,5,7,https://www.airbnb.com/rooms/684918328617783376
684960054251262e3,$136.00,Neighborhood highlights,4,1,2,2,4.79,28,https://www.airbnb.com/rooms/684960054251261950
684986547927574e3,NA,Neighborhood highlights,2,NA,1,NA,4.73,30,https://www.airbnb.com/rooms/684986547927574010
685107881527039100,$357.00,Neighborhood highlights,2,1,1,1,NA,0,https://www.airbnb.com/rooms/685107881527039066
685167872435793400,$180.00,NA,2,1,1,1,4.86,57,https://www.airbnb.com/rooms/685167872435793363
685298938967654900,$50.00,NA,1,2,1,1,NA,0,https://www.airbnb.com/rooms/685298938967654965
685395980170030200,$99.00,NA,2,1.5,1,1,NA,0,https://www.airbnb.com/rooms/685395980170030260
685457110179966600,$134.00,Neighborhood highlights,4,1,2,2,4.65,20,https://www.airbnb.com/rooms/685457110179966644
685479595715868200,$68.00,NA,2,1,1,1,4.65,48,https://www.airbnb.com/rooms/685479595715868125
685557273719009300,$371.00,NA,3,1,1,1,5,2,https://www.airbnb.com/rooms/685557273719009254
685573489911613800,NA,NA,2,NA,NA,NA,4.8,10,https://www.airbnb.com/rooms/685573489911613762
685585785808625800,$54.00,Neighborhood highlights,1,1,1,1,5,4,https://www.airbnb.com/rooms/685585785808625737
685588304301383800,$175.00,NA,4,1,0,2,5,1,https://www.airbnb.com/rooms/685588304301383800
685589618896836e3,$198.00,NA,2,1,1,1,5,3,https://www.airbnb.com/rooms/685589618896835952
685623166091060500,$79.00,Neighborhood highlights,3,1,1,4,4.81,81,https://www.airbnb.com/rooms/685623166091060477
685623390885837400,$180.00,NA,3,1,1,3,4.81,27,https://www.airbnb.com/rooms/685623390885837383
685640439358575100,$155.00,NA,1,1,1,1,4.65,26,https://www.airbnb.com/rooms/685640439358575065
685653861894881900,$44.00,Neighborhood highlights,1,1,1,1,4.67,3,https://www.airbnb.com/rooms/685653861894881891
685660866794659200,$177.00,NA,14,2,3,5,4.85,13,https://www.airbnb.com/rooms/685660866794659166
685666561879713e3,$240.00,NA,4,1,1,2,4.75,63,https://www.airbnb.com/rooms/685666561879713046
685669351584584400,$300.00,Neighborhood highlights,2,1,1,2,5,6,https://www.airbnb.com/rooms/685669351584584501
685676699427435900,$88.00,Neighborhood highlights,2,1,1,1,4.56,25,https://www.airbnb.com/rooms/685676699427435848
685694403025996700,$149.00,NA,4,1,1,2,NA,0,https://www.airbnb.com/rooms/685694403025996699
685694594884910700,$102.00,Neighborhood highlights,3,2,2,5,4.8,5,https://www.airbnb.com/rooms/685694594884910734
685706917487823600,$167.00,Neighborhood highlights,4,1,1,1,4.88,43,https://www.airbnb.com/rooms/685706917487823608
685709079810929500,NA,Neighborhood highlights,2,NA,1,NA,5,1,https://www.airbnb.com/rooms/685709079810929585
685726194938498e3,$200.00,Neighborhood highlights,4,1,2,2,4.67,6,https://www.airbnb.com/rooms/685726194938497987
686088987656857900,$124.00,NA,4,1,2,2,2.5,4,https://www.airbnb.com/rooms/686088987656857863
686133371271308200,NA,NA,4,NA,2,NA,4.75,32,https://www.airbnb.com/rooms/686133371271308110
686165744322965200,$125.00,NA,2,1,1,1,4.64,11,https://www.airbnb.com/rooms/686165744322965219
686167351012895e3,$103.00,NA,3,1,2,1,4.64,11,https://www.airbnb.com/rooms/686167351012894994
686188355262073300,$150.00,NA,2,1,0,1,NA,0,https://www.airbnb.com/rooms/686188355262073294
686224538952004500,$160.00,NA,6,1,2,3,4.8,66,https://www.airbnb.com/rooms/686224538952004466
686230134012274700,$60.00,NA,2,1,0,1,5,9,https://www.airbnb.com/rooms/686230134012274746
686325667143369500,$90.00,Neighborhood highlights,2,1,1,1,4.96,27,https://www.airbnb.com/rooms/686325667143369470
686416564512543e3,NA,Neighborhood highlights,2,NA,1,NA,4.67,3,https://www.airbnb.com/rooms/686416564512542939
686417098893252600,$200.00,Neighborhood highlights,4,1,1,2,4.88,8,https://www.airbnb.com/rooms/686417098893252591
686473912310673800,NA,NA,2,NA,NA,NA,5,3,https://www.airbnb.com/rooms/686473912310673844
686500188753163400,$145.00,NA,6,1,3,5,4.72,47,https://www.airbnb.com/rooms/686500188753163449
686609873236312400,$45.00,NA,1,1,1,1,4.18,17,https://www.airbnb.com/rooms/686609873236312483
686744769399324800,NA,NA,2,NA,1,NA,4.82,11,https://www.airbnb.com/rooms/686744769399324785
686791985530774e3,NA,NA,4,NA,1,NA,5,4,https://www.airbnb.com/rooms/686791985530774038
686871694032565500,$115.00,Neighborhood highlights,4,1,2,3,4.61,51,https://www.airbnb.com/rooms/686871694032565469
686913481730758800,$93.00,Neighborhood highlights,2,1,1,1,4.77,31,https://www.airbnb.com/rooms/686913481730758774
686946682932820700,$240.00,Neighborhood highlights,2,1,1,1,5,3,https://www.airbnb.com/rooms/686946682932820685
686948308860858800,$60.00,NA,2,1,1,1,5,2,https://www.airbnb.com/rooms/686948308860858742
686956328127294800,$186.00,Neighborhood highlights,1,1,0,1,4.25,8,https://www.airbnb.com/rooms/686956328127294822
687131824284808700,$150.00,Neighborhood highlights,1,1,1,3,4.71,42,https://www.airbnb.com/rooms/687131824284808763
687143636484310700,$137.00,Neighborhood highlights,2,1,1,0,NA,0,https://www.airbnb.com/rooms/687143636484310713
687157392498603900,NA,NA,1,NA,1,NA,NA,0,https://www.airbnb.com/rooms/687157392498603930
687164655415677700,NA,NA,1,NA,1,NA,NA,0,https://www.airbnb.com/rooms/687164655415677745
687213757947864300,$71.00,Neighborhood highlights,1,1,1,1,4.9,10,https://www.airbnb.com/rooms/687213757947864332
687247498840590100,$250.00,Neighborhood highlights,4,1,2,2,4.59,56,https://www.airbnb.com/rooms/687247498840590058
687351522421269800,NA,NA,4,NA,1,NA,4.94,52,https://www.airbnb.com/rooms/687351522421269786
687561322939099600,$266.00,Neighborhood highlights,3,1,0,2,4.84,79,https://www.airbnb.com/rooms/687561322939099711
687654908406138e3,$60.00,NA,2,1,1,1,4.81,37,https://www.airbnb.com/rooms/687654908406137989
687698474968214300,$215.00,NA,3,1,1,2,4.72,25,https://www.airbnb.com/rooms/687698474968214276
687728216964139900,NA,NA,4,NA,1,NA,5,6,https://www.airbnb.com/rooms/687728216964139928
687959926587702300,NA,Neighborhood highlights,7,NA,3,NA,4.93,29,https://www.airbnb.com/rooms/687959926587702316
688005892979251100,$78.00,Neighborhood highlights,2,1,1,1,NA,0,https://www.airbnb.com/rooms/688005892979251123
688185985208148700,NA,Neighborhood highlights,4,NA,2,NA,4.76,17,https://www.airbnb.com/rooms/688185985208148760
688412684613234200,NA,Neighborhood highlights,2,NA,1,NA,4.83,6,https://www.airbnb.com/rooms/688412684613234213
6.8843985925924006e+17,$143.00,Neighborhood highlights,2,0.5,1,1,5,9,https://www.airbnb.com/rooms/688439859259240086
688451376683977e3,NA,NA,2,NA,1,NA,5,10,https://www.airbnb.com/rooms/688451376683976979
688475381592613800,$188.00,Neighborhood highlights,2,1,1,1,4.86,43,https://www.airbnb.com/rooms/688475381592613781
688500937567104600,$75.00,NA,2,1,1,1,4.86,7,https://www.airbnb.com/rooms/688500937567104673
688530367331056500,$50.00,NA,1,1,1,1,4.77,64,https://www.airbnb.com/rooms/688530367331056465
688534380674543500,$89.00,Neighborhood highlights,2,1,1,2,4.3,80,https://www.airbnb.com/rooms/688534380674543536
688602835794547500,$130.00,Neighborhood highlights,2,2,2,2,4.97,38,https://www.airbnb.com/rooms/688602835794547518
688696272821787500,$150.00,NA,6,1,2,3,4.87,60,https://www.airbnb.com/rooms/688696272821787483
688717631090061700,$499.00,Neighborhood highlights,3,1,1,2,NA,0,https://www.airbnb.com/rooms/688717631090061638
688860783880686600,NA,Neighborhood highlights,3,NA,1,NA,NA,0,https://www.airbnb.com/rooms/688860783880686558
688881481974311400,NA,NA,2,NA,NA,NA,4.67,12,https://www.airbnb.com/rooms/688881481974311362
688995040218369200,$105.00,Neighborhood highlights,2,1,0,1,5,5,https://www.airbnb.com/rooms/688995040218369146
688996746493895200,NA,Neighborhood highlights,2,NA,NA,NA,5,3,https://www.airbnb.com/rooms/688996746493895125
689011429542195700,"$1,013.00",Neighborhood highlights,6,2,2,3,4.97,29,https://www.airbnb.com/rooms/689011429542195670
689043579053364600,$166.00,Neighborhood highlights,2,1,1,1,4.87,108,https://www.airbnb.com/rooms/689043579053364669
689061565344703e3,NA,Neighborhood highlights,4,NA,1,NA,5,3,https://www.airbnb.com/rooms/689061565344702989
689091570445137200,$230.00,Neighborhood highlights,8,1.5,4,5,4.88,8,https://www.airbnb.com/rooms/689091570445137118
689097846834777900,$52.00,NA,3,1,1,1,4.74,57,https://www.airbnb.com/rooms/689097846834777912
689145183614237300,NA,NA,4,NA,1,NA,NA,0,https://www.airbnb.com/rooms/689145183614237359
689168899782649200,$54.00,NA,2,1,1,1,4.73,51,https://www.airbnb.com/rooms/689168899782649267
689200500518970400,NA,NA,2,1,1,1,4.91,56,https://www.airbnb.com/rooms/689200500518970386
689258526469547400,$104.00,Neighborhood highlights,3,1,2,3,4.5,2,https://www.airbnb.com/rooms/689258526469547446
689295463908141800,$100.00,Neighborhood highlights,2,1.5,1,1,NA,0,https://www.airbnb.com/rooms/689295463908141843
689338762468533100,$215.00,Neighborhood highlights,4,1,2,2,4.82,17,https://www.airbnb.com/rooms/689338762468533158
689633473864030200,$49.00,NA,1,1,1,1,NA,0,https://www.airbnb.com/rooms/689633473864030187
689641804571353700,NA,NA,1,NA,1,NA,NA,0,https://www.airbnb.com/rooms/689641804571353777
689647974923524100,NA,NA,1,NA,1,NA,NA,0,https://www.airbnb.com/rooms/689647974923524077
689653605364933600,NA,NA,1,NA,1,NA,NA,0,https://www.airbnb.com/rooms/689653605364933580
689759067944171500,$117.00,NA,2,1,1,2,1,1,https://www.airbnb.com/rooms/689759067944171480
689819573313925900,$120.00,Neighborhood highlights,2,1,1,1,5,5,https://www.airbnb.com/rooms/689819573313925909
689860101947398100,$59.00,NA,1,1,1,1,4.75,8,https://www.airbnb.com/rooms/689860101947398104
689892790771456e3,NA,NA,4,1,1,3,4.55,83,https://www.airbnb.com/rooms/689892790771456013
689915773903423e3,$150.00,NA,2,1,1,1,4.79,43,https://www.airbnb.com/rooms/689915773903422973
6.9002659525151194e+17,$140.00,Neighborhood highlights,4,1,3,3,4.85,75,https://www.airbnb.com/rooms/690026595251511990
690028967517364500,$93.00,Neighborhood highlights,2,1,1,1,5,21,https://www.airbnb.com/rooms/690028967517364430
690036302901424600,$51.00,Neighborhood highlights,1,1,1,1,5,6,https://www.airbnb.com/rooms/690036302901424615
690037658614567300,NA,Neighborhood highlights,2,NA,1,NA,4.98,59,https://www.airbnb.com/rooms/690037658614567343
690040292718280400,NA,Neighborhood highlights,2,NA,1,NA,5,2,https://www.airbnb.com/rooms/690040292718280460
690047987002271200,NA,NA,2,NA,NA,NA,5,1,https://www.airbnb.com/rooms/690047987002271294
690070364410526500,$169.00,Neighborhood highlights,2,1,2,2,4.84,85,https://www.airbnb.com/rooms/690070364410526409
690231158885167500,$302.00,Neighborhood highlights,2,1,1,1,NA,0,https://www.airbnb.com/rooms/690231158885167522
690231430345643100,$647.00,Neighborhood highlights,6,5,3,3,NA,0,https://www.airbnb.com/rooms/690231430345643182
690387410072434800,NA,NA,3,NA,1,NA,4.89,9,https://www.airbnb.com/rooms/690387410072434847
690456760581628700,$118.00,Neighborhood highlights,4,1,2,2,4.71,7,https://www.airbnb.com/rooms/690456760581628693
690475685515719600,$467.00,Neighborhood highlights,2,1,3,5,4.93,55,https://www.airbnb.com/rooms/690475685515719489
690537802369649900,$130.00,NA,6,1,2,2,4.86,14,https://www.airbnb.com/rooms/690537802369649949
690552616328239400,$96.00,NA,2,1,1,1,NA,0,https://www.airbnb.com/rooms/690552616328239393
690608312288997400,NA,NA,2,NA,NA,NA,NA,0,https://www.airbnb.com/rooms/690608312288997355
690612818613543300,NA,Neighborhood highlights,6,NA,3,NA,4.28,18,https://www.airbnb.com/rooms/690612818613543303
690675653300874800,NA,Neighborhood highlights,2,NA,2,NA,5,1,https://www.airbnb.com/rooms/690675653300874763
690762257064515500,$199.00,NA,2,1,1,1,4.93,28,https://www.airbnb.com/rooms/690762257064515501
690787676906691300,$221.00,Neighborhood highlights,3,1,1,3,4.9,41,https://www.airbnb.com/rooms/690787676906691363
690789292617238700,$71.00,NA,2,1,1,1,4.82,44,https://www.airbnb.com/rooms/690789292617238611
690814821959585500,$149.00,NA,2,1,1,1,4.9,10,https://www.airbnb.com/rooms/690814821959585555
691109892839269200,$179.00,NA,3,1,1,1,5,4,https://www.airbnb.com/rooms/691109892839269230
691161893025139100,$200.00,NA,4,1,1,1,NA,0,https://www.airbnb.com/rooms/691161893025139013
691169735744906200,$135.00,NA,2,1,1,1,4.9,10,https://www.airbnb.com/rooms/691169735744906187
691173081458173600,$135.00,Neighborhood highlights,2,1,1,1,4.89,64,https://www.airbnb.com/rooms/691173081458173580
691255376289428100,$36.00,Neighborhood highlights,1,1,1,1,5,5,https://www.airbnb.com/rooms/691255376289428094
691255512367890200,$45.00,NA,1,1,1,1,5,2,https://www.airbnb.com/rooms/691255512367890158
691270986280465700,$299.00,Neighborhood highlights,6,2,3,3,4.94,48,https://www.airbnb.com/rooms/691270986280465661
691287196886058100,$110.00,NA,4,1,1,2,3,1,https://www.airbnb.com/rooms/691287196886058167
691352072367698800,$60.00,NA,1,1,1,1,4.83,104,https://www.airbnb.com/rooms/691352072367698800
691373277862293200,$155.00,NA,4,1,1,2,4.89,18,https://www.airbnb.com/rooms/691373277862293232
691440340919194200,$195.00,NA,4,1,1,2,4.8,76,https://www.airbnb.com/rooms/691440340919194195
6.9152339565335194e+17,$159.00,Neighborhood highlights,5,1,2,2,NA,0,https://www.airbnb.com/rooms/691523395653351965
691653368293101700,NA,Neighborhood highlights,4,NA,1,NA,4.42,26,https://www.airbnb.com/rooms/691653368293101718
691676460109271200,$144.00,Neighborhood highlights,2,1,1,1,4.55,1316,https://www.airbnb.com/rooms/691676460109271194
691684916095150600,NA,Neighborhood highlights,4,NA,1,NA,4.45,22,https://www.airbnb.com/rooms/691684916095150541
691695581479158300,$157.00,NA,1,1,1,1,NA,0,https://www.airbnb.com/rooms/691695581479158288
691766758060211500,NA,Neighborhood highlights,2,NA,1,NA,NA,0,https://www.airbnb.com/rooms/691766758060211444
691767025683358200,$346.00,Neighborhood highlights,4,2,2,2,NA,0,https://www.airbnb.com/rooms/691767025683358245
691811914823074700,$45.00,Neighborhood highlights,2,1,1,1,NA,0,https://www.airbnb.com/rooms/691811914823074708
691844981727615700,NA,Neighborhood highlights,2,NA,NA,NA,3,1,https://www.airbnb.com/rooms/691844981727615703
691865820282758e3,$48.00,Neighborhood highlights,1,1,1,1,NA,0,https://www.airbnb.com/rooms/691865820282757967
691905182126336300,$40.00,Neighborhood highlights,1,1,1,1,NA,0,https://www.airbnb.com/rooms/691905182126336286
691912167824183200,NA,Neighborhood highlights,2,NA,NA,NA,3.5,4,https://www.airbnb.com/rooms/691912167824183117
691916839536951200,$41.00,Neighborhood highlights,2,1,1,1,NA,0,https://www.airbnb.com/rooms/691916839536951122
691938691548251100,NA,NA,1,NA,1,NA,NA,0,https://www.airbnb.com/rooms/691938691548251141
691948132177132200,$75.00,Neighborhood highlights,1,1,3,1,4.92,12,https://www.airbnb.com/rooms/691948132177132137
691963044801267e3,$254.00,NA,6,2,3,3,4.72,18,https://www.airbnb.com/rooms/691963044801266991
692015530076595100,NA,Neighborhood highlights,2,NA,1,NA,5,3,https://www.airbnb.com/rooms/692015530076595085
692027859282829300,$205.00,Neighborhood highlights,4,2,3,3,5,12,https://www.airbnb.com/rooms/692027859282829341
692044373646552200,$199.00,NA,3,1,1,1,NA,0,https://www.airbnb.com/rooms/692044373646552135
692075948348759300,$102.00,Neighborhood highlights,2,1,1,1,4.75,32,https://www.airbnb.com/rooms/692075948348759261
692113658370672800,$146.00,NA,4,1,2,2,NA,0,https://www.airbnb.com/rooms/692113658370672731
692125334129380500,$65.00,NA,2,1,1,2,4.56,41,https://www.airbnb.com/rooms/692125334129380493
692154261804082200,$192.00,Neighborhood highlights,2,1,1,2,4.8,20,https://www.airbnb.com/rooms/692154261804082226
692176567479202300,$41.00,Neighborhood highlights,2,1,1,1,4,2,https://www.airbnb.com/rooms/692176567479202356
692185719708852400,$41.00,Neighborhood highlights,1,1,1,1,NA,0,https://www.airbnb.com/rooms/692185719708852412
692194279143080300,$39.00,Neighborhood highlights,2,1,1,1,5,1,https://www.airbnb.com/rooms/692194279143080319
692200007832969600,$39.00,Neighborhood highlights,2,1,1,1,4,1,https://www.airbnb.com/rooms/692200007832969582
692209542398255200,$39.00,Neighborhood highlights,1,1,1,1,NA,0,https://www.airbnb.com/rooms/692209542398255195
692217645174890900,$195.00,Neighborhood highlights,4,1,1,2,4.59,184,https://www.airbnb.com/rooms/692217645174890864
692226659097700900,$108.00,Neighborhood highlights,2,1,1,1,4.8,10,https://www.airbnb.com/rooms/692226659097700854
692252792758522900,$47.00,Neighborhood highlights,2,1,1,1,4.33,3,https://www.airbnb.com/rooms/692252792758522886
692260377076190100,NA,Neighborhood highlights,2,NA,NA,NA,NA,0,https://www.airbnb.com/rooms/692260377076190143
692317179893108500,NA,Neighborhood highlights,1,NA,NA,NA,NA,0,https://www.airbnb.com/rooms/692317179893108423
692338753651630500,$40.00,Neighborhood highlights,2,1,1,1,NA,0,https://www.airbnb.com/rooms/692338753651630498
692345486097351700,$40.00,Neighborhood highlights,2,1,1,1,5,1,https://www.airbnb.com/rooms/692345486097351709
69237813831345e4,NA,Neighborhood highlights,1,NA,NA,NA,5,1,https://www.airbnb.com/rooms/692378138313449984
692387294521905200,$39.00,Neighborhood highlights,1,1,1,1,NA,0,https://www.airbnb.com/rooms/692387294521905195
692387706860229200,$38.00,Neighborhood highlights,1,1,1,1,4.43,7,https://www.airbnb.com/rooms/692387706860229243
692387808563178900,NA,Neighborhood highlights,1,1,1,1,NA,0,https://www.airbnb.com/rooms/692387808563178909
692599752789657700,$66.00,NA,1,1,1,1,5,3,https://www.airbnb.com/rooms/692599752789657674
692641654304732900,$70.00,NA,2,2,1,1,4.85,61,https://www.airbnb.com/rooms/692641654304732985
692661894540894700,$47.00,NA,1,1,1,1,NA,0,https://www.airbnb.com/rooms/692661894540894730
692677118136223900,$140.00,Neighborhood highlights,1,1,1,1,NA,0,https://www.airbnb.com/rooms/692677118136223825
692677180661715100,$70.00,Neighborhood highlights,3,2,1,1,4.66,56,https://www.airbnb.com/rooms/692677180661715061
692700316570921700,$70.00,NA,2,2,1,1,4.7,40,https://www.airbnb.com/rooms/692700316570921760
692726447958336800,$70.00,NA,2,2,1,1,4.77,57,https://www.airbnb.com/rooms/692726447958336704
692759176797642100,$70.00,Neighborhood highlights,2,2,1,1,4.74,50,https://www.airbnb.com/rooms/692759176797642090
69281020884493e4,$117.00,NA,2,1,2,2,4.84,43,https://www.airbnb.com/rooms/692810208844929987
692813905111173400,"$10,000.00",NA,6,4.5,4,4,NA,0,https://www.airbnb.com/rooms/692813905111173363
692931991563879800,$125.00,NA,3,1,1,1,4.94,31,https://www.airbnb.com/rooms/692931991563879774
692942325037007200,$199.00,Neighborhood highlights,3,1,1,2,4.85,26,https://www.airbnb.com/rooms/692942325037007293
693291705293690100,NA,Neighborhood highlights,1,NA,NA,NA,5,1,https://www.airbnb.com/rooms/693291705293690136
693293975462498400,$38.00,NA,1,2,1,1,NA,0,https://www.airbnb.com/rooms/693293975462498483
693332520080553700,$117.00,Neighborhood highlights,8,1,2,4,4.57,49,https://www.airbnb.com/rooms/693332520080553680
693446699348340200,$49.00,NA,1,1,1,1,4.81,16,https://www.airbnb.com/rooms/693446699348340171
693451056866395900,$135.00,Neighborhood highlights,2,2,1,2,4.9,67,https://www.airbnb.com/rooms/693451056866395915
693452603520852e3,$470.00,NA,3,1,1,1,5,1,https://www.airbnb.com/rooms/693452603520851951
693492812081694800,$95.00,NA,1,1,1,1,5,4,https://www.airbnb.com/rooms/693492812081694815
693567361025762300,$276.00,Neighborhood highlights,6,1,2,4,4.92,49,https://www.airbnb.com/rooms/693567361025762253
693619339991699700,$55.00,Neighborhood highlights,1,1,1,2,5,3,https://www.airbnb.com/rooms/693619339991699741
693681944305880300,$354.00,Neighborhood highlights,4,1,1,2,4.38,16,https://www.airbnb.com/rooms/693681944305880340
693682129068012900,$160.00,NA,3,3,3,3,4.82,38,https://www.airbnb.com/rooms/693682129068012891
693756676555883900,$125.00,NA,2,1,1,1,5,17,https://www.airbnb.com/rooms/693756676555883936
694012875906714e3,$105.00,Neighborhood highlights,4,1,1,2,5,1,https://www.airbnb.com/rooms/694012875906713942
694024141571245600,$275.00,NA,2,1,1,1,5,12,https://www.airbnb.com/rooms/694024141571245527
694085224169979100,$65.00,NA,2,1,1,1,4.81,79,https://www.airbnb.com/rooms/694085224169979111
694129190158513900,NA,NA,5,NA,2,NA,5,6,https://www.airbnb.com/rooms/694129190158513860
694207890420253400,$260.00,NA,4,1,2,2,4,1,https://www.airbnb.com/rooms/694207890420253457
694208483636229400,$300.00,NA,3,1,0,2,5,2,https://www.airbnb.com/rooms/694208483636229401
694230957774889200,$225.00,NA,3,1,1,1,5,5,https://www.airbnb.com/rooms/694230957774889184
694248076453511400,$65.00,NA,1,1,3,1,4.5,8,https://www.airbnb.com/rooms/694248076453511420
694261490272490600,$130.00,Neighborhood highlights,1,1,1,1,NA,0,https://www.airbnb.com/rooms/694261490272490565
694387559588416800,$95.00,NA,2,2,1,1,4.89,72,https://www.airbnb.com/rooms/694387559588416753
694405510672672400,$95.00,NA,2,2,1,1,4.84,55,https://www.airbnb.com/rooms/694405510672672330
694441556716357900,$49.00,NA,3,1,1,2,4.11,18,https://www.airbnb.com/rooms/694441556716357952
694709585427847e3,$271.00,Neighborhood highlights,2,1,1,1,5,2,https://www.airbnb.com/rooms/694709585427847036
694730806676379800,$253.00,Neighborhood highlights,2,1,1,1,NA,0,https://www.airbnb.com/rooms/694730806676379784
694769596180562e3,NA,Neighborhood highlights,2,NA,1,NA,NA,0,https://www.airbnb.com/rooms/694769596180562086
694814715305886700,NA,Neighborhood highlights,3,NA,NA,NA,5,14,https://www.airbnb.com/rooms/694814715305886707
694859987865921800,$525.00,NA,4,2,2,2,4.94,18,https://www.airbnb.com/rooms/694859987865921785
694891494434803e3,$230.00,NA,12,1,3,4,4.45,11,https://www.airbnb.com/rooms/694891494434802995
694897398595994500,$130.00,NA,2,1,1,2,4.62,21,https://www.airbnb.com/rooms/694897398595994504
694902191509735800,$200.00,Neighborhood highlights,3,1,1,1,4.62,29,https://www.airbnb.com/rooms/694902191509735869
694912775374181400,$500.00,Neighborhood highlights,2,1,1,1,5,11,https://www.airbnb.com/rooms/694912775374181321
694928981372858900,$650.00,NA,4,1,2,2,5,4,https://www.airbnb.com/rooms/694928981372858824
694930103507598500,$199.00,Neighborhood highlights,7,2,4,5,4.41,17,https://www.airbnb.com/rooms/694930103507598445
694944491800443100,NA,NA,2,NA,NA,NA,5,6,https://www.airbnb.com/rooms/694944491800443196
694958372781023e3,$100.00,NA,3,1,2,2,3,2,https://www.airbnb.com/rooms/694958372781022948
695060989831158800,$122.00,Neighborhood highlights,2,1,1,1,4.84,56,https://www.airbnb.com/rooms/695060989831158809
695135968242041600,$150.00,NA,2,1,1,2,4.94,52,https://www.airbnb.com/rooms/695135968242041566
69516459051584e4,$800.00,NA,2,1,1,1,5,1,https://www.airbnb.com/rooms/695164590515840055
695343343573591700,$99.00,NA,4,1,1,2,4.29,14,https://www.airbnb.com/rooms/695343343573591644
695447606081906300,$43.00,Neighborhood highlights,2,1,1,1,5,1,https://www.airbnb.com/rooms/695447606081906268
695461609687642200,NA,Neighborhood highlights,2,NA,NA,NA,5,1,https://www.airbnb.com/rooms/695461609687642194
695479025965530500,NA,Neighborhood highlights,2,NA,NA,NA,NA,0,https://www.airbnb.com/rooms/695479025965530454
695488688975869600,$239.00,NA,4,1,2,3,4.86,29,https://www.airbnb.com/rooms/695488688975869568
695515249027746600,$259.00,Neighborhood highlights,7,1,2,4,4.92,71,https://www.airbnb.com/rooms/695515249027746508
695539871397026200,$55.00,Neighborhood highlights,2,1,1,1,5,2,https://www.airbnb.com/rooms/695539871397026127
695540577393115500,$55.00,Neighborhood highlights,2,1,1,1,NA,0,https://www.airbnb.com/rooms/695540577393115462
695543239340187400,$54.00,Neighborhood highlights,2,1,1,1,5,1,https://www.airbnb.com/rooms/695543239340187444
695544287663396900,$54.00,Neighborhood highlights,2,1,1,1,3.67,3,https://www.airbnb.com/rooms/695544287663396890
695571491830508700,$99.00,NA,2,1,2,1,NA,0,https://www.airbnb.com/rooms/695571491830508727
695572109888897500,NA,Neighborhood highlights,2,NA,1,NA,NA,0,https://www.airbnb.com/rooms/695572109888897524
695575113098792300,$52.00,Neighborhood highlights,2,0,1,0,NA,0,https://www.airbnb.com/rooms/695575113098792324
695587837737576300,$163.00,NA,3,1,0,1,NA,0,https://www.airbnb.com/rooms/695587837737576376
695640507961714600,NA,Neighborhood highlights,5,NA,2,NA,4.81,37,https://www.airbnb.com/rooms/695640507961714623
695645035940802700,$101.00,NA,3,1,1,1,4.7,10,https://www.airbnb.com/rooms/695645035940802712
695685012481775600,$125.00,Neighborhood highlights,2,1,1,1,5,46,https://www.airbnb.com/rooms/695685012481775604
695688904235544200,$375.00,Neighborhood highlights,4,1,1,1,4.91,11,https://www.airbnb.com/rooms/695688904235544228
695712819581552e3,$58.00,NA,2,2,1,1,4.77,52,https://www.airbnb.com/rooms/695712819581552031
695742749164895500,$58.00,NA,2,2,1,1,4.79,48,https://www.airbnb.com/rooms/695742749164895552
695755456324715800,$189.00,NA,2,1,1,1,4.92,51,https://www.airbnb.com/rooms/695755456324715761
695757611557146600,$54.00,NA,2,2,1,1,4.8,55,https://www.airbnb.com/rooms/695757611557146564
695779291962525e3,$58.00,NA,2,2,1,1,4.79,52,https://www.airbnb.com/rooms/695779291962525074
695793844031730200,$140.00,Neighborhood highlights,2,1,1,1,5,65,https://www.airbnb.com/rooms/695793844031730151
695817663464762800,$80.00,Neighborhood highlights,2,1,0,2,4.85,20,https://www.airbnb.com/rooms/695817663464762787
695923766308374100,$245.00,Neighborhood highlights,2,1,1,1,4.89,45,https://www.airbnb.com/rooms/695923766308374088
696035478753139200,NA,NA,3,NA,3,NA,NA,0,https://www.airbnb.com/rooms/696035478753139179
696061385423980200,NA,Neighborhood highlights,6,NA,2,NA,4.73,52,https://www.airbnb.com/rooms/696061385423980135
696178626209029600,$225.00,NA,2,1,1,1,5,14,https://www.airbnb.com/rooms/696178626209029623
696203267090675600,$108.00,NA,2,1,1,1,4.73,15,https://www.airbnb.com/rooms/696203267090675587
696408170720458e3,$115.00,NA,4,1,1,2,4.71,38,https://www.airbnb.com/rooms/696408170720458028
696453300870035300,$62.00,NA,2,1,1,1,4.52,42,https://www.airbnb.com/rooms/696453300870035307
696460039951904100,$95.00,NA,2,1,1,1,3.83,23,https://www.airbnb.com/rooms/696460039951904084
696558738505882600,$89.00,NA,1,2,4,1,4.8,55,https://www.airbnb.com/rooms/696558738505882577
696607933704936200,$241.00,NA,4,1,0,2,4.88,41,https://www.airbnb.com/rooms/696607933704936182
696614683123032800,$172.00,Neighborhood highlights,3,1,1,2,4.46,313,https://www.airbnb.com/rooms/696614683123032785
696616459846609700,$169.00,Neighborhood highlights,3,1,1,1,4.56,174,https://www.airbnb.com/rooms/696616459846609727
696618978992271900,$223.00,NA,4,1,0,2,4.78,41,https://www.airbnb.com/rooms/696618978992271885
696620581974515600,$154.00,Neighborhood highlights,2,1,1,1,4.59,156,https://www.airbnb.com/rooms/696620581974515556
696623677328852700,$147.00,Neighborhood highlights,3,1,1,1,4.57,318,https://www.airbnb.com/rooms/696623677328852773
696811607506823200,$140.00,Neighborhood highlights,4,1,2,3,4.67,3,https://www.airbnb.com/rooms/696811607506823150
696895555330850600,$425.00,Neighborhood highlights,4,1,2,2,NA,0,https://www.airbnb.com/rooms/696895555330850606
696897568852506900,$437.00,Neighborhood highlights,4,1,2,2,NA,0,https://www.airbnb.com/rooms/696897568852506833
696897885891595500,$432.00,Neighborhood highlights,6,2,3,3,NA,0,https://www.airbnb.com/rooms/696897885891595504
6.9700531464832794e+17,NA,NA,2,NA,2,NA,4.78,9,https://www.airbnb.com/rooms/697005314648327918
697029182240809500,NA,NA,1,NA,NA,NA,4.86,7,https://www.airbnb.com/rooms/697029182240809464
697076566224009200,$160.00,NA,3,1,2,1,4,1,https://www.airbnb.com/rooms/697076566224009161
697155684676038300,$170.00,NA,2,1,0,1,4.33,3,https://www.airbnb.com/rooms/697155684676038214
697162273018281200,$124.00,NA,3,1,2,2,4.86,206,https://www.airbnb.com/rooms/697162273018281181
697164269523445800,$514.00,NA,2,1,1,1,5,10,https://www.airbnb.com/rooms/697164269523445797
697193632643079200,$227.00,Neighborhood highlights,2,2,1,1,4.92,135,https://www.airbnb.com/rooms/697193632643079138
697216048380406500,$200.00,NA,6,4,3,3,4.9,39,https://www.airbnb.com/rooms/697216048380406500
697486551574256300,$108.00,Neighborhood highlights,1,1,1,0,4.92,25,https://www.airbnb.com/rooms/697486551574256280
697660780570660700,NA,Neighborhood highlights,2,NA,1,NA,5,17,https://www.airbnb.com/rooms/697660780570660717
697678101256587300,NA,NA,3,NA,1,NA,4.89,18,https://www.airbnb.com/rooms/697678101256587208
697719311988590700,$65.00,NA,2,1,1,1,4.89,53,https://www.airbnb.com/rooms/697719311988590720
697760040679546500,NA,Neighborhood highlights,2,NA,2,NA,4.33,3,https://www.airbnb.com/rooms/697760040679546464
697768254837542800,$89.00,NA,2,1,1,2,5,3,https://www.airbnb.com/rooms/697768254837542779
697796214212202600,$57.00,NA,2,1,1,1,4.87,15,https://www.airbnb.com/rooms/697796214212202631
698069198212604900,$125.00,NA,7,1,3,3,4.55,22,https://www.airbnb.com/rooms/698069198212604956
698083825440599600,$129.00,Neighborhood highlights,4,1,1,2,4.2,5,https://www.airbnb.com/rooms/698083825440599492
698089546533464400,$78.00,Neighborhood highlights,2,1,1,1,4.67,3,https://www.airbnb.com/rooms/698089546533464498
698222266968390100,NA,Neighborhood highlights,2,NA,1,NA,5,7,https://www.airbnb.com/rooms/698222266968390143
698358678440667600,NA,Neighborhood highlights,1,NA,NA,NA,NA,0,https://www.airbnb.com/rooms/698358678440667682
698367808357841400,NA,Neighborhood highlights,2,NA,NA,NA,NA,0,https://www.airbnb.com/rooms/698367808357841414
698371147649198200,$130.00,NA,3,1,1,1,2.5,2,https://www.airbnb.com/rooms/698371147649198204
698390765330914700,$40.00,Neighborhood highlights,1,1,1,1,5,1,https://www.airbnb.com/rooms/698390765330914716
69841985204561e4,NA,NA,2,NA,NA,NA,NA,0,https://www.airbnb.com/rooms/698419852045609952
698451569987978800,"$1,250.00",Neighborhood highlights,16,2,1,0,5,2,https://www.airbnb.com/rooms/698451569987978758
698463402516494500,NA,Neighborhood highlights,2,NA,1,NA,4.43,14,https://www.airbnb.com/rooms/698463402516494469
698473836731921500,$237.00,Neighborhood highlights,3,1,2,2,4.97,94,https://www.airbnb.com/rooms/698473836731921553
698652438608360600,$201.00,Neighborhood highlights,4,1,1,2,4.95,78,https://www.airbnb.com/rooms/698652438608360566
698665597836185100,$185.00,Neighborhood highlights,4,1,1,1,4.69,101,https://www.airbnb.com/rooms/698665597836185143
698672087827555e3,$75.00,Neighborhood highlights,2,1,1,1,4.14,7,https://www.airbnb.com/rooms/698672087827554947
698690204501230700,NA,NA,2,1,1,1,4.4,5,https://www.airbnb.com/rooms/698690204501230734
698690678897269e3,$150.00,Neighborhood highlights,2,1,1,2,4.47,15,https://www.airbnb.com/rooms/698690678897268945
698726604633974500,$200.00,NA,2,1,1,1,4.8,5,https://www.airbnb.com/rooms/698726604633974540
698812600923000700,$44.00,NA,1,0,1,0,NA,0,https://www.airbnb.com/rooms/698812600923000746
698860805071282700,$65.00,Neighborhood highlights,1,1,2,1,5,6,https://www.airbnb.com/rooms/698860805071282645
698952060530193500,$124.00,NA,2,1,1,1,2,1,https://www.airbnb.com/rooms/698952060530193546
699081955951522200,$279.00,Neighborhood highlights,2,1,1,1,NA,0,https://www.airbnb.com/rooms/699081955951522189
699158285991699800,NA,Neighborhood highlights,2,NA,NA,NA,4.43,7,https://www.airbnb.com/rooms/699158285991699810
699168737421368400,$700.00,NA,5,2.5,3,4,4.94,31,https://www.airbnb.com/rooms/699168737421368390
699189080597169900,$295.00,Neighborhood highlights,4,1,1,2,4.96,73,https://www.airbnb.com/rooms/699189080597169915
699238002983385600,$135.00,Neighborhood highlights,4,1,2,4,NA,0,https://www.airbnb.com/rooms/699238002983385662
699239642948521100,$399.00,NA,6,1,2,3,4.85,13,https://www.airbnb.com/rooms/699239642948521140
699279373657213e3,NA,Neighborhood highlights,1,NA,1,NA,NA,0,https://www.airbnb.com/rooms/699279373657213064
699287688809132400,$299.00,Neighborhood highlights,5,1,3,5,4.81,48,https://www.airbnb.com/rooms/699287688809132434
699354979403842300,$449.00,NA,6,1.5,3,4,5,28,https://www.airbnb.com/rooms/699354979403842297
699370623470219e3,NA,Neighborhood highlights,2,NA,1,NA,NA,0,https://www.airbnb.com/rooms/699370623470219014
699383408601565400,$99.00,NA,2,1,1,2,4.67,9,https://www.airbnb.com/rooms/699383408601565388
699399732360564400,$311.00,NA,8,1,3,4,4.68,41,https://www.airbnb.com/rooms/699399732360564333
699498492683663200,$210.00,NA,4,1,2,2,5,5,https://www.airbnb.com/rooms/699498492683663177
699514671565064700,NA,Neighborhood highlights,2,NA,NA,NA,5,1,https://www.airbnb.com/rooms/699514671565064744
699799295716034700,$200.00,NA,2,1,0,2,4.82,28,https://www.airbnb.com/rooms/699799295716034636
699862597447371400,$300.00,NA,2,1,1,1,5,5,https://www.airbnb.com/rooms/699862597447371397
699867644911279400,$319.00,Neighborhood highlights,4,2,2,2,NA,0,https://www.airbnb.com/rooms/699867644911279327
699868226641595800,$455.00,Neighborhood highlights,4,2,2,2,NA,0,https://www.airbnb.com/rooms/699868226641595729
699897545842467300,NA,Neighborhood highlights,4,NA,2,NA,5,1,https://www.airbnb.com/rooms/699897545842467296
699900472291364200,$271.00,Neighborhood highlights,2,1,1,2,5,7,https://www.airbnb.com/rooms/699900472291364183
69991406305481e4,NA,NA,2,NA,NA,NA,4.5,2,https://www.airbnb.com/rooms/699914063054810032
700000812390093300,$215.00,Neighborhood highlights,2,1,1,1,5,60,https://www.airbnb.com/rooms/700000812390093269
700003119167999700,$130.00,Neighborhood highlights,4,1,2,2,5,4,https://www.airbnb.com/rooms/700003119167999746
700064775616824800,$350.00,NA,2,1,1,1,NA,0,https://www.airbnb.com/rooms/700064775616824780
700088418861059e3,"$1,000.00",NA,16,2,0,1,5,1,https://www.airbnb.com/rooms/700088418861058994
700111269108709600,$178.00,NA,1,1,1,1,4.71,21,https://www.airbnb.com/rooms/700111269108709591
700146181833846400,$600.00,NA,16,1,0,1,3,1,https://www.airbnb.com/rooms/700146181833846394
700206837960871700,NA,NA,1,NA,1,NA,NA,0,https://www.airbnb.com/rooms/700206837960871675
700216864475658800,NA,NA,1,NA,1,NA,NA,0,https://www.airbnb.com/rooms/700216864475658693
700246592261412600,"$2,000.00",NA,16,1,0,1,NA,0,https://www.airbnb.com/rooms/700246592261412587
700541785124718700,$85.00,NA,1,1,1,1,4.95,20,https://www.airbnb.com/rooms/700541785124718676
700568844878553100,$112.00,NA,1,1,0,1,5,3,https://www.airbnb.com/rooms/700568844878553081
700586064334508200,$165.00,Neighborhood highlights,4,1,1,1,4.83,6,https://www.airbnb.com/rooms/700586064334508163
700629595665616500,$150.00,NA,4,1,1,0,NA,0,https://www.airbnb.com/rooms/700629595665616550
700656334389279400,NA,Neighborhood highlights,6,NA,2,NA,4.85,20,https://www.airbnb.com/rooms/700656334389279385
700690819241202700,$158.00,Neighborhood highlights,4,1,1,2,4.33,3,https://www.airbnb.com/rooms/700690819241202734
700702850623136300,$133.00,NA,2,1,1,1,4.94,32,https://www.airbnb.com/rooms/700702850623136200
700731410900565800,$178.00,NA,4,1,1,2,4.75,4,https://www.airbnb.com/rooms/700731410900565809
700819811164895100,$50.00,NA,1,1,1,1,4.79,28,https://www.airbnb.com/rooms/700819811164895055
700850368069608800,$150.00,NA,2,1.5,1,1,4.6,40,https://www.airbnb.com/rooms/700850368069608837
700855290806384500,$150.00,NA,2,2,1,1,4.71,49,https://www.airbnb.com/rooms/700855290806384555
700871408306613200,$200.00,NA,2,1,0,1,4.5,4,https://www.airbnb.com/rooms/700871408306613219
700888293266225300,$147.00,Neighborhood highlights,3,1,1,1,4.51,764,https://www.airbnb.com/rooms/700888293266225258
700893842468034800,$149.00,Neighborhood highlights,3,1,1,1,4.69,29,https://www.airbnb.com/rooms/700893842468034810
700962934143319600,$161.00,Neighborhood highlights,2,1,1,1,4.98,46,https://www.airbnb.com/rooms/700962934143319603
701279449329328100,$59.00,NA,1,1,1,1,4.84,55,https://www.airbnb.com/rooms/701279449329328106
701321715853254e3,$279.00,Neighborhood highlights,2,1,0,1,NA,0,https://www.airbnb.com/rooms/701321715853254012
701323429973097700,NA,Neighborhood highlights,2,NA,1,NA,4.75,4,https://www.airbnb.com/rooms/701323429973097789
701327529930435e3,$216.00,NA,4,1,2,2,5,4,https://www.airbnb.com/rooms/701327529930434947
701343273401697e3,$113.00,NA,2,1,1,1,5,4,https://www.airbnb.com/rooms/701343273401697008
701345962006300400,$200.00,NA,4,1,2,2,5,4,https://www.airbnb.com/rooms/701345962006300397
701352651977610600,$213.00,NA,3,1,2,2,5,3,https://www.airbnb.com/rooms/701352651977610667
701389905710753200,$235.00,NA,2,1,1,1,NA,0,https://www.airbnb.com/rooms/701389905710753121
701401510655012700,$250.00,Neighborhood highlights,7,1,3,7,4.79,58,https://www.airbnb.com/rooms/701401510655012752
701478587424915600,$37.00,Neighborhood highlights,1,2,1,1,3,1,https://www.airbnb.com/rooms/701478587424915639
701504561702033800,$94.00,NA,2,1,1,1,NA,0,https://www.airbnb.com/rooms/701504561702033782
701628011751305100,$69.00,Neighborhood highlights,1,1,1,1,5,3,https://www.airbnb.com/rooms/701628011751305103
701740902049454600,$290.00,Neighborhood highlights,4,1,3,2,5,7,https://www.airbnb.com/rooms/701740902049454630
701981073507216600,$332.00,Neighborhood highlights,2,1,1,1,NA,0,https://www.airbnb.com/rooms/701981073507216587
701996174585911600,$231.00,NA,2,1,1,1,2,3,https://www.airbnb.com/rooms/701996174585911559
701997689259731200,$427.00,NA,2,1,1,1,NA,0,https://www.airbnb.com/rooms/701997689259731217
702005190750685800,$191.00,NA,4,1,2,2,4.45,40,https://www.airbnb.com/rooms/702005190750685766
702011787477127400,NA,NA,2,NA,1,NA,NA,0,https://www.airbnb.com/rooms/702011787477127477
702012279693056500,NA,NA,2,NA,1,NA,1,1,https://www.airbnb.com/rooms/702012279693056539
702015743416166700,"$1,100.00",Neighborhood highlights,6,2.5,3,4,5,2,https://www.airbnb.com/rooms/702015743416166619
702041514705171800,NA,NA,2,NA,1,NA,5,2,https://www.airbnb.com/rooms/702041514705171889
702051927069357e3,$45.00,Neighborhood highlights,2,1.5,1,1,5,3,https://www.airbnb.com/rooms/702051927069357008
702131564723235300,$395.00,NA,8,1,3,4,4.39,23,https://www.airbnb.com/rooms/702131564723235352
702151892808700300,$335.00,Neighborhood highlights,6,1,3,4,4.86,37,https://www.airbnb.com/rooms/702151892808700267
702151942322613800,$332.00,Neighborhood highlights,6,1,3,4,4.83,36,https://www.airbnb.com/rooms/702151942322613794
702182051146913200,$418.00,Neighborhood highlights,10,1,3,6,4,1,https://www.airbnb.com/rooms/702182051146913189
702189125829955800,NA,Neighborhood highlights,8,NA,3,NA,4.63,16,https://www.airbnb.com/rooms/702189125829955809
702234705476101400,$115.00,Neighborhood highlights,2,1,1,1,4.96,26,https://www.airbnb.com/rooms/702234705476101326
702360768619906200,NA,NA,2,NA,NA,NA,4.92,13,https://www.airbnb.com/rooms/702360768619906155
702374253532219300,NA,NA,4,NA,2,NA,5,1,https://www.airbnb.com/rooms/702374253532219322
702399293414840300,$300.00,Neighborhood highlights,4,1,2,2,4.9,40,https://www.airbnb.com/rooms/702399293414840328
702747529352284400,$100.00,NA,2,1,1,1,4.83,6,https://www.airbnb.com/rooms/702747529352284354
702846702148318700,NA,Neighborhood highlights,6,NA,3,NA,4.91,22,https://www.airbnb.com/rooms/702846702148318693
702860657212836e3,$447.00,NA,4,2,3,5,4.92,12,https://www.airbnb.com/rooms/702860657212836030
702914813859077900,$250.00,NA,2,2,1,1,5,2,https://www.airbnb.com/rooms/702914813859077943
70295397301842e4,$149.00,Neighborhood highlights,2,1,1,1,5,22,https://www.airbnb.com/rooms/702953973018419988
703477777113329800,$150.00,NA,2,1,1,1,5,10,https://www.airbnb.com/rooms/703477777113329774
703482585590551200,$150.00,NA,2,1,1,0,4.85,20,https://www.airbnb.com/rooms/703482585590551120
703558268913555700,$110.00,Neighborhood highlights,1,1,1,1,4,1,https://www.airbnb.com/rooms/703558268913555710
703611278003902700,$164.00,Neighborhood highlights,1,1,1,1,4.84,19,https://www.airbnb.com/rooms/703611278003902720
703703457778787100,$120.00,NA,2,1,1,1,NA,0,https://www.airbnb.com/rooms/703703457778787087
703738038699009700,$245.00,NA,6,2.5,3,3,4.89,9,https://www.airbnb.com/rooms/703738038699009605
703820082187392300,NA,Neighborhood highlights,4,NA,2,NA,4.92,12,https://www.airbnb.com/rooms/703820082187392309
704187120309184100,$124.00,NA,2,1,1,2,4.71,35,https://www.airbnb.com/rooms/704187120309184131
704197659673530500,$289.00,Neighborhood highlights,2,1,1,1,NA,0,https://www.airbnb.com/rooms/704197659673530500
704212870455329e3,NA,Neighborhood highlights,2,NA,NA,NA,NA,0,https://www.airbnb.com/rooms/704212870455329017
704221094474213100,$60.00,Neighborhood highlights,1,1,1,1,4.94,36,https://www.airbnb.com/rooms/704221094474213077
704255897463350100,$129.00,Neighborhood highlights,2,1,1,2,4.86,76,https://www.airbnb.com/rooms/704255897463350082
704292673896033e3,NA,Neighborhood highlights,6,NA,3,NA,4.71,28,https://www.airbnb.com/rooms/704292673896033037
704331546048196200,NA,NA,2,NA,1,NA,NA,0,https://www.airbnb.com/rooms/704331546048196206
704369158423712800,$83.00,NA,1,1,1,1,4.67,63,https://www.airbnb.com/rooms/704369158423712706
704441295872491100,$165.00,Neighborhood highlights,2,1,1,3,5,1,https://www.airbnb.com/rooms/704441295872491081
704509709325061400,$154.00,Neighborhood highlights,4,1,2,2,4.62,66,https://www.airbnb.com/rooms/704509709325061320
704584079874764e3,$225.00,NA,3,1,1,1,NA,0,https://www.airbnb.com/rooms/704584079874764058
704603985956988e3,$200.00,Neighborhood highlights,4,1,2,2,5,1,https://www.airbnb.com/rooms/704603985956988065
704784534051457400,$915.00,Neighborhood highlights,6,3,3,3,NA,0,https://www.airbnb.com/rooms/704784534051457441
704856393767697700,$180.00,NA,2,1,0,1,5,1,https://www.airbnb.com/rooms/704856393767697728
704879381799603500,$52.00,NA,1,1,1,1,4.2,5,https://www.airbnb.com/rooms/704879381799603409
704897605995886300,$40.00,Neighborhood highlights,2,1,1,1,NA,0,https://www.airbnb.com/rooms/704897605995886312
704924951363219100,$100.00,Neighborhood highlights,4,1,1,1,4.89,9,https://www.airbnb.com/rooms/704924951363219080
704925015465957900,$72.00,Neighborhood highlights,1,1,1,1,4.69,64,https://www.airbnb.com/rooms/704925015465957888
704960933715417600,$52.00,Neighborhood highlights,2,1,1,1,4.86,77,https://www.airbnb.com/rooms/704960933715417604
704999919538594700,$125.00,Neighborhood highlights,1,1,1,1,NA,0,https://www.airbnb.com/rooms/704999919538594710
705004710308579600,$396.00,Neighborhood highlights,6,1,2,4,4.77,57,https://www.airbnb.com/rooms/705004710308579542
705059188208480300,NA,NA,2,NA,1,NA,5,8,https://www.airbnb.com/rooms/705059188208480285
705072797206705700,NA,NA,2,NA,NA,NA,4.71,38,https://www.airbnb.com/rooms/705072797206705614
705092395335030500,$149.00,NA,1,1,1,1,5,3,https://www.airbnb.com/rooms/705092395335030529
705093546823503e3,$82.00,Neighborhood highlights,2,1,1,1,4.11,19,https://www.airbnb.com/rooms/705093546823502977
705098036070886800,NA,Neighborhood highlights,1,NA,NA,NA,4.96,27,https://www.airbnb.com/rooms/705098036070886749
705164127784347400,$181.00,Neighborhood highlights,4,2,2,2,4.9,31,https://www.airbnb.com/rooms/705164127784347385
705181755203795700,NA,Neighborhood highlights,15,NA,1,NA,4.95,21,https://www.airbnb.com/rooms/705181755203795711
705208354570673800,NA,Neighborhood highlights,2,NA,NA,NA,4.91,23,https://www.airbnb.com/rooms/705208354570673790
705279229767442300,$110.00,NA,4,1,1,1,NA,0,https://www.airbnb.com/rooms/705279229767442266
705299351835293300,$190.00,NA,2,1,0,1,NA,0,https://www.airbnb.com/rooms/705299351835293272
705299486534332800,$269.00,NA,3,1,1,2,5,7,https://www.airbnb.com/rooms/705299486534332749
70532070686903e4,$124.00,Neighborhood highlights,2,1,1,1,5,2,https://www.airbnb.com/rooms/705320706869030009
705325745169833700,$55.00,NA,1,1,1,1,4.74,23,https://www.airbnb.com/rooms/705325745169833723
705356389953069e3,$121.00,Neighborhood highlights,2,1,1,1,5,5,https://www.airbnb.com/rooms/705356389953069023
705389873738015e3,$120.00,Neighborhood highlights,2,1,2,2,4.94,18,https://www.airbnb.com/rooms/705389873738014950
705397728780327700,$55.00,Neighborhood highlights,2,1,1,1,5,8,https://www.airbnb.com/rooms/705397728780327740
705424352499354900,$71.00,Neighborhood highlights,2,1,1,1,5,6,https://www.airbnb.com/rooms/705424352499354914
705438631142622600,$57.00,Neighborhood highlights,1,1,1,1,5,8,https://www.airbnb.com/rooms/705438631142622558
705444904455941e3,$50.00,Neighborhood highlights,1,1,1,1,5,8,https://www.airbnb.com/rooms/705444904455940964
705701235826157400,$116.00,NA,2,1,0,1,5,1,https://www.airbnb.com/rooms/705701235826157421
705712753930029400,$50.00,Neighborhood highlights,1,1,1,1,4.83,36,https://www.airbnb.com/rooms/705712753930029428
705883525618147600,NA,Neighborhood highlights,1,NA,NA,NA,5,14,https://www.airbnb.com/rooms/705883525618147541
705884337775421300,NA,NA,2,NA,NA,NA,4.7,10,https://www.airbnb.com/rooms/705884337775421334
705903037541353700,$70.00,NA,2,1,1,1,5,4,https://www.airbnb.com/rooms/705903037541353700
705938583194518400,$119.00,Neighborhood highlights,2,1,2,2,5,5,https://www.airbnb.com/rooms/705938583194518339
705960660317173500,$234.00,Neighborhood highlights,2,1,1,1,4.99,145,https://www.airbnb.com/rooms/705960660317173546
705983605034112300,$59.00,NA,1,1,1,1,4.58,12,https://www.airbnb.com/rooms/705983605034112203
706029774240832800,$56.00,Neighborhood highlights,1,1,1,1,4.64,11,https://www.airbnb.com/rooms/706029774240832818
706103073370158100,$60.00,NA,2,1,1,1,4.87,69,https://www.airbnb.com/rooms/706103073370158062
706222094937061600,NA,Neighborhood highlights,4,NA,2,NA,NA,0,https://www.airbnb.com/rooms/706222094937061617
706307225937794700,$50.00,NA,1,1,1,1,4.56,9,https://www.airbnb.com/rooms/706307225937794659
706367279048593400,$150.00,Neighborhood highlights,3,1,1,2,4.83,6,https://www.airbnb.com/rooms/706367279048593468
706411598041361200,NA,Neighborhood highlights,2,NA,1,NA,5,14,https://www.airbnb.com/rooms/706411598041361119
706489590710398800,$159.00,NA,2,3,1,1,4.83,6,https://www.airbnb.com/rooms/706489590710398823
706546306550288800,NA,NA,2,NA,1,NA,4.82,11,https://www.airbnb.com/rooms/706546306550288728
706670190539378200,$325.00,Neighborhood highlights,4,1,2,2,4.77,66,https://www.airbnb.com/rooms/706670190539378189
706749317126636e3,$81.00,NA,2,1,1,1,5,2,https://www.airbnb.com/rooms/706749317126636033
706948802191868e3,$220.00,Neighborhood highlights,2,1,1,1,NA,0,https://www.airbnb.com/rooms/706948802191867977
706995781271751600,$200.00,Neighborhood highlights,2,1,1,1,5,2,https://www.airbnb.com/rooms/706995781271751600
707227260528228600,NA,NA,2,NA,1,NA,5,1,https://www.airbnb.com/rooms/707227260528228643
707250744053305900,$105.00,Neighborhood highlights,2,1,1,1,4.9,69,https://www.airbnb.com/rooms/707250744053305867
707545277974486800,$141.00,Neighborhood highlights,2,1,1,1,4.33,6,https://www.airbnb.com/rooms/707545277974486775
707776965375863600,$96.00,NA,3,1,1,2,NA,0,https://www.airbnb.com/rooms/707776965375863518
707921629504533900,NA,Neighborhood highlights,2,NA,1,NA,4.5,8,https://www.airbnb.com/rooms/707921629504533867
707951038061444500,$76.00,NA,4,1,1,2,4.85,20,https://www.airbnb.com/rooms/707951038061444439
707958114252508500,$92.00,NA,2,1,1,1,4.65,123,https://www.airbnb.com/rooms/707958114252508497
707993708042686500,NA,NA,2,NA,1,NA,5,2,https://www.airbnb.com/rooms/707993708042686503
708005695505462e3,$60.00,Neighborhood highlights,2,1,1,1,5,2,https://www.airbnb.com/rooms/708005695505462051
708126097161266400,$101.00,NA,2,1,1,1,4.93,188,https://www.airbnb.com/rooms/708126097161266393
708204769870618900,$102.00,NA,1,1,1,1,NA,0,https://www.airbnb.com/rooms/708204769870618920
708233950807009900,$130.00,NA,2,1,1,1,4.67,3,https://www.airbnb.com/rooms/708233950807009909
708495014350230300,$69.00,NA,2,1,1,1,4.9,41,https://www.airbnb.com/rooms/708495014350230261
708553815454088400,$450.00,Neighborhood highlights,2,1,1,3,5,47,https://www.airbnb.com/rooms/708553815454088469
708557346779226400,$218.00,NA,2,1,1,1,NA,0,https://www.airbnb.com/rooms/708557346779226345
708593748254632800,$193.00,NA,2,1,1,1,NA,0,https://www.airbnb.com/rooms/708593748254632873
708717135139604500,NA,NA,4,NA,2,NA,5,3,https://www.airbnb.com/rooms/708717135139604544
708784876021513600,$155.00,Neighborhood highlights,2,1,1,2,4.91,98,https://www.airbnb.com/rooms/708784876021513580
708808138924351700,$149.00,Neighborhood highlights,2,1,1,2,4.87,123,https://www.airbnb.com/rooms/708808138924351782
708844392623486800,NA,NA,4,NA,2,NA,NA,0,https://www.airbnb.com/rooms/708844392623486871
708883217066615e3,NA,Neighborhood highlights,6,NA,1,NA,4.17,6,https://www.airbnb.com/rooms/708883217066615089
708991049578397800,$326.00,Neighborhood highlights,5,1,2,2,4.93,43,https://www.airbnb.com/rooms/708991049578397838
709233140876682200,NA,NA,2,NA,1,NA,5,1,https://www.airbnb.com/rooms/709233140876682281
709249784866449500,$117.00,Neighborhood highlights,2,1.5,1,1,4.91,34,https://www.airbnb.com/rooms/709249784866449499
709316319593373700,NA,Neighborhood highlights,2,NA,1,NA,4.95,38,https://www.airbnb.com/rooms/709316319593373695
709322814736031500,$625.00,NA,4,2,2,2,5,12,https://www.airbnb.com/rooms/709322814736031533
709322845715748400,NA,Neighborhood highlights,2,NA,NA,NA,4.75,28,https://www.airbnb.com/rooms/709322845715748398
709359790734858100,$158.00,NA,6,1,2,2,NA,0,https://www.airbnb.com/rooms/709359790734858050
709364398556175600,$37.00,Neighborhood highlights,2,1,1,1,5,19,https://www.airbnb.com/rooms/709364398556175620
709370156914396500,NA,Neighborhood highlights,1,NA,NA,NA,4.2,5,https://www.airbnb.com/rooms/709370156914396553
709375379081322e3,$37.00,Neighborhood highlights,2,1,1,1,4.94,17,https://www.airbnb.com/rooms/709375379081321949
709389982585809800,$83.00,NA,2,1,1,1,4.97,32,https://www.airbnb.com/rooms/709389982585809851
709391679242227800,$55.00,NA,1,1,1,1,4.59,22,https://www.airbnb.com/rooms/709391679242227800
709533840920714600,$195.00,Neighborhood highlights,3,1,1,2,4.79,38,https://www.airbnb.com/rooms/709533840920714673
709536437310623900,NA,NA,2,NA,1,NA,4.8,5,https://www.airbnb.com/rooms/709536437310623914
709538422466881700,$150.00,Neighborhood highlights,2,1,1,2,3.4,5,https://www.airbnb.com/rooms/709538422466881714
709639953247231400,NA,Neighborhood highlights,2,NA,NA,NA,5,1,https://www.airbnb.com/rooms/709639953247231352
709803583871101800,$195.00,Neighborhood highlights,2,1,2,4,4.79,24,https://www.airbnb.com/rooms/709803583871101763
709989735145005400,$70.00,Neighborhood highlights,2,2,1,1,4.52,56,https://www.airbnb.com/rooms/709989735145005464
710109513630547200,$275.00,NA,5,1,2,2,NA,0,https://www.airbnb.com/rooms/710109513630547162
710165384487980300,$150.00,NA,3,1,1,2,4.78,40,https://www.airbnb.com/rooms/710165384487980305
710185881341802200,$215.00,Neighborhood highlights,4,1,2,2,4.98,85,https://www.airbnb.com/rooms/710185881341802225
7.1025483414755994e+17,NA,Neighborhood highlights,2,NA,NA,NA,5,5,https://www.airbnb.com/rooms/710254834147559915
710304721779611300,NA,Neighborhood highlights,4,NA,2,NA,4.33,9,https://www.airbnb.com/rooms/710304721779611293
710316110407530400,NA,Neighborhood highlights,4,NA,2,NA,4,2,https://www.airbnb.com/rooms/710316110407530381
710330070838976600,$188.00,NA,3,1,0,2,4.91,43,https://www.airbnb.com/rooms/710330070838976659
710332201974856800,$425.00,Neighborhood highlights,6,1,3,4,4.66,29,https://www.airbnb.com/rooms/710332201974856869
710385606950283100,$82.00,NA,2,1,1,1,4.63,40,https://www.airbnb.com/rooms/710385606950283114
710390925155739600,$83.00,NA,2,1,1,1,4.86,29,https://www.airbnb.com/rooms/710390925155739661
710603603449455500,$84.00,Neighborhood highlights,1,1,1,1,4.8,5,https://www.airbnb.com/rooms/710603603449455441
710702328673344400,$123.00,NA,6,1,3,3,4.86,7,https://www.airbnb.com/rooms/710702328673344392
710726635217898100,$100.00,NA,2,1,1,1,5,4,https://www.airbnb.com/rooms/710726635217898143
710735479887673100,$364.00,NA,3,1.5,1,1,NA,0,https://www.airbnb.com/rooms/710735479887673146
710743600315683100,$73.00,NA,3,1,1,2,4.38,37,https://www.airbnb.com/rooms/710743600315683032
710760017891272400,$299.00,Neighborhood highlights,3,1,2,2,NA,0,https://www.airbnb.com/rooms/710760017891272485
710763466304966400,$219.00,Neighborhood highlights,6,2,1,3,4.79,58,https://www.airbnb.com/rooms/710763466304966408
710826296034073500,$95.00,Neighborhood highlights,2,1,0,1,5,9,https://www.airbnb.com/rooms/710826296034073493
710878298179390200,$91.00,Neighborhood highlights,2,1,1,1,4.89,71,https://www.airbnb.com/rooms/710878298179390241
710890195983972200,$150.00,Neighborhood highlights,6,2,3,4,5,3,https://www.airbnb.com/rooms/710890195983972232
710897185427371300,$264.00,Neighborhood highlights,2,1,1,1,4.96,67,https://www.airbnb.com/rooms/710897185427371328
710956539140338800,$108.00,NA,2,1,1,1,4.5,2,https://www.airbnb.com/rooms/710956539140338865
711043549546928100,$141.00,Neighborhood highlights,2,1,1,1,4.97,39,https://www.airbnb.com/rooms/711043549546928169
7.1109923973354394e+17,$90.00,Neighborhood highlights,2,1,1,1,NA,0,https://www.airbnb.com/rooms/711099239733543956
711458538534059300,$90.00,NA,1,1,1,1,4.92,12,https://www.airbnb.com/rooms/711458538534059235
711477188594963e3,$222.00,Neighborhood highlights,5,1,1,2,4.92,129,https://www.airbnb.com/rooms/711477188594962909
711501151642222800,$180.00,NA,2,1,1,1,NA,0,https://www.airbnb.com/rooms/711501151642222800
711561274536674600,$429.00,NA,2,1,1,1,NA,0,https://www.airbnb.com/rooms/711561274536674608
711610182466435200,$177.00,Neighborhood highlights,4,1,2,3,5,1,https://www.airbnb.com/rooms/711610182466435235
711618013443325700,$100.00,NA,1,1,1,1,4.9,70,https://www.airbnb.com/rooms/711618013443325651
711623723865874600,$162.00,Neighborhood highlights,3,1,1,1,4.88,8,https://www.airbnb.com/rooms/711623723865874502
711637483502170600,$150.00,NA,3,1,1,1,4.25,4,https://www.airbnb.com/rooms/711637483502170664
711700544544457700,NA,NA,3,NA,1,NA,5,3,https://www.airbnb.com/rooms/711700544544457726
711737759904490400,$100.00,Neighborhood highlights,2,1,1,1,4.78,99,https://www.airbnb.com/rooms/711737759904490342
711820084444046100,$90.00,NA,1,2,4,1,4.68,79,https://www.airbnb.com/rooms/711820084444046096
712191801514007800,$250.00,NA,4,1,1,1,5,2,https://www.airbnb.com/rooms/712191801514007811
712203688268700800,$156.00,NA,3,1,2,4,NA,0,https://www.airbnb.com/rooms/712203688268700761
712211225378154600,$70.00,Neighborhood highlights,2,1,1,1,5,2,https://www.airbnb.com/rooms/712211225378154664
712211756060399500,$120.00,NA,1,1,1,1,NA,0,https://www.airbnb.com/rooms/712211756060399505
712234090137382700,$325.00,Neighborhood highlights,6,2,2,3,5,1,https://www.airbnb.com/rooms/712234090137382640
712259421592289900,$165.00,NA,2,1,1,1,5,1,https://www.airbnb.com/rooms/712259421592289934
712271296660203e3,$129.00,Neighborhood highlights,2,1.5,1,2,4.87,52,https://www.airbnb.com/rooms/712271296660203021
712285563313632500,$165.00,Neighborhood highlights,3,1,1,1,5,7,https://www.airbnb.com/rooms/712285563313632501
712317270824039e3,$53.00,NA,1,1,1,1,4.91,23,https://www.airbnb.com/rooms/712317270824038988
712377668023114e3,$130.00,Neighborhood highlights,9,2,3,5,4.69,42,https://www.airbnb.com/rooms/712377668023114014
713008213144612900,$120.00,NA,6,1,2,2,4.76,37,https://www.airbnb.com/rooms/713008213144612817
713126481592732300,NA,Neighborhood highlights,2,NA,1,NA,4.93,43,https://www.airbnb.com/rooms/713126481592732328
713127877286097200,NA,NA,2,NA,1,NA,5,3,https://www.airbnb.com/rooms/713127877286097182
713136715421041300,$49.00,NA,1,1,1,1,5,6,https://www.airbnb.com/rooms/713136715421041302
713185241032100700,$121.00,NA,2,1,1,2,4.84,37,https://www.airbnb.com/rooms/713185241032100746
713214108006823600,$225.00,Neighborhood highlights,4,1,1,1,4,3,https://www.airbnb.com/rooms/713214108006823555
713214379982079900,$489.00,Neighborhood highlights,11,2,4,7,5,2,https://www.airbnb.com/rooms/713214379982079823
713238888940955e3,$63.00,NA,2,1,1,1,5,4,https://www.airbnb.com/rooms/713238888940954995
713252716801514100,$235.00,Neighborhood highlights,2,1,1,1,5,41,https://www.airbnb.com/rooms/713252716801514128
713297417910028800,$190.00,Neighborhood highlights,2,1,1,1,4.86,64,https://www.airbnb.com/rooms/713297417910028754
713429427280915600,$55.00,NA,1,1,1,1,4.25,4,https://www.airbnb.com/rooms/713429427280915630
713565742091576200,NA,Neighborhood highlights,7,NA,2,NA,4.97,33,https://www.airbnb.com/rooms/713565742091576130
713646468225821e3,$290.00,NA,2,2,1,3,5,10,https://www.airbnb.com/rooms/713646468225821105
713690174109417500,$145.00,Neighborhood highlights,2,1,1,2,4.88,42,https://www.airbnb.com/rooms/713690174109417452
713696585074780300,$143.00,Neighborhood highlights,2,1,1,1,4.95,81,https://www.airbnb.com/rooms/713696585074780233
713716978819174800,NA,Neighborhood highlights,3,NA,1,NA,4.66,29,https://www.airbnb.com/rooms/713716978819174825
713742380592686300,$88.00,NA,5,1,1,3,1,1,https://www.airbnb.com/rooms/713742380592686364
713773934560299400,NA,NA,4,NA,2,NA,NA,0,https://www.airbnb.com/rooms/713773934560299372
713836647349232900,$150.00,NA,7,1,3,5,4.76,33,https://www.airbnb.com/rooms/713836647349232871
713908258432753500,$250.00,Neighborhood highlights,7,2,3,3,4.96,26,https://www.airbnb.com/rooms/713908258432753474
713920711978791800,$132.00,Neighborhood highlights,2,1,1,1,5,9,https://www.airbnb.com/rooms/713920711978791782
714000161449042600,$130.00,Neighborhood highlights,4,1,2,2,4.89,19,https://www.airbnb.com/rooms/714000161449042513
714287337671664500,$111.00,Neighborhood highlights,2,1,1,2,4.86,14,https://www.airbnb.com/rooms/714287337671664534
714326525468074e3,$99.00,Neighborhood highlights,3,1,1,2,5,5,https://www.airbnb.com/rooms/714326525468073992
714373246997877600,NA,NA,1,NA,1,NA,NA,0,https://www.airbnb.com/rooms/714373246997877625
714451995943246600,$298.00,NA,4,1,1,2,5,4,https://www.airbnb.com/rooms/714451995943246553
714474551539929300,$200.00,Neighborhood highlights,2,1,3,3,4.88,33,https://www.airbnb.com/rooms/714474551539929407
714494752693308200,$79.00,NA,1,1,1,1,5,4,https://www.airbnb.com/rooms/714494752693308199
714525070567154e3,$66.00,NA,2,1,1,2,NA,0,https://www.airbnb.com/rooms/714525070567154089
714525159374684e3,$338.00,NA,9,1,1,4,NA,0,https://www.airbnb.com/rooms/714525159374684074
714527517050377700,$325.00,Neighborhood highlights,6,1,3,3,NA,0,https://www.airbnb.com/rooms/714527517050377664
714527856020761500,$600.00,Neighborhood highlights,4,1,1,2,NA,0,https://www.airbnb.com/rooms/714527856020761530
714527931805091700,$260.00,Neighborhood highlights,4,1,2,2,NA,0,https://www.airbnb.com/rooms/714527931805091670
714528028978107100,$438.00,Neighborhood highlights,2,1,0,1,NA,0,https://www.airbnb.com/rooms/714528028978107172
714528192914014300,$600.00,Neighborhood highlights,2,1,0,1,NA,0,https://www.airbnb.com/rooms/714528192914014329
714528356937191200,$600.00,Neighborhood highlights,4,1,1,2,NA,0,https://www.airbnb.com/rooms/714528356937191116
714528519763158400,NA,Neighborhood highlights,4,NA,1,NA,NA,0,https://www.airbnb.com/rooms/714528519763158457
714528682440070400,$775.00,Neighborhood highlights,4,1,1,2,NA,0,https://www.airbnb.com/rooms/714528682440070396
714528842855635500,"$1,050.00",Neighborhood highlights,4,1,1,2,NA,0,https://www.airbnb.com/rooms/714528842855635500
714545954855687300,$438.00,Neighborhood highlights,2,1,0,1,NA,0,https://www.airbnb.com/rooms/714545954855687298
7.1454612234792806e+17,NA,Neighborhood highlights,4,NA,1,NA,NA,0,https://www.airbnb.com/rooms/714546122347928113
714546286511123300,NA,Neighborhood highlights,4,NA,1,NA,NA,0,https://www.airbnb.com/rooms/714546286511123387
714567353707182800,$130.00,NA,2,1,1,1,4.83,82,https://www.airbnb.com/rooms/714567353707182889
714646922500528300,$400.00,Neighborhood highlights,8,2.5,3,5,4.72,64,https://www.airbnb.com/rooms/714646922500528314
714678465236240400,$750.00,Neighborhood highlights,6,2,3,3,5,1,https://www.airbnb.com/rooms/714678465236240396
714727959811173500,$130.00,Neighborhood highlights,2,1,1,0,NA,0,https://www.airbnb.com/rooms/714727959811173542
714820895011326500,$123.00,Neighborhood highlights,2,1.5,1,1,5,12,https://www.airbnb.com/rooms/714820895011326478
714908761730055400,$269.00,Neighborhood highlights,2,1,1,1,NA,0,https://www.airbnb.com/rooms/714908761730055455
714936072143571700,$518.00,NA,14,2,5,9,NA,0,https://www.airbnb.com/rooms/714936072143571657
715016585645632800,$113.00,Neighborhood highlights,2,1.5,1,1,4.5,4,https://www.airbnb.com/rooms/715016585645632744
715019150634964400,$39.00,NA,1,2,1,1,NA,0,https://www.airbnb.com/rooms/715019150634964369
715019792407184800,$113.00,Neighborhood highlights,2,1.5,1,1,5,12,https://www.airbnb.com/rooms/715019792407184814
715020931107317800,$123.00,Neighborhood highlights,2,1.5,1,1,4.78,9,https://www.airbnb.com/rooms/715020931107317711
715023902393711200,NA,Neighborhood highlights,2,NA,NA,NA,NA,0,https://www.airbnb.com/rooms/715023902393711266
715129818689885e3,$110.00,NA,1,1.5,1,1,4.5,4,https://www.airbnb.com/rooms/715129818689885030
715266215660233200,NA,Neighborhood highlights,3,NA,1,NA,4.4,10,https://www.airbnb.com/rooms/715266215660233218
715268612092343800,$126.00,Neighborhood highlights,2,1,1,1,4.81,36,https://www.airbnb.com/rooms/715268612092343760
715330304780837e3,$438.00,Neighborhood highlights,2,1,0,1,5,1,https://www.airbnb.com/rooms/715330304780837039
715330469255632900,$438.00,Neighborhood highlights,2,1,0,1,4.5,2,https://www.airbnb.com/rooms/715330469255632957
71533067485231e4,$600.00,Neighborhood highlights,2,1,0,1,NA,0,https://www.airbnb.com/rooms/715330674852310027
715331215192876700,"$1,050.00",Neighborhood highlights,4,1,1,2,NA,0,https://www.airbnb.com/rooms/715331215192876668
715331388863921200,"$1,399.00",Neighborhood highlights,4,1,1,2,NA,0,https://www.airbnb.com/rooms/715331388863921149
715332535821520800,$775.00,Neighborhood highlights,2,1,0,1,NA,0,https://www.airbnb.com/rooms/715332535821520790
715332697833872100,"$1,050.00",Neighborhood highlights,2,1,0,1,NA,0,https://www.airbnb.com/rooms/715332697833872098
715338931943461e3,$270.00,NA,1,1,1,1,5,1,https://www.airbnb.com/rooms/715338931943461004
715350310635388500,$275.00,Neighborhood highlights,6,1.5,2,4,4.85,46,https://www.airbnb.com/rooms/715350310635388569
715397508249778600,$90.00,NA,4,1,2,3,5,1,https://www.airbnb.com/rooms/715397508249778602
715486791878836700,$71.00,Neighborhood highlights,2,1,1,1,4.81,21,https://www.airbnb.com/rooms/715486791878836690
715501176123029900,$124.00,NA,2,1,2,2,NA,0,https://www.airbnb.com/rooms/715501176123029895
715521103730081500,$165.00,NA,2,1,1,1,5,5,https://www.airbnb.com/rooms/715521103730081515
715553834433503900,NA,NA,1,NA,NA,NA,NA,0,https://www.airbnb.com/rooms/715553834433503811
715579236224105600,$275.00,Neighborhood highlights,4,2,2,4,4.95,38,https://www.airbnb.com/rooms/715579236224105612
715656179412377200,NA,Neighborhood highlights,2,NA,1,NA,NA,0,https://www.airbnb.com/rooms/715656179412377243
715656999511634700,NA,Neighborhood highlights,2,NA,NA,NA,4,1,https://www.airbnb.com/rooms/715656999511634651
715687315290640400,NA,Neighborhood highlights,2,NA,NA,NA,3,1,https://www.airbnb.com/rooms/715687315290640338
715829737822239100,$90.00,NA,1,1,1,1,NA,0,https://www.airbnb.com/rooms/715829737822239092
715842881002822300,$265.00,Neighborhood highlights,2,1.5,3,1,5,3,https://www.airbnb.com/rooms/715842881002822241
715843557995962600,$340.00,Neighborhood highlights,4,1,4,5,5,6,https://www.airbnb.com/rooms/715843557995962569
715969830545996300,$245.00,Neighborhood highlights,2,1,0,1,4.8,10,https://www.airbnb.com/rooms/715969830545996246
716015345271770500,$320.00,NA,2,1,1,1,5,1,https://www.airbnb.com/rooms/716015345271770547
716034016670410600,$132.00,NA,4,1,2,3,4.82,62,https://www.airbnb.com/rooms/716034016670410590
716048241182238700,$115.00,Neighborhood highlights,2,1,0,0,NA,0,https://www.airbnb.com/rooms/716048241182238709
716141628555857e3,$145.00,Neighborhood highlights,3,1,3,3,4.38,16,https://www.airbnb.com/rooms/716141628555857031
716358794580396300,$348.00,Neighborhood highlights,2,1,1,1,NA,0,https://www.airbnb.com/rooms/716358794580396251
716359039183246500,$662.00,Neighborhood highlights,4,2,2,2,NA,0,https://www.airbnb.com/rooms/716359039183246493
716487547165088800,$144.00,NA,5,1,1,4,4,1,https://www.airbnb.com/rooms/716487547165088716
716560648283336600,$240.00,NA,4,1.5,2,3,NA,0,https://www.airbnb.com/rooms/716560648283336637
716577023762617600,$49.00,Neighborhood highlights,2,1,1,1,5,2,https://www.airbnb.com/rooms/716577023762617548
716579970852567e3,$40.00,Neighborhood highlights,1,1,1,1,4.5,8,https://www.airbnb.com/rooms/716579970852567086
716708805955361300,NA,Neighborhood highlights,2,NA,1,NA,5,5,https://www.airbnb.com/rooms/716708805955361335
716732705639141200,NA,Neighborhood highlights,2,1,1,0,5,2,https://www.airbnb.com/rooms/716732705639141256
716815084687776e3,$182.00,Neighborhood highlights,6,1,3,5,4.7,30,https://www.airbnb.com/rooms/716815084687775983
716819070349981300,$148.00,NA,4,1,0,2,5,3,https://www.airbnb.com/rooms/716819070349981256
716924236838890500,$134.00,Neighborhood highlights,2,1,1,1,4.83,58,https://www.airbnb.com/rooms/716924236838890483
717197794672647e3,$266.00,NA,4,1,1,2,4.67,15,https://www.airbnb.com/rooms/717197794672647065
717220830029391100,$85.00,NA,2,1,1,1,4.89,38,https://www.airbnb.com/rooms/717220830029391123
717373799370447200,$130.00,NA,2,1,1,2,5,2,https://www.airbnb.com/rooms/717373799370447236
717434452159962800,$80.00,NA,2,1,1,2,4.91,47,https://www.airbnb.com/rooms/717434452159962692
717450698388369700,$50.00,NA,1,1,1,1,NA,0,https://www.airbnb.com/rooms/717450698388369695
717557610336262100,$261.00,Neighborhood highlights,2,1.5,1,1,4.86,29,https://www.airbnb.com/rooms/717557610336262134
71759811791632e4,$150.00,Neighborhood highlights,2,1,1,1,4.89,18,https://www.airbnb.com/rooms/717598117916320021
717735907355548200,$753.00,Neighborhood highlights,2,1,0,1,NA,0,https://www.airbnb.com/rooms/717735907355548175
717744863250847100,$753.00,Neighborhood highlights,2,1,0,1,NA,0,https://www.airbnb.com/rooms/717744863250847092
717861643698838500,NA,NA,1,NA,NA,NA,4.75,28,https://www.airbnb.com/rooms/717861643698838573
7.1793485463685606e+17,$78.00,NA,2,1,1,1,NA,0,https://www.airbnb.com/rooms/717934854636856044
717948583679772200,$70.00,Neighborhood highlights,2,1,1,1,4.94,17,https://www.airbnb.com/rooms/717948583679772145
717989014406445800,$245.00,Neighborhood highlights,5,1,2,2,5,1,https://www.airbnb.com/rooms/717989014406445763
717989379478373500,$220.00,Neighborhood highlights,4,1,1,1,NA,0,https://www.airbnb.com/rooms/717989379478373538
718031653455200600,$170.00,Neighborhood highlights,2,1,0,1,NA,0,https://www.airbnb.com/rooms/718031653455200639
718037328155265200,$471.00,NA,12,2,5,8,5,2,https://www.airbnb.com/rooms/718037328155265207
718045777713069800,$235.00,Neighborhood highlights,2,1,1,1,NA,0,https://www.airbnb.com/rooms/718045777713069841
718101905261900200,"$1,056.00",NA,4,2,2,2,4.94,72,https://www.airbnb.com/rooms/718101905261900191
718113626026834e3,$143.00,Neighborhood highlights,2,1,1,2,5,44,https://www.airbnb.com/rooms/718113626026834032
718121881909731600,$80.00,NA,2,1,1,1,5,6,https://www.airbnb.com/rooms/718121881909731596
718134041182515600,$80.00,NA,2,1,1,1,4.5,12,https://www.airbnb.com/rooms/718134041182515531
718254887029791e3,$81.00,Neighborhood highlights,1,1,1,1,5,1,https://www.airbnb.com/rooms/718254887029790915
718333714865500800,$43.00,Neighborhood highlights,1,1,1,1,5,9,https://www.airbnb.com/rooms/718333714865500745
718346128793838100,$46.00,Neighborhood highlights,1,1,1,1,5,6,https://www.airbnb.com/rooms/718346128793838109
718680759778503400,$330.00,Neighborhood highlights,4,2,2,2,4.71,7,https://www.airbnb.com/rooms/718680759778503413
718680878969125400,$258.00,Neighborhood highlights,3,1,1,1,4.75,8,https://www.airbnb.com/rooms/718680878969125336
718760700475330200,$159.00,Neighborhood highlights,2,1,1,1,4.94,49,https://www.airbnb.com/rooms/718760700475330223
718814212312265300,$160.00,NA,2,1,1,1,5,1,https://www.airbnb.com/rooms/718814212312265324
718872680332254600,$65.00,Neighborhood highlights,1,1,1,1,5,3,https://www.airbnb.com/rooms/718872680332254558
718893687623365400,$47.00,Neighborhood highlights,1,1,1,1,5,3,https://www.airbnb.com/rooms/718893687623365336
718911506276427100,$340.00,Neighborhood highlights,6,1,3,3,5,1,https://www.airbnb.com/rooms/718911506276427092
718990899377924100,$47.00,NA,2,1,1,1,NA,0,https://www.airbnb.com/rooms/718990899377924091
719008620617546600,$70.00,Neighborhood highlights,1,1,1,1,4.92,13,https://www.airbnb.com/rooms/719008620617546623
719054235443116300,$356.00,NA,2,1,1,1,5,24,https://www.airbnb.com/rooms/719054235443116316
719058422411140600,$150.00,Neighborhood highlights,3,1,1,2,4,6,https://www.airbnb.com/rooms/719058422411140581
719062366977533300,$150.00,Neighborhood highlights,4,1,1,2,5,26,https://www.airbnb.com/rooms/719062366977533285
719065290692267100,$40.00,Neighborhood highlights,2,1,1,1,NA,0,https://www.airbnb.com/rooms/719065290692267088
719096242756560100,NA,Neighborhood highlights,1,NA,NA,NA,4.33,3,https://www.airbnb.com/rooms/719096242756560180
719099870887169500,NA,Neighborhood highlights,2,NA,NA,NA,NA,0,https://www.airbnb.com/rooms/719099870887169579
719127902147162400,$124.00,NA,3,1,2,2,5,5,https://www.airbnb.com/rooms/719127902147162360
719132295331082800,$75.00,Neighborhood highlights,2,1,1,1,4.81,54,https://www.airbnb.com/rooms/719132295331082716
719236297825192300,$220.00,Neighborhood highlights,5,1,2,4,5,4,https://www.airbnb.com/rooms/719236297825192290
719285097117124200,$317.00,Neighborhood highlights,4,1,2,2,NA,0,https://www.airbnb.com/rooms/719285097117124253
719285408977754900,$739.00,Neighborhood highlights,4,2,2,2,NA,0,https://www.airbnb.com/rooms/719285408977754914
719358307043508600,$95.00,Neighborhood highlights,2,1,1,1,4.54,13,https://www.airbnb.com/rooms/719358307043508558
719395677683888500,$95.00,Neighborhood highlights,2,1,0,1,5,2,https://www.airbnb.com/rooms/719395677683888572
719424749652587e3,$95.00,Neighborhood highlights,3,1,1,2,4.92,24,https://www.airbnb.com/rooms/719424749652587023
719495891698342e3,$249.00,NA,2,1,1,1,5,31,https://www.airbnb.com/rooms/719495891698342037
719499850322575e3,$289.00,Neighborhood highlights,5,2,3,3,4.69,49,https://www.airbnb.com/rooms/719499850322575024
719504523509271e3,$90.00,Neighborhood highlights,4,1,1,3,4.65,52,https://www.airbnb.com/rooms/719504523509271093
719509945936958700,NA,Neighborhood highlights,2,NA,2,NA,3.5,8,https://www.airbnb.com/rooms/719509945936958675
719593216551653100,$190.00,Neighborhood highlights,4,1,1,3,4.73,15,https://www.airbnb.com/rooms/719593216551653075
719684855041653400,$144.00,NA,2,1,1,1,5,1,https://www.airbnb.com/rooms/719684855041653327
719712775891545100,$56.00,Neighborhood highlights,2,2,1,1,5,2,https://www.airbnb.com/rooms/719712775891545090
719778089121701100,$95.00,Neighborhood highlights,2,1,1,2,5,8,https://www.airbnb.com/rooms/719778089121701138
719880043529962900,$347.00,Neighborhood highlights,2,1,1,1,5,33,https://www.airbnb.com/rooms/719880043529962901
719995268388951600,$337.00,Neighborhood highlights,4,2,2,2,NA,0,https://www.airbnb.com/rooms/719995268388951520
720072722198622500,$700.00,Neighborhood highlights,2,1,1,2,NA,0,https://www.airbnb.com/rooms/720072722198622483
720182762767765600,$59.00,Neighborhood highlights,2,1,1,1,4.89,37,https://www.airbnb.com/rooms/720182762767765576
720247617339715100,NA,NA,4,NA,1,NA,NA,0,https://www.airbnb.com/rooms/720247617339715118
720301145851339300,$104.00,Neighborhood highlights,1,1,1,1,5,10,https://www.airbnb.com/rooms/720301145851339224
720488795152405200,$160.00,NA,2,1,1,1,4.59,17,https://www.airbnb.com/rooms/720488795152405211
720499956736661200,$600.00,NA,6,2,4,5,NA,0,https://www.airbnb.com/rooms/720499956736661192
72050123913193e4,NA,NA,1,NA,NA,NA,NA,0,https://www.airbnb.com/rooms/720501239131930015
720505365691423600,$70.00,Neighborhood highlights,2,1,1,1,4.96,27,https://www.airbnb.com/rooms/720505365691423669
720526955838723600,NA,NA,1,NA,NA,NA,NA,0,https://www.airbnb.com/rooms/720526955838723557
7.2052738229157606e+17,$37.00,NA,1,1,1,1,NA,0,https://www.airbnb.com/rooms/720527382291576020
720634340601945300,$130.00,NA,2,1,1,2,3,1,https://www.airbnb.com/rooms/720634340601945336
720710154234486300,$300.00,NA,2,1,1,1,4.5,4,https://www.airbnb.com/rooms/720710154234486243
720734674577622900,$140.00,Neighborhood highlights,4,1,2,3,4.97,30,https://www.airbnb.com/rooms/720734674577622946
720788233766408800,$77.00,Neighborhood highlights,2,1.5,1,1,4.92,39,https://www.airbnb.com/rooms/720788233766408840
7.2086299234591206e+17,NA,Neighborhood highlights,2,NA,1,NA,5,7,https://www.airbnb.com/rooms/720862992345912073
720896670635654e3,$170.00,Neighborhood highlights,2,1,1,1,5,63,https://www.airbnb.com/rooms/720896670635654011
720984712450297600,$276.00,Neighborhood highlights,2,1,1,2,4.92,61,https://www.airbnb.com/rooms/720984712450297572
721000569241610400,$110.00,Neighborhood highlights,2,1,1,1,4.9,21,https://www.airbnb.com/rooms/721000569241610344
721009702892259500,$119.00,NA,6,1,1,3,NA,0,https://www.airbnb.com/rooms/721009702892259433
721017473217995900,$82.00,NA,1,1.5,1,1,5,7,https://www.airbnb.com/rooms/721017473217995896
721065562987658800,$37.00,Neighborhood highlights,2,2,1,2,2,1,https://www.airbnb.com/rooms/721065562987658703
721091038846734500,$566.00,NA,8,3,4,4,5,4,https://www.airbnb.com/rooms/721091038846734506
721135809916651300,$70.00,Neighborhood highlights,2,1,1,1,5,9,https://www.airbnb.com/rooms/721135809916651324
7.2117170739501606e+17,$52.00,Neighborhood highlights,1,1,1,1,5,3,https://www.airbnb.com/rooms/721171707395016040
721176041440198100,$45.00,Neighborhood highlights,1,1,1,1,5,7,https://www.airbnb.com/rooms/721176041440198098
721206444618839300,NA,Neighborhood highlights,2,NA,NA,NA,4.33,9,https://www.airbnb.com/rooms/721206444618839334
721215691788584400,$241.00,Neighborhood highlights,2,2,2,2,4.83,30,https://www.airbnb.com/rooms/721215691788584480
721339316862852700,NA,NA,1,NA,1,NA,NA,0,https://www.airbnb.com/rooms/721339316862852742
721511080994756900,$128.00,NA,4,1,1,2,4.98,145,https://www.airbnb.com/rooms/721511080994756850
721535379496673900,NA,NA,2,NA,NA,NA,NA,0,https://www.airbnb.com/rooms/721535379496673879
721535417920775e3,NA,Neighborhood highlights,2,NA,1,NA,NA,0,https://www.airbnb.com/rooms/721535417920775098
721568711488703e3,NA,NA,1,NA,1,NA,NA,0,https://www.airbnb.com/rooms/721568711488702940
721580403334957600,NA,NA,1,NA,1,NA,NA,0,https://www.airbnb.com/rooms/721580403334957549
721593323590400300,NA,NA,1,NA,1,NA,NA,0,https://www.airbnb.com/rooms/721593323590400203
721599769694206800,$390.00,Neighborhood highlights,4,1,2,2,4.81,48,https://www.airbnb.com/rooms/721599769694206911
721602595428006700,NA,Neighborhood highlights,2,NA,1,NA,4.91,56,https://www.airbnb.com/rooms/721602595428006702
721612728001471400,$38.00,NA,2,2,1,1,4,3,https://www.airbnb.com/rooms/721612728001471389
721616994229367600,NA,NA,1,NA,1,NA,NA,0,https://www.airbnb.com/rooms/721616994229367548
721630571917703700,NA,NA,1,NA,1,NA,NA,0,https://www.airbnb.com/rooms/721630571917703682
7.2164694093376806e+17,NA,NA,1,NA,1,NA,NA,0,https://www.airbnb.com/rooms/721646940933768007
721733540827419500,$133.00,Neighborhood highlights,1,1,2,1,5,5,https://www.airbnb.com/rooms/721733540827419505
721751344187456300,$190.00,Neighborhood highlights,4,1,2,2,4.94,77,https://www.airbnb.com/rooms/721751344187456272
721777498721189400,$115.00,NA,1,1,1,1,5,4,https://www.airbnb.com/rooms/721777498721189425
72184625044832e4,$650.00,NA,1,1,1,1,NA,0,https://www.airbnb.com/rooms/721846250448319952
721904195594487600,$71.00,Neighborhood highlights,2,1,1,1,4.92,24,https://www.airbnb.com/rooms/721904195594487495
721912126539392300,$295.00,Neighborhood highlights,2,1.5,1,1,4.95,44,https://www.airbnb.com/rooms/721912126539392246
721917164353135900,$298.00,Neighborhood highlights,2,1.5,1,1,4.9,42,https://www.airbnb.com/rooms/721917164353135853
721927508792406e3,$250.00,NA,2,1,1,1,4.87,39,https://www.airbnb.com/rooms/721927508792405981
721944394814891300,$250.00,NA,2,1,1,1,4.9,42,https://www.airbnb.com/rooms/721944394814891250
721954345991118e3,$275.00,NA,4,1,2,2,NA,0,https://www.airbnb.com/rooms/721954345991117899
721959611016208600,$46.00,Neighborhood highlights,1,1,2,3,5,5,https://www.airbnb.com/rooms/721959611016208603
722027068761035300,NA,NA,1,NA,1,NA,NA,0,https://www.airbnb.com/rooms/722027068761035283
722174109497563400,$222.00,Neighborhood highlights,2,1,1,1,NA,0,https://www.airbnb.com/rooms/722174109497563429
722231135355865e3,$329.00,Neighborhood highlights,6,1,1,3,4.78,41,https://www.airbnb.com/rooms/722231135355864955
722303686947165300,$75.00,NA,4,1,1,3,4.43,23,https://www.airbnb.com/rooms/722303686947165307
722328771203163900,$170.00,NA,6,1,2,4,4.83,66,https://www.airbnb.com/rooms/722328771203163875
722416737381606900,$215.00,Neighborhood highlights,6,1,1,2,4.92,49,https://www.airbnb.com/rooms/722416737381606975
722449899271854500,"$4,100.00",NA,16,3,4,4,NA,0,https://www.airbnb.com/rooms/722449899271854422
722492556613373200,$215.00,NA,3,1,0,1,4.44,32,https://www.airbnb.com/rooms/722492556613373205
722617147109872500,NA,NA,1,NA,1,NA,NA,0,https://www.airbnb.com/rooms/722617147109872565
722621339681261700,$127.00,NA,3,1,1,1,4.67,6,https://www.airbnb.com/rooms/722621339681261744
722667459085480600,$101.00,Neighborhood highlights,3,1,2,2,4.4,5,https://www.airbnb.com/rooms/722667459085480621
722682236687152500,NA,Neighborhood highlights,1,NA,NA,NA,5,6,https://www.airbnb.com/rooms/722682236687152540
722724523887446100,$52.00,Neighborhood highlights,1,1,1,1,4.94,31,https://www.airbnb.com/rooms/722724523887446094
72274851551157e4,$49.00,NA,1,2,1,1,NA,0,https://www.airbnb.com/rooms/722748515511570066
722752514013026400,$209.00,NA,2,1,1,1,5,47,https://www.airbnb.com/rooms/722752514013026443
722764556457111300,NA,NA,1,NA,1,NA,5,1,https://www.airbnb.com/rooms/722764556457111282
722788537831890600,$139.00,NA,2,1,1,1,5,68,https://www.airbnb.com/rooms/722788537831890600
722970148956976e3,$128.00,NA,4,1,2,2,5,1,https://www.airbnb.com/rooms/722970148956976005
722977978845169400,NA,NA,1,NA,1,NA,NA,0,https://www.airbnb.com/rooms/722977978845169391
722992412794250800,$44.00,NA,1,2,1,1,NA,0,https://www.airbnb.com/rooms/722992412794250697
723020470583462100,NA,NA,1,NA,1,NA,NA,0,https://www.airbnb.com/rooms/723020470583462194
723029810986239500,$46.00,NA,1,2,1,1,NA,0,https://www.airbnb.com/rooms/723029810986239533
723141727755088300,$180.00,Neighborhood highlights,4,1,1,2,5,6,https://www.airbnb.com/rooms/723141727755088232
723269815133037300,$150.00,NA,3,2,2,3,5,3,https://www.airbnb.com/rooms/723269815133037323
7.2329005713416794e+17,$64.00,NA,1,1,1,2,4.69,54,https://www.airbnb.com/rooms/723290057134167937
723312573019470200,$153.00,NA,3,1,1,2,5,36,https://www.airbnb.com/rooms/723312573019470197
72332600410729e4,$800.00,NA,5,3,2,3,4.86,64,https://www.airbnb.com/rooms/723326004107290023
723381199394914400,NA,Neighborhood highlights,2,NA,NA,NA,5,28,https://www.airbnb.com/rooms/723381199394914446
723383026787799800,$469.00,NA,3,1,1,1,4.63,8,https://www.airbnb.com/rooms/723383026787799859
723396979906254200,$44.00,NA,1,2,1,1,NA,0,https://www.airbnb.com/rooms/723396979906254244
723404316908135700,$83.00,Neighborhood highlights,3,1.5,1,2,5,29,https://www.airbnb.com/rooms/723404316908135712
723420162307427600,NA,NA,1,NA,1,NA,NA,0,https://www.airbnb.com/rooms/723420162307427553
723433156134120700,$42.00,NA,1,2,1,1,NA,0,https://www.airbnb.com/rooms/723433156134120705
723456435927632e3,$135.00,Neighborhood highlights,4,1,2,3,4.93,27,https://www.airbnb.com/rooms/723456435927632001
723473295638309600,NA,NA,1,NA,1,NA,NA,0,https://www.airbnb.com/rooms/723473295638309657
723486009288550300,$43.00,NA,1,2,6,1,5,1,https://www.airbnb.com/rooms/723486009288550240
723696807341670100,NA,NA,1,NA,1,NA,NA,0,https://www.airbnb.com/rooms/723696807341670128
723707308264208100,NA,NA,2,NA,NA,NA,5,6,https://www.airbnb.com/rooms/723707308264208172
723822033416473900,$80.00,NA,2,1,1,1,4.71,17,https://www.airbnb.com/rooms/723822033416473918
723861207309008800,$125.00,Neighborhood highlights,2,1,1,1,4.8,46,https://www.airbnb.com/rooms/723861207309008728
723878111397724300,$160.00,NA,2,1,0,1,4.5,2,https://www.airbnb.com/rooms/723878111397724292
723956849520711700,NA,NA,2,NA,2,NA,NA,0,https://www.airbnb.com/rooms/723956849520711622
724060000897905300,NA,NA,1,NA,NA,NA,NA,0,https://www.airbnb.com/rooms/724060000897905217
724070975038470400,NA,NA,4,NA,4,NA,NA,0,https://www.airbnb.com/rooms/724070975038470447
724100094009004900,$80.00,Neighborhood highlights,4,1,2,3,4.5,4,https://www.airbnb.com/rooms/724100094009004913
724106912094854800,$115.00,NA,2,1,1,1,4.88,32,https://www.airbnb.com/rooms/724106912094854757
724108112790458100,$171.00,Neighborhood highlights,3,1,1,1,4.87,61,https://www.airbnb.com/rooms/724108112790458125
724164762115465600,$60.00,Neighborhood highlights,2,1.5,1,1,4.83,6,https://www.airbnb.com/rooms/724164762115465599
724176268503296400,$62.00,Neighborhood highlights,2,1.5,1,1,3.4,5,https://www.airbnb.com/rooms/724176268503296364
724176305399511400,$58.00,Neighborhood highlights,2,1.5,1,1,4.43,7,https://www.airbnb.com/rooms/724176305399511436
724258438851833300,$250.00,NA,6,2,2,3,NA,0,https://www.airbnb.com/rooms/724258438851833345
7.2428506971418406e+17,NA,NA,1,NA,NA,NA,5,1,https://www.airbnb.com/rooms/724285069714184078
724285328464936200,NA,NA,1,NA,NA,NA,4,2,https://www.airbnb.com/rooms/724285328464936245
724442948593741600,$170.00,NA,2,1,1,1,5,7,https://www.airbnb.com/rooms/724442948593741619
724478427910818200,$160.00,Neighborhood highlights,4,1,2,2,5,5,https://www.airbnb.com/rooms/724478427910818191
724493104271684600,$105.00,NA,3,1,1,2,5,2,https://www.airbnb.com/rooms/724493104271684619
724511815615022200,$89.00,Neighborhood highlights,2,1,1,1,5,3,https://www.airbnb.com/rooms/724511815615022203
724513783589902500,$66.00,NA,1,0,1,1,NA,0,https://www.airbnb.com/rooms/724513783589902461
724517724355614700,$66.00,NA,1,1,1,1,NA,0,https://www.airbnb.com/rooms/724517724355614663
724518292928075900,$186.00,Neighborhood highlights,1,1,0,1,4.75,4,https://www.airbnb.com/rooms/724518292928075902
724522611132855200,$350.00,Neighborhood highlights,2,1,1,1,5,18,https://www.airbnb.com/rooms/724522611132855205
724535783876553900,$269.00,NA,2,1,1,1,5,4,https://www.airbnb.com/rooms/724535783876553795
724547158315559700,$220.00,NA,2,1,2,1,NA,0,https://www.airbnb.com/rooms/724547158315559722
724584995884970100,$900.00,Neighborhood highlights,12,2.5,3,3,5,49,https://www.airbnb.com/rooms/724584995884970103
724586753280161400,NA,Neighborhood highlights,5,NA,2,NA,4.73,48,https://www.airbnb.com/rooms/724586753280161424
724588765773370200,$315.00,NA,3,1,2,1,5,2,https://www.airbnb.com/rooms/724588765773370201
724635668635496600,NA,NA,1,NA,NA,NA,5,1,https://www.airbnb.com/rooms/724635668635496527
724687619261429200,$147.00,Neighborhood highlights,2,1,1,2,4.92,12,https://www.airbnb.com/rooms/724687619261429246
724689127246049900,$400.00,Neighborhood highlights,5,2,3,3,4.94,17,https://www.airbnb.com/rooms/724689127246049942
724702772019188400,$150.00,Neighborhood highlights,2,1,1,1,5,3,https://www.airbnb.com/rooms/724702772019188387
724712165452391400,$120.00,Neighborhood highlights,2,1,1,1,5,12,https://www.airbnb.com/rooms/724712165452391439
724719197235678800,$125.00,Neighborhood highlights,2,1,1,1,4.89,9,https://www.airbnb.com/rooms/724719197235678837
724835120949186200,$325.00,Neighborhood highlights,2,1,1,2,5,2,https://www.airbnb.com/rooms/724835120949186187
724986699109722200,$212.00,Neighborhood highlights,9,1.5,3,5,4.63,51,https://www.airbnb.com/rooms/724986699109722300
725073741505940700,NA,Neighborhood highlights,6,NA,3,NA,NA,0,https://www.airbnb.com/rooms/725073741505940799
725088224980807200,$350.00,Neighborhood highlights,2,2,2,3,4.89,19,https://www.airbnb.com/rooms/725088224980807119
725115492238831e3,$285.00,Neighborhood highlights,2,1,1,1,4.92,12,https://www.airbnb.com/rooms/725115492238831030
725127683573391200,$89.00,Neighborhood highlights,2,1,1,1,4.5,4,https://www.airbnb.com/rooms/725127683573391265
725174632104784800,$225.00,NA,5,1,2,3,4.68,37,https://www.airbnb.com/rooms/725174632104784756
725199456794560400,$150.00,Neighborhood highlights,2,1,0,1,NA,0,https://www.airbnb.com/rooms/725199456794560437
725201256638546e3,NA,Neighborhood highlights,2,NA,NA,NA,4,5,https://www.airbnb.com/rooms/725201256638546056
725207627976588500,$195.00,NA,4,1,2,2,4.89,27,https://www.airbnb.com/rooms/725207627976588501
725211850843486200,$80.00,Neighborhood highlights,3,1,1,2,5,2,https://www.airbnb.com/rooms/725211850843486191
725243436882376200,$270.00,Neighborhood highlights,2,1,1,1,4.55,138,https://www.airbnb.com/rooms/725243436882376244
725253395449891200,$357.00,Neighborhood highlights,2,1,1,1,5,2,https://www.airbnb.com/rooms/725253395449891146
725265752067758200,$267.00,Neighborhood highlights,2,1,1,1,4.58,40,https://www.airbnb.com/rooms/725265752067758226
725267821235974e3,$175.00,NA,9,2,3,3,NA,0,https://www.airbnb.com/rooms/725267821235974034
72526853756058e4,$368.00,Neighborhood highlights,2,1,1,1,NA,0,https://www.airbnb.com/rooms/725268537560579955
725277852070398600,NA,NA,2,NA,1,NA,5,2,https://www.airbnb.com/rooms/725277852070398541
725279153695249400,$484.00,Neighborhood highlights,2,1,1,1,5,4,https://www.airbnb.com/rooms/725279153695249377
725284817891446500,$387.00,Neighborhood highlights,4,1,1,2,4,7,https://www.airbnb.com/rooms/725284817891446470
725374269862818300,$65.00,Neighborhood highlights,2,1,1,1,5,2,https://www.airbnb.com/rooms/725374269862818359
725375269096380500,$143.00,Neighborhood highlights,2,1,1,1,4.86,43,https://www.airbnb.com/rooms/725375269096380570
725398332156942200,NA,Neighborhood highlights,2,NA,1,NA,5,1,https://www.airbnb.com/rooms/725398332156942232
725469503614707700,$150.00,Neighborhood highlights,7,1,3,4,4,2,https://www.airbnb.com/rooms/725469503614707754
725475024332992e3,NA,Neighborhood highlights,2,NA,1,NA,4.83,18,https://www.airbnb.com/rooms/725475024332992063
725482656106188e3,$400.00,NA,4,1,1,1,NA,0,https://www.airbnb.com/rooms/725482656106188093
725539220672963300,NA,NA,4,NA,1,NA,NA,0,https://www.airbnb.com/rooms/725539220672963388
725541783998653200,NA,Neighborhood highlights,2,NA,1,NA,5,16,https://www.airbnb.com/rooms/725541783998653181
725546318402991700,NA,NA,5,NA,1,NA,NA,0,https://www.airbnb.com/rooms/725546318402991738
725553304534332300,NA,NA,4,NA,1,NA,NA,0,https://www.airbnb.com/rooms/725553304534332319
725563452745468300,NA,NA,6,NA,1,NA,NA,0,https://www.airbnb.com/rooms/725563452745468281
725570081917331500,NA,NA,2,NA,1,NA,4,2,https://www.airbnb.com/rooms/725570081917331509
725792455364919e3,$262.00,Neighborhood highlights,2,1,1,1,NA,0,https://www.airbnb.com/rooms/725792455364919003
725792742255312600,NA,Neighborhood highlights,4,NA,2,NA,NA,0,https://www.airbnb.com/rooms/725792742255312604
725832343729708e3,$200.00,Neighborhood highlights,7,1,3,5,4.5,2,https://www.airbnb.com/rooms/725832343729707990
725922310297628300,$106.00,Neighborhood highlights,4,1,2,3,NA,0,https://www.airbnb.com/rooms/725922310297628286
725966967587357400,$289.00,NA,6,1,3,3,NA,0,https://www.airbnb.com/rooms/725966967587357427
725981859408433900,$50.00,NA,1,1,1,1,5,3,https://www.airbnb.com/rooms/725981859408433983
725986142193287e3,$130.00,NA,2,1,2,5,4.82,11,https://www.airbnb.com/rooms/725986142193287056
726018745632954900,$70.00,NA,1,1,1,1,NA,0,https://www.airbnb.com/rooms/726018745632954909
726026082789429600,$113.00,NA,4,1,1,1,5,2,https://www.airbnb.com/rooms/726026082789429635
726038186245782e3,$73.00,NA,2,1,0,1,5,9,https://www.airbnb.com/rooms/726038186245781989
726041127291746800,NA,NA,2,NA,1,NA,NA,0,https://www.airbnb.com/rooms/726041127291746790
726051328615599200,NA,Neighborhood highlights,2,NA,1,NA,4,1,https://www.airbnb.com/rooms/726051328615599170
726057650522445300,$237.00,Neighborhood highlights,2,1,1,1,NA,0,https://www.airbnb.com/rooms/726057650522445330
726064730287611600,NA,Neighborhood highlights,16,NA,4,NA,NA,0,https://www.airbnb.com/rooms/726064730287611587
726065035073785e3,NA,Neighborhood highlights,16,NA,4,NA,NA,0,https://www.airbnb.com/rooms/726065035073784943
726070710428229600,NA,Neighborhood highlights,16,NA,4,NA,NA,0,https://www.airbnb.com/rooms/726070710428229569
726073675795134800,$492.00,Neighborhood highlights,15,3,3,6,NA,0,https://www.airbnb.com/rooms/726073675795134815
726074123553985500,$492.00,Neighborhood highlights,15,3,3,6,NA,0,https://www.airbnb.com/rooms/726074123553985535
726077367738491400,$246.00,Neighborhood highlights,2,1,1,1,NA,0,https://www.airbnb.com/rooms/726077367738491425
726077999015035300,$308.00,Neighborhood highlights,2,1,1,1,5,2,https://www.airbnb.com/rooms/726077999015035223
726080284648377100,NA,Neighborhood highlights,12,NA,3,NA,NA,0,https://www.airbnb.com/rooms/726080284648377138
726080714216367400,NA,Neighborhood highlights,12,NA,3,NA,NA,0,https://www.airbnb.com/rooms/726080714216367305
726104953235131500,NA,NA,6,NA,4,NA,5,5,https://www.airbnb.com/rooms/726104953235131559
726112702825047800,$130.00,Neighborhood highlights,1,1,1,2,5,4,https://www.airbnb.com/rooms/726112702825047806
726119851349364700,$175.00,NA,2,1,1,2,5,3,https://www.airbnb.com/rooms/726119851349364741
726146340579191800,$174.00,Neighborhood highlights,2,1,1,1,4.96,48,https://www.airbnb.com/rooms/726146340579191842
726173901438378100,$185.00,NA,4,1,1,2,4.77,22,https://www.airbnb.com/rooms/726173901438378136
726181783738779500,NA,NA,1,NA,NA,NA,5,1,https://www.airbnb.com/rooms/726181783738779481
726191136045733100,$150.00,Neighborhood highlights,2,1,1,1,5,8,https://www.airbnb.com/rooms/726191136045733121
726205107648048100,$330.00,Neighborhood highlights,6,2,4,6,5,8,https://www.airbnb.com/rooms/726205107648048166
726219384836980100,$183.00,Neighborhood highlights,2,1,1,1,4.88,8,https://www.airbnb.com/rooms/726219384836980038
726247618629614600,$55.00,Neighborhood highlights,2,1,1,1,4.71,41,https://www.airbnb.com/rooms/726247618629614625
726250246680613100,NA,Neighborhood highlights,5,NA,3,NA,4.5,2,https://www.airbnb.com/rooms/726250246680613085
726270179572264400,NA,Neighborhood highlights,4,NA,NA,NA,4.81,54,https://www.airbnb.com/rooms/726270179572264432
726323317124742400,$500.00,Neighborhood highlights,4,1,1,4,4.91,11,https://www.airbnb.com/rooms/726323317124742392
726343081986971100,NA,Neighborhood highlights,1,NA,NA,NA,4.83,6,https://www.airbnb.com/rooms/726343081986971114
726344889201919700,NA,Neighborhood highlights,1,NA,NA,NA,NA,0,https://www.airbnb.com/rooms/726344889201919789
726354237137776400,$195.00,NA,2,1,1,1,5,1,https://www.airbnb.com/rooms/726354237137776365
726412384135679e3,$162.00,Neighborhood highlights,4,1,2,2,4.6,10,https://www.airbnb.com/rooms/726412384135678928
726469632450695600,$205.00,NA,3,1,2,2,4.33,18,https://www.airbnb.com/rooms/726469632450695613
726505320137651700,NA,Neighborhood highlights,2,NA,NA,NA,5,1,https://www.airbnb.com/rooms/726505320137651736
726528047543192200,NA,NA,2,NA,NA,NA,4.73,11,https://www.airbnb.com/rooms/726528047543192142
726532496611209500,$651.00,NA,6,1,3,3,4.64,22,https://www.airbnb.com/rooms/726532496611209411
726533887331486100,NA,NA,1,NA,NA,NA,5,9,https://www.airbnb.com/rooms/726533887331486068
726579130880945700,$314.00,Neighborhood highlights,2,2,1,1,NA,0,https://www.airbnb.com/rooms/726579130880945632
726616333794995100,$305.00,Neighborhood highlights,2,1,1,1,4.65,20,https://www.airbnb.com/rooms/726616333794995114
726626309889942400,$44.00,Neighborhood highlights,1,2,1,1,4.2,5,https://www.airbnb.com/rooms/726626309889942397
726667728496451200,$95.00,NA,4,1,2,3,4.87,39,https://www.airbnb.com/rooms/726667728496451227
726676303768676600,$356.00,Neighborhood highlights,4,1,2,2,NA,0,https://www.airbnb.com/rooms/726676303768676616
726679319187119700,$306.00,Neighborhood highlights,2,1,1,1,NA,0,https://www.airbnb.com/rooms/726679319187119772
726691054073114800,$85.00,Neighborhood highlights,2,1,1,1,4.94,88,https://www.airbnb.com/rooms/726691054073114790
726703478997807900,$50.00,Neighborhood highlights,2,1,1,0,NA,0,https://www.airbnb.com/rooms/726703478997807929
7.2672378681927206e+17,$48.00,Neighborhood highlights,2,1,1,0,4,1,https://www.airbnb.com/rooms/726723786819272011
726795202821831300,$175.00,Neighborhood highlights,4,1,2,3,4.75,36,https://www.airbnb.com/rooms/726795202821831233
726845120415605200,$246.00,Neighborhood highlights,2,1,1,1,NA,0,https://www.airbnb.com/rooms/726845120415605311
726871477775738400,$400.00,NA,2,1.5,1,1,NA,0,https://www.airbnb.com/rooms/726871477775738378
726891322486149400,$135.00,NA,6,1,3,3,4.87,15,https://www.airbnb.com/rooms/726891322486149349
726911215820092400,$135.00,NA,3,1,0,2,4.91,11,https://www.airbnb.com/rooms/726911215820092470
726953637349092900,$100.00,NA,4,1,2,2,4.69,39,https://www.airbnb.com/rooms/726953637349092871
726980039255913e3,NA,NA,3,NA,1,NA,5,6,https://www.airbnb.com/rooms/726980039255912904
726980561418179e3,$42.00,Neighborhood highlights,2,1,1,1,4,2,https://www.airbnb.com/rooms/726980561418178924
726998314453788900,$181.00,NA,6,2,2,4,4.76,29,https://www.airbnb.com/rooms/726998314453788976
727002652481662100,$40.00,NA,1,1,1,1,5,1,https://www.airbnb.com/rooms/727002652481662101
727067452156246400,$120.00,NA,4,1,1,2,4.89,44,https://www.airbnb.com/rooms/727067452156246364
727094584087324e3,NA,Neighborhood highlights,2,NA,NA,NA,5,3,https://www.airbnb.com/rooms/727094584087324095
727094751882208900,NA,Neighborhood highlights,2,NA,NA,NA,NA,0,https://www.airbnb.com/rooms/727094751882208933
727123144552420500,NA,Neighborhood highlights,2,NA,NA,NA,NA,0,https://www.airbnb.com/rooms/727123144552420511
727123368219304200,NA,Neighborhood highlights,2,NA,NA,NA,4.5,2,https://www.airbnb.com/rooms/727123368219304219
727150428342282e3,NA,Neighborhood highlights,2,NA,NA,NA,NA,0,https://www.airbnb.com/rooms/727150428342281974
727150473699235500,NA,Neighborhood highlights,2,NA,NA,NA,4,2,https://www.airbnb.com/rooms/727150473699235484
727195003556962700,NA,Neighborhood highlights,1,NA,NA,NA,NA,0,https://www.airbnb.com/rooms/727195003556962655
727312631524178600,$138.00,Neighborhood highlights,3,1,1,1,4.31,13,https://www.airbnb.com/rooms/727312631524178549
727329511774515300,$251.00,Neighborhood highlights,1,1,1,1,4.96,24,https://www.airbnb.com/rooms/727329511774515361
727393508691090700,$318.00,Neighborhood highlights,2,1,0,1,NA,0,https://www.airbnb.com/rooms/727393508691090676
727393620129250700,$180.00,Neighborhood highlights,4,1,1,1,5,8,https://www.airbnb.com/rooms/727393620129250709
727394016312534700,$259.00,Neighborhood highlights,2,1,1,1,NA,0,https://www.airbnb.com/rooms/727394016312534644
727439577532735400,"$3,143.00",NA,4,1,1,2,NA,0,https://www.airbnb.com/rooms/727439577532735416
727457092217293400,$169.00,Neighborhood highlights,2,1,1,1,4.91,55,https://www.airbnb.com/rooms/727457092217293467
727496523979033500,$110.00,Neighborhood highlights,4,1,1,2,4.63,8,https://www.airbnb.com/rooms/727496523979033427
727523095270280700,NA,NA,2,NA,NA,NA,5,8,https://www.airbnb.com/rooms/727523095270280757
727563616843537700,NA,Neighborhood highlights,12,NA,3,NA,NA,0,https://www.airbnb.com/rooms/727563616843537662
727563795390098700,NA,Neighborhood highlights,12,NA,3,NA,NA,0,https://www.airbnb.com/rooms/727563795390098633
727563987822777700,$237.00,Neighborhood highlights,12,3,3,6,NA,0,https://www.airbnb.com/rooms/727563987822777761
727602214221214200,$238.00,Neighborhood highlights,4,1,1,2,5,2,https://www.airbnb.com/rooms/727602214221214247
727634797798668200,"$1,050.00",Neighborhood highlights,4,1,1,2,NA,0,https://www.airbnb.com/rooms/727634797798668177
727635111550428700,$438.00,Neighborhood highlights,2,1,0,1,5,1,https://www.airbnb.com/rooms/727635111550428709
727734064500278400,$180.00,NA,4,1,2,2,4.88,17,https://www.airbnb.com/rooms/727734064500278359
727741485842854100,$155.00,NA,2,1,1,1,4.6,5,https://www.airbnb.com/rooms/727741485842854095
7.2783261357192806e+17,$320.00,Neighborhood highlights,8,2.5,3,7,4.97,94,https://www.airbnb.com/rooms/727832613571928027
728018438985216500,NA,NA,1,NA,NA,NA,5,2,https://www.airbnb.com/rooms/728018438985216562
728085702664099e3,$140.00,NA,5,1,2,4,4.38,8,https://www.airbnb.com/rooms/728085702664098904
728160311581420900,$100.00,Neighborhood highlights,2,1,1,1,NA,0,https://www.airbnb.com/rooms/728160311581420967
728193530651281900,$130.00,Neighborhood highlights,2,1,1,1,4.94,33,https://www.airbnb.com/rooms/728193530651281929
728283927534298500,$79.00,Neighborhood highlights,2,1,1,1,4.29,42,https://www.airbnb.com/rooms/728283927534298491
728324579254521300,$105.00,Neighborhood highlights,2,1,1,1,4.63,38,https://www.airbnb.com/rooms/728324579254521292
728447545402596100,$115.00,NA,3,2,1,2,4.88,8,https://www.airbnb.com/rooms/728447545402596120
728469995983065500,$157.00,Neighborhood highlights,2,2,1,1,4.59,49,https://www.airbnb.com/rooms/728469995983065455
728795847476708900,$80.00,NA,2,1,1,1,4,4,https://www.airbnb.com/rooms/728795847476708926
728805194458923100,$175.00,NA,2,1,1,1,5,20,https://www.airbnb.com/rooms/728805194458923176
728840714573744900,$98.00,Neighborhood highlights,3,1,1,2,4.9,40,https://www.airbnb.com/rooms/728840714573744915
728898265855426200,$200.00,Neighborhood highlights,2,1,1,2,4.8,15,https://www.airbnb.com/rooms/728898265855426177
728959740839453300,$309.00,Neighborhood highlights,4,1,1,2,5,34,https://www.airbnb.com/rooms/728959740839453264
728974638707556200,$219.00,NA,2,1,1,1,5,1,https://www.airbnb.com/rooms/728974638707556180
729000632141002600,$111.00,NA,2,1,1,1,4.47,38,https://www.airbnb.com/rooms/729000632141002581
729009942205510900,$79.00,NA,1,1,1,1,4.57,42,https://www.airbnb.com/rooms/729009942205510892
729011132612075900,$125.00,NA,2,1,1,1,4.7,33,https://www.airbnb.com/rooms/729011132612075891
729020850035785900,$100.00,NA,2,1,1,1,4.53,45,https://www.airbnb.com/rooms/729020850035785862
729079841065362400,$75.00,Neighborhood highlights,1,1.5,1,1,NA,0,https://www.airbnb.com/rooms/729079841065362453
729089788337206500,NA,NA,2,NA,NA,NA,5,31,https://www.airbnb.com/rooms/729089788337206524
729093021465019100,$45.00,Neighborhood highlights,2,1,1,1,4.42,26,https://www.airbnb.com/rooms/729093021465019177
729096618222905200,$80.00,NA,4,1,1,2,NA,0,https://www.airbnb.com/rooms/729096618222905266
729125823009270700,$40.00,Neighborhood highlights,1,1,1,1,4.44,25,https://www.airbnb.com/rooms/729125823009270662
729185297231443100,$447.00,NA,6,2.5,3,3,NA,0,https://www.airbnb.com/rooms/729185297231443131
729242862958356600,$259.00,Neighborhood highlights,6,1,2,3,4.84,45,https://www.airbnb.com/rooms/729242862958356649
7.2955025118370406e+17,NA,Neighborhood highlights,2,NA,NA,NA,4.5,6,https://www.airbnb.com/rooms/729550251183704069
729559350454124900,$196.00,NA,2,1,1,1,4.89,9,https://www.airbnb.com/rooms/729559350454124966
729567707956628e3,$175.00,Neighborhood highlights,2,1,1,1,5,3,https://www.airbnb.com/rooms/729567707956628031
729598985360846600,$92.00,NA,6,1,3,4,4.51,37,https://www.airbnb.com/rooms/729598985360846629
729721629145505900,"$3,600.00",NA,16,0.5,1,1,NA,0,https://www.airbnb.com/rooms/729721629145505897
729745044802488400,$180.00,Neighborhood highlights,4,1,2,2,5,5,https://www.airbnb.com/rooms/729745044802488456
729790014222031400,"$1,100.00",Neighborhood highlights,6,2.5,3,3,5,9,https://www.airbnb.com/rooms/729790014222031318
729814772008750700,$300.00,Neighborhood highlights,6,2,3,4,5,2,https://www.airbnb.com/rooms/729814772008750766
729840512390164600,$130.00,NA,1,1,1,1,5,8,https://www.airbnb.com/rooms/729840512390164566
729851683107334700,$210.00,NA,2,1,0,1,NA,0,https://www.airbnb.com/rooms/729851683107334670
72985190941286e4,$44.00,NA,1,1,1,1,4.43,7,https://www.airbnb.com/rooms/729851909412860042
729882104428326300,$120.00,NA,6,1,2,4,NA,0,https://www.airbnb.com/rooms/729882104428326289
729901170307417900,$50.00,Neighborhood highlights,1,1,1,2,5,3,https://www.airbnb.com/rooms/729901170307417800
729947657876634800,$29.00,NA,1,1,1,1,5,2,https://www.airbnb.com/rooms/729947657876634696
730039121672821500,$300.00,Neighborhood highlights,3,1,0,2,5,2,https://www.airbnb.com/rooms/730039121672821508
730146657324424700,$200.00,Neighborhood highlights,2,1,1,1,NA,0,https://www.airbnb.com/rooms/730146657324424694
730151695984674600,$325.00,Neighborhood highlights,2,1,1,1,5,1,https://www.airbnb.com/rooms/730151695984674528
730320770789117600,$216.00,Neighborhood highlights,5,1.5,2,3,5,2,https://www.airbnb.com/rooms/730320770789117629
730322098122161800,NA,NA,6,NA,2,NA,NA,0,https://www.airbnb.com/rooms/730322098122161810
730384944915172200,"$1,950.00",NA,16,2,1,1,NA,0,https://www.airbnb.com/rooms/730384944915172215
730397424509623600,$160.00,Neighborhood highlights,1,1,1,1,5,21,https://www.airbnb.com/rooms/730397424509623614
730415774017651200,NA,NA,1,NA,NA,NA,NA,0,https://www.airbnb.com/rooms/730415774017651195
730539617976108800,$55.00,Neighborhood highlights,2,1,2,1,5,3,https://www.airbnb.com/rooms/730539617976108809
730574439705544400,$83.00,Neighborhood highlights,2,1,1,1,4.82,11,https://www.airbnb.com/rooms/730574439705544433
730612004102435300,NA,NA,1,NA,NA,NA,NA,0,https://www.airbnb.com/rooms/730612004102435342
730620209721699100,$145.00,Neighborhood highlights,3,1,0,1,5,1,https://www.airbnb.com/rooms/730620209721699066
730631370609562200,$45.00,Neighborhood highlights,1,1,1,1,4.2,5,https://www.airbnb.com/rooms/730631370609562184
730806224413736300,"$1,332.00",NA,4,2,1,2,5,15,https://www.airbnb.com/rooms/730806224413736320
730986962526556900,NA,NA,10,NA,NA,NA,NA,0,https://www.airbnb.com/rooms/730986962526556970
731118021978772900,NA,Neighborhood highlights,2,NA,NA,NA,5,1,https://www.airbnb.com/rooms/731118021978772833
731150942469383800,"$4,100.00",NA,16,3,3,6,NA,0,https://www.airbnb.com/rooms/731150942469383801
731214915263523300,$50.00,NA,2,1,1,1,4.59,27,https://www.airbnb.com/rooms/731214915263523282
731237194552561500,$250.00,NA,4,1,0,1,4.93,44,https://www.airbnb.com/rooms/731237194552561506
731258081125697200,NA,NA,2,NA,1,NA,NA,0,https://www.airbnb.com/rooms/731258081125697158
731276005376621300,$234.00,NA,3,1,2,2,NA,0,https://www.airbnb.com/rooms/731276005376621259
731279097670482700,$60.00,NA,1,1,1,1,4.67,3,https://www.airbnb.com/rooms/731279097670482626
731333384747752300,$100.00,NA,5,1,1,1,NA,0,https://www.airbnb.com/rooms/731333384747752368
731342456361090800,$200.00,Neighborhood highlights,2,1,1,2,4.91,54,https://www.airbnb.com/rooms/731342456361090851
731362824620187100,$485.00,Neighborhood highlights,1,1,1,1,4.91,11,https://www.airbnb.com/rooms/731362824620187165
731375908393497700,$175.00,NA,2,1,1,1,5,20,https://www.airbnb.com/rooms/731375908393497665
731381060585525500,$93.00,Neighborhood highlights,6,1,2,3,4.82,98,https://www.airbnb.com/rooms/731381060585525525
731712826444841900,$216.00,NA,3,1,2,2,4.75,4,https://www.airbnb.com/rooms/731712826444841903
73172952686947e4,$293.00,NA,2,2,2,2,5,2,https://www.airbnb.com/rooms/731729526869469898
731770827474248600,$247.00,NA,4,1,2,2,NA,0,https://www.airbnb.com/rooms/731770827474248523
731784525862689200,$40.00,Neighborhood highlights,2,1,1,1,NA,0,https://www.airbnb.com/rooms/731784525862689115
731800309107118800,$105.00,NA,1,1,1,2,4.66,61,https://www.airbnb.com/rooms/731800309107118826
731820184781162900,$980.00,Neighborhood highlights,4,1,2,3,NA,0,https://www.airbnb.com/rooms/731820184781162841
731827331139561200,$135.00,NA,2,1,1,1,4.7,30,https://www.airbnb.com/rooms/731827331139561156
731852946981388200,"$1,850.00",NA,16,1,1,1,NA,0,https://www.airbnb.com/rooms/731852946981388150
731883298706769300,NA,Neighborhood highlights,6,NA,2,NA,4.8,56,https://www.airbnb.com/rooms/731883298706769241
731903556064617600,NA,Neighborhood highlights,3,NA,1,NA,4.6,10,https://www.airbnb.com/rooms/731903556064617611
731935019886789400,$353.00,Neighborhood highlights,6,1,3,3,4.48,21,https://www.airbnb.com/rooms/731935019886789377
731940007156884600,$250.00,NA,2,2,1,1,NA,0,https://www.airbnb.com/rooms/731940007156884626
732015468917137e3,$155.00,Neighborhood highlights,2,1.5,1,1,4.98,53,https://www.airbnb.com/rooms/732015468917137084
732081188915968500,"$3,000.00",Neighborhood highlights,16,2,4,4,NA,0,https://www.airbnb.com/rooms/732081188915968486
732109804589016300,$100.00,Neighborhood highlights,2,1,1,1,4.75,4,https://www.airbnb.com/rooms/732109804589016317
732407002362979700,$262.00,NA,9,1,3,6,5,3,https://www.airbnb.com/rooms/732407002362979676
732412230246403600,$135.00,Neighborhood highlights,5,1,2,2,5,1,https://www.airbnb.com/rooms/732412230246403599
732423590558526e3,$104.00,Neighborhood highlights,2,1,1,1,4.92,39,https://www.airbnb.com/rooms/732423590558525981
732499499283056e3,$43.00,NA,2,1,1,1,NA,0,https://www.airbnb.com/rooms/732499499283055968
732530709907169800,$43.00,NA,2,1,1,1,NA,0,https://www.airbnb.com/rooms/732530709907169836
732575553845138300,$55.00,NA,1,1,1,1,4.67,48,https://www.airbnb.com/rooms/732575553845138314
732614965082790800,NA,NA,2,NA,1,NA,NA,0,https://www.airbnb.com/rooms/732614965082790744
732676772301128300,$60.00,Neighborhood highlights,1,1,1,1,4.86,22,https://www.airbnb.com/rooms/732676772301128352
732705414760646800,$105.00,NA,2,1,0,0,4.65,17,https://www.airbnb.com/rooms/732705414760646738
733181162645787e3,$250.00,Neighborhood highlights,4,1,2,2,4.81,16,https://www.airbnb.com/rooms/733181162645786973
733203158811776100,"$1,900.00",NA,8,3.5,4,4,5,10,https://www.airbnb.com/rooms/733203158811776159
733219724258180900,$122.00,NA,2,1,1,1,4.83,35,https://www.airbnb.com/rooms/733219724258180821
733357289463417e3,$200.00,Neighborhood highlights,3,1,1,1,4.63,16,https://www.airbnb.com/rooms/733357289463416967
733422980036577400,$55.00,Neighborhood highlights,1,1,1,1,4.88,69,https://www.airbnb.com/rooms/733422980036577408
733643513468176400,$300.00,Neighborhood highlights,6,2,3,5,5,5,https://www.airbnb.com/rooms/733643513468176349
733914528332271500,NA,NA,2,NA,NA,NA,4.33,3,https://www.airbnb.com/rooms/733914528332271452
734033945493294600,$105.00,NA,4,1,1,1,5,2,https://www.airbnb.com/rooms/734033945493294651
734060738824589e3,$214.00,Neighborhood highlights,4,1,2,2,4.72,32,https://www.airbnb.com/rooms/734060738824589056
734088502582394200,$90.00,NA,2,1,1,1,4.89,36,https://www.airbnb.com/rooms/734088502582394286
734146997394470100,$273.00,NA,2,1,1,2,4.85,54,https://www.airbnb.com/rooms/734146997394470152
734154018348711400,$62.00,NA,1,1,1,1,4.54,39,https://www.airbnb.com/rooms/734154018348711412
734156537825541500,$63.00,NA,2,2,1,1,4.72,39,https://www.airbnb.com/rooms/734156537825541556
734163041073833600,NA,NA,5,NA,3,NA,NA,0,https://www.airbnb.com/rooms/734163041073833570
734167560905310500,$45.00,NA,2,1,1,1,4,5,https://www.airbnb.com/rooms/734167560905310417
734190494960235800,$278.00,NA,2,1,1,1,NA,0,https://www.airbnb.com/rooms/734190494960235826
734203515986674700,$51.00,NA,2,2,1,1,4.8,51,https://www.airbnb.com/rooms/734203515986674737
734217966968048100,$106.00,NA,1,1,1,1,4.93,55,https://www.airbnb.com/rooms/734217966968048115
734218369429025800,$100.00,NA,2,1,1,1,4.98,47,https://www.airbnb.com/rooms/734218369429025853
734218948322979800,$54.00,NA,3,2,1,1,4.72,50,https://www.airbnb.com/rooms/734218948322979892
734234083570975400,$269.00,Neighborhood highlights,6,1,1,3,4.64,75,https://www.airbnb.com/rooms/734234083570975359
734241935990286800,$110.00,Neighborhood highlights,2,1,1,2,5,4,https://www.airbnb.com/rooms/734241935990286841
734299289826981e3,$80.00,NA,2,1,1,1,5,1,https://www.airbnb.com/rooms/734299289826981049
734505370282762600,NA,Neighborhood highlights,2,NA,1,NA,NA,0,https://www.airbnb.com/rooms/734505370282762658
734508389359559e3,$214.00,Neighborhood highlights,2,1,1,1,NA,0,https://www.airbnb.com/rooms/734508389359559075
734621192621009400,NA,Neighborhood highlights,2,NA,1,NA,5,22,https://www.airbnb.com/rooms/734621192621009382
734632429122941200,$200.00,Neighborhood highlights,6,2,3,3,4.96,48,https://www.airbnb.com/rooms/734632429122941216
734670689144947e3,$299.00,NA,4,1,1,2,4.67,6,https://www.airbnb.com/rooms/734670689144946957
734682208263244800,$451.00,Neighborhood highlights,8,1,2,5,4.73,11,https://www.airbnb.com/rooms/734682208263244829
734711419793571700,$175.00,NA,4,1,2,3,4.86,7,https://www.airbnb.com/rooms/734711419793571699
734738222848364400,$378.00,NA,8,1,0,4,4.72,57,https://www.airbnb.com/rooms/734738222848364398
734739290205367700,$277.00,NA,4,1,1,2,NA,0,https://www.airbnb.com/rooms/734739290205367737
734810929658737800,$93.00,Neighborhood highlights,1,1,1,1,4.91,11,https://www.airbnb.com/rooms/734810929658737801
734815684276015500,$300.00,NA,2,2,2,1,5,1,https://www.airbnb.com/rooms/734815684276015497
734832291528594800,NA,NA,2,NA,1,NA,5,1,https://www.airbnb.com/rooms/734832291528594794
734846747989529700,$95.00,Neighborhood highlights,2,1,1,1,4.7,86,https://www.airbnb.com/rooms/734846747989529693
7.3485615905496794e+17,$185.00,NA,5,1,2,2,4.64,25,https://www.airbnb.com/rooms/734856159054967893
734859054165409e3,"$1,072.00",Neighborhood highlights,10,2,5,6,4.69,39,https://www.airbnb.com/rooms/734859054165409036
734860382121495e3,NA,NA,2,NA,1,NA,4.75,4,https://www.airbnb.com/rooms/734860382121495018
734885984815942900,$180.00,Neighborhood highlights,6,1,2,3,4.9,29,https://www.airbnb.com/rooms/734885984815942908
734893246657262200,NA,Neighborhood highlights,4,NA,2,NA,NA,0,https://www.airbnb.com/rooms/734893246657262207
735286735702558700,$150.00,Neighborhood highlights,2,1,1,1,4.4,5,https://www.airbnb.com/rooms/735286735702558767
735412196388602600,$320.00,Neighborhood highlights,4,2,2,2,NA,0,https://www.airbnb.com/rooms/735412196388602641
735423541309079800,$200.00,Neighborhood highlights,3,1,0,1,4.67,3,https://www.airbnb.com/rooms/735423541309079837
735450962225985900,NA,Neighborhood highlights,2,NA,NA,NA,4.8,30,https://www.airbnb.com/rooms/735450962225985884
735531096154997200,$87.00,Neighborhood highlights,2,1,1,1,4.95,22,https://www.airbnb.com/rooms/735531096154997193
735551051888273900,NA,NA,16,NA,1,NA,NA,0,https://www.airbnb.com/rooms/735551051888273909
735608081713932800,$170.00,Neighborhood highlights,4,1,1,1,4.63,32,https://www.airbnb.com/rooms/735608081713932796
735612595906525200,$90.00,NA,2,1,1,1,4.46,26,https://www.airbnb.com/rooms/735612595906525217
735631763810679600,$300.00,NA,2,1,0,1,NA,0,https://www.airbnb.com/rooms/735631763810679610
735638043453159200,$297.00,Neighborhood highlights,6,2,2,3,4.75,4,https://www.airbnb.com/rooms/735638043453159182
735669704002442900,$95.00,NA,2,1,1,1,4.9,30,https://www.airbnb.com/rooms/735669704002442839
735688595837633200,NA,NA,1,NA,NA,NA,4,1,https://www.airbnb.com/rooms/735688595837633200
735740047616639e3,$205.00,Neighborhood highlights,2,1,1,2,4.95,19,https://www.airbnb.com/rooms/735740047616638963
736049653083835800,$62.00,NA,2,1,1,1,3.68,19,https://www.airbnb.com/rooms/736049653083835769
736050174167790500,$100.00,Neighborhood highlights,4,1,1,2,4.67,15,https://www.airbnb.com/rooms/736050174167790500
73606761688914e4,$43.00,NA,2,1,1,1,1,1,https://www.airbnb.com/rooms/736067616889139930
736086215467906700,$43.00,NA,2,1,0,0,2,1,https://www.airbnb.com/rooms/736086215467906691
736089644757189600,$43.00,NA,2,1,0,0,2,1,https://www.airbnb.com/rooms/736089644757189679
736091766551385600,$43.00,NA,2,1,0,0,NA,0,https://www.airbnb.com/rooms/736091766551385632
736114514393187e3,$800.00,NA,16,1,0,1,NA,0,https://www.airbnb.com/rooms/736114514393186916
736131273924020200,$998.00,NA,3,1,1,1,4.25,8,https://www.airbnb.com/rooms/736131273924020245
736133252972764800,$94.00,NA,2,1,1,1,4.5,6,https://www.airbnb.com/rooms/736133252972764787
736139385311072400,$94.00,Neighborhood highlights,2,1,1,1,5,2,https://www.airbnb.com/rooms/736139385311072356
736139658330793700,$700.00,Neighborhood highlights,8,2,3,3,4.95,22,https://www.airbnb.com/rooms/736139658330793719
73614319247563e4,$82.00,NA,2,1,1,1,4.17,6,https://www.airbnb.com/rooms/736143192475629940
736148738990041200,$117.00,Neighborhood highlights,4,1,0,2,4.96,24,https://www.airbnb.com/rooms/736148738990041271
736216304989788e3,"$3,600.00",NA,16,1,1,1,NA,0,https://www.airbnb.com/rooms/736216304989788040
736216685759993200,NA,NA,1,NA,NA,NA,NA,0,https://www.airbnb.com/rooms/736216685759993219
736306604387468800,NA,NA,1,1,0,1,5,2,https://www.airbnb.com/rooms/736306604387468764
736313238393733600,$204.00,Neighborhood highlights,3,1,1,1,4.81,16,https://www.airbnb.com/rooms/736313238393733602
736314687379311900,NA,NA,4,NA,2,NA,5,4,https://www.airbnb.com/rooms/736314687379311885
736330645469694100,$181.00,NA,5,1,2,2,4.81,16,https://www.airbnb.com/rooms/736330645469694030
736420734072697900,$38.00,Neighborhood highlights,1,1,1,1,NA,0,https://www.airbnb.com/rooms/736420734072697799
736427204561194200,$480.00,Neighborhood highlights,10,2,4,6,4.71,24,https://www.airbnb.com/rooms/736427204561194184
736446347557912700,$39.00,Neighborhood highlights,1,1,1,1,NA,0,https://www.airbnb.com/rooms/736446347557912709
736462450819335200,$37.00,NA,1,1,1,1,NA,0,https://www.airbnb.com/rooms/736462450819335206
736475488679965300,$49.00,NA,2,1,1,1,4.28,18,https://www.airbnb.com/rooms/736475488679965255
736479219797807200,$90.00,Neighborhood highlights,2,1,1,1,4.93,54,https://www.airbnb.com/rooms/736479219797807190
7.3650470575408794e+17,NA,Neighborhood highlights,1,NA,NA,NA,NA,0,https://www.airbnb.com/rooms/736504705754087918
736678331800252200,$206.00,Neighborhood highlights,6,1,1,3,4.81,37,https://www.airbnb.com/rooms/736678331800252109
736732701163914800,$87.00,NA,1,1,1,1,NA,0,https://www.airbnb.com/rooms/736732701163914761
736764801777007500,$36.00,Neighborhood highlights,1,1,1,1,NA,0,https://www.airbnb.com/rooms/736764801777007539
736883715878353400,$393.00,NA,5,2.5,4,4,5,1,https://www.airbnb.com/rooms/736883715878353399
736935741903228500,$237.00,Neighborhood highlights,3,1,1,1,5,2,https://www.airbnb.com/rooms/736935741903228510
736935903731706800,$227.00,Neighborhood highlights,4,1,0,2,5,2,https://www.airbnb.com/rooms/736935903731706713
736937979271475200,$94.00,NA,2,1,1,1,5,2,https://www.airbnb.com/rooms/736937979271475200
736963295195292200,$388.00,Neighborhood highlights,3,1,1,1,5,4,https://www.airbnb.com/rooms/736963295195292153
736965655445471700,$420.00,Neighborhood highlights,4,2,2,1,NA,0,https://www.airbnb.com/rooms/736965655445471779
736969316422485e3,NA,NA,3,NA,1,NA,4.4,5,https://www.airbnb.com/rooms/736969316422484928
736985875740793600,$222.00,Neighborhood highlights,3,1,1,1,NA,0,https://www.airbnb.com/rooms/736985875740793560
736985964339692200,NA,Neighborhood highlights,2,NA,NA,NA,4.84,56,https://www.airbnb.com/rooms/736985964339692199
737015982193204400,$420.00,Neighborhood highlights,5,2,2,1,NA,0,https://www.airbnb.com/rooms/737015982193204327
737077373962465200,"$1,300.00",NA,10,1,0,1,NA,0,https://www.airbnb.com/rooms/737077373962465110
737110488533747500,$150.00,Neighborhood highlights,2,1,1,1,5,3,https://www.airbnb.com/rooms/737110488533747394
737125102250421100,NA,Neighborhood highlights,2,NA,NA,NA,5,1,https://www.airbnb.com/rooms/737125102250421096
737130536861792500,$110.00,Neighborhood highlights,2,1,1,1,4.9,41,https://www.airbnb.com/rooms/737130536861792516
737188583474491400,$45.00,Neighborhood highlights,1,1,1,1,4.75,51,https://www.airbnb.com/rooms/737188583474491405
737192413216531500,$53.00,NA,2,1,1,1,5,2,https://www.airbnb.com/rooms/737192413216531395
737373064682765800,$360.00,NA,6,1,3,3,4.67,9,https://www.airbnb.com/rooms/737373064682765825
737474142949878800,$80.00,NA,2,1,1,1,5,1,https://www.airbnb.com/rooms/737474142949878796
737499594851910700,$80.00,NA,2,1,1,1,5,1,https://www.airbnb.com/rooms/737499594851910685
73753573631718e4,$55.00,NA,1,1,1,1,4.89,9,https://www.airbnb.com/rooms/737535736317180074
73753623237597e4,$55.00,NA,1,1,1,1,4.69,16,https://www.airbnb.com/rooms/737536232375970112
737536455895522400,$89.00,NA,2,1.5,1,1,NA,0,https://www.airbnb.com/rooms/737536455895522482
737539992975231200,$100.00,NA,2,1,1,1,NA,0,https://www.airbnb.com/rooms/737539992975231292
737567109090743300,$450.00,Neighborhood highlights,5,2,3,2,5,3,https://www.airbnb.com/rooms/737567109090743244
737616938369086200,NA,Neighborhood highlights,16,NA,4,NA,1,1,https://www.airbnb.com/rooms/737616938369086269
737718519546722800,$83.00,NA,1,1,1,1,4.92,13,https://www.airbnb.com/rooms/737718519546722846
737758073670240900,NA,Neighborhood highlights,6,NA,3,NA,4.88,8,https://www.airbnb.com/rooms/737758073670240890
7.3785346811688794e+17,$440.00,Neighborhood highlights,4,1,2,4,5,4,https://www.airbnb.com/rooms/737853468116887919
7.3785410700812006e+17,$140.00,Neighborhood highlights,2,1,1,1,4,2,https://www.airbnb.com/rooms/737854107008120072
737873907630409700,$70.00,NA,4,1,1,1,5,1,https://www.airbnb.com/rooms/737873907630409682
737877918821333800,$70.00,NA,2,1,1,1,4.82,39,https://www.airbnb.com/rooms/737877918821333784
737901465279162900,NA,NA,5,NA,1,NA,NA,0,https://www.airbnb.com/rooms/737901465279162872
738237759321392600,$37.00,NA,1,1,3,1,5,2,https://www.airbnb.com/rooms/738237759321392625
738531349516164e3,$99.00,Neighborhood highlights,2,1,1,1,4.86,43,https://www.airbnb.com/rooms/738531349516163975
738594574645655300,$125.00,NA,2,1,1,1,5,20,https://www.airbnb.com/rooms/738594574645655257
738673555884916700,$250.00,Neighborhood highlights,2,1,1,1,5,6,https://www.airbnb.com/rooms/738673555884916721
738962214400586800,$177.00,Neighborhood highlights,2,2,2,2,4.79,19,https://www.airbnb.com/rooms/738962214400586787
738978341195723100,$230.00,Neighborhood highlights,5,1,1,4,4.67,3,https://www.airbnb.com/rooms/738978341195723100
739023711602043500,$160.00,Neighborhood highlights,3,1,2,1,NA,0,https://www.airbnb.com/rooms/739023711602043484
739079925701678500,$55.00,Neighborhood highlights,1,1,1,1,5,2,https://www.airbnb.com/rooms/739079925701678408
739088395802167700,NA,NA,4,NA,1,NA,4.92,12,https://www.airbnb.com/rooms/739088395802167731
739112539830946300,$130.00,Neighborhood highlights,5,1,2,2,4.91,34,https://www.airbnb.com/rooms/739112539830946258
739142028805777200,NA,NA,3,NA,1,NA,4.75,4,https://www.airbnb.com/rooms/739142028805777143
739195121853682700,$300.00,Neighborhood highlights,3,1,1,1,5,4,https://www.airbnb.com/rooms/739195121853682695
739226012536224600,$70.00,NA,2,1,1,1,NA,0,https://www.airbnb.com/rooms/739226012536224685
739232719991932500,$115.00,Neighborhood highlights,3,1,1,3,5,3,https://www.airbnb.com/rooms/739232719991932583
739298189699294700,$85.00,NA,2,1,1,2,4.78,41,https://www.airbnb.com/rooms/739298189699294778
739314926079159700,$58.00,Neighborhood highlights,2,1,1,1,4.33,6,https://www.airbnb.com/rooms/739314926079159676
739315499050884200,$68.00,Neighborhood highlights,2,1,1,1,4.44,9,https://www.airbnb.com/rooms/739315499050884201
739333866230665300,$89.00,NA,1,1,1,1,NA,0,https://www.airbnb.com/rooms/739333866230665371
739339246807150100,$89.00,NA,2,1,1,1,3.13,8,https://www.airbnb.com/rooms/739339246807150035
739353430791373400,$180.00,NA,2,1,3,3,4.25,4,https://www.airbnb.com/rooms/739353430791373395
739670023874151300,$135.00,Neighborhood highlights,2,1,1,1,NA,0,https://www.airbnb.com/rooms/739670023874151238
739676464379063700,$171.00,Neighborhood highlights,2,1,1,1,4.88,69,https://www.airbnb.com/rooms/739676464379063672
739758265100844200,$309.00,Neighborhood highlights,6,1,3,3,NA,0,https://www.airbnb.com/rooms/739758265100844130
739776077107508500,$241.00,NA,8,1,1,4,4.58,26,https://www.airbnb.com/rooms/739776077107508523
739776411733999100,$90.00,NA,2,1,1,1,5,2,https://www.airbnb.com/rooms/739776411733999088
739825179394275800,NA,Neighborhood highlights,2,NA,1,NA,5,29,https://www.airbnb.com/rooms/739825179394275875
739834417351177500,$108.00,Neighborhood highlights,1,1.5,1,1,NA,0,https://www.airbnb.com/rooms/739834417351177521
739895361417621500,$61.00,Neighborhood highlights,2,1,1,1,NA,0,https://www.airbnb.com/rooms/739895361417621462
739933686932667500,$250.00,NA,5,2,3,3,5,2,https://www.airbnb.com/rooms/739933686932667572
740023190200381e3,NA,Neighborhood highlights,2,NA,NA,NA,5,1,https://www.airbnb.com/rooms/740023190200381073
740023584233027600,NA,NA,4,NA,2,NA,NA,0,https://www.airbnb.com/rooms/740023584233027569
740023736121484900,NA,NA,1,NA,NA,NA,NA,0,https://www.airbnb.com/rooms/740023736121484987
740118115021378200,$50.00,Neighborhood highlights,2,1,1,1,5,4,https://www.airbnb.com/rooms/740118115021378182
740362442397130100,$46.00,Neighborhood highlights,2,1.5,1,2,5,1,https://www.airbnb.com/rooms/740362442397130150
740405625762067500,$100.00,Neighborhood highlights,2,1,1,2,4.89,55,https://www.airbnb.com/rooms/740405625762067517
740414959590827500,$163.00,Neighborhood highlights,3,1,0,1,5,2,https://www.airbnb.com/rooms/740414959590827579
740430164115683100,$356.00,Neighborhood highlights,6,1,3,4,3,1,https://www.airbnb.com/rooms/740430164115683052
740441221336131100,$80.00,Neighborhood highlights,2,1.5,1,1,4,1,https://www.airbnb.com/rooms/740441221336131136
740446516694389e3,$361.00,Neighborhood highlights,6,1,3,3,5,2,https://www.airbnb.com/rooms/740446516694389016
740482688468999400,$167.00,Neighborhood highlights,3,1,0,1,4,2,https://www.airbnb.com/rooms/740482688468999472
740514885087653400,$167.00,Neighborhood highlights,3,1,0,1,1,1,https://www.airbnb.com/rooms/740514885087653391
740581159062231e3,$900.00,Neighborhood highlights,5,2,2,2,NA,0,https://www.airbnb.com/rooms/740581159062231033
740606284690310300,$309.00,Neighborhood highlights,6,1,3,3,4.5,2,https://www.airbnb.com/rooms/740606284690310306
740625691287985500,NA,NA,1,NA,1,NA,5,4,https://www.airbnb.com/rooms/740625691287985590
740630623928708600,"$1,300.00",Neighborhood highlights,16,1,1,1,4.86,7,https://www.airbnb.com/rooms/740630623928708556
740650128218021100,$102.00,NA,4,1,2,0,3.88,8,https://www.airbnb.com/rooms/740650128218021110
740654894919684700,$600.00,NA,3,1,1,2,5,1,https://www.airbnb.com/rooms/740654894919684749
740665292239465100,$69.00,Neighborhood highlights,1,1,1,2,4.86,50,https://www.airbnb.com/rooms/740665292239465033
740687202260272300,NA,NA,2,NA,NA,NA,5,1,https://www.airbnb.com/rooms/740687202260272197
740725192615343200,$90.00,NA,2,1,0,2,NA,0,https://www.airbnb.com/rooms/740725192615343242
740743485713081500,$219.00,NA,8,2,3,3,4.93,137,https://www.airbnb.com/rooms/740743485713081436
740744215343491300,$540.00,Neighborhood highlights,2,3.5,4,6,4.89,44,https://www.airbnb.com/rooms/740744215343491297
740805106520747800,$140.00,Neighborhood highlights,2,1,1,2,5,8,https://www.airbnb.com/rooms/740805106520747832
741106348944835800,NA,Neighborhood highlights,6,NA,2,NA,4.89,18,https://www.airbnb.com/rooms/741106348944835853
741149714552732700,$638.00,Neighborhood highlights,3,1,1,2,5,17,https://www.airbnb.com/rooms/741149714552732715
741178664950324900,$139.00,Neighborhood highlights,2,1,1,2,4.93,122,https://www.airbnb.com/rooms/741178664950324853
741203384678717e3,$37.00,NA,2,1,1,1,3.5,6,https://www.airbnb.com/rooms/741203384678717076
741210249954979600,$28.00,Neighborhood highlights,2,1,1,1,4,4,https://www.airbnb.com/rooms/741210249954979590
74122420059467e4,$199.00,Neighborhood highlights,3,2,1,1,4.75,4,https://www.airbnb.com/rooms/741224200594669992
741232873957537700,$103.00,Neighborhood highlights,2,1,1,1,5,2,https://www.airbnb.com/rooms/741232873957537709
741243111598984800,$163.00,Neighborhood highlights,2,1,0,1,5,3,https://www.airbnb.com/rooms/741243111598984805
741260126908890900,$318.00,NA,3,1,1,1,NA,0,https://www.airbnb.com/rooms/741260126908890860
741287817783270900,$39.00,NA,1,1,1,1,4.5,26,https://www.airbnb.com/rooms/741287817783270966
741304412879165e3,$120.00,NA,3,1.5,1,1,4.79,24,https://www.airbnb.com/rooms/741304412879165092
741304743431863e3,$42.00,NA,1,1,1,1,4.87,15,https://www.airbnb.com/rooms/741304743431862990
741317527204876400,NA,NA,2,NA,1,NA,4.27,15,https://www.airbnb.com/rooms/741317527204876446
741318611492586600,"$1,900.00",NA,16,1,1,1,NA,0,https://www.airbnb.com/rooms/741318611492586622
741353835748593500,NA,Neighborhood highlights,1,NA,1,NA,4.5,2,https://www.airbnb.com/rooms/741353835748593564
741407967250747300,$75.00,NA,2,1,1,1,5,2,https://www.airbnb.com/rooms/741407967250747313
741416829933711700,$70.00,NA,2,1,1,1,4.65,40,https://www.airbnb.com/rooms/741416829933711693
741485191372649700,$198.00,Neighborhood highlights,2,1,1,1,5,1,https://www.airbnb.com/rooms/741485191372649724
741531697395335200,$125.00,Neighborhood highlights,2,1,1,1,4.82,55,https://www.airbnb.com/rooms/741531697395335107
741630536336437900,NA,Neighborhood highlights,2,NA,NA,NA,NA,0,https://www.airbnb.com/rooms/741630536336437867
741730313598556500,$299.00,Neighborhood highlights,4,1,0,2,4.59,236,https://www.airbnb.com/rooms/741730313598556488
741855432786426e3,$199.00,Neighborhood highlights,3,2,1,1,5,4,https://www.airbnb.com/rooms/741855432786425988
741856106447591600,$163.00,Neighborhood highlights,3,1,0,1,4,2,https://www.airbnb.com/rooms/741856106447591515
741867669405328400,$167.00,Neighborhood highlights,2,1,0,1,NA,0,https://www.airbnb.com/rooms/741867669405328335
741883200059785e3,$300.00,Neighborhood highlights,7,1,3,3,4.59,17,https://www.airbnb.com/rooms/741883200059785017
741904760414691700,$278.00,NA,3,1,1,1,4.58,26,https://www.airbnb.com/rooms/741904760414691668
741942426500117e3,$67.00,Neighborhood highlights,4,1.5,1,3,3.67,3,https://www.airbnb.com/rooms/741942426500117002
741951889226170200,$190.00,Neighborhood highlights,4,1,1,1,5,3,https://www.airbnb.com/rooms/741951889226170199
741962066446182400,$163.00,Neighborhood highlights,3,1,0,2,4.67,3,https://www.airbnb.com/rooms/741962066446182403
741962324502200200,$160.00,Neighborhood highlights,3,1,0,1,NA,0,https://www.airbnb.com/rooms/741962324502200158
741971895925871700,$59.00,Neighborhood highlights,2,1,1,1,5,1,https://www.airbnb.com/rooms/741971895925871723
742105070935395500,$285.00,NA,4,1,1,1,5,2,https://www.airbnb.com/rooms/742105070935395430
742186960645078900,NA,NA,2,NA,NA,NA,5,2,https://www.airbnb.com/rooms/742186960645078899
742219171308955900,NA,Neighborhood highlights,2,NA,1,NA,5,8,https://www.airbnb.com/rooms/742219171308955929
742224718214908500,$250.00,NA,3,1,1,1,NA,0,https://www.airbnb.com/rooms/742224718214908605
742232031742777700,$32.00,NA,1,1,1,1,4.7,20,https://www.airbnb.com/rooms/742232031742777766
742246741289035400,$34.00,NA,1,1,1,1,4.57,21,https://www.airbnb.com/rooms/742246741289035376
742246964097639600,$32.00,NA,1,1,1,1,4.8,10,https://www.airbnb.com/rooms/742246964097639508
742417687695709e3,NA,Neighborhood highlights,2,NA,NA,NA,5,1,https://www.airbnb.com/rooms/742417687695709041
742432679408320400,$43.00,Neighborhood highlights,1,1,1,1,5,1,https://www.airbnb.com/rooms/742432679408320447
742452402551320200,$38.00,NA,2,1,1,2,3,1,https://www.airbnb.com/rooms/742452402551320185
742470702020009500,NA,Neighborhood highlights,2,NA,NA,NA,5,1,https://www.airbnb.com/rooms/742470702020009416
742550372170721900,$213.00,Neighborhood highlights,2,1,1,2,4.95,57,https://www.airbnb.com/rooms/742550372170721908
742567489503884300,$128.00,NA,2,1,1,1,4.88,24,https://www.airbnb.com/rooms/742567489503884321
742579079773788900,$262.00,Neighborhood highlights,2,1,1,1,NA,0,https://www.airbnb.com/rooms/742579079773788872
742687873762810400,$468.00,Neighborhood highlights,2,1,1,1,5,6,https://www.airbnb.com/rooms/742687873762810307
742712860134731600,$39.00,NA,2,1,1,1,4.67,6,https://www.airbnb.com/rooms/742712860134731702
742714386869902200,$55.00,NA,1,1,1,1,5,8,https://www.airbnb.com/rooms/742714386869902245
742715813437890800,$160.00,NA,4,1,2,4,4.6,5,https://www.airbnb.com/rooms/742715813437890794
742732381800551600,$150.00,NA,2,1,1,1,2,1,https://www.airbnb.com/rooms/742732381800551504
742733685671429400,NA,Neighborhood highlights,2,NA,NA,NA,5,2,https://www.airbnb.com/rooms/742733685671429367
742782792117753100,$150.00,Neighborhood highlights,4,1,3,3,4.84,86,https://www.airbnb.com/rooms/742782792117753136
742846569646585600,$100.00,Neighborhood highlights,1,1,1,1,4.9,50,https://www.airbnb.com/rooms/742846569646585640
742947554959545600,$333.00,NA,2,1,2,1,NA,0,https://www.airbnb.com/rooms/742947554959545557
742998749453434500,$110.00,Neighborhood highlights,3,1,1,2,4.89,38,https://www.airbnb.com/rooms/742998749453434439
743030219130463400,$32.00,Neighborhood highlights,2,1,1,1,4.5,2,https://www.airbnb.com/rooms/743030219130463392
743044126030965200,$275.00,Neighborhood highlights,4,1,1,2,4.93,28,https://www.airbnb.com/rooms/743044126030965291
743048167676584400,$70.00,NA,2,1,1,1,NA,0,https://www.airbnb.com/rooms/743048167676584395
743058895476385300,$433.00,NA,2,1,1,2,4.71,35,https://www.airbnb.com/rooms/743058895476385254
743144725581158400,$92.00,Neighborhood highlights,2,1,1,1,4.9,39,https://www.airbnb.com/rooms/743144725581158434
743331614628196e3,$78.00,NA,3,1,0,4,4.69,13,https://www.airbnb.com/rooms/743331614628195915
743405374131206300,$130.00,Neighborhood highlights,2,1,0,1,4.78,9,https://www.airbnb.com/rooms/743405374131206258
743407453043625700,$116.00,NA,2,1,1,1,NA,0,https://www.airbnb.com/rooms/743407453043625683
743425672330246900,NA,NA,3,NA,1,NA,NA,0,https://www.airbnb.com/rooms/743425672330246893
743430766348459800,$289.00,NA,3,1,1,1,NA,0,https://www.airbnb.com/rooms/743430766348459803
743505416321115900,NA,Neighborhood highlights,1,NA,NA,NA,NA,0,https://www.airbnb.com/rooms/743505416321115919
743530156323693200,$150.00,NA,5,1,2,3,NA,0,https://www.airbnb.com/rooms/743530156323693219
743552965365692500,$63.00,Neighborhood highlights,2,1,1,1,4.89,19,https://www.airbnb.com/rooms/743552965365692523
744111974490993900,$101.00,Neighborhood highlights,3,1,2,2,4.83,24,https://www.airbnb.com/rooms/744111974490993924
744159480269945200,$225.00,Neighborhood highlights,2,1,2,2,4.49,35,https://www.airbnb.com/rooms/744159480269945189
744215016935385e3,$185.00,Neighborhood highlights,2,1,2,2,5,21,https://www.airbnb.com/rooms/744215016935384966
744218587357229800,NA,Neighborhood highlights,2,NA,1,NA,4.88,24,https://www.airbnb.com/rooms/744218587357229783
744233285959436700,$160.00,NA,3,1,1,1,5,3,https://www.airbnb.com/rooms/744233285959436628
744254980057484500,NA,NA,3,NA,2,NA,NA,0,https://www.airbnb.com/rooms/744254980057484501
744262493550796200,$160.00,NA,3,1,1,1,5,3,https://www.airbnb.com/rooms/744262493550796218
744278325880141300,$168.00,Neighborhood highlights,6,1,3,5,4.22,9,https://www.airbnb.com/rooms/744278325880141330
744290969874871e3,$65.00,Neighborhood highlights,2,1,1,1,4.89,18,https://www.airbnb.com/rooms/744290969874871062
744307258225953800,$107.00,Neighborhood highlights,2,1,1,1,4.99,72,https://www.airbnb.com/rooms/744307258225953765
744359014870528300,$175.00,NA,8,1,3,4,5,12,https://www.airbnb.com/rooms/744359014870528272
744362529094004700,$132.00,Neighborhood highlights,2,1,1,1,4.89,35,https://www.airbnb.com/rooms/744362529094004795
744438625858948100,NA,Neighborhood highlights,2,NA,NA,NA,NA,0,https://www.airbnb.com/rooms/744438625858948102
744448865715734800,NA,Neighborhood highlights,2,NA,NA,NA,NA,0,https://www.airbnb.com/rooms/744448865715734756
744465062382807700,NA,Neighborhood highlights,1,NA,NA,NA,NA,0,https://www.airbnb.com/rooms/744465062382807711
744677889074286200,$100.00,Neighborhood highlights,1,1,1,1,4.6,10,https://www.airbnb.com/rooms/744677889074286147
744733352328495400,$151.00,Neighborhood highlights,2,1,2,2,4.5,2,https://www.airbnb.com/rooms/744733352328495344
744749403071337900,$350.00,NA,5,2,2,3,4.67,3,https://www.airbnb.com/rooms/744749403071337881
744763527827696400,$180.00,NA,2,1,1,1,4.5,2,https://www.airbnb.com/rooms/744763527827696347
744769066606044400,NA,NA,1,NA,4,NA,NA,0,https://www.airbnb.com/rooms/744769066606044377
744770140662278300,$37.00,NA,1,2,4,1,NA,0,https://www.airbnb.com/rooms/744770140662278278
744770488761726100,NA,NA,1,NA,4,NA,NA,0,https://www.airbnb.com/rooms/744770488761726081
744770529833440500,NA,NA,1,3,6,1,NA,0,https://www.airbnb.com/rooms/744770529833440564
744796548590277400,$151.00,NA,4,1,2,3,4.77,43,https://www.airbnb.com/rooms/744796548590277337
744829750133256700,$110.00,Neighborhood highlights,2,1,1,1,5,24,https://www.airbnb.com/rooms/744829750133256721
744846781531655800,$125.00,Neighborhood highlights,2,1,1,1,4.61,18,https://www.airbnb.com/rooms/744846781531655840
744865550787331100,$304.00,Neighborhood highlights,3,1,2,2,4.76,17,https://www.airbnb.com/rooms/744865550787331092
744906774156280600,NA,Neighborhood highlights,14,NA,6,NA,5,5,https://www.airbnb.com/rooms/744906774156280600
744908934921683100,NA,Neighborhood highlights,16,NA,9,NA,5,4,https://www.airbnb.com/rooms/744908934921683014
744932142269775200,$83.00,NA,2,1,1,1,2,1,https://www.airbnb.com/rooms/744932142269775261
744935000442450200,$212.00,Neighborhood highlights,2,1,1,1,4.98,53,https://www.airbnb.com/rooms/744935000442450119
744967881670813300,NA,Neighborhood highlights,2,NA,NA,NA,4.85,20,https://www.airbnb.com/rooms/744967881670813329
744968466697393500,NA,Neighborhood highlights,2,NA,NA,NA,4.22,9,https://www.airbnb.com/rooms/744968466697393503
745010507137458600,$81.00,Neighborhood highlights,2,1,1,1,4.8,5,https://www.airbnb.com/rooms/745010507137458593
745051425164634900,$221.00,Neighborhood highlights,4,2.5,2,2,5,3,https://www.airbnb.com/rooms/745051425164634863
745055353550680400,NA,NA,4,NA,2,NA,4.87,15,https://www.airbnb.com/rooms/745055353550680472
745300371158355600,NA,NA,1,NA,NA,NA,3.33,3,https://www.airbnb.com/rooms/745300371158355608
745301417141530600,$59.00,NA,1,1,1,1,4.67,6,https://www.airbnb.com/rooms/745301417141530676
745377464961599900,NA,NA,1,NA,NA,NA,NA,0,https://www.airbnb.com/rooms/745377464961599841
745555272015423500,$157.00,Neighborhood highlights,3,1,1,1,4.88,64,https://www.airbnb.com/rooms/745555272015423459
745627039931945100,$119.00,Neighborhood highlights,4,1,1,2,4.75,4,https://www.airbnb.com/rooms/745627039931945103
745632549952601200,$160.00,NA,3,1,1,1,5,2,https://www.airbnb.com/rooms/745632549952601244
745640311964628500,$50.00,NA,2,1,1,2,5,3,https://www.airbnb.com/rooms/745640311964628437
745647050744624800,$70.00,Neighborhood highlights,2,1,1,1,4.79,42,https://www.airbnb.com/rooms/745647050744624708
745650392862550800,$219.00,NA,3,1,2,2,NA,0,https://www.airbnb.com/rooms/745650392862550785
745688948281946900,$330.00,Neighborhood highlights,4,2,2,2,5,61,https://www.airbnb.com/rooms/745688948281946847
745717159444275e3,$191.00,Neighborhood highlights,2,2,1,1,4.95,56,https://www.airbnb.com/rooms/745717159444274973
745751296696283400,$211.00,Neighborhood highlights,1,1,1,1,4.92,36,https://www.airbnb.com/rooms/745751296696283337
745755112076050300,$120.00,NA,3,1,1,1,4.78,9,https://www.airbnb.com/rooms/745755112076050280
745780827160085100,$120.00,NA,1,1,1,1,NA,0,https://www.airbnb.com/rooms/745780827160085096
745881711855691300,$91.00,Neighborhood highlights,1,1,1,1,4.93,45,https://www.airbnb.com/rooms/745881711855691249
746104322016171800,$322.00,Neighborhood highlights,4,2,2,2,NA,0,https://www.airbnb.com/rooms/746104322016171774
746116888957090200,$321.00,Neighborhood highlights,2,1,1,1,5,1,https://www.airbnb.com/rooms/746116888957090177
74628441427637e4,$300.00,Neighborhood highlights,3,1,1,1,5,1,https://www.airbnb.com/rooms/746284414276369998
746307265463174300,$110.00,Neighborhood highlights,2,1,1,1,5,4,https://www.airbnb.com/rooms/746307265463174267
746314309007431400,"$1,000.00",NA,4,1,1,1,NA,0,https://www.airbnb.com/rooms/746314309007431370
746337234409907500,NA,Neighborhood highlights,3,NA,1,NA,4.33,6,https://www.airbnb.com/rooms/746337234409907428
746356369135138300,$14.00,NA,1,1,1,1,5,1,https://www.airbnb.com/rooms/746356369135138280
746373585663654500,$278.00,Neighborhood highlights,4,2,2,2,4.82,28,https://www.airbnb.com/rooms/746373585663654569
746385312890588400,$367.00,NA,4,1,1,2,5,2,https://www.airbnb.com/rooms/746385312890588448
746448940630442900,$495.00,NA,5,1,2,3,NA,0,https://www.airbnb.com/rooms/746448940630442819
746530698054367200,NA,Neighborhood highlights,2,NA,1,NA,5,5,https://www.airbnb.com/rooms/746530698054367292
746609415323932900,$40.00,NA,2,1,1,1,5,2,https://www.airbnb.com/rooms/746609415323932939
746610770423774500,NA,Neighborhood highlights,4,NA,2,NA,NA,0,https://www.airbnb.com/rooms/746610770423774436
746649976037108600,NA,Neighborhood highlights,7,NA,3,NA,4.84,19,https://www.airbnb.com/rooms/746649976037108567
746667852407531500,$41.00,NA,2,1,1,1,5,4,https://www.airbnb.com/rooms/746667852407531509
746831602893009500,$298.00,Neighborhood highlights,4,1,2,2,NA,0,https://www.airbnb.com/rooms/746831602893009488
746838597326136400,$115.00,Neighborhood highlights,2,1,1,1,4.78,9,https://www.airbnb.com/rooms/746838597326136494
746852890077275800,$100.00,Neighborhood highlights,2,1,1,1,4.74,31,https://www.airbnb.com/rooms/746852890077275772
746896926309492600,NA,NA,1,3,6,6,NA,0,https://www.airbnb.com/rooms/746896926309492595
746915070944937600,NA,NA,1,NA,6,NA,NA,0,https://www.airbnb.com/rooms/746915070944937617
746925705111006700,$189.00,Neighborhood highlights,2,1,0,1,4.92,26,https://www.airbnb.com/rooms/746925705111006704
746932300274595800,$44.00,NA,2,1,1,1,5,5,https://www.airbnb.com/rooms/746932300274595836
746954557986342500,NA,NA,2,NA,1,NA,5,1,https://www.airbnb.com/rooms/746954557986342468
746958904290006900,NA,Neighborhood highlights,2,NA,NA,NA,4.97,37,https://www.airbnb.com/rooms/746958904290006852
746970284114169e3,$52.00,NA,1,1,1,1,5,3,https://www.airbnb.com/rooms/746970284114168897
746979573400301800,$152.00,NA,3,1,0,1,NA,0,https://www.airbnb.com/rooms/746979573400301774
747005133469053200,$286.00,Neighborhood highlights,1,1,1,1,5,1,https://www.airbnb.com/rooms/747005133469053153
747020141188283600,$275.00,NA,4,1,2,2,5,2,https://www.airbnb.com/rooms/747020141188283669
747024222007908600,$275.00,NA,2,1,1,1,NA,0,https://www.airbnb.com/rooms/747024222007908598
747034634993520100,$99.00,Neighborhood highlights,2,1,1,1,4.92,36,https://www.airbnb.com/rooms/747034634993520165
747076320236822800,NA,Neighborhood highlights,4,NA,2,NA,4.75,24,https://www.airbnb.com/rooms/747076320236822788
747128578147440500,$449.00,NA,4,1,1,2,4.85,46,https://www.airbnb.com/rooms/747128578147440471
747173133155663700,$186.00,NA,2,1,1,1,NA,0,https://www.airbnb.com/rooms/747173133155663772
747270118567166e3,$56.00,NA,2,1.5,1,1,5,2,https://www.airbnb.com/rooms/747270118567165916
747271541986706200,$150.00,NA,3,1.5,1,1,4.8,5,https://www.airbnb.com/rooms/747271541986706190
747281464541904800,$53.00,NA,1,1,1,1,4.5,2,https://www.airbnb.com/rooms/747281464541904800
747286094460461600,$50.00,NA,1,1,1,1,5,4,https://www.airbnb.com/rooms/747286094460461568
747313502550968200,$143.00,Neighborhood highlights,4,1,1,1,4.71,7,https://www.airbnb.com/rooms/747313502550968185
747679721740067600,$77.00,NA,1,1,1,1,4.5,4,https://www.airbnb.com/rooms/747679721740067552
747698059198507400,$250.00,Neighborhood highlights,2,1,2,3,4.6,20,https://www.airbnb.com/rooms/747698059198507352
747699872345968800,$45.00,NA,2,1,1,1,5,1,https://www.airbnb.com/rooms/747699872345968760
747701497492465700,$170.00,NA,6,1,2,2,4.68,38,https://www.airbnb.com/rooms/747701497492465638
747718813171243800,$38.00,NA,2,1,1,1,4.5,4,https://www.airbnb.com/rooms/747718813171243776
747722195492393600,$40.00,NA,2,1,1,1,4,6,https://www.airbnb.com/rooms/747722195492393579
747758016867588200,NA,NA,1,NA,NA,NA,5,15,https://www.airbnb.com/rooms/747758016867588196
747776875953526800,$45.00,NA,2,1,1,1,4.27,22,https://www.airbnb.com/rooms/747776875953526819
747788176671061900,$300.00,Neighborhood highlights,3,2.5,1,1,5,3,https://www.airbnb.com/rooms/747788176671061849
747811979906699900,$36.00,NA,1,1,1,1,4.55,11,https://www.airbnb.com/rooms/747811979906699962
747831622955846700,$998.00,Neighborhood highlights,6,2,2,3,4.77,56,https://www.airbnb.com/rooms/747831622955846680
747899365682604500,NA,NA,1,NA,NA,NA,NA,0,https://www.airbnb.com/rooms/747899365682604496
748008078823445e3,$149.00,Neighborhood highlights,3,1,1,1,4.5,20,https://www.airbnb.com/rooms/748008078823445006
748008170757503400,$172.00,Neighborhood highlights,3,1,1,1,4.8,10,https://www.airbnb.com/rooms/748008170757503374
748057680426693500,NA,Neighborhood highlights,4,NA,1,NA,4.88,17,https://www.airbnb.com/rooms/748057680426693490
748470011797003500,$166.00,Neighborhood highlights,4,1,2,2,4.6,5,https://www.airbnb.com/rooms/748470011797003577
748490801305407e3,$321.00,NA,4,1,2,2,4.43,7,https://www.airbnb.com/rooms/748490801305406928
748493536087479200,$306.00,NA,6,1,2,3,4.94,36,https://www.airbnb.com/rooms/748493536087479146
748515135755017e3,$200.00,Neighborhood highlights,2,1,2,2,NA,0,https://www.airbnb.com/rooms/748515135755016899
748515700543196e3,$150.00,NA,4,1,2,4,5,2,https://www.airbnb.com/rooms/748515700543196083
748531874860758100,NA,Neighborhood highlights,6,NA,1,NA,5,7,https://www.airbnb.com/rooms/748531874860758183
748537688760859900,NA,NA,1,NA,1,NA,5,1,https://www.airbnb.com/rooms/748537688760859905
748562333226130200,$305.00,NA,7,1,3,4,4.33,12,https://www.airbnb.com/rooms/748562333226130122
748597825979840800,NA,NA,2,NA,1,NA,NA,0,https://www.airbnb.com/rooms/748597825979840821
748738181686866700,$110.00,NA,2,1,1,1,4.4,5,https://www.airbnb.com/rooms/748738181686866655
748776693953354500,$44.00,Neighborhood highlights,1,1,1,1,5,4,https://www.airbnb.com/rooms/748776693953354467
748814884505945500,NA,Neighborhood highlights,2,NA,1,NA,NA,0,https://www.airbnb.com/rooms/748814884505945482
7.4899484720491994e+17,$310.00,NA,5,1,3,3,5,1,https://www.airbnb.com/rooms/748994847204919928
749119175619095200,NA,NA,1,NA,4,NA,5,1,https://www.airbnb.com/rooms/749119175619095145
749139083726291200,$300.00,NA,6,1,2,3,4.84,45,https://www.airbnb.com/rooms/749139083726291164
749225990646579300,$300.00,NA,2,1,1,1,5,2,https://www.airbnb.com/rooms/749225990646579301
749278370480262300,$68.00,NA,1,1,1,1,5,2,https://www.airbnb.com/rooms/749278370480262289
749439843575326300,NA,NA,2,NA,1,NA,NA,0,https://www.airbnb.com/rooms/749439843575326316
749445915164605600,$162.00,Neighborhood highlights,2,1,1,1,5,6,https://www.airbnb.com/rooms/749445915164605594
749494745811966600,$189.00,NA,4,1,1,3,5,27,https://www.airbnb.com/rooms/749494745811966615
749496803777210400,$266.00,NA,5,2,3,3,4.71,42,https://www.airbnb.com/rooms/749496803777210350
749791080990625500,$363.00,Neighborhood highlights,4,1,2,2,NA,0,https://www.airbnb.com/rooms/749791080990625595
749791392549026600,$339.00,Neighborhood highlights,2,1,1,1,NA,0,https://www.airbnb.com/rooms/749791392549026619
749808742967848200,$195.00,NA,2,1,1,1,NA,0,https://www.airbnb.com/rooms/749808742967848139
749994404489872600,$186.00,Neighborhood highlights,2,1,0,1,5,9,https://www.airbnb.com/rooms/749994404489872607
749995208680067800,$300.00,NA,5,3,3,3,4.75,4,https://www.airbnb.com/rooms/749995208680067786
750023199243457500,$90.00,NA,2,1,1,1,4.67,9,https://www.airbnb.com/rooms/750023199243457494
750063210457454600,$113.00,Neighborhood highlights,2,1,1,1,4.58,36,https://www.airbnb.com/rooms/750063210457454544
750084268313862800,NA,NA,7,NA,3,NA,4.5,16,https://www.airbnb.com/rooms/750084268313862774
750101014637158500,$159.00,Neighborhood highlights,2,1,1,1,5,8,https://www.airbnb.com/rooms/750101014637158472
750101837971194900,NA,NA,4,NA,2,NA,4.86,7,https://www.airbnb.com/rooms/750101837971194820
750149668906079400,NA,NA,2,NA,NA,NA,5,2,https://www.airbnb.com/rooms/750149668906079377
750494588662372900,$37.00,Neighborhood highlights,2,1.5,1,1,4.75,4,https://www.airbnb.com/rooms/750494588662372881
750505282907380600,$32.00,Neighborhood highlights,2,1.5,1,1,5,5,https://www.airbnb.com/rooms/750505282907380667
750593565955967900,NA,NA,4,NA,1,NA,5,2,https://www.airbnb.com/rooms/750593565955967910
750593780976204300,$170.00,NA,4,1,2,2,4.81,27,https://www.airbnb.com/rooms/750593780976204297
750630709509834e3,$250.00,NA,3,1,0,1,NA,0,https://www.airbnb.com/rooms/750630709509833993
750681844667189900,NA,NA,1,NA,NA,NA,NA,0,https://www.airbnb.com/rooms/750681844667189931
750710871111683e3,$191.00,Neighborhood highlights,6,2,3,3,4.83,70,https://www.airbnb.com/rooms/750710871111682947
750723710285471700,$220.00,Neighborhood highlights,4,1,2,2,4.89,27,https://www.airbnb.com/rooms/750723710285471751
750728051948450200,NA,NA,2,NA,1,NA,5,1,https://www.airbnb.com/rooms/750728051948450130
750753904000998400,$113.00,Neighborhood highlights,2,1,1,1,4.52,46,https://www.airbnb.com/rooms/750753904000998400
750818155519841800,NA,NA,2,NA,NA,NA,5,3,https://www.airbnb.com/rooms/750818155519841748
750835631234831600,$200.00,NA,4,1,2,2,4.86,42,https://www.airbnb.com/rooms/750835631234831601
750848976700866800,$75.00,NA,2,1,1,1,5,2,https://www.airbnb.com/rooms/750848976700866789
750878732923936e3,"$1,000.00",NA,2,1,2,2,NA,0,https://www.airbnb.com/rooms/750878732923935980
750897244570425e3,$281.00,Neighborhood highlights,4,1,2,2,4.94,18,https://www.airbnb.com/rooms/750897244570425014
750900533440778100,$147.00,Neighborhood highlights,2,1,1,1,4.83,23,https://www.airbnb.com/rooms/750900533440778103
750914635345448200,$85.00,Neighborhood highlights,2,1,1,1,4.67,217,https://www.airbnb.com/rooms/750914635345448241
7.5093471660805594e+17,$85.00,Neighborhood highlights,2,1,1,1,4.67,189,https://www.airbnb.com/rooms/750934716608055913
750938225856054800,$225.00,NA,2,1,2,3,4.92,85,https://www.airbnb.com/rooms/750938225856054796
750940597423602700,$47.00,NA,2,1,1,1,4.76,37,https://www.airbnb.com/rooms/750940597423602694
750941542611047200,$105.00,Neighborhood highlights,2,1,1,1,4.58,140,https://www.airbnb.com/rooms/750941542611047167
750952541234397700,$269.00,Neighborhood highlights,1,1,1,1,5,1,https://www.airbnb.com/rooms/750952541234397698
750953796684262300,$71.00,NA,4,2,1,1,4.91,32,https://www.airbnb.com/rooms/750953796684262265
751003075015712600,$170.00,Neighborhood highlights,2,1,2,3,4.89,9,https://www.airbnb.com/rooms/751003075015712590
751033566635378300,$45.00,Neighborhood highlights,2,1,1,1,4.62,52,https://www.airbnb.com/rooms/751033566635378285
751197861486680300,$307.00,Neighborhood highlights,2,1,1,1,NA,0,https://www.airbnb.com/rooms/751197861486680304
751254251603394700,NA,NA,2,NA,1,NA,5,2,https://www.airbnb.com/rooms/751254251603394734
751264243680317600,NA,NA,2,NA,1,NA,NA,0,https://www.airbnb.com/rooms/751264243680317608
751266564043594e3,$90.00,Neighborhood highlights,2,1,1,1,5,6,https://www.airbnb.com/rooms/751266564043593979
751302273492065700,$179.00,NA,2,1,1,1,NA,0,https://www.airbnb.com/rooms/751302273492065707
751359271785565800,$260.00,NA,4,1,1,2,4.45,11,https://www.airbnb.com/rooms/751359271785565868
751398972746724500,$250.00,Neighborhood highlights,2,1,1,1,4.73,15,https://www.airbnb.com/rooms/751398972746724429
751400362318052700,$280.00,NA,2,1,2,1,NA,0,https://www.airbnb.com/rooms/751400362318052761
751504132454553700,NA,NA,1,NA,NA,NA,5,1,https://www.airbnb.com/rooms/751504132454553691
7.5152715244317606e+17,"$1,232.00",Neighborhood highlights,8,4.5,4,4,5,2,https://www.airbnb.com/rooms/751527152443176010
751544681082578700,$52.00,NA,1,1,1,1,4.72,39,https://www.airbnb.com/rooms/751544681082578652
751560271396048100,$197.00,NA,3,1,1,1,NA,0,https://www.airbnb.com/rooms/751560271396048113
751590253777641500,$64.00,NA,2,1.5,2,1,4.89,18,https://www.airbnb.com/rooms/751590253777641465
751604408695103100,$75.00,NA,2,1,1,2,4.45,11,https://www.airbnb.com/rooms/751604408695103064
751699636457395700,$70.00,Neighborhood highlights,1,1,1,1,NA,0,https://www.airbnb.com/rooms/751699636457395715
751733068317841400,$150.00,NA,2,1,1,1,4.96,24,https://www.airbnb.com/rooms/751733068317841365
752035441498434300,$145.00,Neighborhood highlights,6,1,3,5,4.59,37,https://www.airbnb.com/rooms/752035441498434307
752069608196724600,NA,Neighborhood highlights,2,NA,1,NA,NA,0,https://www.airbnb.com/rooms/752069608196724586
752070179119385500,NA,Neighborhood highlights,2,NA,1,NA,NA,0,https://www.airbnb.com/rooms/752070179119385505
752124019330703900,"$2,500.00",NA,6,1,2,2,4.64,42,https://www.airbnb.com/rooms/752124019330703900
752124066836971400,$212.00,Neighborhood highlights,2,1,0,1,4.72,219,https://www.airbnb.com/rooms/752124066836971423
752124417745502500,$216.00,Neighborhood highlights,2,1,0,1,4.72,108,https://www.airbnb.com/rooms/752124417745502491
752148998012212100,$722.00,Neighborhood highlights,10,3.5,3,6,4.93,30,https://www.airbnb.com/rooms/752148998012212080
752169617765852700,$235.00,NA,2,1,1,1,NA,0,https://www.airbnb.com/rooms/752169617765852622
752179395462204700,$175.00,Neighborhood highlights,1,1,0,2,NA,0,https://www.airbnb.com/rooms/752179395462204646
752225599285507100,NA,Neighborhood highlights,5,NA,2,NA,5,1,https://www.airbnb.com/rooms/752225599285507046
752296738753328100,$225.00,Neighborhood highlights,2,1,1,1,4.5,6,https://www.airbnb.com/rooms/752296738753328187
752385716565938200,$121.00,Neighborhood highlights,2,1,1,2,4.95,40,https://www.airbnb.com/rooms/752385716565938223
752388570444755200,$639.00,Neighborhood highlights,4,1,1,2,4.92,53,https://www.airbnb.com/rooms/752388570444755204
752408572450230400,$225.00,Neighborhood highlights,5,1,3,3,5,6,https://www.airbnb.com/rooms/752408572450230364
752514414550683900,$280.00,NA,6,1,1,1,NA,0,https://www.airbnb.com/rooms/752514414550683953
752544464812293200,NA,NA,4,NA,1,NA,NA,0,https://www.airbnb.com/rooms/752544464812293243
75265497302965e4,$362.00,Neighborhood highlights,4,1,2,2,NA,0,https://www.airbnb.com/rooms/752654973029650001
752655228754167400,$434.00,Neighborhood highlights,4,2,2,2,NA,0,https://www.airbnb.com/rooms/752655228754167475
752655549882355600,$218.00,Neighborhood highlights,2,1,1,1,4,1,https://www.airbnb.com/rooms/752655549882355544
752731434443749500,$126.00,Neighborhood highlights,2,1,1,1,4.7,132,https://www.airbnb.com/rooms/752731434443749551
752758394811254500,NA,NA,2,NA,1,NA,5,8,https://www.airbnb.com/rooms/752758394811254537
752761400910761100,$163.00,Neighborhood highlights,2,1,0,1,4.95,43,https://www.airbnb.com/rooms/752761400910761147
752831071821066600,$170.00,Neighborhood highlights,8,1,3,5,4.86,14,https://www.airbnb.com/rooms/752831071821066645
752831664312980700,NA,NA,4,NA,1,NA,5,1,https://www.airbnb.com/rooms/752831664312980785
752908864541788700,$200.00,Neighborhood highlights,2,1,0,1,4.95,22,https://www.airbnb.com/rooms/752908864541788629
752917067581914800,$232.00,Neighborhood highlights,4,1,1,1,5,4,https://www.airbnb.com/rooms/752917067581914757
752921953355238900,$146.00,NA,2,1,1,2,4.95,92,https://www.airbnb.com/rooms/752921953355238932
75297915879193e4,$123.00,NA,2,2,3,3,3.75,16,https://www.airbnb.com/rooms/752979158791929975
753356086346283100,$115.00,Neighborhood highlights,5,1.5,3,4,5,4,https://www.airbnb.com/rooms/753356086346283078
753529524355833500,$50.00,Neighborhood highlights,1,1,1,1,NA,0,https://www.airbnb.com/rooms/753529524355833512
753530568628014600,$52.00,Neighborhood highlights,1,1,1,1,1,1,https://www.airbnb.com/rooms/753530568628014606
753554241320040600,NA,NA,2,NA,1,NA,5,2,https://www.airbnb.com/rooms/753554241320040592
753574482609407900,$120.00,NA,4,1,1,1,5,1,https://www.airbnb.com/rooms/753574482609407847
753583058310697300,NA,Neighborhood highlights,3,NA,NA,NA,4.94,16,https://www.airbnb.com/rooms/753583058310697397
753584699878284700,NA,Neighborhood highlights,3,NA,1,NA,4.87,54,https://www.airbnb.com/rooms/753584699878284731
753625625566767200,$80.00,Neighborhood highlights,3,1,1,2,4.59,17,https://www.airbnb.com/rooms/753625625566767209
753790127067166700,$140.00,NA,4,1,1,2,4.87,62,https://www.airbnb.com/rooms/753790127067166691
753839622714780400,$339.00,Neighborhood highlights,2,2,2,2,4.78,27,https://www.airbnb.com/rooms/753839622714780428
753925994443114400,$175.00,Neighborhood highlights,4,1,2,2,5,4,https://www.airbnb.com/rooms/753925994443114374
754134478242726300,$165.00,NA,4,1,1,2,4.4,5,https://www.airbnb.com/rooms/754134478242726210
754261198080724700,"$2,000.00",Neighborhood highlights,1,1,1,1,NA,0,https://www.airbnb.com/rooms/754261198080724775
754265542588852600,$70.00,Neighborhood highlights,3,1,1,3,4.78,9,https://www.airbnb.com/rooms/754265542588852549
754305296891617400,$32.00,NA,1,1,1,1,4.67,6,https://www.airbnb.com/rooms/754305296891617366
754330591139720700,$110.00,Neighborhood highlights,3,1,2,3,5,5,https://www.airbnb.com/rooms/754330591139720659
754338946918398100,$98.00,Neighborhood highlights,2,1,1,1,4.72,29,https://www.airbnb.com/rooms/754338946918398097
754389618036593800,$206.00,Neighborhood highlights,6,1,3,3,4.95,21,https://www.airbnb.com/rooms/754389618036593839
754396050080864400,$81.00,NA,3,1,1,2,4.25,12,https://www.airbnb.com/rooms/754396050080864336
754409424331159800,$80.00,NA,2,1,1,1,3,5,https://www.airbnb.com/rooms/754409424331159748
754420703389494900,NA,Neighborhood highlights,2,NA,1,NA,5,1,https://www.airbnb.com/rooms/754420703389494938
754446798370738e3,$200.00,NA,2,1,1,1,4.78,18,https://www.airbnb.com/rooms/754446798370738102
754495019590401200,NA,Neighborhood highlights,1,NA,NA,NA,NA,0,https://www.airbnb.com/rooms/754495019590401182
754531862309177600,$170.00,NA,2,1,1,1,4.67,3,https://www.airbnb.com/rooms/754531862309177538
754532333314771600,$224.00,Neighborhood highlights,2,1,1,1,NA,0,https://www.airbnb.com/rooms/754532333314771606
754581485916391700,$190.00,NA,6,1,3,3,4.69,36,https://www.airbnb.com/rooms/754581485916391724
754604578608166100,$260.00,NA,4,1,2,1,NA,0,https://www.airbnb.com/rooms/754604578608166118
754619431849960600,NA,NA,1,NA,NA,NA,NA,0,https://www.airbnb.com/rooms/754619431849960594
754705050508576300,$125.00,Neighborhood highlights,2,1,2,2,4.89,19,https://www.airbnb.com/rooms/754705050508576196
754903813460938e3,$179.00,Neighborhood highlights,3,1,1,1,4.87,23,https://www.airbnb.com/rooms/754903813460937923
754916874524563100,NA,Neighborhood highlights,6,NA,3,NA,NA,0,https://www.airbnb.com/rooms/754916874524563088
754919891718147600,$487.00,Neighborhood highlights,6,2,3,3,NA,0,https://www.airbnb.com/rooms/754919891718147628
754937485942119400,NA,NA,1,NA,4,NA,NA,0,https://www.airbnb.com/rooms/754937485942119479
754937769564828800,NA,NA,1,NA,4,NA,NA,0,https://www.airbnb.com/rooms/754937769564828782
754964975725392900,$50.00,NA,2,1,1,1,4.75,28,https://www.airbnb.com/rooms/754964975725392895
754970276793406800,$119.00,Neighborhood highlights,2,1,1,1,4.9,10,https://www.airbnb.com/rooms/754970276793406798
754973181255553400,$128.00,NA,3,1,1,2,4.8,50,https://www.airbnb.com/rooms/754973181255553376
754979566412995800,$145.00,NA,2,1,0,2,4.85,26,https://www.airbnb.com/rooms/754979566412995800
754983216992524800,$75.00,NA,2,1,1,1,5,2,https://www.airbnb.com/rooms/754983216992524823
755048446181935600,NA,NA,2,NA,1,NA,5,5,https://www.airbnb.com/rooms/755048446181935609
755080448542185200,NA,NA,8,NA,NA,NA,NA,0,https://www.airbnb.com/rooms/755080448542185278
755086539734518900,$99.00,NA,5,1.5,1,1,NA,0,https://www.airbnb.com/rooms/755086539734518870
755100105142935700,$99.00,NA,3,1.5,1,1,NA,0,https://www.airbnb.com/rooms/755100105142935660
755105772226825500,$395.00,Neighborhood highlights,2,1,2,1,5,7,https://www.airbnb.com/rooms/755105772226825440
755152826966764500,NA,NA,4,NA,2,NA,4.67,6,https://www.airbnb.com/rooms/755152826966764552
755220737964381700,$55.00,NA,1,1,1,1,5,7,https://www.airbnb.com/rooms/755220737964381713
755221394406142200,$132.00,NA,2,1,1,1,4.25,4,https://www.airbnb.com/rooms/755221394406142242
755230315036948e3,$80.00,Neighborhood highlights,2,1,1,2,4.58,12,https://www.airbnb.com/rooms/755230315036947992
755236868074533500,$140.00,NA,2,1,1,1,4.78,9,https://www.airbnb.com/rooms/755236868074533450
755241505514314800,$614.00,NA,4,1,2,2,5,2,https://www.airbnb.com/rooms/755241505514314737
755267697122482300,$200.00,NA,2,1,2,2,4.97,38,https://www.airbnb.com/rooms/755267697122482301
755269523590138900,NA,NA,2,NA,1,NA,5,5,https://www.airbnb.com/rooms/755269523590138889
755286460663638400,$118.00,Neighborhood highlights,3,1,0,2,4.86,21,https://www.airbnb.com/rooms/755286460663638372
755291367676033500,$102.00,NA,2,1,1,1,4.84,32,https://www.airbnb.com/rooms/755291367676033509
755330629607514500,$350.00,Neighborhood highlights,6,1,3,4,4.89,9,https://www.airbnb.com/rooms/755330629607514553
755335551291898500,NA,NA,1,NA,3,NA,NA,0,https://www.airbnb.com/rooms/755335551291898531
755385753450801700,NA,NA,1,NA,3,NA,NA,0,https://www.airbnb.com/rooms/755385753450801654
755386389542198100,$91.00,Neighborhood highlights,1,1,3,1,4.59,22,https://www.airbnb.com/rooms/755386389542198187
755389547492464400,$180.00,Neighborhood highlights,4,1,1,1,4.9,20,https://www.airbnb.com/rooms/755389547492464436
755406517495093900,NA,NA,1,NA,3,NA,NA,0,https://www.airbnb.com/rooms/755406517495093944
755444455308913900,NA,NA,3,NA,2,NA,5,1,https://www.airbnb.com/rooms/755444455308913978
755634418778749800,$250.00,NA,2,1,1,1,5,1,https://www.airbnb.com/rooms/755634418778749809
755648919124043500,$60.00,Neighborhood highlights,2,1,1,1,4.4,15,https://www.airbnb.com/rooms/755648919124043581
755673708679842200,$143.00,NA,4,1,1,1,4.33,3,https://www.airbnb.com/rooms/755673708679842154
755707838543327600,NA,NA,1,NA,4,NA,NA,0,https://www.airbnb.com/rooms/755707838543327621
755719193573695700,$900.00,NA,6,2,2,3,5,17,https://www.airbnb.com/rooms/755719193573695714
755741673808829400,$422.00,NA,6,2,3,3,NA,0,https://www.airbnb.com/rooms/755741673808829380
755774991365538600,$300.00,Neighborhood highlights,5,2,3,5,NA,0,https://www.airbnb.com/rooms/755774991365538531
755775387871536800,$91.00,NA,2,1,1,8,4.8,5,https://www.airbnb.com/rooms/755775387871536820
755778466825526700,$79.00,Neighborhood highlights,2,1,1,1,4.85,47,https://www.airbnb.com/rooms/755778466825526669
755784207238872800,$150.00,NA,1,1,1,1,NA,0,https://www.airbnb.com/rooms/755784207238872851
755798852926375e3,$150.00,NA,1,1,1,1,NA,0,https://www.airbnb.com/rooms/755798852926375070
755808864708679800,$140.00,Neighborhood highlights,1,1.5,1,1,5,3,https://www.airbnb.com/rooms/755808864708679787
755833845116246700,$360.00,NA,4,2,2,2,5,1,https://www.airbnb.com/rooms/755833845116246629
755854437155644300,$100.00,NA,2,1.5,1,1,4.68,85,https://www.airbnb.com/rooms/755854437155644260
755864309002645500,$84.00,NA,2,1,1,1,4.64,14,https://www.airbnb.com/rooms/755864309002645553
755866593147853200,$160.00,NA,3,1,1,1,4.82,92,https://www.airbnb.com/rooms/755866593147853163
755980030328948900,NA,NA,1,NA,NA,NA,4.97,31,https://www.airbnb.com/rooms/755980030328948854
755990019516595e3,$185.00,Neighborhood highlights,5,2,3,4,5,18,https://www.airbnb.com/rooms/755990019516594974
756017911613113e3,NA,NA,5,NA,NA,NA,NA,0,https://www.airbnb.com/rooms/756017911613112955
756044531659999200,NA,NA,2,NA,NA,NA,3.94,16,https://www.airbnb.com/rooms/756044531659999211
756300626634021400,$100.00,Neighborhood highlights,4,1,1,2,NA,0,https://www.airbnb.com/rooms/756300626634021314
756314612510042100,$88.00,NA,2,1,1,1,NA,0,https://www.airbnb.com/rooms/756314612510042158
756315002691618200,$538.00,Neighborhood highlights,5,1,3,3,4.94,34,https://www.airbnb.com/rooms/756315002691618118
756336742747682800,$336.00,Neighborhood highlights,2,1,1,1,NA,0,https://www.airbnb.com/rooms/756336742747682834
756337045983238e3,$609.00,Neighborhood highlights,6,2,3,3,NA,0,https://www.airbnb.com/rooms/756337045983238037
756339762760284200,NA,Neighborhood highlights,4,NA,2,NA,NA,0,https://www.airbnb.com/rooms/756339762760284119
756340118753059700,$247.00,Neighborhood highlights,2,1,1,1,5,1,https://www.airbnb.com/rooms/756340118753059733
756375120285261700,$165.00,Neighborhood highlights,1,1,1,1,4.8,5,https://www.airbnb.com/rooms/756375120285261731
756395945960675600,NA,Neighborhood highlights,3,NA,1,NA,5,1,https://www.airbnb.com/rooms/756395945960675576
756468835794814800,NA,NA,1,NA,NA,NA,NA,0,https://www.airbnb.com/rooms/756468835794814819
7.5654053621036006e+17,$200.00,Neighborhood highlights,4,1,2,2,1,1,https://www.airbnb.com/rooms/756540536210360087
756558750168869100,$507.00,NA,3,1,1,1,4.95,20,https://www.airbnb.com/rooms/756558750168869132
756569940230689800,NA,NA,2,NA,1,NA,5,1,https://www.airbnb.com/rooms/756569940230689757
756592509277510300,$98.00,NA,3,1,1,1,4.57,44,https://www.airbnb.com/rooms/756592509277510240
756606060975862800,NA,NA,1,NA,NA,NA,5,1,https://www.airbnb.com/rooms/756606060975862828
756650222823891800,$209.00,Neighborhood highlights,8,2,3,4,4.89,46,https://www.airbnb.com/rooms/756650222823891886
756660534724054100,$139.00,NA,6,1,2,2,4.64,11,https://www.airbnb.com/rooms/756660534724054097
75668545896749e4,NA,Neighborhood highlights,4,NA,2,NA,4.77,35,https://www.airbnb.com/rooms/756685458967490030
756701217538838400,$50.00,NA,1,1,1,1,NA,0,https://www.airbnb.com/rooms/756701217538838408
756718230168665600,NA,Neighborhood highlights,3,NA,1,NA,5,2,https://www.airbnb.com/rooms/756718230168665644
756737882259334300,$160.00,NA,2,1,1,1,5,10,https://www.airbnb.com/rooms/756737882259334268
756750489457249400,NA,NA,2,NA,NA,NA,4.89,27,https://www.airbnb.com/rooms/756750489457249470
756767798611110900,$120.00,Neighborhood highlights,2,1,1,1,4.75,20,https://www.airbnb.com/rooms/756767798611110873
756827593638706600,$84.00,Neighborhood highlights,2,1,0,1,4.97,61,https://www.airbnb.com/rooms/756827593638706565
756886660277220400,$237.00,Neighborhood highlights,4,1,2,3,5,4,https://www.airbnb.com/rooms/756886660277220330
756936791389874200,$101.00,Neighborhood highlights,6,1,2,3,4.38,32,https://www.airbnb.com/rooms/756936791389874192
757033482728119600,$88.00,Neighborhood highlights,2,1,1,1,4.83,52,https://www.airbnb.com/rooms/757033482728119535
757149473920319200,$130.00,Neighborhood highlights,2,1,1,1,4.9,102,https://www.airbnb.com/rooms/757149473920319178
757228774711849900,$226.00,Neighborhood highlights,4,1,1,2,4.75,51,https://www.airbnb.com/rooms/757228774711849799
757254022509601500,$200.00,NA,3,1,2,2,5,2,https://www.airbnb.com/rooms/757254022509601488
757277022393109400,$230.00,NA,5,1,2,2,4,3,https://www.airbnb.com/rooms/757277022393109416
757293331282423800,NA,NA,2,NA,1,NA,5,2,https://www.airbnb.com/rooms/757293331282423812
757298979318200300,NA,NA,2,NA,1,NA,NA,0,https://www.airbnb.com/rooms/757298979318200362
757305191807288800,$229.00,Neighborhood highlights,2,1,1,1,4.5,10,https://www.airbnb.com/rooms/757305191807288850
757363398086716300,$132.00,NA,2,2,1,1,4.5,4,https://www.airbnb.com/rooms/757363398086716298
757406296840445300,$75.00,NA,2,1,1,2,4.93,42,https://www.airbnb.com/rooms/757406296840445291
757429076597893200,$253.00,NA,6,2,3,4,4.94,16,https://www.airbnb.com/rooms/757429076597893284
757531638758343700,$70.00,NA,1,1,1,1,4.29,7,https://www.airbnb.com/rooms/757531638758343686
757723885731661e3,$213.00,Neighborhood highlights,2,1,1,1,NA,0,https://www.airbnb.com/rooms/757723885731661028
757814282202643e3,$90.00,Neighborhood highlights,1,1,1,1,5,7,https://www.airbnb.com/rooms/757814282202642887
757862019875580400,$96.00,Neighborhood highlights,3,1,2,2,5,1,https://www.airbnb.com/rooms/757862019875580464
757883032406289900,$48.00,NA,1,2,1,1,NA,0,https://www.airbnb.com/rooms/757883032406289882
757919298215844900,$200.00,Neighborhood highlights,2,1,1,1,5,13,https://www.airbnb.com/rooms/757919298215844884
757958927344984800,$70.00,Neighborhood highlights,2,1,1,1,4.75,4,https://www.airbnb.com/rooms/757958927344984811
758170978075093600,$39.00,NA,1,1,1,1,4.67,12,https://www.airbnb.com/rooms/758170978075093624
758267804291311100,NA,Neighborhood highlights,3,NA,1,NA,5,1,https://www.airbnb.com/rooms/758267804291311147
758599843151404800,$200.00,NA,2,1,1,1,4.87,23,https://www.airbnb.com/rooms/758599843151404829
758629452236008200,$250.00,NA,2,1,1,1,NA,0,https://www.airbnb.com/rooms/758629452236008162
758676714485806100,NA,Neighborhood highlights,3,NA,1,NA,5,3,https://www.airbnb.com/rooms/758676714485806119
758797764317872e3,$55.00,Neighborhood highlights,2,1,1,1,4.71,49,https://www.airbnb.com/rooms/758797764317871954
758848341186428e3,$180.00,Neighborhood highlights,2,1,1,1,4.9,39,https://www.airbnb.com/rooms/758848341186428053
758898382905849500,$80.00,NA,2,1,1,1,4.83,6,https://www.airbnb.com/rooms/758898382905849482
758927187263867400,NA,Neighborhood highlights,2,NA,2,NA,5,7,https://www.airbnb.com/rooms/758927187263867392
758954422050271200,$125.00,NA,6,1,2,4,4.85,27,https://www.airbnb.com/rooms/758954422050271170
758972902973903200,$226.00,Neighborhood highlights,3,1,0,2,4.96,25,https://www.airbnb.com/rooms/758972902973903245
758989619791293700,$886.00,Neighborhood highlights,6,1,2,2,4.65,23,https://www.airbnb.com/rooms/758989619791293641
759210593812294900,NA,NA,1,NA,4,NA,NA,0,https://www.airbnb.com/rooms/759210593812294889
759230767767830300,$252.00,NA,16,0.5,0,1,NA,0,https://www.airbnb.com/rooms/759230767767830325
759252687676660600,NA,NA,1,NA,4,NA,NA,0,https://www.airbnb.com/rooms/759252687676660550
759312159547321200,$105.00,NA,2,1,0,1,4.85,86,https://www.airbnb.com/rooms/759312159547321270
759327196556438400,$220.00,NA,2,1,1,1,5,1,https://www.airbnb.com/rooms/759327196556438457
759382448848546e3,$122.00,NA,2,1,1,1,5,2,https://www.airbnb.com/rooms/759382448848546089
759395448327677600,$250.00,Neighborhood highlights,2,1,1,1,5,12,https://www.airbnb.com/rooms/759395448327677517
759408657602811600,NA,Neighborhood highlights,3,NA,1,NA,5,2,https://www.airbnb.com/rooms/759408657602811683
7.5944374199061594e+17,NA,Neighborhood highlights,3,NA,1,NA,5,1,https://www.airbnb.com/rooms/759443741990615876
759468807999904600,NA,Neighborhood highlights,1,NA,1,NA,5,6,https://www.airbnb.com/rooms/759468807999904585
759510323619765900,$70.00,Neighborhood highlights,3,1,1,2,4.48,25,https://www.airbnb.com/rooms/759510323619765888
759551059688051100,NA,Neighborhood highlights,1,NA,NA,NA,NA,0,https://www.airbnb.com/rooms/759551059688051081
759566158217194400,$130.00,Neighborhood highlights,2,1,1,1,4.4,42,https://www.airbnb.com/rooms/759566158217194391
759602245130026400,NA,NA,5,NA,1,NA,5,3,https://www.airbnb.com/rooms/759602245130026405
759618126064467800,$95.00,NA,2,1,1,1,4.98,46,https://www.airbnb.com/rooms/759618126064467893
759629483491978200,$129.00,NA,2,1,1,1,NA,0,https://www.airbnb.com/rooms/759629483491978223
759644640471449200,$110.00,NA,2,1,1,1,5,42,https://www.airbnb.com/rooms/759644640471449248
759988921323877500,$300.00,Neighborhood highlights,6,2,2,4,4.76,42,https://www.airbnb.com/rooms/759988921323877489
760025165140763600,$52.00,NA,2,1,1,1,4,1,https://www.airbnb.com/rooms/760025165140763703
760067389876708900,$305.00,NA,6,2,2,2,4.91,11,https://www.airbnb.com/rooms/760067389876708923
760086536368275300,$495.00,NA,4,2,2,2,5,8,https://www.airbnb.com/rooms/760086536368275287
760089361718215400,$149.00,Neighborhood highlights,4,1,1,2,4.8,5,https://www.airbnb.com/rooms/760089361718215467
760090823321263900,NA,NA,4,NA,2,NA,NA,0,https://www.airbnb.com/rooms/760090823321263878
760094078662401400,$212.00,NA,5,1,2,2,NA,0,https://www.airbnb.com/rooms/760094078662401363
760108051671400300,$299.00,NA,4,1,2,2,4.2,10,https://www.airbnb.com/rooms/760108051671400285
760108593429302e3,$350.00,NA,8,2,3,3,4.18,11,https://www.airbnb.com/rooms/760108593429302062
760173471824448300,$44.00,NA,1,2,1,1,5,2,https://www.airbnb.com/rooms/760173471824448206
760190109240681e3,NA,Neighborhood highlights,1,NA,NA,NA,NA,0,https://www.airbnb.com/rooms/760190109240680941
760251269720096300,$119.00,NA,2,1,1,1,4.82,11,https://www.airbnb.com/rooms/760251269720096205
760265299629196400,$111.00,Neighborhood highlights,2,1,0,1,5,7,https://www.airbnb.com/rooms/760265299629196416
760316248704941200,$212.00,Neighborhood highlights,2,1.5,0,1,4.61,23,https://www.airbnb.com/rooms/760316248704941154
760316567719628300,$150.00,NA,7,1,2,3,4.82,65,https://www.airbnb.com/rooms/760316567719628232
760350693623079800,$250.00,NA,4,2.5,3,2,5,1,https://www.airbnb.com/rooms/760350693623079823
760370608843977300,$55.00,NA,1,1,2,2,5,1,https://www.airbnb.com/rooms/760370608843977331
760377148896746600,$255.00,Neighborhood highlights,2,1,1,2,4.95,62,https://www.airbnb.com/rooms/760377148896746634
760385181815939600,$296.00,Neighborhood highlights,5,2,2,4,4.88,59,https://www.airbnb.com/rooms/760385181815939549
760396769550435500,NA,NA,3,NA,1,NA,5,2,https://www.airbnb.com/rooms/760396769550435513
760418351537039700,$251.00,Neighborhood highlights,2,1,1,1,4.86,14,https://www.airbnb.com/rooms/760418351537039714
760421245692713700,NA,NA,3,NA,1,NA,5,4,https://www.airbnb.com/rooms/760421245692713721
760429890689345500,NA,NA,2,NA,NA,NA,4.33,21,https://www.airbnb.com/rooms/760429890689345478
760468516411868800,NA,NA,2,NA,NA,NA,3.8,5,https://www.airbnb.com/rooms/760468516411868783
760469039882902100,NA,NA,2,NA,NA,NA,5,1,https://www.airbnb.com/rooms/760469039882902158
760483813968654500,NA,NA,1,NA,NA,NA,4.56,9,https://www.airbnb.com/rooms/760483813968654511
760501288109274200,NA,NA,2,NA,NA,NA,4.38,8,https://www.airbnb.com/rooms/760501288109274273
760680467366926600,$60.00,NA,1,2,1,1,NA,0,https://www.airbnb.com/rooms/760680467366926531
760757830798985500,$295.00,Neighborhood highlights,2,1,1,1,4.57,14,https://www.airbnb.com/rooms/760757830798985434
760794253732353300,$139.00,NA,2,1,1,1,4.75,4,https://www.airbnb.com/rooms/760794253732353231
760808327741861800,$70.00,NA,2,1,1,1,4.66,35,https://www.airbnb.com/rooms/760808327741861820
760831577880022300,$75.00,NA,2,1,1,1,4.48,29,https://www.airbnb.com/rooms/760831577880022251
760861533251417600,$224.00,NA,3,1,2,2,5,9,https://www.airbnb.com/rooms/760861533251417597
760993455681450500,$80.00,NA,2,1,1,1,4.4,5,https://www.airbnb.com/rooms/760993455681450466
761035694084645400,NA,NA,2,NA,NA,NA,4,1,https://www.airbnb.com/rooms/761035694084645392
761060573991467800,$119.00,NA,2,1,0,1,5,3,https://www.airbnb.com/rooms/761060573991467805
761081163993833500,$125.00,Neighborhood highlights,6,1,3,3,4.43,7,https://www.airbnb.com/rooms/761081163993833414
761092020586434e3,$270.00,NA,4,2,2,1,5,4,https://www.airbnb.com/rooms/761092020586433990
761095696161301900,$270.00,NA,8,1,3,5,4.94,31,https://www.airbnb.com/rooms/761095696161301825
761354793682533600,NA,Neighborhood highlights,2,NA,1,NA,NA,0,https://www.airbnb.com/rooms/761354793682533629
761570023840746100,$101.00,NA,1,1,1,1,4.91,22,https://www.airbnb.com/rooms/761570023840746147
761590468027663100,$402.00,Neighborhood highlights,5,1,2,3,4.82,44,https://www.airbnb.com/rooms/761590468027663159
761595314290484100,$53.00,NA,2,0,0,0,NA,0,https://www.airbnb.com/rooms/761595314290484047
761604730115348900,$53.00,NA,2,0,1,0,NA,0,https://www.airbnb.com/rooms/761604730115348854
761610754293447400,$53.00,NA,2,0,0,0,NA,0,https://www.airbnb.com/rooms/761610754293447404
761613693125925500,$125.00,Neighborhood highlights,2,1,0,1,3.67,3,https://www.airbnb.com/rooms/761613693125925496
761616212974802600,$43.00,NA,2,2,1,1,5,2,https://www.airbnb.com/rooms/761616212974802622
761644166968948500,$53.00,NA,2,0,1,0,NA,0,https://www.airbnb.com/rooms/761644166968948426
761662359690165200,$250.00,Neighborhood highlights,8,1,2,4,5,3,https://www.airbnb.com/rooms/761662359690165216
761666718123905300,$419.00,Neighborhood highlights,8,1,3,3,5,80,https://www.airbnb.com/rooms/761666718123905227
761689185301754200,$80.00,NA,2,1,1,1,5,7,https://www.airbnb.com/rooms/761689185301754299
761701570805304200,$126.00,NA,2,1,1,1,NA,0,https://www.airbnb.com/rooms/761701570805304167
761751218620391200,$133.00,NA,2,1,0,1,5,7,https://www.airbnb.com/rooms/761751218620391134
761792592848694500,NA,Neighborhood highlights,2,NA,1,NA,5,23,https://www.airbnb.com/rooms/761792592848694551
761811422193396900,$299.00,NA,2,1,1,1,5,11,https://www.airbnb.com/rooms/761811422193396844
761826648238187100,NA,NA,1,NA,NA,NA,4.89,9,https://www.airbnb.com/rooms/761826648238187131
761906213647478100,NA,NA,2,NA,NA,NA,NA,0,https://www.airbnb.com/rooms/761906213647478192
761910497248900900,$70.00,NA,2,1,1,1,4.64,25,https://www.airbnb.com/rooms/761910497248900827
761999092943530600,$85.00,Neighborhood highlights,1,2,1,1,NA,0,https://www.airbnb.com/rooms/761999092943530652
762106384516079200,$51.00,Neighborhood highlights,2,1,1,1,4.85,52,https://www.airbnb.com/rooms/762106384516079291
762108355757780100,$319.00,Neighborhood highlights,9,2.5,4,6,4.82,22,https://www.airbnb.com/rooms/762108355757780127
762193744921471700,NA,Neighborhood highlights,2,NA,2,NA,5,2,https://www.airbnb.com/rooms/762193744921471697
762222393101524200,$75.00,Neighborhood highlights,1,1,1,1,4.17,12,https://www.airbnb.com/rooms/762222393101524164
762235443968582300,$350.00,NA,5,2.5,3,3,4,1,https://www.airbnb.com/rooms/762235443968582234
762241527257255e3,$143.00,Neighborhood highlights,4,1,2,3,5,3,https://www.airbnb.com/rooms/762241527257255051
762261553288615300,$500.00,NA,3,1,1,1,5,2,https://www.airbnb.com/rooms/762261553288615353
762280351038017200,NA,NA,4,NA,2,NA,5,3,https://www.airbnb.com/rooms/762280351038017156
762286860548970500,$225.00,NA,6,2,3,3,4.96,26,https://www.airbnb.com/rooms/762286860548970446
762288657259473e3,NA,NA,4,NA,2,NA,NA,0,https://www.airbnb.com/rooms/762288657259473039
762296955086811900,$239.00,NA,4,1,2,2,4.5,4,https://www.airbnb.com/rooms/762296955086811882
762312160651089400,"$1,495.00",NA,16,1.5,0,0,5,2,https://www.airbnb.com/rooms/762312160651089421
762326064245456600,$160.00,Neighborhood highlights,2,1,1,1,NA,0,https://www.airbnb.com/rooms/762326064245456666
762330782833633e3,$160.00,Neighborhood highlights,2,1,1,1,4.63,24,https://www.airbnb.com/rooms/762330782833633074
762354667794020700,$171.00,NA,2,1,1,2,4.84,45,https://www.airbnb.com/rooms/762354667794020777
762355634788904600,NA,NA,2,NA,NA,NA,3,2,https://www.airbnb.com/rooms/762355634788904537
762388975585026400,$260.00,Neighborhood highlights,2,1,1,2,5,5,https://www.airbnb.com/rooms/762388975585026394
762390266257822100,NA,NA,4,NA,2,NA,4.67,3,https://www.airbnb.com/rooms/762390266257822094
762393507139462300,NA,NA,4,NA,1,NA,NA,0,https://www.airbnb.com/rooms/762393507139462217
762416913912153200,$100.00,NA,2,1,1,1,NA,0,https://www.airbnb.com/rooms/762416913912153218
762429977455151700,$170.00,NA,2,1,0,1,NA,0,https://www.airbnb.com/rooms/762429977455151701
762433518245016600,$86.00,Neighborhood highlights,2,1,1,1,4.41,32,https://www.airbnb.com/rooms/762433518245016623
762458991784656400,$183.00,NA,2,1,1,1,4.92,36,https://www.airbnb.com/rooms/762458991784656327
762480481580735600,$199.00,Neighborhood highlights,2,1,1,1,5,6,https://www.airbnb.com/rooms/762480481580735660
762507882453765600,$235.00,Neighborhood highlights,2,1,1,1,4.86,56,https://www.airbnb.com/rooms/762507882453765581
762526483701320400,$100.00,NA,2,1,1,1,4.92,59,https://www.airbnb.com/rooms/762526483701320413
762528328514688600,$120.00,NA,2,1,1,1,4.6,10,https://www.airbnb.com/rooms/762528328514688653
762544570846570600,$204.00,NA,7,1,3,4,4.63,24,https://www.airbnb.com/rooms/762544570846570665
762545840532397600,$75.00,NA,2,1.5,2,1,4.82,17,https://www.airbnb.com/rooms/762545840532397617
762553127720837900,NA,NA,2,NA,1,NA,NA,0,https://www.airbnb.com/rooms/762553127720837939
762579977393252400,$200.00,NA,2,1,3,2,4.92,12,https://www.airbnb.com/rooms/762579977393252405
762599172570463700,NA,Neighborhood highlights,3,NA,NA,NA,4.46,13,https://www.airbnb.com/rooms/762599172570463796
762663797925230300,NA,NA,6,NA,3,NA,4.67,12,https://www.airbnb.com/rooms/762663797925230306
76277131346189e4,NA,Neighborhood highlights,2,NA,NA,NA,NA,0,https://www.airbnb.com/rooms/762771313461890024
762771372362453e3,NA,Neighborhood highlights,2,NA,NA,NA,5,2,https://www.airbnb.com/rooms/762771372362453042
762777419274014e3,$210.00,Neighborhood highlights,3,1,2,2,5,2,https://www.airbnb.com/rooms/762777419274013912
762779684841584600,$232.00,Neighborhood highlights,2,1,1,1,NA,0,https://www.airbnb.com/rooms/762779684841584616
762780213003267600,$271.00,Neighborhood highlights,2,1,1,1,NA,0,https://www.airbnb.com/rooms/762780213003267628
762828738412800600,$119.00,Neighborhood highlights,2,1,2,2,4.83,23,https://www.airbnb.com/rooms/762828738412800593
762880885741148e3,NA,NA,1,NA,NA,NA,5,2,https://www.airbnb.com/rooms/762880885741148037
762880946440059500,$170.00,NA,5,1,1,3,4.86,37,https://www.airbnb.com/rooms/762880946440059484
7.6289116297808806e+17,NA,NA,1,NA,NA,NA,NA,0,https://www.airbnb.com/rooms/762891162978088110
763044587478989200,$175.00,Neighborhood highlights,2,1,0,1,NA,0,https://www.airbnb.com/rooms/763044587478989128
763058020165928400,$260.00,Neighborhood highlights,5,1,2,2,5,1,https://www.airbnb.com/rooms/763058020165928394
763058485614035100,NA,NA,5,NA,2,NA,4.5,2,https://www.airbnb.com/rooms/763058485614035011
763063946605490800,$599.00,NA,6,1,3,3,4.93,14,https://www.airbnb.com/rooms/763063946605490800
763095935495869200,NA,Neighborhood highlights,4,NA,2,NA,NA,0,https://www.airbnb.com/rooms/763095935495869214
763123027753258600,$230.00,NA,3,1,0,1,NA,0,https://www.airbnb.com/rooms/763123027753258600
763125103285604200,$182.00,Neighborhood highlights,8,2,3,4,4.88,26,https://www.airbnb.com/rooms/763125103285604216
763128405774417200,NA,NA,2,NA,1,NA,5,1,https://www.airbnb.com/rooms/763128405774417091
763156109299658500,$600.00,Neighborhood highlights,6,2,2,2,4.84,25,https://www.airbnb.com/rooms/763156109299658440
763170185660414300,NA,NA,2,NA,NA,NA,5,1,https://www.airbnb.com/rooms/763170185660414370
763186374158969600,$157.00,NA,2,1,1,2,4.86,44,https://www.airbnb.com/rooms/763186374158969600
763221273695589400,$190.00,NA,4,1,2,2,NA,0,https://www.airbnb.com/rooms/763221273695589438
763256920991512300,$165.00,NA,7,1,2,4,5,5,https://www.airbnb.com/rooms/763256920991512311
763651828658254600,$99.00,NA,2,1,1,1,4.9,31,https://www.airbnb.com/rooms/763651828658254556
763697427169275e3,$40.00,NA,1,1,1,1,NA,0,https://www.airbnb.com/rooms/763697427169274946
763731966740220300,$120.00,NA,2,1,1,1,4.55,20,https://www.airbnb.com/rooms/763731966740220241
763765859890748800,$110.00,NA,2,1,1,1,NA,0,https://www.airbnb.com/rooms/763765859890748763
763814274826602600,NA,Neighborhood highlights,2,NA,1,NA,5,2,https://www.airbnb.com/rooms/763814274826602639
763886348952916900,$150.00,Neighborhood highlights,4,1,2,2,5,2,https://www.airbnb.com/rooms/763886348952916913
763890975846846600,NA,NA,2,NA,NA,NA,NA,0,https://www.airbnb.com/rooms/763890975846846541
763910718510137100,NA,NA,4,NA,3,NA,4.67,3,https://www.airbnb.com/rooms/763910718510137075
763925205378424300,NA,NA,2,NA,NA,NA,4.5,4,https://www.airbnb.com/rooms/763925205378424299
763948654655084500,$175.00,NA,4,2,2,2,4.8,5,https://www.airbnb.com/rooms/763948654655084485
76395701926158e4,$44.00,NA,1,1,3,1,NA,0,https://www.airbnb.com/rooms/763957019261580065
763998145997517200,NA,NA,1,1,3,1,NA,0,https://www.airbnb.com/rooms/763998145997517182
764009535010619900,$404.00,Neighborhood highlights,6,1,3,4,4.97,71,https://www.airbnb.com/rooms/764009535010619872
764028832460585600,$143.00,Neighborhood highlights,4,1,0,2,4.94,16,https://www.airbnb.com/rooms/764028832460585546
764032078303262100,$359.00,NA,16,1,3,4,5,1,https://www.airbnb.com/rooms/764032078303262106
764135338826028700,NA,NA,10,NA,5,NA,4.33,6,https://www.airbnb.com/rooms/764135338826028645
764160445270416400,$42.00,NA,2,1,1,1,5,2,https://www.airbnb.com/rooms/764160445270416334
764162705440619e3,$145.00,Neighborhood highlights,3,1,1,1,4.6,20,https://www.airbnb.com/rooms/764162705440619026
764204323992384600,$93.00,Neighborhood highlights,1,1,1,1,4.67,3,https://www.airbnb.com/rooms/764204323992384659
764320625295108400,$200.00,NA,4,1,2,2,4.75,8,https://www.airbnb.com/rooms/764320625295108312
764326029440464e3,$38.00,NA,1,1,3,1,NA,0,https://www.airbnb.com/rooms/764326029440464052
764451400540955500,$224.00,Neighborhood highlights,2,1,2,2,5,2,https://www.airbnb.com/rooms/764451400540955575
764496621716415700,$175.00,Neighborhood highlights,3,1,1,1,5,4,https://www.airbnb.com/rooms/764496621716415694
764509534515516800,$132.00,Neighborhood highlights,2,1,1,1,5,32,https://www.airbnb.com/rooms/764509534515516743
764555894437396900,NA,NA,2,NA,NA,NA,5,2,https://www.airbnb.com/rooms/764555894437396903
7.6457534954373594e+17,$399.00,Neighborhood highlights,2,1,0,1,4.72,58,https://www.airbnb.com/rooms/764575349543735915
764578441677175800,$103.00,Neighborhood highlights,2,1,1,1,4.98,51,https://www.airbnb.com/rooms/764578441677175829
764578663239392400,$126.00,NA,2,1,1,1,4.89,98,https://www.airbnb.com/rooms/764578663239392445
764580020630815400,NA,Neighborhood highlights,2,NA,NA,NA,5,1,https://www.airbnb.com/rooms/764580020630815374
764627669435933e3,$115.00,Neighborhood highlights,6,1,2,4,5,1,https://www.airbnb.com/rooms/764627669435933018
764629516770135300,$120.00,Neighborhood highlights,4,0,0,1,4.52,46,https://www.airbnb.com/rooms/764629516770135232
764649300374679200,$230.00,NA,5,1,2,3,4.91,57,https://www.airbnb.com/rooms/764649300374679192
7.6476660823821606e+17,$105.00,Neighborhood highlights,2,1.5,1,1,4.97,59,https://www.airbnb.com/rooms/764766608238216047
764777636779967600,NA,Neighborhood highlights,6,NA,3,NA,NA,0,https://www.airbnb.com/rooms/764777636779967612
764818957705842600,$100.00,NA,1,1,1,1,4.42,43,https://www.airbnb.com/rooms/764818957705842595
764823726339437600,$229.00,NA,2,1,1,1,5,30,https://www.airbnb.com/rooms/764823726339437535
764988076701396400,$148.00,NA,2,1,1,1,4.97,29,https://www.airbnb.com/rooms/764988076701396393
765017453608235300,$300.00,Neighborhood highlights,2,1,3,3,4.5,4,https://www.airbnb.com/rooms/765017453608235245
765087818851158100,$250.00,NA,2,1,2,2,4.94,17,https://www.airbnb.com/rooms/765087818851158191
765111841001584300,$160.00,Neighborhood highlights,2,1,1,2,4.83,48,https://www.airbnb.com/rooms/765111841001584233
765118844676212700,$138.00,NA,1,1,1,1,NA,0,https://www.airbnb.com/rooms/765118844676212785
765130473241233800,$313.00,Neighborhood highlights,6,2,3,3,NA,0,https://www.airbnb.com/rooms/765130473241233735
765148667899215100,$225.00,NA,2,1,1,1,5,42,https://www.airbnb.com/rooms/765148667899215063
765179360601952e3,$178.00,NA,1,1,1,1,4.85,33,https://www.airbnb.com/rooms/765179360601952018
765223964875173600,$170.00,NA,3,1,1,1,5,2,https://www.airbnb.com/rooms/765223964875173585
765229505754817e3,$170.00,Neighborhood highlights,2,1,1,1,5,11,https://www.airbnb.com/rooms/765229505754817003
765281056980264400,$145.00,Neighborhood highlights,3,1,0,1,5,1,https://www.airbnb.com/rooms/765281056980264511
765298130099351800,$99.00,Neighborhood highlights,2,1,1,2,4.76,29,https://www.airbnb.com/rooms/765298130099351811
765327602416869100,$109.00,Neighborhood highlights,1,1,1,2,5,56,https://www.airbnb.com/rooms/765327602416869056
765375246553212400,$100.00,NA,1,1,1,1,4.26,43,https://www.airbnb.com/rooms/765375246553212456
765481781441556100,$120.00,Neighborhood highlights,2,1,1,1,5,4,https://www.airbnb.com/rooms/765481781441556146
765673625786204900,$175.00,Neighborhood highlights,7,1,3,5,4.47,19,https://www.airbnb.com/rooms/765673625786204864
765807287945552100,$170.00,Neighborhood highlights,2,1.5,1,2,4.89,76,https://www.airbnb.com/rooms/765807287945552082
765823689510519600,NA,NA,6,NA,2,NA,4.92,13,https://www.airbnb.com/rooms/765823689510519528
765860332569149400,$274.00,NA,3,1,1,1,5,5,https://www.airbnb.com/rooms/765860332569149471
765951216153524700,$750.00,NA,2,1,1,1,NA,0,https://www.airbnb.com/rooms/765951216153524797
765955236862257400,$175.00,Neighborhood highlights,4,1,2,3,5,1,https://www.airbnb.com/rooms/765955236862257442
765990025204967600,$71.00,NA,2,1,2,1,4.15,20,https://www.airbnb.com/rooms/765990025204967594
766023259389247200,NA,Neighborhood highlights,2,NA,1,NA,4.5,12,https://www.airbnb.com/rooms/766023259389247272
766040817482157700,$179.00,Neighborhood highlights,2,1,1,1,5,6,https://www.airbnb.com/rooms/766040817482157705
766064842518858100,$95.00,NA,2,2,1,1,4.77,39,https://www.airbnb.com/rooms/766064842518858109
766065140823310100,$126.00,NA,3,1,1,2,NA,0,https://www.airbnb.com/rooms/766065140823310125
76609608606318e4,$50.00,NA,1,1,1,1,4.5,4,https://www.airbnb.com/rooms/766096086063180068
766096522634607700,$442.00,Neighborhood highlights,3,1,1,2,4.8,56,https://www.airbnb.com/rooms/766096522634607786
766116802508903300,$160.00,NA,2,1,1,2,4.87,38,https://www.airbnb.com/rooms/766116802508903258
766120603819225300,$399.00,Neighborhood highlights,8,1,4,4,NA,0,https://www.airbnb.com/rooms/766120603819225358
7.6613925513332006e+17,$215.00,Neighborhood highlights,3,1,2,2,NA,0,https://www.airbnb.com/rooms/766139255133320100
766143851141113600,$191.00,Neighborhood highlights,4,1,2,2,4.5,2,https://www.airbnb.com/rooms/766143851141113634
766153333899628400,$34.00,NA,1,1.5,1,1,4.33,6,https://www.airbnb.com/rooms/766153333899628354
766154411511432700,$96.00,NA,2,2,1,1,4.88,51,https://www.airbnb.com/rooms/766154411511432669
766172114480214300,$69.00,NA,1,1,1,1,4.75,55,https://www.airbnb.com/rooms/766172114480214335
766185201488093e3,$314.00,Neighborhood highlights,9,2,3,3,4.9,42,https://www.airbnb.com/rooms/766185201488093082
766186374255566500,$85.00,NA,2,1,1,2,4.85,60,https://www.airbnb.com/rooms/766186374255566430
766197503813329200,$48.00,NA,1,2,5,1,NA,0,https://www.airbnb.com/rooms/766197503813329106
766219331239655200,$44.00,NA,1,2,5,1,NA,0,https://www.airbnb.com/rooms/766219331239655137
766254098303221800,$83.00,NA,2,1,3,1,4.97,29,https://www.airbnb.com/rooms/766254098303221820
766278199081582e3,$456.00,NA,10,1,3,4,4.72,71,https://www.airbnb.com/rooms/766278199081581936
766465483842223900,NA,NA,3,NA,NA,NA,5,1,https://www.airbnb.com/rooms/766465483842223914
766495988260965200,NA,Neighborhood highlights,2,NA,1,NA,4.92,12,https://www.airbnb.com/rooms/766495988260965250
766525873393126900,NA,NA,5,NA,2,NA,4.17,6,https://www.airbnb.com/rooms/766525873393126948
766526574886128900,NA,NA,5,NA,2,NA,3.75,4,https://www.airbnb.com/rooms/766526574886128940
766528660540801200,NA,NA,5,NA,2,NA,4.6,5,https://www.airbnb.com/rooms/766528660540801113
766544218723906200,$65.00,NA,1,2,1,1,NA,0,https://www.airbnb.com/rooms/766544218723906199
766586863150065300,NA,Neighborhood highlights,2,NA,1,NA,3.5,2,https://www.airbnb.com/rooms/766586863150065296
766587009305607700,$237.00,Neighborhood highlights,2,1,1,1,NA,0,https://www.airbnb.com/rooms/766587009305607706
766587114043547500,NA,Neighborhood highlights,2,NA,1,NA,NA,0,https://www.airbnb.com/rooms/766587114043547494
766587876480102400,$105.00,Neighborhood highlights,4,1,1,2,NA,0,https://www.airbnb.com/rooms/766587876480102462
766588749535982e3,$105.00,Neighborhood highlights,4,1,1,2,NA,0,https://www.airbnb.com/rooms/766588749535982004
766590908640895200,$94.00,Neighborhood highlights,2,1.5,1,2,4.88,48,https://www.airbnb.com/rooms/766590908640895287
766594780937959800,$105.00,Neighborhood highlights,2,1,1,1,NA,0,https://www.airbnb.com/rooms/766594780937959861
766595242178997400,$105.00,Neighborhood highlights,2,1,1,1,NA,0,https://www.airbnb.com/rooms/766595242178997406
766602572542480300,$140.00,NA,4,1,1,1,4.73,11,https://www.airbnb.com/rooms/766602572542480306
766612310316385e3,NA,NA,2,NA,1,NA,NA,0,https://www.airbnb.com/rooms/766612310316385012
766612888242466700,$350.00,NA,4,1.5,2,2,4.6,5,https://www.airbnb.com/rooms/766612888242466742
766640621300950500,NA,NA,2,NA,1,NA,4.62,21,https://www.airbnb.com/rooms/766640621300950506
766645225835177900,NA,Neighborhood highlights,16,NA,4,NA,NA,0,https://www.airbnb.com/rooms/766645225835177863
766645555001024300,NA,Neighborhood highlights,16,NA,4,NA,NA,0,https://www.airbnb.com/rooms/766645555001024199
766646532774126300,NA,Neighborhood highlights,16,NA,4,NA,4,1,https://www.airbnb.com/rooms/766646532774126388
766651332106475e3,NA,Neighborhood highlights,16,NA,4,NA,NA,0,https://www.airbnb.com/rooms/766651332106474964
766651417455076100,NA,Neighborhood highlights,16,NA,4,NA,NA,0,https://www.airbnb.com/rooms/766651417455076043
766651458567614300,NA,Neighborhood highlights,16,NA,4,NA,NA,0,https://www.airbnb.com/rooms/766651458567614309
766651635563212900,NA,Neighborhood highlights,12,NA,3,NA,NA,0,https://www.airbnb.com/rooms/766651635563212884
766651688014542200,NA,Neighborhood highlights,12,NA,3,NA,NA,0,https://www.airbnb.com/rooms/766651688014542218
766655006057705200,$79.00,Neighborhood highlights,2,1.5,1,1,4.88,60,https://www.airbnb.com/rooms/766655006057705213
766656550239072100,NA,Neighborhood highlights,12,NA,3,NA,NA,0,https://www.airbnb.com/rooms/766656550239072116
766657348274802400,NA,Neighborhood highlights,12,NA,3,NA,NA,0,https://www.airbnb.com/rooms/766657348274802404
766658761039322600,NA,Neighborhood highlights,8,NA,2,NA,NA,0,https://www.airbnb.com/rooms/766658761039322641
766658836821129900,NA,Neighborhood highlights,8,NA,2,NA,5,1,https://www.airbnb.com/rooms/766658836821129811
766658884399549800,NA,Neighborhood highlights,8,NA,2,NA,NA,0,https://www.airbnb.com/rooms/766658884399549762
766659572645882500,NA,Neighborhood highlights,8,NA,2,NA,NA,0,https://www.airbnb.com/rooms/766659572645882524
766659920133646600,$678.00,Neighborhood highlights,8,2,2,4,5,3,https://www.airbnb.com/rooms/766659920133646601
766660482169064600,NA,Neighborhood highlights,8,NA,2,NA,NA,0,https://www.airbnb.com/rooms/766660482169064630
766661542029355500,$296.00,Neighborhood highlights,4,1,1,2,NA,0,https://www.airbnb.com/rooms/766661542029355467
766661892996787e3,$296.00,Neighborhood highlights,4,1,1,2,NA,0,https://www.airbnb.com/rooms/766661892996786948
766662217155646200,$296.00,Neighborhood highlights,4,1,1,2,5,1,https://www.airbnb.com/rooms/766662217155646157
766662851061257700,$271.00,Neighborhood highlights,4,1,1,2,NA,0,https://www.airbnb.com/rooms/766662851061257667
766663775895315e3,NA,Neighborhood highlights,4,NA,1,NA,NA,0,https://www.airbnb.com/rooms/766663775895314891
766663880844305300,$271.00,Neighborhood highlights,4,1,1,2,NA,0,https://www.airbnb.com/rooms/766663880844305332
766665056551945300,$320.00,Neighborhood highlights,4,1,1,1,NA,0,https://www.airbnb.com/rooms/766665056551945374
766665673637925e3,$320.00,Neighborhood highlights,4,1,1,1,NA,0,https://www.airbnb.com/rooms/766665673637925030
766666152927296900,$400.00,Neighborhood highlights,4,1,1,1,5,2,https://www.airbnb.com/rooms/766666152927296927
766666580976923300,$222.00,Neighborhood highlights,2,1,1,1,NA,0,https://www.airbnb.com/rooms/766666580976923296
766667229194962200,$222.00,Neighborhood highlights,2,1,1,1,NA,0,https://www.airbnb.com/rooms/766667229194962190
766667822562345100,$222.00,Neighborhood highlights,2,1,1,1,NA,0,https://www.airbnb.com/rooms/766667822562345128
766668331526893800,$345.00,Neighborhood highlights,4,1,1,1,NA,0,https://www.airbnb.com/rooms/766668331526893858
766668848962262900,$345.00,Neighborhood highlights,4,1,1,1,NA,0,https://www.airbnb.com/rooms/766668848962262872
766677884307151500,$79.00,Neighborhood highlights,2,1.5,1,2,4.92,25,https://www.airbnb.com/rooms/766677884307151479
766684927171631100,$174.00,Neighborhood highlights,4,1,1,2,4.88,24,https://www.airbnb.com/rooms/766684927171631153
766702466063475300,$69.00,NA,1,2,1,1,3.67,3,https://www.airbnb.com/rooms/766702466063475280
766728021682928100,NA,NA,2,NA,1,NA,5,1,https://www.airbnb.com/rooms/766728021682928154
766760101825533800,$97.00,NA,2,1,1,2,4.33,6,https://www.airbnb.com/rooms/766760101825533808
766778023016290800,$145.00,Neighborhood highlights,2,1,1,2,5,27,https://www.airbnb.com/rooms/766778023016290813
766779185445709700,$199.00,Neighborhood highlights,2,1,1,1,5,2,https://www.airbnb.com/rooms/766779185445709749
766811967495913600,$69.00,NA,1,2,1,1,5,1,https://www.airbnb.com/rooms/766811967495913594
766819059606935300,$69.00,NA,1,2,1,1,5,1,https://www.airbnb.com/rooms/766819059606935266
766821177475767800,$42.00,NA,1,2,1,1,5,1,https://www.airbnb.com/rooms/766821177475767862
766867327829311900,$260.00,Neighborhood highlights,8,1,2,5,5,1,https://www.airbnb.com/rooms/766867327829311890
766907082203833200,$127.00,Neighborhood highlights,4,1,2,2,4.98,50,https://www.airbnb.com/rooms/766907082203833190
766948951346069200,$425.00,Neighborhood highlights,5,2,3,3,4.7,10,https://www.airbnb.com/rooms/766948951346069278
766992440128844800,$193.00,Neighborhood highlights,2,1,1,1,4.89,46,https://www.airbnb.com/rooms/766992440128844738
767207240487627400,NA,NA,1,NA,4,NA,5,1,https://www.airbnb.com/rooms/767207240487627384
767228707635121800,$250.00,NA,6,1,3,3,4.61,18,https://www.airbnb.com/rooms/767228707635121826
767231878009646800,$109.00,Neighborhood highlights,2,1,1,1,4.85,48,https://www.airbnb.com/rooms/767231878009646886
767239847457251200,NA,Neighborhood highlights,4,NA,1,NA,NA,0,https://www.airbnb.com/rooms/767239847457251241
767276831498620800,NA,Neighborhood highlights,10,NA,2,NA,NA,0,https://www.airbnb.com/rooms/767276831498620840
767279084872407700,NA,Neighborhood highlights,10,NA,2,NA,NA,0,https://www.airbnb.com/rooms/767279084872407625
767290620459168500,$105.00,Neighborhood highlights,2,1,1,1,NA,0,https://www.airbnb.com/rooms/767290620459168544
767300934500983300,$225.00,NA,3,1,2,2,4.5,2,https://www.airbnb.com/rooms/767300934500983246
767307630876781700,$328.00,Neighborhood highlights,8,2,2,4,NA,0,https://www.airbnb.com/rooms/767307630876781717
767310025267486200,NA,Neighborhood highlights,8,NA,2,NA,NA,0,https://www.airbnb.com/rooms/767310025267486207
76731048241655e4,$328.00,Neighborhood highlights,8,2,2,4,3,1,https://www.airbnb.com/rooms/767310482416550068
767335930771824800,$300.00,NA,4,1,2,2,4,1,https://www.airbnb.com/rooms/767335930771824747
767379256896961400,$170.00,NA,2,1,1,1,NA,0,https://www.airbnb.com/rooms/767379256896961469
767521098040013700,$136.00,Neighborhood highlights,2,1,1,1,4.92,73,https://www.airbnb.com/rooms/767521098040013680
767530299014849400,$65.00,NA,3,1,1,1,NA,0,https://www.airbnb.com/rooms/767530299014849382
767546705892688400,$200.00,NA,2,1,1,1,4.96,25,https://www.airbnb.com/rooms/767546705892688379
767836915829700200,$330.00,Neighborhood highlights,2,1,0,1,4.22,201,https://www.airbnb.com/rooms/767836915829700237
7.6791654944605606e+17,$639.00,Neighborhood highlights,4,1,2,2,NA,0,https://www.airbnb.com/rooms/767916549446056034
767916883499342500,$344.00,Neighborhood highlights,4,1,2,2,NA,0,https://www.airbnb.com/rooms/767916883499342445
767919812132267100,$125.00,NA,2,1,1,1,4.94,98,https://www.airbnb.com/rooms/767919812132267159
767964650933745200,$98.00,Neighborhood highlights,2,1,1,1,NA,0,https://www.airbnb.com/rooms/767964650933745121
7.6796585658821606e+17,$98.00,Neighborhood highlights,2,1,1,1,NA,0,https://www.airbnb.com/rooms/767965856588216036
767967646552010800,$98.00,Neighborhood highlights,2,1,1,1,NA,0,https://www.airbnb.com/rooms/767967646552010782
767969220192009900,$164.00,Neighborhood highlights,4,1,1,2,5,1,https://www.airbnb.com/rooms/767969220192009842
767971386549024500,NA,Neighborhood highlights,4,NA,1,NA,NA,0,https://www.airbnb.com/rooms/767971386549024470
768051515089387e3,$123.00,NA,2,1,1,1,4.62,13,https://www.airbnb.com/rooms/768051515089387007
768052129308693600,NA,NA,2,NA,NA,NA,5,1,https://www.airbnb.com/rooms/768052129308693650
768055416816530700,$110.00,Neighborhood highlights,1,1,2,1,4.83,6,https://www.airbnb.com/rooms/768055416816530644
768133497496995500,$43.00,NA,1,1,1,1,NA,0,https://www.airbnb.com/rooms/768133497496995404
768139828018466200,$44.00,NA,1,1,3,1,2,1,https://www.airbnb.com/rooms/768139828018466187
768142095591838200,$47.00,NA,1,2,5,1,NA,0,https://www.airbnb.com/rooms/768142095591838159
768239303625460600,$150.00,NA,6,1,3,4,4.8,20,https://www.airbnb.com/rooms/768239303625460600
768265003903199200,NA,NA,2,NA,1,NA,5,2,https://www.airbnb.com/rooms/768265003903199291
768276890212217100,$57.00,Neighborhood highlights,1,1,1,1,5,11,https://www.airbnb.com/rooms/768276890212217152
768282087563056600,$57.00,Neighborhood highlights,1,1,1,1,4.64,22,https://www.airbnb.com/rooms/768282087563056680
768306193048547700,$46.00,NA,1,2,5,1,NA,0,https://www.airbnb.com/rooms/768306193048547703
768317284380348e3,$39.00,NA,1,1,3,1,NA,0,https://www.airbnb.com/rooms/768317284380347979
7683443999663e5,$49.00,Neighborhood highlights,2,1,1,1,4.67,3,https://www.airbnb.com/rooms/768344399966300030
768367747340818600,$69.00,Neighborhood highlights,2,2,4,1,4.6,5,https://www.airbnb.com/rooms/768367747340818549
768383195913434800,$86.00,NA,2,1,1,0,4.91,45,https://www.airbnb.com/rooms/768383195913434699
768469248929332200,$150.00,NA,1,1,1,1,NA,0,https://www.airbnb.com/rooms/768469248929332207
768749593937191200,$58.00,NA,2,1,1,1,4.6,15,https://www.airbnb.com/rooms/768749593937191123
768779684405983500,$150.00,NA,2,1,1,1,5,2,https://www.airbnb.com/rooms/768779684405983454
768858775491753100,$215.00,Neighborhood highlights,3,1,2,2,3,2,https://www.airbnb.com/rooms/768858775491753050
768894253310309600,$100.00,NA,5,1,2,4,4.27,11,https://www.airbnb.com/rooms/768894253310309659
768911582117670100,$350.00,Neighborhood highlights,4,1.5,2,2,5,4,https://www.airbnb.com/rooms/768911582117670134
768962003786730100,$435.00,Neighborhood highlights,5,1,2,3,4.22,9,https://www.airbnb.com/rooms/768962003786730102
769042912138905500,$62.00,Neighborhood highlights,2,2,4,1,5,1,https://www.airbnb.com/rooms/769042912138905521
769061333176336600,$63.00,Neighborhood highlights,2,2,4,1,5,3,https://www.airbnb.com/rooms/769061333176336685
769077902215531500,$59.00,Neighborhood highlights,2,2,4,1,4.5,4,https://www.airbnb.com/rooms/769077902215531520
769203788648758500,$256.00,Neighborhood highlights,10,1,3,5,4.49,69,https://www.airbnb.com/rooms/769203788648758537
769338805698278500,$180.00,Neighborhood highlights,6,2,2,3,NA,0,https://www.airbnb.com/rooms/769338805698278484
769423344734549800,$649.00,NA,8,3,4,4,NA,0,https://www.airbnb.com/rooms/769423344734549749
769524991917527200,NA,Neighborhood highlights,4,NA,1,NA,NA,0,https://www.airbnb.com/rooms/769524991917527110
7.6959689990661594e+17,$110.00,NA,2,1,1,1,4.91,34,https://www.airbnb.com/rooms/769596899906615913
769601955271636200,$90.00,Neighborhood highlights,2,2,2,1,4.5,12,https://www.airbnb.com/rooms/769601955271636196
769617807076211800,NA,NA,2,NA,NA,NA,4.9,31,https://www.airbnb.com/rooms/769617807076211841
769771789526487400,NA,NA,2,1,1,1,NA,0,https://www.airbnb.com/rooms/769771789526487395
769783022636700900,NA,NA,4,NA,3,NA,5,1,https://www.airbnb.com/rooms/769783022636700971
769798916111101400,$386.00,Neighborhood highlights,4,1.5,1,3,NA,0,https://www.airbnb.com/rooms/769798916111101444
769820904680056400,$130.00,NA,2,1,0,1,NA,0,https://www.airbnb.com/rooms/769820904680056494
770130015451026200,$160.00,Neighborhood highlights,4,1,2,2,4.46,13,https://www.airbnb.com/rooms/770130015451026213
770201033720908400,$171.00,Neighborhood highlights,4,1,1,2,4.91,22,https://www.airbnb.com/rooms/770201033720908424
770222588470234500,$268.00,Neighborhood highlights,6,1.5,2,2,4.96,26,https://www.airbnb.com/rooms/770222588470234490
770275914173487100,$374.00,NA,2,1,1,1,5,1,https://www.airbnb.com/rooms/770275914173487140
770285871397233900,$150.00,NA,2,1,0,1,4.81,21,https://www.airbnb.com/rooms/770285871397233955
770288951055859e3,$110.00,Neighborhood highlights,4,1,2,2,5,2,https://www.airbnb.com/rooms/770288951055858979
770290214254588900,$250.00,NA,8,1,3,5,5,37,https://www.airbnb.com/rooms/770290214254588951
770300168025777900,$98.00,Neighborhood highlights,1,1,1,1,4.92,39,https://www.airbnb.com/rooms/770300168025777956
770337906744143600,$600.00,NA,2,1,1,1,5,1,https://www.airbnb.com/rooms/770337906744143594
770483747373569400,$95.00,Neighborhood highlights,3,1,1,2,4.83,6,https://www.airbnb.com/rooms/770483747373569378
770532884538918100,$198.00,NA,5,1,2,3,4.88,8,https://www.airbnb.com/rooms/770532884538918162
770535287615923800,NA,NA,2,NA,1,NA,5,2,https://www.airbnb.com/rooms/770535287615923797
770566178748431400,$350.00,NA,8,2,1,4,NA,0,https://www.airbnb.com/rooms/770566178748431390
770626111287655400,$200.00,NA,2,1,1,1,4.97,32,https://www.airbnb.com/rooms/770626111287655384
770898598733119600,$199.00,Neighborhood highlights,2,1,1,1,4.81,16,https://www.airbnb.com/rooms/770898598733119665
770939745976357400,$175.00,NA,1,1,1,1,NA,0,https://www.airbnb.com/rooms/770939745976357312
770949487661505300,$425.00,NA,4,1,2,3,5,6,https://www.airbnb.com/rooms/770949487661505259
770951877817471100,$330.00,Neighborhood highlights,4,1,1,2,4.96,27,https://www.airbnb.com/rooms/770951877817471110
770961935548070800,$167.00,Neighborhood highlights,2,1,1,1,NA,0,https://www.airbnb.com/rooms/770961935548070744
770972261780417800,$60.00,Neighborhood highlights,2,1,1,2,NA,0,https://www.airbnb.com/rooms/770972261780417799
771007658111700600,NA,NA,2,NA,1,NA,5,2,https://www.airbnb.com/rooms/771007658111700633
771020423813768200,NA,Neighborhood highlights,4,NA,2,NA,4.9,20,https://www.airbnb.com/rooms/771020423813768188
771087689598980100,$330.00,NA,2,1,1,1,4.93,15,https://www.airbnb.com/rooms/771087689598980035
771160442487128700,$302.00,Neighborhood highlights,2,1,1,1,5,2,https://www.airbnb.com/rooms/771160442487128689
771201666879112800,$229.00,Neighborhood highlights,4,1,2,2,5,2,https://www.airbnb.com/rooms/771201666879112794
771202794766986e3,$121.00,NA,4,1,1,2,5,3,https://www.airbnb.com/rooms/771202794766986015
771229480785827200,$150.00,NA,2,1,1,1,5,2,https://www.airbnb.com/rooms/771229480785827254
771248576049583e3,$143.00,Neighborhood highlights,1,1,1,1,5,9,https://www.airbnb.com/rooms/771248576049582925
771270809241656200,$42.00,NA,1,1,4,1,NA,0,https://www.airbnb.com/rooms/771270809241656242
771308650564280200,$51.00,NA,2,2,1,1,4.76,37,https://www.airbnb.com/rooms/771308650564280223
771313186883528200,$240.00,NA,2,1,1,1,NA,0,https://www.airbnb.com/rooms/771313186883528138
771331861044371600,NA,NA,2,NA,1,NA,NA,0,https://www.airbnb.com/rooms/771331861044371522
771368486923037e3,NA,NA,6,2,1,1,4.74,27,https://www.airbnb.com/rooms/771368486923037096
771387834299700600,$45.00,Neighborhood highlights,2,1,1,1,NA,0,https://www.airbnb.com/rooms/771387834299700584
771422886160920300,$57.00,NA,5,2,1,1,4.75,48,https://www.airbnb.com/rooms/771422886160920375
771499666300242300,$416.00,Neighborhood highlights,4,2,2,2,NA,0,https://www.airbnb.com/rooms/771499666300242340
771591241885965600,$152.00,Neighborhood highlights,3,1,0,2,5,6,https://www.airbnb.com/rooms/771591241885965586
771724634804517100,NA,NA,4,NA,2,NA,4.5,10,https://www.airbnb.com/rooms/771724634804517144
771739218818041300,$113.00,NA,1,0,4,1,NA,0,https://www.airbnb.com/rooms/771739218818041304
771740206890969600,$104.00,NA,2,1,0,1,5,6,https://www.airbnb.com/rooms/771740206890969653
771752865477827e3,NA,NA,1,NA,4,NA,NA,0,https://www.airbnb.com/rooms/771752865477827003
771766947230589300,$54.00,NA,3,2,1,1,4.58,38,https://www.airbnb.com/rooms/771766947230589326
771769539082342e3,$73.00,Neighborhood highlights,1,0,4,1,NA,0,https://www.airbnb.com/rooms/771769539082341969
771770833423543600,"$1,750.00",NA,5,2,2,2,5,1,https://www.airbnb.com/rooms/771770833423543517
771780727594397300,$289.00,Neighborhood highlights,6,2,2,3,4.83,36,https://www.airbnb.com/rooms/771780727594397330
771790426347751200,$200.00,NA,4,1,2,3,4.87,38,https://www.airbnb.com/rooms/771790426347751108
771814619000188800,$150.00,Neighborhood highlights,1,1,1,1,5,3,https://www.airbnb.com/rooms/771814619000188761
771817036951495200,$225.00,NA,4,2,3,3,NA,0,https://www.airbnb.com/rooms/771817036951495110
771870136610057200,$90.00,Neighborhood highlights,1,1,1,1,NA,0,https://www.airbnb.com/rooms/771870136610057169
771918390264300500,$600.00,NA,2,2,2,2,5,4,https://www.airbnb.com/rooms/771918390264300599
771962449581257e3,$60.00,NA,2,1,1,1,4.93,29,https://www.airbnb.com/rooms/771962449581256963
771971727365690900,$119.00,NA,2,1,1,1,4.8,46,https://www.airbnb.com/rooms/771971727365690924
771992176677623600,NA,NA,2,NA,NA,NA,4.4,5,https://www.airbnb.com/rooms/771992176677623490
772002179366812e3,$75.00,NA,2,1,1,1,3.6,5,https://www.airbnb.com/rooms/772002179366812090
772003410329132500,$125.00,NA,2,1,0,1,4.71,7,https://www.airbnb.com/rooms/772003410329132579
772135787688937e3,$52.00,Neighborhood highlights,2,1,1,1,5,5,https://www.airbnb.com/rooms/772135787688936954
772198560326818300,$52.00,Neighborhood highlights,2,1,1,1,5,2,https://www.airbnb.com/rooms/772198560326818270
772234088877834900,$210.00,Neighborhood highlights,2,1,0,1,5,7,https://www.airbnb.com/rooms/772234088877834938
772279462487876e3,$92.00,Neighborhood highlights,2,1,1,1,4.99,147,https://www.airbnb.com/rooms/772279462487875919
772304450747416400,$367.00,Neighborhood highlights,2,1,1,1,NA,0,https://www.airbnb.com/rooms/772304450747416511
772344625496228700,$77.00,NA,1,0,1,1,NA,0,https://www.airbnb.com/rooms/772344625496228755
772345723941537500,$99.00,Neighborhood highlights,2,0,6,1,NA,0,https://www.airbnb.com/rooms/772345723941537521
772358114048693200,$51.00,NA,1,0,4,1,NA,0,https://www.airbnb.com/rooms/772358114048693209
772388654659113100,$140.00,Neighborhood highlights,2,1,2,1,4.5,2,https://www.airbnb.com/rooms/772388654659113138
772413024829163300,$155.00,Neighborhood highlights,4,1.5,1,2,3.33,3,https://www.airbnb.com/rooms/772413024829163274
772463293360302200,$320.00,Neighborhood highlights,3,1,1,4,NA,0,https://www.airbnb.com/rooms/772463293360302269
772478743978557800,$320.00,Neighborhood highlights,6,2,2,6,NA,0,https://www.airbnb.com/rooms/772478743978557798
772490456980779800,NA,Neighborhood highlights,4,NA,1,NA,NA,0,https://www.airbnb.com/rooms/772490456980779766
772490937291764e3,NA,Neighborhood highlights,4,NA,1,NA,NA,0,https://www.airbnb.com/rooms/772490937291764018
772492532636629400,$237.00,Neighborhood highlights,4,1,1,2,NA,0,https://www.airbnb.com/rooms/772492532636629319
772512431629233400,NA,Neighborhood highlights,3,NA,1,NA,NA,0,https://www.airbnb.com/rooms/772512431629233413
772518967555294200,$89.00,NA,1,0,3,1,NA,0,https://www.airbnb.com/rooms/772518967555294170
772529778454726700,$67.00,Neighborhood highlights,2,2,4,1,5,2,https://www.airbnb.com/rooms/772529778454726697
772530674058398700,$66.00,NA,1,0,4,1,NA,0,https://www.airbnb.com/rooms/772530674058398752
772531408930885800,$74.00,NA,1,0,4,1,NA,0,https://www.airbnb.com/rooms/772531408930885807
772534152702839600,NA,Neighborhood highlights,16,NA,4,NA,NA,0,https://www.airbnb.com/rooms/772534152702839580
772535704907927300,$84.00,NA,1,0,3,1,NA,0,https://www.airbnb.com/rooms/772535704907927342
772544063239377900,$141.00,NA,1,1,1,1,4.33,3,https://www.airbnb.com/rooms/772544063239377923
772560809110228100,$131.00,NA,2,1,1,1,3.5,4,https://www.airbnb.com/rooms/772560809110228074
772582741069585400,NA,Neighborhood highlights,8,NA,2,NA,NA,0,https://www.airbnb.com/rooms/772582741069585344
772582827254717400,$296.00,Neighborhood highlights,8,2,2,4,5,1,https://www.airbnb.com/rooms/772582827254717471
772582961050465e3,NA,Neighborhood highlights,8,NA,2,NA,4,1,https://www.airbnb.com/rooms/772582961050465003
772583089773437300,NA,Neighborhood highlights,5,NA,1,NA,NA,0,https://www.airbnb.com/rooms/772583089773437359
772583096454227100,$118.00,Neighborhood highlights,2,1,1,1,NA,0,https://www.airbnb.com/rooms/772583096454227135
772583145283456600,NA,Neighborhood highlights,5,NA,1,NA,4,1,https://www.airbnb.com/rooms/772583145283456636
772583173495353700,NA,Neighborhood highlights,5,NA,1,NA,NA,0,https://www.airbnb.com/rooms/772583173495353742
772583284030848400,NA,Neighborhood highlights,2,NA,1,NA,NA,0,https://www.airbnb.com/rooms/772583284030848410
772596782067442600,$80.00,NA,1,1,0,1,5,1,https://www.airbnb.com/rooms/772596782067442622
7.7260704248005594e+17,$256.00,Neighborhood highlights,9,1,2,3,4.45,38,https://www.airbnb.com/rooms/772607042480055880
772622520708905200,NA,NA,3,NA,1,NA,5,1,https://www.airbnb.com/rooms/772622520708905170
772683159414917100,$135.00,Neighborhood highlights,3,1,2,2,4.42,12,https://www.airbnb.com/rooms/772683159414917117
772725658656025900,$253.00,Neighborhood highlights,2,1,1,1,4.93,61,https://www.airbnb.com/rooms/772725658656025875
772730056277365800,$88.00,NA,2,1,1,1,4.64,14,https://www.airbnb.com/rooms/772730056277365796
772756968091149700,$173.00,Neighborhood highlights,2,1,1,1,5,5,https://www.airbnb.com/rooms/772756968091149678
772767421017560300,$165.00,Neighborhood highlights,4,1,2,2,4.88,33,https://www.airbnb.com/rooms/772767421017560337
772921509916924e3,$297.00,Neighborhood highlights,2,1.5,1,1,NA,0,https://www.airbnb.com/rooms/772921509916924055
772924691509673600,$298.00,Neighborhood highlights,2,1,1,1,NA,0,https://www.airbnb.com/rooms/772924691509673607
773015666203783800,NA,NA,1,NA,5,NA,NA,0,https://www.airbnb.com/rooms/773015666203783850
773026534596863900,NA,NA,2,NA,NA,NA,5,8,https://www.airbnb.com/rooms/773026534596863854
7.7303214906824806e+17,$46.00,NA,1,2,5,1,NA,0,https://www.airbnb.com/rooms/773032149068248039
773044313856212600,NA,NA,1,2,4,1,NA,0,https://www.airbnb.com/rooms/773044313856212611
773055752165402200,$41.00,NA,1,2,4,1,NA,0,https://www.airbnb.com/rooms/773055752165402204
773059690002596200,$331.00,Neighborhood highlights,6,1,0,3,4.63,16,https://www.airbnb.com/rooms/773059690002596280
773100393141445100,$96.00,NA,1,1,1,1,NA,0,https://www.airbnb.com/rooms/773100393141445120
773106803371262600,$124.00,Neighborhood highlights,2,1,1,1,NA,0,https://www.airbnb.com/rooms/773106803371262601
773107581377335700,$124.00,Neighborhood highlights,2,1,1,1,NA,0,https://www.airbnb.com/rooms/773107581377335705
773109547703733500,$98.00,Neighborhood highlights,4,1,2,2,1,1,https://www.airbnb.com/rooms/773109547703733522
773117291811272400,$237.00,Neighborhood highlights,4,1,1,2,NA,0,https://www.airbnb.com/rooms/773117291811272451
773140921879712100,NA,NA,2,NA,1,NA,5,2,https://www.airbnb.com/rooms/773140921879712069
773155078509233900,NA,Neighborhood highlights,2,NA,1,NA,NA,0,https://www.airbnb.com/rooms/773155078509233940
773156080339112800,NA,Neighborhood highlights,2,NA,1,NA,NA,0,https://www.airbnb.com/rooms/773156080339112883
773168801275008900,NA,NA,2,NA,NA,NA,5,7,https://www.airbnb.com/rooms/773168801275008873
773171759933099300,NA,Neighborhood highlights,2,NA,NA,NA,5,3,https://www.airbnb.com/rooms/773171759933099248
773175684396053100,$469.00,NA,6,1,0,2,4.56,27,https://www.airbnb.com/rooms/773175684396053135
773178115082150100,$234.00,NA,2,1,1,1,4.75,4,https://www.airbnb.com/rooms/773178115082150101
773206915745915400,$320.00,Neighborhood highlights,6,2,2,6,NA,0,https://www.airbnb.com/rooms/773206915745915455
773214568696699e3,NA,NA,4,NA,3,NA,4.67,3,https://www.airbnb.com/rooms/773214568696699034
773237631431486600,$150.00,NA,1,1,2,2,5,1,https://www.airbnb.com/rooms/773237631431486588
773283704607466900,$464.00,Neighborhood highlights,5,1,2,3,4.83,12,https://www.airbnb.com/rooms/773283704607466865
773411792567687300,$149.00,NA,2,1,1,1,5,1,https://www.airbnb.com/rooms/773411792567687344
773451116846213500,$98.00,NA,4,1,1,1,NA,0,https://www.airbnb.com/rooms/773451116846213530
773602850831222300,$161.00,Neighborhood highlights,2,0,1,1,4.79,129,https://www.airbnb.com/rooms/773602850831222324
773726954569381400,$120.00,NA,2,2,1,1,5,1,https://www.airbnb.com/rooms/773726954569381317
773826216180195100,$120.00,Neighborhood highlights,1,1,1,1,4.96,49,https://www.airbnb.com/rooms/773826216180195039
773899230684455400,$101.00,Neighborhood highlights,2,1,1,1,4.73,15,https://www.airbnb.com/rooms/773899230684455375
773900027871706500,NA,Neighborhood highlights,2,NA,1,NA,5,2,https://www.airbnb.com/rooms/773900027871706533
774038870783382400,$140.00,NA,6,1,3,3,5,18,https://www.airbnb.com/rooms/774038870783382384
774049935883707e3,$68.00,Neighborhood highlights,1,1,1,1,4.75,16,https://www.airbnb.com/rooms/774049935883707009
774062557680188900,$182.00,Neighborhood highlights,2,1,1,2,4.82,11,https://www.airbnb.com/rooms/774062557680188919
774084891829212400,$356.00,NA,5,3.5,3,3,5,4,https://www.airbnb.com/rooms/774084891829212376
774103751189447400,$234.00,Neighborhood highlights,3,1,0,1,4.83,12,https://www.airbnb.com/rooms/774103751189447471
774129193889231900,NA,NA,1,NA,NA,NA,NA,0,https://www.airbnb.com/rooms/774129193889231826
774157814612040400,$312.00,Neighborhood highlights,8,1,3,4,4.7,56,https://www.airbnb.com/rooms/774157814612040502
774466175446212400,$100.00,Neighborhood highlights,2,1,1,1,4.75,32,https://www.airbnb.com/rooms/774466175446212322
774605087266417e3,NA,Neighborhood highlights,2,NA,NA,NA,4.85,33,https://www.airbnb.com/rooms/774605087266417003
774607109021338900,$210.00,NA,4,1,2,2,4.79,14,https://www.airbnb.com/rooms/774607109021338900
774620728248082400,$275.00,Neighborhood highlights,2,1,1,1,4.64,45,https://www.airbnb.com/rooms/774620728248082420
774639072103641200,$140.00,Neighborhood highlights,2,1,1,1,4.88,8,https://www.airbnb.com/rooms/774639072103641181
774653715893913100,$180.00,NA,3,1,2,2,4.7,30,https://www.airbnb.com/rooms/774653715893913056
774669212621922200,$500.00,NA,2,1,1,1,5,2,https://www.airbnb.com/rooms/774669212621922223
774698296047092900,$135.00,NA,4,1,1,2,3,2,https://www.airbnb.com/rooms/774698296047092914
774720286543224400,$279.00,NA,7,2,3,4,NA,0,https://www.airbnb.com/rooms/774720286543224436
774741244725477500,$250.00,NA,3,1,2,4,4.75,28,https://www.airbnb.com/rooms/774741244725477536
7.7476147164261606e+17,$269.00,Neighborhood highlights,7,1,3,4,5,4,https://www.airbnb.com/rooms/774761471642616124
774766839213283100,$110.00,NA,2,1,1,1,4,2,https://www.airbnb.com/rooms/774766839213283130
774775532446402400,$73.00,NA,2,2,1,0,4.76,37,https://www.airbnb.com/rooms/774775532446402418
774778034807808100,$95.00,NA,1,1,1,1,NA,0,https://www.airbnb.com/rooms/774778034807808122
774790005240645100,$72.00,NA,2,2,1,1,4.66,41,https://www.airbnb.com/rooms/774790005240645091
774802408005054600,NA,NA,8,NA,3,NA,5,11,https://www.airbnb.com/rooms/774802408005054624
774826768451201700,$187.00,Neighborhood highlights,4,1,2,2,5,2,https://www.airbnb.com/rooms/774826768451201686
774829538362667e3,NA,NA,2,NA,1,NA,NA,0,https://www.airbnb.com/rooms/774829538362667028
774836321544269400,NA,Neighborhood highlights,1,NA,1,NA,4.5,2,https://www.airbnb.com/rooms/774836321544269499
774843999742350100,$159.00,Neighborhood highlights,1,1,1,1,4.86,57,https://www.airbnb.com/rooms/774843999742350040
774847138346502300,$81.00,Neighborhood highlights,4,1,1,1,2,1,https://www.airbnb.com/rooms/774847138346502224
774847859612203900,NA,Neighborhood highlights,1,NA,NA,NA,NA,0,https://www.airbnb.com/rooms/774847859612203928
774964827545681700,$78.00,NA,2,2,1,1,4.85,48,https://www.airbnb.com/rooms/774964827545681619
775141157558032500,$300.00,Neighborhood highlights,2,1,1,1,NA,0,https://www.airbnb.com/rooms/775141157558032530
775207958447776400,$220.00,NA,2,1,3,3,4.5,6,https://www.airbnb.com/rooms/775207958447776336
775328752462827100,$319.00,NA,5,1,2,4,4.29,14,https://www.airbnb.com/rooms/775328752462827141
7.7534752011831194e+17,NA,NA,6,NA,1,NA,NA,0,https://www.airbnb.com/rooms/775347520118311909
775370554168723e3,$615.00,NA,6,3.5,4,4,NA,0,https://www.airbnb.com/rooms/775370554168722901
775404417497255e3,$332.00,Neighborhood highlights,2,1,0,1,4,1,https://www.airbnb.com/rooms/775404417497255085
775404906098039800,$115.00,Neighborhood highlights,8,1,3,4,4.58,19,https://www.airbnb.com/rooms/775404906098039775
775408101743191200,$343.00,Neighborhood highlights,2,1,1,1,3.5,2,https://www.airbnb.com/rooms/775408101743191192
775408494394004e3,$449.00,Neighborhood highlights,2,1,1,1,NA,0,https://www.airbnb.com/rooms/775408494394003987
775422512052165900,$108.00,NA,2,1,2,1,NA,0,https://www.airbnb.com/rooms/775422512052165889
775434149526341800,$61.00,Neighborhood highlights,2,1,1,1,4.68,34,https://www.airbnb.com/rooms/775434149526341783
775492348920244100,$200.00,Neighborhood highlights,1,1,1,1,5,13,https://www.airbnb.com/rooms/775492348920244062
775598595236475e3,$106.00,Neighborhood highlights,2,1,0,1,4.81,21,https://www.airbnb.com/rooms/775598595236474968
775671824116090600,$179.00,Neighborhood highlights,3,1,1,2,4.77,13,https://www.airbnb.com/rooms/775671824116090617
775889925250617500,NA,NA,7,NA,3,NA,NA,0,https://www.airbnb.com/rooms/775889925250617412
7.7595193969236006e+17,$175.00,NA,2,1,0,1,NA,0,https://www.airbnb.com/rooms/775951939692360055
775966284146509200,$85.00,Neighborhood highlights,2,1,1,1,4.92,39,https://www.airbnb.com/rooms/775966284146509182
776003056822378100,NA,NA,2,NA,1,NA,5,6,https://www.airbnb.com/rooms/776003056822378088
776007097389560300,$270.00,Neighborhood highlights,4,1,2,2,NA,0,https://www.airbnb.com/rooms/776007097389560367
776013736440101800,$80.00,NA,2,1,1,1,5,3,https://www.airbnb.com/rooms/776013736440101802
776018834861372400,$94.00,Neighborhood highlights,2,1,1,1,5,1,https://www.airbnb.com/rooms/776018834861372435
776027620120107400,$400.00,Neighborhood highlights,6,2,3,3,5,2,https://www.airbnb.com/rooms/776027620120107434
776028553290709200,$50.00,NA,1,3,4,4,NA,0,https://www.airbnb.com/rooms/776028553290709192
776057468351287400,$299.00,Neighborhood highlights,4,1,1,2,5,15,https://www.airbnb.com/rooms/776057468351287439
776058905828707500,$91.00,Neighborhood highlights,2,1,1,1,5,1,https://www.airbnb.com/rooms/776058905828707468
776071696118223900,$182.00,NA,3,1,1,1,NA,0,https://www.airbnb.com/rooms/776071696118223930
776072363078619400,$95.00,NA,2,1,0,1,5,1,https://www.airbnb.com/rooms/776072363078619431
776078472681139600,$152.00,NA,3,1,1,1,NA,0,https://www.airbnb.com/rooms/776078472681139612
776100096406999300,$85.00,NA,1,0,4,1,NA,0,https://www.airbnb.com/rooms/776100096406999295
776103242936974800,$139.00,NA,4,1,2,2,4.94,70,https://www.airbnb.com/rooms/776103242936974883
776119767278811100,$64.00,NA,1,0,4,1,NA,0,https://www.airbnb.com/rooms/776119767278811160
776129453363109100,$210.00,NA,2,1,1,1,4.63,16,https://www.airbnb.com/rooms/776129453363109091
776152317850229100,$150.00,NA,4,1,1,2,NA,0,https://www.airbnb.com/rooms/776152317850229170
776250907335139300,$161.00,Neighborhood highlights,4,1,1,2,4.61,23,https://www.airbnb.com/rooms/776250907335139310
776267527494946600,$175.00,NA,4,1,1,2,NA,0,https://www.airbnb.com/rooms/776267527494946591
776326406718532700,$63.00,Neighborhood highlights,2,1,1,1,5,3,https://www.airbnb.com/rooms/776326406718532799
776326805655845600,NA,Neighborhood highlights,4,NA,2,NA,4.86,7,https://www.airbnb.com/rooms/776326805655845596
776332812095106400,$134.00,Neighborhood highlights,2,1,1,1,5,1,https://www.airbnb.com/rooms/776332812095106464
776464705938939600,NA,Neighborhood highlights,2,NA,NA,NA,5,2,https://www.airbnb.com/rooms/776464705938939707
776525177219948200,$61.00,Neighborhood highlights,2,1,1,1,5,4,https://www.airbnb.com/rooms/776525177219948145
776615878891313400,$455.00,Neighborhood highlights,4,2,2,2,NA,0,https://www.airbnb.com/rooms/776615878891313388
776620930082932900,$121.00,Neighborhood highlights,3,1,0,2,3.5,2,https://www.airbnb.com/rooms/776620930082932920
776685339700901900,NA,NA,2,NA,NA,NA,5,1,https://www.airbnb.com/rooms/776685339700901948
776685513171440400,$84.00,NA,2,1,1,1,4.6,5,https://www.airbnb.com/rooms/776685513171440422
776755386216958300,$99.00,NA,1,1,1,1,5,1,https://www.airbnb.com/rooms/776755386216958333
776759187442679700,$140.00,Neighborhood highlights,2,1,1,1,5,1,https://www.airbnb.com/rooms/776759187442679676
776812321278979e3,$185.00,NA,3,1,1,2,3,1,https://www.airbnb.com/rooms/776812321278978993
77695808143799e4,$250.00,NA,2,1.5,1,1,4.99,100,https://www.airbnb.com/rooms/776958081437989970
776975856045992800,$114.00,NA,2,1,1,1,4.5,2,https://www.airbnb.com/rooms/776975856045992795
777036048726023300,$200.00,Neighborhood highlights,2,1,1,4,NA,0,https://www.airbnb.com/rooms/777036048726023247
777055348975412500,$400.00,NA,4,1,1,1,5,11,https://www.airbnb.com/rooms/777055348975412534
777172137305161200,$110.00,Neighborhood highlights,2,1,1,1,4.83,6,https://www.airbnb.com/rooms/777172137305161162
777210105036572500,$136.00,NA,2,1,1,1,4.67,3,https://www.airbnb.com/rooms/777210105036572525
777263304379648e3,$61.00,Neighborhood highlights,2,1,1,1,5,6,https://www.airbnb.com/rooms/777263304379648003
777280711796252200,NA,Neighborhood highlights,1,NA,NA,NA,NA,0,https://www.airbnb.com/rooms/777280711796252100
777403051452968800,$70.00,NA,2,1,1,1,5,1,https://www.airbnb.com/rooms/777403051452968837
777428711682463100,$252.00,Neighborhood highlights,2,1,1,1,NA,0,https://www.airbnb.com/rooms/777428711682463144
777430110215839200,NA,Neighborhood highlights,2,NA,1,NA,5,4,https://www.airbnb.com/rooms/777430110215839292
777430853925468500,$200.00,NA,2,1,1,1,NA,0,https://www.airbnb.com/rooms/777430853925468516
777439966917556700,$150.00,NA,2,1,1,1,5,2,https://www.airbnb.com/rooms/777439966917556755
777514171343673200,$200.00,Neighborhood highlights,5,1,2,3,5,2,https://www.airbnb.com/rooms/777514171343673263
777522182326623400,"$1,200.00",NA,4,1,1,2,NA,0,https://www.airbnb.com/rooms/777522182326623385
777522603710150900,$215.00,Neighborhood highlights,5,1,2,3,NA,0,https://www.airbnb.com/rooms/777522603710150946
777547471265399600,$85.00,NA,2,1,1,1,4.5,2,https://www.airbnb.com/rooms/777547471265399608
777563851225514e3,$80.00,NA,1,1,0,2,NA,0,https://www.airbnb.com/rooms/777563851225513973
777572930730588500,NA,NA,1,NA,NA,NA,NA,0,https://www.airbnb.com/rooms/777572930730588568
777626443434564700,$175.00,NA,2,1,1,1,5,5,https://www.airbnb.com/rooms/777626443434564690
777662577507681400,$100.00,NA,5,1,2,2,4.94,53,https://www.airbnb.com/rooms/777662577507681372
777686245168591500,NA,Neighborhood highlights,2,NA,NA,NA,4.68,25,https://www.airbnb.com/rooms/777686245168591491
777760571218948500,$120.00,NA,2,1,1,1,4.95,22,https://www.airbnb.com/rooms/777760571218948460
777772607597689e3,$140.00,NA,4,1,1,1,4.83,18,https://www.airbnb.com/rooms/777772607597688935
777802203255436e3,$585.00,Neighborhood highlights,8,3,4,5,4.97,59,https://www.airbnb.com/rooms/777802203255436038
777819432822411500,$115.00,NA,2,1,0,1,5,4,https://www.airbnb.com/rooms/777819432822411458
778012566509598700,$313.00,Neighborhood highlights,2,1,1,1,NA,0,https://www.airbnb.com/rooms/778012566509598679
778085332786348500,$49.00,NA,4,1,1,3,3.5,2,https://www.airbnb.com/rooms/778085332786348581
778207541912919200,$115.00,Neighborhood highlights,2,1,1,1,4.86,22,https://www.airbnb.com/rooms/778207541912919166
778211862154488600,$189.00,Neighborhood highlights,2,1,1,1,4,2,https://www.airbnb.com/rooms/778211862154488577
778240985641311700,$92.00,NA,2,1,0,1,5,3,https://www.airbnb.com/rooms/778240985641311700
778285620198111e3,NA,Neighborhood highlights,2,NA,NA,NA,NA,0,https://www.airbnb.com/rooms/778285620198111040
778325304359084900,NA,Neighborhood highlights,2,NA,NA,NA,NA,0,https://www.airbnb.com/rooms/778325304359084933
778325440288816400,NA,Neighborhood highlights,2,NA,NA,NA,5,1,https://www.airbnb.com/rooms/778325440288816433
778328470271725300,NA,Neighborhood highlights,2,NA,NA,NA,NA,0,https://www.airbnb.com/rooms/778328470271725273
778358546312923400,$131.00,NA,16,1,1,1,4.87,23,https://www.airbnb.com/rooms/778358546312923409
778365609989129200,$66.00,NA,4,1,2,2,4.43,44,https://www.airbnb.com/rooms/778365609989129245
778372032945749e3,$310.00,NA,4,2,2,2,5,2,https://www.airbnb.com/rooms/778372032945748991
778409450861387600,$133.00,NA,2,1,1,1,NA,0,https://www.airbnb.com/rooms/778409450861387600
778441097353195600,$125.00,NA,2,1,1,1,4.58,40,https://www.airbnb.com/rooms/778441097353195696
778457317754893400,$125.00,Neighborhood highlights,4,2,3,3,4.7,30,https://www.airbnb.com/rooms/778457317754893437
778471998312533600,$145.00,NA,2,1,1,1,5,1,https://www.airbnb.com/rooms/778471998312533603
778498118267495200,$83.00,NA,4,1,3,2,NA,0,https://www.airbnb.com/rooms/778498118267495185
778572000129057400,$180.00,NA,2,1,1,1,4.95,39,https://www.airbnb.com/rooms/778572000129057354
778961842180097500,$252.00,NA,3,1,1,2,5,5,https://www.airbnb.com/rooms/778961842180097549
778969671431878900,$63.00,Neighborhood highlights,2,2,4,1,5,2,https://www.airbnb.com/rooms/778969671431878921
779010937952266800,$90.00,Neighborhood highlights,2,1,1,1,4.78,9,https://www.airbnb.com/rooms/779010937952266773
779054083848267100,$49.00,NA,5,1,1,1,NA,0,https://www.airbnb.com/rooms/779054083848267105
779062833521269100,$49.00,NA,2,1,1,1,NA,0,https://www.airbnb.com/rooms/779062833521269078
779066714362553200,$59.00,Neighborhood highlights,1,1,1,1,5,1,https://www.airbnb.com/rooms/779066714362553158
779071174386476900,NA,Neighborhood highlights,2,NA,1,NA,NA,0,https://www.airbnb.com/rooms/779071174386476941
779090854871808800,NA,NA,1,NA,NA,NA,4,1,https://www.airbnb.com/rooms/779090854871808720
779115268981528800,$85.00,Neighborhood highlights,3,1,1,4,4.7,10,https://www.airbnb.com/rooms/779115268981528799
779232680825776400,$130.00,NA,2,1,1,1,4.67,3,https://www.airbnb.com/rooms/779232680825776409
779269276005048700,NA,Neighborhood highlights,2,NA,NA,NA,4.57,47,https://www.airbnb.com/rooms/779269276005048717
77948259782571e4,$126.00,Neighborhood highlights,2,1,1,1,4.25,4,https://www.airbnb.com/rooms/779482597825709997
779589962168522600,$199.00,NA,2,1,1,1,4.92,25,https://www.airbnb.com/rooms/779589962168522671
779740395267599400,$150.00,NA,2,1,1,1,4.33,3,https://www.airbnb.com/rooms/779740395267599334
779755870650313100,$160.00,NA,2,1,0,1,NA,0,https://www.airbnb.com/rooms/779755870650313105
779776296413227400,$270.00,NA,1,1,1,1,4.75,8,https://www.airbnb.com/rooms/779776296413227357
779785361288282400,$103.00,Neighborhood highlights,2,1,1,1,4.85,54,https://www.airbnb.com/rooms/779785361288282366
779805772745559800,$139.00,Neighborhood highlights,6,1,3,3,4.76,21,https://www.airbnb.com/rooms/779805772745559832
779849998311560200,$185.00,NA,6,1,3,3,4.5,16,https://www.airbnb.com/rooms/779849998311560128
779947890561437700,$453.00,Neighborhood highlights,8,2,3,4,4.79,61,https://www.airbnb.com/rooms/779947890561437735
779948587016223400,NA,Neighborhood highlights,1,NA,NA,NA,4.85,55,https://www.airbnb.com/rooms/779948587016223324
779973859525247400,$145.00,Neighborhood highlights,5,1.5,3,3,5,13,https://www.airbnb.com/rooms/779973859525247404
780006096308383900,$80.00,Neighborhood highlights,2,1,1,1,4.49,49,https://www.airbnb.com/rooms/780006096308383874
780012544575763300,$152.00,NA,2,1,1,1,4.57,47,https://www.airbnb.com/rooms/780012544575763338
780097544898278900,$350.00,Neighborhood highlights,4,1,1,1,4.75,4,https://www.airbnb.com/rooms/780097544898278919
780226637180973700,NA,Neighborhood highlights,4,NA,2,NA,NA,0,https://www.airbnb.com/rooms/780226637180973739
780330742819725800,$80.00,Neighborhood highlights,2,1,1,1,4.75,8,https://www.airbnb.com/rooms/780330742819725859
780355358535644e3,$69.00,NA,1,1,1,1,4.9,10,https://www.airbnb.com/rooms/780355358535644053
780362835164973700,$66.00,NA,1,0,4,1,NA,0,https://www.airbnb.com/rooms/780362835164973659
780363355344579200,$129.00,NA,5,1,2,5,NA,0,https://www.airbnb.com/rooms/780363355344579209
780367558387044700,$133.00,NA,5,1,2,3,5,2,https://www.airbnb.com/rooms/780367558387044721
780409713898964500,NA,NA,1,NA,1,NA,5,1,https://www.airbnb.com/rooms/780409713898964454
780503121275543400,NA,NA,3,NA,1,NA,5,1,https://www.airbnb.com/rooms/780503121275543368
780543234013911200,NA,Neighborhood highlights,2,NA,1,NA,5,1,https://www.airbnb.com/rooms/780543234013911132
780587217645146400,NA,Neighborhood highlights,4,NA,1,NA,5,1,https://www.airbnb.com/rooms/780587217645146312
780590521339559300,$106.00,Neighborhood highlights,2,1,1,1,4.25,12,https://www.airbnb.com/rooms/780590521339559338
780592966741103900,NA,NA,1,NA,NA,NA,5,4,https://www.airbnb.com/rooms/780592966741103871
780642785627206400,$169.00,Neighborhood highlights,2,1,1,1,5,2,https://www.airbnb.com/rooms/780642785627206396
780668483288863200,$200.00,NA,1,1,1,1,5,1,https://www.airbnb.com/rooms/780668483288863242
780680904587426400,$86.00,NA,3,1,1,1,4,7,https://www.airbnb.com/rooms/780680904587426457
780692750042272500,$80.00,Neighborhood highlights,2,1,1,1,5,6,https://www.airbnb.com/rooms/780692750042272542
780793386308713500,"$1,809.00",Neighborhood highlights,6,2.5,3,3,5,2,https://www.airbnb.com/rooms/780793386308713533
780873794976431600,$400.00,NA,6,2,4,3,NA,0,https://www.airbnb.com/rooms/780873794976431657
780897141519639800,$520.00,NA,6,2,3,3,NA,0,https://www.airbnb.com/rooms/780897141519639753
780947188230304900,NA,Neighborhood highlights,1,NA,NA,NA,4.92,12,https://www.airbnb.com/rooms/780947188230304953
781059481077262100,NA,Neighborhood highlights,2,NA,1,NA,5,1,https://www.airbnb.com/rooms/781059481077262062
781070167326135200,$200.00,NA,2,1,1,1,4,1,https://www.airbnb.com/rooms/781070167326135184
781179155479529900,$350.00,Neighborhood highlights,2,1,1,1,NA,0,https://www.airbnb.com/rooms/781179155479529903
781241825396822500,NA,Neighborhood highlights,4,NA,1,NA,4.96,47,https://www.airbnb.com/rooms/781241825396822509
781242816348905900,$586.00,NA,8,1,0,2,4.69,48,https://www.airbnb.com/rooms/781242816348905832
781275298457084e3,NA,Neighborhood highlights,5,NA,2,NA,5,1,https://www.airbnb.com/rooms/781275298457083998
781311253609661e3,$80.00,NA,1,1,2,1,5,3,https://www.airbnb.com/rooms/781311253609661076
781353493483293600,$555.00,NA,4,1,1,1,4.79,19,https://www.airbnb.com/rooms/781353493483293571
78135425717722e4,NA,Neighborhood highlights,3,NA,NA,NA,5,13,https://www.airbnb.com/rooms/781354257177220014
781371447326333800,NA,NA,2,NA,1,NA,4.67,30,https://www.airbnb.com/rooms/781371447326333858
781375615513612700,$180.00,NA,4,1,1,1,4.5,8,https://www.airbnb.com/rooms/781375615513612622
7.8138716227531994e+17,$154.00,Neighborhood highlights,4,1,3,3,4.83,42,https://www.airbnb.com/rooms/781387162275319892
781400979774367e3,$178.00,NA,6,1,2,3,5,1,https://www.airbnb.com/rooms/781400979774367017
781415651072000600,NA,Neighborhood highlights,2,NA,NA,NA,4.93,15,https://www.airbnb.com/rooms/781415651072000593
781447553772633200,$256.00,Neighborhood highlights,6,1,2,2,4.67,55,https://www.airbnb.com/rooms/781447553772633220
781688772983269600,$594.00,Neighborhood highlights,6,2,3,3,NA,0,https://www.airbnb.com/rooms/781688772983269636
781689525335094300,$406.00,Neighborhood highlights,4,1,2,2,NA,0,https://www.airbnb.com/rooms/781689525335094212
781761125235738900,$55.00,NA,2,2,3,1,4.63,16,https://www.airbnb.com/rooms/781761125235738936
781800348872823300,$300.00,Neighborhood highlights,4,1,1,1,5,4,https://www.airbnb.com/rooms/781800348872823259
781804244104102400,$127.00,Neighborhood highlights,2,1,1,1,4.96,95,https://www.airbnb.com/rooms/781804244104102364
781826694930863900,NA,NA,5,NA,2,NA,5,1,https://www.airbnb.com/rooms/781826694930863880
781837617897194800,$157.00,Neighborhood highlights,2,1,1,1,5,2,https://www.airbnb.com/rooms/781837617897194814
781851253728798700,$80.00,NA,1,1,1,1,2,1,https://www.airbnb.com/rooms/781851253728798676
781858976833844700,$170.00,NA,2,1,0,1,4.78,9,https://www.airbnb.com/rooms/781858976833844693
781867846191956900,$70.00,Neighborhood highlights,2,1,1,1,4.67,3,https://www.airbnb.com/rooms/781867846191956842
781921444998908e3,$850.00,NA,16,0.5,0,1,NA,0,https://www.airbnb.com/rooms/781921444998908083
781949645524311300,$120.00,NA,8,1.5,3,6,4.8,10,https://www.airbnb.com/rooms/781949645524311249
781954441500425e3,NA,NA,2,NA,1,NA,4.5,6,https://www.airbnb.com/rooms/781954441500424897
781958828895172900,$110.00,NA,5,1,3,3,4.92,25,https://www.airbnb.com/rooms/781958828895172889
781968768297440100,$170.00,Neighborhood highlights,4,2,2,2,5,22,https://www.airbnb.com/rooms/781968768297440066
781979920797861e3,$203.00,Neighborhood highlights,2,1,1,2,5,2,https://www.airbnb.com/rooms/781979920797861016
782103563723922600,NA,Neighborhood highlights,2,NA,NA,NA,4.92,12,https://www.airbnb.com/rooms/782103563723922579
782158354276327e3,$36.00,Neighborhood highlights,2,1,1,1,4.81,16,https://www.airbnb.com/rooms/782158354276327003
782300583829333100,$235.00,Neighborhood highlights,4,1,2,2,4.5,4,https://www.airbnb.com/rooms/782300583829333108
782404014855199900,$232.00,Neighborhood highlights,2,1,0,1,NA,0,https://www.airbnb.com/rooms/782404014855199852
782422485359542900,$565.00,Neighborhood highlights,8,3,4,4,5,3,https://www.airbnb.com/rooms/782422485359542853
782436079416449200,$40.00,NA,1,3,1,6,NA,0,https://www.airbnb.com/rooms/782436079416449092
782595339625590700,$150.00,Neighborhood highlights,4,1,2,2,5,2,https://www.airbnb.com/rooms/782595339625590679
782597410395791e3,$68.00,NA,1,0,3,1,NA,0,https://www.airbnb.com/rooms/782597410395790962
782602259984951300,$150.00,NA,4,1,2,2,2,2,https://www.airbnb.com/rooms/782602259984951279
782661008019550800,$150.00,NA,2,1,1,2,5,8,https://www.airbnb.com/rooms/782661008019550832
782703731135941900,$243.00,Neighborhood highlights,6,1.5,3,1,5,10,https://www.airbnb.com/rooms/782703731135941912
782837059423534e3,$100.00,NA,2,1,1,2,4.85,62,https://www.airbnb.com/rooms/782837059423533942
782868550918058500,$179.00,NA,6,1,2,4,4.96,46,https://www.airbnb.com/rooms/782868550918058550
782932651604019300,$320.00,Neighborhood highlights,2,1,1,1,5,9,https://www.airbnb.com/rooms/782932651604019354
783197230697315700,$353.00,Neighborhood highlights,2,2,1,1,NA,0,https://www.airbnb.com/rooms/783197230697315653
783208968751785900,$155.00,NA,2,1,1,1,4.67,3,https://www.airbnb.com/rooms/783208968751785901
783231572150683900,NA,NA,2,NA,1,NA,NA,0,https://www.airbnb.com/rooms/783231572150683927
783291200468768300,$60.00,NA,1,1,2,2,5,1,https://www.airbnb.com/rooms/783291200468768256
783296639856949800,NA,NA,2,NA,1,NA,5,3,https://www.airbnb.com/rooms/783296639856949704
783305472099181300,$230.00,Neighborhood highlights,2,1,1,1,5,1,https://www.airbnb.com/rooms/783305472099181331
783324749766796900,$150.00,Neighborhood highlights,5,1,2,3,4.33,3,https://www.airbnb.com/rooms/783324749766796882
783350966806640100,$239.00,Neighborhood highlights,2,1,1,1,4.71,7,https://www.airbnb.com/rooms/783350966806640141
783383010954013400,NA,NA,3,NA,1,NA,NA,0,https://www.airbnb.com/rooms/783383010954013483
783387491435863700,$295.00,NA,7,2,3,3,4.88,81,https://www.airbnb.com/rooms/783387491435863626
783418787539774800,$52.00,NA,2,2,1,1,4.5,2,https://www.airbnb.com/rooms/783418787539774791
783420775267244e3,$182.00,Neighborhood highlights,4,1,2,2,4.81,75,https://www.airbnb.com/rooms/783420775267244079
783464024543160300,NA,Neighborhood highlights,2,NA,NA,NA,NA,0,https://www.airbnb.com/rooms/783464024543160331
783522420840578400,$224.00,Neighborhood highlights,2,1,0,2,4.98,50,https://www.airbnb.com/rooms/783522420840578469
783565797144842800,$172.00,Neighborhood highlights,5,1.5,2,4,3,1,https://www.airbnb.com/rooms/783565797144842727
783598650982737e3,$59.00,Neighborhood highlights,1,1,1,1,4.27,11,https://www.airbnb.com/rooms/783598650982737063
783603959542380700,$71.00,NA,2,2,1,1,4.74,61,https://www.airbnb.com/rooms/783603959542380666
783615162751617900,$88.00,NA,3,2,1,2,4.64,53,https://www.airbnb.com/rooms/783615162751617942
783619413754613900,$40.00,NA,2,2,1,1,4.83,53,https://www.airbnb.com/rooms/783619413754613935
783623234937280900,$78.00,NA,2,2,1,2,4.67,33,https://www.airbnb.com/rooms/783623234937280854
783628564574548100,NA,Neighborhood highlights,2,NA,NA,NA,4.5,4,https://www.airbnb.com/rooms/783628564574548109
783887633857620100,$123.00,Neighborhood highlights,1,1,1,1,5,10,https://www.airbnb.com/rooms/783887633857620089
783995604151733e3,$150.00,NA,1,1,1,1,5,10,https://www.airbnb.com/rooms/783995604151732967
784006807530911600,$188.00,NA,2,1,3,4,4.87,31,https://www.airbnb.com/rooms/784006807530911630
784023302325164500,$95.00,Neighborhood highlights,1,1,1,1,5,12,https://www.airbnb.com/rooms/784023302325164605
784078789798672300,$185.00,Neighborhood highlights,2,1,1,1,5,5,https://www.airbnb.com/rooms/784078789798672305
784155384180596200,$232.00,Neighborhood highlights,4,1,0,2,4.95,21,https://www.airbnb.com/rooms/784155384180596269
784294277993627600,$600.00,NA,2,1,1,1,4.67,3,https://www.airbnb.com/rooms/784294277993627702
784672458205813500,$165.00,Neighborhood highlights,2,1,2,2,4.71,38,https://www.airbnb.com/rooms/784672458205813555
784739684946519e3,NA,NA,1,NA,NA,NA,4.86,7,https://www.airbnb.com/rooms/784739684946519089
784769682704759400,NA,Neighborhood highlights,1,NA,NA,NA,5,3,https://www.airbnb.com/rooms/784769682704759415
784777365560010900,$116.00,Neighborhood highlights,4,1,2,2,4.5,10,https://www.airbnb.com/rooms/784777365560010842
784796714161686500,$153.00,Neighborhood highlights,2,1,2,2,5,13,https://www.airbnb.com/rooms/784796714161686484
784840483028971e3,NA,NA,1,NA,NA,NA,NA,0,https://www.airbnb.com/rooms/784840483028971030
784864404356521200,$166.00,Neighborhood highlights,3,1,0,1,4.67,6,https://www.airbnb.com/rooms/784864404356521208
784908269976623700,$89.00,Neighborhood highlights,1,1,1,1,4.93,73,https://www.airbnb.com/rooms/784908269976623770
784913772644779800,$279.00,Neighborhood highlights,5,1,3,3,4.7,27,https://www.airbnb.com/rooms/784913772644779819
784992346056177700,$250.00,Neighborhood highlights,5,1,3,4,4,4,https://www.airbnb.com/rooms/784992346056177689
785307189248622600,$112.00,NA,2,1,2,1,NA,0,https://www.airbnb.com/rooms/785307189248622614
785362965883004800,$880.00,Neighborhood highlights,4,1,2,2,4.75,8,https://www.airbnb.com/rooms/785362965883004752
785371568025424400,"$1,087.00",Neighborhood highlights,6,2,3,3,NA,0,https://www.airbnb.com/rooms/785371568025424433
785403855673751400,$168.00,NA,3,1,1,1,4.86,65,https://www.airbnb.com/rooms/785403855673751437
785441392943528300,$69.00,NA,2,1,1,1,4.88,16,https://www.airbnb.com/rooms/785441392943528281
785477500044951e3,$194.00,Neighborhood highlights,3,1,1,1,NA,0,https://www.airbnb.com/rooms/785477500044951072
785499763795327500,$201.00,Neighborhood highlights,3,1,1,1,NA,0,https://www.airbnb.com/rooms/785499763795327535
785521981225215700,$450.00,Neighborhood highlights,5,1,2,2,5,4,https://www.airbnb.com/rooms/785521981225215719
785543928131086200,$125.00,Neighborhood highlights,2,1,1,2,4.9,51,https://www.airbnb.com/rooms/785543928131086231
785551578162671200,NA,Neighborhood highlights,3,NA,1,NA,NA,0,https://www.airbnb.com/rooms/785551578162671182
785573790051977900,NA,NA,8,NA,3,NA,4.83,30,https://www.airbnb.com/rooms/785573790051977844
785579879561981800,NA,NA,1,NA,NA,NA,NA,0,https://www.airbnb.com/rooms/785579879561981885
785601696900959100,$69.00,NA,1,2,1,1,3,1,https://www.airbnb.com/rooms/785601696900959075
785614258641560400,$35.00,NA,1,1.5,1,1,4.58,19,https://www.airbnb.com/rooms/785614258641560502
785637169517267600,$69.00,NA,1,2,1,1,3,1,https://www.airbnb.com/rooms/785637169517267565
785683155296015100,$500.00,NA,2,1,1,2,5,1,https://www.airbnb.com/rooms/785683155296015149
785688352714247300,$200.00,NA,1,1,1,1,NA,0,https://www.airbnb.com/rooms/785688352714247316
785740793749619500,$70.00,NA,1,1,1,1,4.75,4,https://www.airbnb.com/rooms/785740793749619403
785838111442366500,"$1,428.00",NA,4,2,2,2,4.97,31,https://www.airbnb.com/rooms/785838111442366460
785853179336797400,$50.00,Neighborhood highlights,1,1,1,1,5,6,https://www.airbnb.com/rooms/785853179336797488
786136894869462300,$170.00,Neighborhood highlights,2,1,1,1,4.93,30,https://www.airbnb.com/rooms/786136894869462302
786149074369437300,NA,NA,3,NA,NA,NA,NA,0,https://www.airbnb.com/rooms/786149074369437257
786153051297683100,$139.00,Neighborhood highlights,5,1,1,6,4.96,54,https://www.airbnb.com/rooms/786153051297683129
786178301572408700,$369.00,Neighborhood highlights,3,1,1,2,NA,0,https://www.airbnb.com/rooms/786178301572408675
786182923448059300,$225.00,NA,2,1,1,1,4.86,14,https://www.airbnb.com/rooms/786182923448059288
786219293800411800,$220.00,Neighborhood highlights,2,1,0,1,4.92,60,https://www.airbnb.com/rooms/786219293800411819
786247981418944100,NA,Neighborhood highlights,2,NA,NA,NA,5,2,https://www.airbnb.com/rooms/786247981418944065
786291775348380900,NA,NA,1,NA,NA,NA,NA,0,https://www.airbnb.com/rooms/786291775348380922
786335345121370200,$160.00,Neighborhood highlights,2,1,1,1,NA,0,https://www.airbnb.com/rooms/786335345121370277
786339755153004700,NA,NA,1,NA,NA,NA,5,2,https://www.airbnb.com/rooms/786339755153004626
786351045272502100,NA,NA,1,NA,NA,NA,5,2,https://www.airbnb.com/rooms/786351045272502197
786353625151565400,$148.00,NA,5,1,2,3,4.75,16,https://www.airbnb.com/rooms/786353625151565474
786375276017393800,NA,Neighborhood highlights,4,NA,1,NA,NA,0,https://www.airbnb.com/rooms/786375276017393762
786453675169924200,$120.00,Neighborhood highlights,2,1,0,1,5,5,https://www.airbnb.com/rooms/786453675169924255
786468537556489100,$55.00,Neighborhood highlights,2,2,1,1,4.92,12,https://www.airbnb.com/rooms/786468537556489088
786507816464532900,$38.00,NA,1,1,1,1,3,1,https://www.airbnb.com/rooms/786507816464532831
7.8656144285357606e+17,$61.00,Neighborhood highlights,2,1,1,1,5,1,https://www.airbnb.com/rooms/786561442853576095
786567164909772800,$180.00,Neighborhood highlights,8,1,2,2,4.58,19,https://www.airbnb.com/rooms/786567164909772806
786689028697613400,$98.00,NA,2,1,1,1,4.8,5,https://www.airbnb.com/rooms/786689028697613402
786704154938363100,$200.00,NA,2,1,1,4,1,1,https://www.airbnb.com/rooms/786704154938363139
786813064665583600,$361.00,Neighborhood highlights,2,1,1,1,NA,0,https://www.airbnb.com/rooms/786813064665583652
786813426813213e3,$186.00,Neighborhood highlights,2,1,0,1,NA,0,https://www.airbnb.com/rooms/786813426813213019
786813705384661200,$286.00,Neighborhood highlights,2,1,0,1,NA,0,https://www.airbnb.com/rooms/786813705384661274
786824512560944e3,$93.00,NA,6,1,1,2,5,3,https://www.airbnb.com/rooms/786824512560943945
786852693185472400,NA,NA,1,NA,NA,NA,4.39,23,https://www.airbnb.com/rooms/786852693185472423
786853979180496e3,$176.00,Neighborhood highlights,2,1,1,1,4.9,10,https://www.airbnb.com/rooms/786853979180496029
786875707533342700,NA,NA,2,NA,1,NA,NA,0,https://www.airbnb.com/rooms/786875707533342660
786892001532429700,$200.00,Neighborhood highlights,3,1.5,1,1,5,4,https://www.airbnb.com/rooms/786892001532429718
786915040612156900,$70.00,NA,2,1,1,1,4.96,24,https://www.airbnb.com/rooms/786915040612156936
786944318902153300,NA,NA,4,NA,2,NA,5,5,https://www.airbnb.com/rooms/786944318902153348
786986645361368400,NA,NA,3,1,1,1,5,22,https://www.airbnb.com/rooms/786986645361368404
787003220376895600,NA,Neighborhood highlights,2,1,1,1,4.75,4,https://www.airbnb.com/rooms/787003220376895637
787065483397206300,$83.00,Neighborhood highlights,2,1,1,1,4.81,48,https://www.airbnb.com/rooms/787065483397206331
787169234885074200,$160.00,NA,4,1,0,1,5,1,https://www.airbnb.com/rooms/787169234885074235
787197176717299100,NA,NA,2,NA,1,NA,NA,0,https://www.airbnb.com/rooms/787197176717299032
787238307521673200,$120.00,NA,2,1,1,1,4,3,https://www.airbnb.com/rooms/787238307521673198
787322546345191700,$52.00,Neighborhood highlights,2,1,1,1,5,2,https://www.airbnb.com/rooms/787322546345191716
787489993862135400,NA,NA,2,NA,1,NA,5,8,https://www.airbnb.com/rooms/787489993862135422
787542718152766700,NA,Neighborhood highlights,2,NA,NA,NA,4.46,13,https://www.airbnb.com/rooms/787542718152766766
787547046845187800,$494.00,Neighborhood highlights,5,2,3,3,4.75,4,https://www.airbnb.com/rooms/787547046845187866
787550427791648500,$435.00,Neighborhood highlights,4,1,2,2,NA,0,https://www.airbnb.com/rooms/787550427791648461
787564313404336500,$549.00,NA,4,2,2,3,NA,0,https://www.airbnb.com/rooms/787564313404336491
787590858545007500,$169.00,NA,4,1,1,4,5,2,https://www.airbnb.com/rooms/787590858545007533
7.8763956702568794e+17,$175.00,Neighborhood highlights,8,1,4,4,NA,0,https://www.airbnb.com/rooms/787639567025687909
787857735797161100,$264.00,Neighborhood highlights,8,1,2,8,4.81,124,https://www.airbnb.com/rooms/787857735797161138
787866935649635600,$289.00,NA,2,1,2,3,4.71,14,https://www.airbnb.com/rooms/787866935649635640
787917881988426100,$52.00,Neighborhood highlights,2,1,1,1,5,4,https://www.airbnb.com/rooms/787917881988426164
787999065887227400,$130.00,NA,3,1,0,2,4.81,16,https://www.airbnb.com/rooms/787999065887227438
788055270949292400,NA,Neighborhood highlights,2,NA,NA,NA,NA,0,https://www.airbnb.com/rooms/788055270949292372
788070664074856700,$52.00,Neighborhood highlights,2,1,1,1,5,1,https://www.airbnb.com/rooms/788070664074856714
788192708878692e3,$75.00,NA,2,1,1,1,5,9,https://www.airbnb.com/rooms/788192708878691930
788232571811385900,$75.00,NA,2,1,1,1,4.67,3,https://www.airbnb.com/rooms/788232571811385805
788247508204883800,$257.00,Neighborhood highlights,2,1,0,1,4,1,https://www.airbnb.com/rooms/788247508204883788
788328674800030200,$96.00,Neighborhood highlights,2,1,1,1,5,6,https://www.airbnb.com/rooms/788328674800030171
788369883897315100,$165.00,NA,7,1,3,6,4.48,21,https://www.airbnb.com/rooms/788369883897315053
788369892978534900,$165.00,NA,8,2,4,8,4.21,29,https://www.airbnb.com/rooms/788369892978534926
788465505169839900,$586.00,NA,8,1,0,2,4.82,28,https://www.airbnb.com/rooms/788465505169839820
788512025481953e3,$70.00,NA,1,1,1,1,1,1,https://www.airbnb.com/rooms/788512025481953001
788537271422081500,NA,NA,2,NA,1,NA,5,5,https://www.airbnb.com/rooms/788537271422081521
788623244188373800,$327.00,NA,5,1,3,3,5,1,https://www.airbnb.com/rooms/788623244188373762
788636784435692900,$650.00,NA,8,2.5,3,4,5,10,https://www.airbnb.com/rooms/788636784435692945
788691798582721400,NA,NA,5,NA,1,NA,4.17,6,https://www.airbnb.com/rooms/788691798582721345
788972847900260100,$100.00,NA,2,1.5,1,2,4.71,17,https://www.airbnb.com/rooms/788972847900260034
789029499490692200,$175.00,Neighborhood highlights,2,1,1,1,4.55,20,https://www.airbnb.com/rooms/789029499490692194
789054232678927500,NA,NA,2,NA,1,NA,4.6,5,https://www.airbnb.com/rooms/789054232678927551
789199307199774300,$50.00,NA,2,1,2,1,NA,0,https://www.airbnb.com/rooms/789199307199774305
789257430540589700,$180.00,Neighborhood highlights,6,1,2,2,4.47,15,https://www.airbnb.com/rooms/789257430540589759
789257436611194400,$85.00,Neighborhood highlights,3,1,1,1,4.65,20,https://www.airbnb.com/rooms/789257436611194430
789315594016470300,$146.00,NA,3,1,2,2,NA,0,https://www.airbnb.com/rooms/789315594016470303
789320175843443e3,$300.00,NA,6,2,3,3,4.74,19,https://www.airbnb.com/rooms/789320175843442930
789446125370099600,$188.00,Neighborhood highlights,2,1,1,1,4.91,55,https://www.airbnb.com/rooms/789446125370099615
789675424105946800,$45.00,NA,1,2,4,1,NA,0,https://www.airbnb.com/rooms/789675424105946691
789758936783657100,NA,Neighborhood highlights,2,NA,NA,NA,5,4,https://www.airbnb.com/rooms/789758936783657072
789762861812559200,NA,Neighborhood highlights,2,NA,NA,NA,5,9,https://www.airbnb.com/rooms/789762861812559195
789818156626793500,$350.00,NA,6,2,2,2,NA,0,https://www.airbnb.com/rooms/789818156626793452
789829147997054700,$75.00,NA,1,1,1,1,NA,0,https://www.airbnb.com/rooms/789829147997054743
789835463760764300,$345.00,NA,6,2,2,2,NA,0,https://www.airbnb.com/rooms/789835463760764236
789847148265695e3,$220.00,NA,3,1,0,1,5,2,https://www.airbnb.com/rooms/789847148265694934
789850979080614900,$225.00,NA,3,1,0,1,NA,0,https://www.airbnb.com/rooms/789850979080614897
789857234658564600,$92.00,Neighborhood highlights,1,1,2,2,5,3,https://www.airbnb.com/rooms/789857234658564657
789958840769275600,NA,NA,2,NA,1,NA,4.25,4,https://www.airbnb.com/rooms/789958840769275624
789961263149182300,NA,Neighborhood highlights,2,NA,NA,NA,5,1,https://www.airbnb.com/rooms/789961263149182314
789978894134632200,$59.00,NA,1,1,1,1,2.25,4,https://www.airbnb.com/rooms/789978894134632222
790040738335583400,$59.00,Neighborhood highlights,1,1,1,1,4.92,13,https://www.airbnb.com/rooms/790040738335583345
790100050734804400,NA,Neighborhood highlights,1,NA,NA,NA,5,3,https://www.airbnb.com/rooms/790100050734804371
790110712110282200,$150.00,NA,2,1,0,1,4,2,https://www.airbnb.com/rooms/790110712110282257
790126950595547900,$155.00,NA,3,1,2,2,NA,0,https://www.airbnb.com/rooms/790126950595547841
790133329816336800,$65.00,NA,2,1,1,1,4.93,14,https://www.airbnb.com/rooms/790133329816336743
7903335760795e5,$47.00,NA,2,1,1,1,3,1,https://www.airbnb.com/rooms/790333576079499985
790526078204876300,$100.00,Neighborhood highlights,2,1,1,2,4.83,6,https://www.airbnb.com/rooms/790526078204876288
790527792300128400,$167.00,Neighborhood highlights,2,1.5,1,1,4.99,72,https://www.airbnb.com/rooms/790527792300128395
790530143812144400,$203.00,NA,2,1,1,1,NA,0,https://www.airbnb.com/rooms/790530143812144447
790545997885341800,$175.00,Neighborhood highlights,2,1,1,1,4.96,27,https://www.airbnb.com/rooms/790545997885341824
790576401772345300,NA,Neighborhood highlights,5,NA,2,NA,5,1,https://www.airbnb.com/rooms/790576401772345363
790607463405973400,$51.00,Neighborhood highlights,1,1,1,1,3.67,3,https://www.airbnb.com/rooms/790607463405973395
790642720405672400,$50.00,NA,2,1,1,1,NA,0,https://www.airbnb.com/rooms/790642720405672493
790681115900703500,$500.00,NA,2,1,1,1,NA,0,https://www.airbnb.com/rooms/790681115900703507
790682390329571300,$199.00,Neighborhood highlights,4,1,2,2,4.9,48,https://www.airbnb.com/rooms/790682390329571283
790689611092003e3,$143.00,Neighborhood highlights,2,1,1,1,4.92,24,https://www.airbnb.com/rooms/790689611092002953
790690458373831300,$150.00,Neighborhood highlights,2,1,1,1,5,2,https://www.airbnb.com/rooms/790690458373831288
790823862952309400,$79.00,Neighborhood highlights,1,1,1,1,5,14,https://www.airbnb.com/rooms/790823862952309361
790946338212660900,$320.00,Neighborhood highlights,8,2,2,2,NA,0,https://www.airbnb.com/rooms/790946338212660871
790946345719115800,$320.00,Neighborhood highlights,8,2,2,2,NA,0,https://www.airbnb.com/rooms/790946345719115749
790946362152462200,$320.00,Neighborhood highlights,8,2,2,2,NA,0,https://www.airbnb.com/rooms/790946362152462177
791089336676417500,$393.00,Neighborhood highlights,8,2,3,5,4.94,33,https://www.airbnb.com/rooms/791089336676417488
791171438144826e3,$499.00,Neighborhood highlights,4,2,2,2,NA,0,https://www.airbnb.com/rooms/791171438144825999
791200059474381800,$179.00,NA,5,1,2,3,5,1,https://www.airbnb.com/rooms/791200059474381820
791224387772379900,$120.00,NA,2,1,1,1,NA,0,https://www.airbnb.com/rooms/791224387772379947
791243921943197300,$200.00,NA,3,1,2,2,4.83,6,https://www.airbnb.com/rooms/791243921943197302
791250597874813400,$150.00,Neighborhood highlights,4,1,2,2,4.52,21,https://www.airbnb.com/rooms/791250597874813492
791289377443396700,$179.00,NA,2,1,1,2,3,2,https://www.airbnb.com/rooms/791289377443396780
791325232039728300,$180.00,NA,3,1,2,2,4.6,5,https://www.airbnb.com/rooms/791325232039728302
791362835878118500,$50.00,Neighborhood highlights,2,1,1,1,NA,0,https://www.airbnb.com/rooms/791362835878118534
791365259981867400,NA,NA,2,NA,1,NA,NA,0,https://www.airbnb.com/rooms/791365259981867392
791369873281663900,$165.00,Neighborhood highlights,3,1,1,1,NA,0,https://www.airbnb.com/rooms/791369873281663826
791371524330750300,$50.00,Neighborhood highlights,2,1,1,1,2,1,https://www.airbnb.com/rooms/791371524330750277
791382115379320800,NA,Neighborhood highlights,3,NA,1,NA,4.53,17,https://www.airbnb.com/rooms/791382115379320797
791460584187166300,$32.00,NA,1,1,1,1,5,3,https://www.airbnb.com/rooms/791460584187166313
791539646807027100,$214.00,NA,1,1,1,1,NA,0,https://www.airbnb.com/rooms/791539646807027059
791547385152000300,$84.00,Neighborhood highlights,5,1,1,3,4.73,22,https://www.airbnb.com/rooms/791547385152000202
791754056397616600,$107.00,NA,2,2,1,2,5,8,https://www.airbnb.com/rooms/791754056397616680
7.9186836071154406e+17,$346.00,Neighborhood highlights,4,1.5,2,2,NA,0,https://www.airbnb.com/rooms/791868360711544019
791870872637565300,$455.00,Neighborhood highlights,4,1,2,2,NA,0,https://www.airbnb.com/rooms/791870872637565318
791899211876811800,$249.00,Neighborhood highlights,3,1,1,1,NA,0,https://www.airbnb.com/rooms/791899211876811806
791933017132228900,$339.00,Neighborhood highlights,4,1,1,2,4.76,68,https://www.airbnb.com/rooms/791933017132228878
791961034657424300,$65.00,NA,1,1,1,1,4.67,3,https://www.airbnb.com/rooms/791961034657424212
792013979965554e3,$51.00,Neighborhood highlights,2,1,1,1,3.67,3,https://www.airbnb.com/rooms/792013979965554077
792014763599128600,$150.00,Neighborhood highlights,4,1,2,2,4.33,6,https://www.airbnb.com/rooms/792014763599128593
792016520538275100,$54.00,Neighborhood highlights,2,1,1,1,NA,0,https://www.airbnb.com/rooms/792016520538275128
792030553416153e3,$255.00,Neighborhood highlights,8,1,3,4,4.2,15,https://www.airbnb.com/rooms/792030553416152987
792036426612454300,$49.00,NA,2,1,1,1,5,7,https://www.airbnb.com/rooms/792036426612454316
792067793364366500,NA,NA,1,NA,NA,NA,5,1,https://www.airbnb.com/rooms/792067793364366503
792071572004799400,$73.00,NA,1,2,1,1,4.5,2,https://www.airbnb.com/rooms/792071572004799347
792084481792213400,$178.00,Neighborhood highlights,2,1,1,2,4.82,17,https://www.airbnb.com/rooms/792084481792213383
792127771538948100,$135.00,NA,4,1,2,2,4.8,41,https://www.airbnb.com/rooms/792127771538948078
792134666827224800,$120.00,NA,2,1,1,1,NA,0,https://www.airbnb.com/rooms/792134666827224780
792142016859270300,$78.00,NA,1,1,1,1,NA,0,https://www.airbnb.com/rooms/792142016859270276
792148666900919600,$42.00,NA,1,2,1,2,4,1,https://www.airbnb.com/rooms/792148666900919539
792154227101270300,$73.00,NA,1,2,1,1,3,1,https://www.airbnb.com/rooms/792154227101270228
792180138795709700,$96.00,Neighborhood highlights,2,1,1,1,4.83,54,https://www.airbnb.com/rooms/792180138795709710
792250086445040800,NA,NA,2,NA,NA,NA,NA,0,https://www.airbnb.com/rooms/792250086445040724
792261106552376400,$130.00,NA,1,1,1,1,NA,0,https://www.airbnb.com/rooms/792261106552376426
792299596251716600,$529.00,Neighborhood highlights,2,1,2,2,5,9,https://www.airbnb.com/rooms/792299596251716571
792424049442672100,$61.00,Neighborhood highlights,2,1,1,1,NA,0,https://www.airbnb.com/rooms/792424049442672164
792762785362533200,$67.00,Neighborhood highlights,2,1,1,1,4.62,13,https://www.airbnb.com/rooms/792762785362533299
792766482547093500,$188.00,Neighborhood highlights,4,2,2,2,5,2,https://www.airbnb.com/rooms/792766482547093509
792775101360784900,$220.00,Neighborhood highlights,3,1,1,2,NA,0,https://www.airbnb.com/rooms/792775101360784896
792793758746280400,$229.00,Neighborhood highlights,2,1,1,1,5,3,https://www.airbnb.com/rooms/792793758746280508
792797538929761300,$320.00,Neighborhood highlights,6,2,3,3,5,1,https://www.airbnb.com/rooms/792797538929761246
792827337331391e3,$92.00,Neighborhood highlights,4,1,2,2,4.17,6,https://www.airbnb.com/rooms/792827337331390990
792894603379980500,$41.00,Neighborhood highlights,1,1,1,1,4.75,4,https://www.airbnb.com/rooms/792894603379980524
793061028524792300,$55.00,NA,1,1,1,1,NA,0,https://www.airbnb.com/rooms/793061028524792296
793077319627619100,$180.00,NA,7,1,3,3,4.87,15,https://www.airbnb.com/rooms/793077319627619018
793077855709558500,$66.00,NA,1,1,1,1,5,10,https://www.airbnb.com/rooms/793077855709558476
793305335027186700,$444.00,Neighborhood highlights,4,1,2,2,NA,0,https://www.airbnb.com/rooms/793305335027186680
793305971249109e3,$343.00,Neighborhood highlights,4,1,2,2,NA,0,https://www.airbnb.com/rooms/793305971249108991
793306261107429600,$204.00,Neighborhood highlights,2,1,1,1,NA,0,https://www.airbnb.com/rooms/793306261107429606
793306651460198900,$221.00,Neighborhood highlights,2,1,1,1,5,1,https://www.airbnb.com/rooms/793306651460198879
793365218403814300,NA,NA,2,NA,NA,NA,NA,0,https://www.airbnb.com/rooms/793365218403814231
793439340837321e3,$64.00,Neighborhood highlights,2,1,1,1,4.71,28,https://www.airbnb.com/rooms/793439340837320926
793446715018744400,$64.00,Neighborhood highlights,2,1,1,1,4.83,18,https://www.airbnb.com/rooms/793446715018744491
793471885965153e3,$66.00,NA,1,1,1,1,5,6,https://www.airbnb.com/rooms/793471885965153009
793539365815167400,$165.00,NA,2,1,1,1,4.47,57,https://www.airbnb.com/rooms/793539365815167335
793551771063195e3,"$2,900.00",Neighborhood highlights,16,1,0,1,NA,0,https://www.airbnb.com/rooms/793551771063195015
793573252682592400,NA,Neighborhood highlights,4,NA,2,NA,5,1,https://www.airbnb.com/rooms/793573252682592352
793638699862272300,NA,Neighborhood highlights,2,1,1,1,4.6,144,https://www.airbnb.com/rooms/793638699862272241
793641370570289800,$613.00,Neighborhood highlights,2,1,1,1,5,4,https://www.airbnb.com/rooms/793641370570289731
793669750333185400,$142.00,Neighborhood highlights,1,1,1,1,4.94,32,https://www.airbnb.com/rooms/793669750333185456
793689430315525e3,$85.00,NA,1,1,1,1,5,9,https://www.airbnb.com/rooms/793689430315525053
793702435200340900,$53.00,NA,1,2,4,1,NA,0,https://www.airbnb.com/rooms/793702435200340894
793771032739364400,$69.00,NA,1,1,1,1,5,5,https://www.airbnb.com/rooms/793771032739364362
793966927729526e3,$247.00,Neighborhood highlights,4,1,2,3,4.83,6,https://www.airbnb.com/rooms/793966927729526052
793985712623454800,$90.00,Neighborhood highlights,1,1,1,1,4.44,18,https://www.airbnb.com/rooms/793985712623454837
794069701701387300,$38.00,NA,1,1,1,1,NA,0,https://www.airbnb.com/rooms/794069701701387315
794071520594124800,$300.00,NA,3,1,1,1,NA,0,https://www.airbnb.com/rooms/794071520594124768
794086831982432100,NA,NA,2,NA,1,NA,4.78,9,https://www.airbnb.com/rooms/794086831982432169
794102173009657100,$160.00,Neighborhood highlights,3,1,1,1,4.8,41,https://www.airbnb.com/rooms/794102173009657122
794225336036117900,$355.00,Neighborhood highlights,4,1,2,2,4.8,5,https://www.airbnb.com/rooms/794225336036117914
794327873563551900,$250.00,NA,6,1,3,3,4.67,18,https://www.airbnb.com/rooms/794327873563551886
794362382367989200,NA,NA,1,NA,NA,NA,NA,0,https://www.airbnb.com/rooms/794362382367989204
794381586846683e3,$543.00,Neighborhood highlights,6,3,5,4,4.8,10,https://www.airbnb.com/rooms/794381586846683007
794387732348122600,NA,Neighborhood highlights,2,NA,2,NA,5,8,https://www.airbnb.com/rooms/794387732348122664
794402245097154800,$48.00,Neighborhood highlights,1,1,1,1,5,1,https://www.airbnb.com/rooms/794402245097154880
794696802406920800,NA,NA,2,NA,1,NA,4.91,11,https://www.airbnb.com/rooms/794696802406920855
794900594963152900,$56.00,Neighborhood highlights,1,1,1,1,4.5,8,https://www.airbnb.com/rooms/794900594963152839
794976846491282700,$215.00,Neighborhood highlights,4,1.5,3,4,4.86,7,https://www.airbnb.com/rooms/794976846491282708
794987266231440900,$124.00,Neighborhood highlights,2,1,2,2,4.67,6,https://www.airbnb.com/rooms/794987266231440933
795110369832936700,$165.00,NA,4,1,1,1,4.82,34,https://www.airbnb.com/rooms/795110369832936703
795129805832705800,$41.00,Neighborhood highlights,2,1,1,2,5,1,https://www.airbnb.com/rooms/795129805832705812
795148028623722e3,$70.00,Neighborhood highlights,1,1,1,1,NA,0,https://www.airbnb.com/rooms/795148028623721977
795151139193872900,$100.00,Neighborhood highlights,4,1,1,2,4.88,8,https://www.airbnb.com/rooms/795151139193872895
795186991590914600,$115.00,NA,2,1,1,2,5,10,https://www.airbnb.com/rooms/795186991590914531
79544912316947e4,NA,NA,1,NA,5,NA,5,1,https://www.airbnb.com/rooms/795449123169469966
795575326389008400,$160.00,NA,4,1,1,2,5,2,https://www.airbnb.com/rooms/795575326389008325
795579070811881700,$96.00,Neighborhood highlights,1,0,3,1,NA,0,https://www.airbnb.com/rooms/795579070811881697
795579175996186100,$88.00,Neighborhood highlights,1,0,3,1,1,1,https://www.airbnb.com/rooms/795579175996186080
795579799176020700,$65.00,Neighborhood highlights,1,0,3,1,NA,0,https://www.airbnb.com/rooms/795579799176020785
795579915972582400,$62.00,NA,1,0,4,1,NA,0,https://www.airbnb.com/rooms/795579915972582410
7.9558058294207206e+17,NA,NA,1,NA,4,NA,NA,0,https://www.airbnb.com/rooms/795580582942072128
795581506286799400,$124.00,Neighborhood highlights,1,0,4,1,NA,0,https://www.airbnb.com/rooms/795581506286799320
795582723131479300,$92.00,Neighborhood highlights,1,0,4,1,NA,0,https://www.airbnb.com/rooms/795582723131479236
795582833916839600,$81.00,Neighborhood highlights,1,0,3,1,NA,0,https://www.airbnb.com/rooms/795582833916839530
795582934528306800,$80.00,Neighborhood highlights,1,0,3,1,2,1,https://www.airbnb.com/rooms/795582934528306822
795583668655544200,$175.00,Neighborhood highlights,2,1,1,1,NA,0,https://www.airbnb.com/rooms/795583668655544147
795584414996290800,NA,Neighborhood highlights,1,0,3,1,NA,0,https://www.airbnb.com/rooms/795584414996290790
795584695879175e3,$114.00,Neighborhood highlights,1,0,4,1,NA,0,https://www.airbnb.com/rooms/795584695879175090
795586449160780900,$112.00,Neighborhood highlights,1,0,1,1,NA,0,https://www.airbnb.com/rooms/795586449160780918
795586698403369300,$64.00,NA,1,0,4,1,NA,0,https://www.airbnb.com/rooms/795586698403369313
795586908427360800,$92.00,Neighborhood highlights,1,0,4,1,NA,0,https://www.airbnb.com/rooms/795586908427360821
795590367691290800,$66.00,Neighborhood highlights,1,0,4,1,3,1,https://www.airbnb.com/rooms/795590367691290776
795591366035995500,$88.00,NA,1,0,4,1,NA,0,https://www.airbnb.com/rooms/795591366035995466
795600421725759e3,NA,Neighborhood highlights,1,NA,NA,NA,4.72,67,https://www.airbnb.com/rooms/795600421725758974
795626490983249500,NA,Neighborhood highlights,4,NA,NA,NA,4.88,25,https://www.airbnb.com/rooms/795626490983249563
795636180342781300,$71.00,NA,1,0,4,1,NA,0,https://www.airbnb.com/rooms/795636180342781373
795636879388062300,$83.00,NA,1,0,4,1,NA,0,https://www.airbnb.com/rooms/795636879388062389
795666064566018400,$59.00,NA,1,0,5,1,NA,0,https://www.airbnb.com/rooms/795666064566018435
795666451318596200,$67.00,NA,1,0,3,1,NA,0,https://www.airbnb.com/rooms/795666451318596161
795666806904224300,$73.00,NA,1,0,4,1,NA,0,https://www.airbnb.com/rooms/795666806904224279
795667687410630500,$91.00,Neighborhood highlights,1,0,3,1,NA,0,https://www.airbnb.com/rooms/795667687410630567
795667833921080700,$58.00,Neighborhood highlights,1,0,4,1,NA,0,https://www.airbnb.com/rooms/795667833921080647
795672952188987500,$169.00,Neighborhood highlights,6,1,3,4,4.77,22,https://www.airbnb.com/rooms/795672952188987474
795720602919203500,NA,NA,2,NA,1,NA,5,1,https://www.airbnb.com/rooms/795720602919203501
795748488553923200,$194.00,Neighborhood highlights,2,1,1,1,4.6,20,https://www.airbnb.com/rooms/795748488553923191
795767361445130900,$100.00,Neighborhood highlights,3,1,1,1,4.5,10,https://www.airbnb.com/rooms/795767361445130827
795842713599757e3,NA,NA,2,NA,1,NA,5,1,https://www.airbnb.com/rooms/795842713599756998
795852263648517500,$114.00,NA,4,1,2,2,4.75,4,https://www.airbnb.com/rooms/795852263648517470
795853601050162200,$115.00,NA,1,1,1,1,4.85,46,https://www.airbnb.com/rooms/795853601050162136
795891046635749800,$149.00,NA,3,1,1,1,NA,0,https://www.airbnb.com/rooms/795891046635749763
795905156272901800,$75.00,Neighborhood highlights,4,1,2,2,4.86,29,https://www.airbnb.com/rooms/795905156272901704
796202435145665900,$305.00,Neighborhood highlights,4,1,2,2,NA,0,https://www.airbnb.com/rooms/796202435145665961
796272831722011400,$114.00,Neighborhood highlights,2,1,1,1,4.86,64,https://www.airbnb.com/rooms/796272831722011455
796277675829638700,$130.00,Neighborhood highlights,3,1,0,2,4.5,2,https://www.airbnb.com/rooms/796277675829638670
79629295033685e4,$132.00,NA,2,1,1,1,5,3,https://www.airbnb.com/rooms/796292950336850099
796330819102964600,$139.00,Neighborhood highlights,4,1,1,1,4.8,5,https://www.airbnb.com/rooms/796330819102964562
796332140450277400,$70.00,NA,2,1,1,1,4.7,30,https://www.airbnb.com/rooms/796332140450277332
796409313475568500,$142.00,Neighborhood highlights,4,1,1,1,4.68,22,https://www.airbnb.com/rooms/796409313475568477
796470592936091500,$60.00,Neighborhood highlights,3,1,1,2,4.87,15,https://www.airbnb.com/rooms/796470592936091530
796476069779619300,$125.00,Neighborhood highlights,2,1,1,2,4.83,18,https://www.airbnb.com/rooms/796476069779619310
796476289976736100,$60.00,Neighborhood highlights,3,1,1,1,4.87,31,https://www.airbnb.com/rooms/796476289976736093
796476747136417200,$120.00,NA,2,1,1,1,4.6,5,https://www.airbnb.com/rooms/796476747136417108
796485344365174100,$180.00,NA,2,1.5,1,1,4.95,20,https://www.airbnb.com/rooms/796485344365174116
796542718936118500,$207.00,NA,2,1,1,1,4.5,6,https://www.airbnb.com/rooms/796542718936118514
796552836624415600,$75.00,Neighborhood highlights,1,1,1,1,4.67,9,https://www.airbnb.com/rooms/796552836624415606
796553153836337200,$150.00,Neighborhood highlights,4,1,1,1,5,4,https://www.airbnb.com/rooms/796553153836337153
796586843818916e3,$80.00,NA,2,1,1,1,5,1,https://www.airbnb.com/rooms/796586843818916029
796596570478214900,$140.00,Neighborhood highlights,2,1,1,1,5,24,https://www.airbnb.com/rooms/796596570478214970
796660992700511400,$190.00,NA,4,1,2,2,4.8,46,https://www.airbnb.com/rooms/796660992700511337
796927511764767400,$40.00,Neighborhood highlights,2,1,1,1,4.73,30,https://www.airbnb.com/rooms/796927511764767418
796960449374949600,$310.00,Neighborhood highlights,2,1,1,1,NA,0,https://www.airbnb.com/rooms/796960449374949639
796973015167155e3,$53.00,Neighborhood highlights,2,1,1,1,NA,0,https://www.airbnb.com/rooms/796973015167154994
796973696740712800,$161.00,Neighborhood highlights,4,1,1,1,5,3,https://www.airbnb.com/rooms/796973696740712786
796981884357519900,$143.00,Neighborhood highlights,6,1,3,3,NA,0,https://www.airbnb.com/rooms/796981884357519896
796986371882195200,$53.00,Neighborhood highlights,2,1,0,0,NA,0,https://www.airbnb.com/rooms/796986371882195221
796987227532480900,$132.00,NA,3,1,1,1,5,2,https://www.airbnb.com/rooms/796987227532480934
796988135828055600,$53.00,Neighborhood highlights,2,1,0,0,3,1,https://www.airbnb.com/rooms/796988135828055611
7969901254972e5,$53.00,Neighborhood highlights,2,1,1,1,4,2,https://www.airbnb.com/rooms/796990125497199971
796993840883802400,$53.00,Neighborhood highlights,2,1,0,0,NA,0,https://www.airbnb.com/rooms/796993840883802349
796995020441290600,$53.00,Neighborhood highlights,2,1,0,0,5,1,https://www.airbnb.com/rooms/796995020441290618
796995827995825700,$157.00,Neighborhood highlights,6,1,3,3,NA,0,https://www.airbnb.com/rooms/796995827995825635
797057069968168400,$96.00,Neighborhood highlights,4,1,2,2,4,2,https://www.airbnb.com/rooms/797057069968168424
797123738627060200,$60.00,NA,2,1,0,1,NA,0,https://www.airbnb.com/rooms/797123738627060216
797125439668851200,$60.00,NA,2,1,1,1,NA,0,https://www.airbnb.com/rooms/797125439668851209
797125935743151400,$319.00,Neighborhood highlights,2,1,1,1,5,3,https://www.airbnb.com/rooms/797125935743151330
797161677213334900,$250.00,Neighborhood highlights,6,1,2,2,5,3,https://www.airbnb.com/rooms/797161677213334866
797187969473896400,NA,Neighborhood highlights,3,NA,1,NA,4.76,17,https://www.airbnb.com/rooms/797187969473896429
797195524207201700,NA,NA,1,NA,NA,NA,NA,0,https://www.airbnb.com/rooms/797195524207201653
797255725451486500,$131.00,NA,1,1,1,1,4.77,30,https://www.airbnb.com/rooms/797255725451486437
797294766825705300,$155.00,NA,6,1,2,2,4.44,16,https://www.airbnb.com/rooms/797294766825705391
797323732283497200,$250.00,Neighborhood highlights,4,2,2,2,4.94,17,https://www.airbnb.com/rooms/797323732283497232
797342493959826800,NA,Neighborhood highlights,3,NA,1,NA,4.14,7,https://www.airbnb.com/rooms/797342493959826831
797348073045001500,$350.00,NA,3,1,0,1,NA,0,https://www.airbnb.com/rooms/797348073045001503
797408025766016400,$45.00,NA,1,2,4,1,NA,0,https://www.airbnb.com/rooms/797408025766016354
797453732670562400,$75.00,NA,4,1,1,1,4.61,23,https://www.airbnb.com/rooms/797453732670562415
797532770024273700,$100.00,NA,2,1,0,1,5,1,https://www.airbnb.com/rooms/797532770024273727
797544669482947e3,$170.00,Neighborhood highlights,2,1,1,1,5,5,https://www.airbnb.com/rooms/797544669482947004
797577207386252700,$159.00,Neighborhood highlights,6,1,2,3,4.82,17,https://www.airbnb.com/rooms/797577207386252643
797655209189154e3,NA,NA,1,NA,NA,NA,NA,0,https://www.airbnb.com/rooms/797655209189154096
7.9766363724943194e+17,$60.00,NA,1,1,1,1,5,1,https://www.airbnb.com/rooms/797663637249431951
797671946591061600,$82.00,NA,1,1,1,1,5,1,https://www.airbnb.com/rooms/797671946591061610
797697023367597600,NA,Neighborhood highlights,2,NA,1,NA,5,5,https://www.airbnb.com/rooms/797697023367597587
797749636813294e3,$107.00,NA,5,1,1,3,4.24,21,https://www.airbnb.com/rooms/797749636813293902
797846717846008300,$129.00,NA,2,1,1,1,NA,0,https://www.airbnb.com/rooms/797846717846008314
797886813542797200,NA,NA,1,NA,NA,NA,NA,0,https://www.airbnb.com/rooms/797886813542797154
797890150643461e3,$89.00,Neighborhood highlights,1,0,4,1,NA,0,https://www.airbnb.com/rooms/797890150643461030
797890239102917600,$77.00,NA,1,0,3,1,NA,0,https://www.airbnb.com/rooms/797890239102917641
797890395057205800,$92.00,NA,1,0,2,1,NA,0,https://www.airbnb.com/rooms/797890395057205806
797890649000623400,$99.00,NA,1,0,2,1,NA,0,https://www.airbnb.com/rooms/797890649000623376
797890915410863100,$84.00,Neighborhood highlights,1,0,4,1,NA,0,https://www.airbnb.com/rooms/797890915410863059
797891147974576500,$66.00,Neighborhood highlights,1,0,5,1,NA,0,https://www.airbnb.com/rooms/797891147974576488
797892140796541200,$81.00,Neighborhood highlights,1,0,3,1,NA,0,https://www.airbnb.com/rooms/797892140796541177
797894095534905700,$886.00,Neighborhood highlights,10,2,2,4,4.82,22,https://www.airbnb.com/rooms/797894095534905728
797925670643058200,NA,Neighborhood highlights,3,NA,1,NA,4.89,38,https://www.airbnb.com/rooms/797925670643058117
798070055983611900,$125.00,NA,1,1,1,1,NA,0,https://www.airbnb.com/rooms/798070055983611922
798071743831934500,$90.00,Neighborhood highlights,2,1,1,1,4.67,3,https://www.airbnb.com/rooms/798071743831934460
798082812604809500,$129.00,NA,2,1,1,1,NA,0,https://www.airbnb.com/rooms/798082812604809443
798085838750475400,$136.00,Neighborhood highlights,2,1,1,1,4.67,12,https://www.airbnb.com/rooms/798085838750475432
798110521045017e3,$55.00,NA,2,1,1,1,NA,0,https://www.airbnb.com/rooms/798110521045016993
798131035300074e3,$65.00,Neighborhood highlights,2,1,1,1,5,9,https://www.airbnb.com/rooms/798131035300073974
798136867595787900,NA,NA,2,NA,NA,NA,4.83,6,https://www.airbnb.com/rooms/798136867595787961
798205651004437900,$360.00,Neighborhood highlights,12,2,4,6,4.93,15,https://www.airbnb.com/rooms/798205651004437942
798371719775859500,$395.00,Neighborhood highlights,8,2,3,4,NA,0,https://www.airbnb.com/rooms/798371719775859479
798465931580249300,$103.00,NA,2,1,1,2,5,1,https://www.airbnb.com/rooms/798465931580249330
798469969945221800,$200.00,NA,4,1,2,2,5,2,https://www.airbnb.com/rooms/798469969945221754
798499291435284200,$90.00,NA,1,1,1,1,4.63,8,https://www.airbnb.com/rooms/798499291435284270
798552098675454800,$88.00,NA,6,1,2,3,5,4,https://www.airbnb.com/rooms/798552098675454820
798603033865791500,$88.00,NA,1,1,1,1,4.2,5,https://www.airbnb.com/rooms/798603033865791461
798764378145311500,$56.00,NA,1,2,5,1,NA,0,https://www.airbnb.com/rooms/798764378145311549
798792308049527600,$95.00,NA,2,1,1,1,4.75,4,https://www.airbnb.com/rooms/798792308049527521
798797430485788800,$178.00,Neighborhood highlights,8,2,3,4,4.95,20,https://www.airbnb.com/rooms/798797430485788840
798819132744121900,$49.00,NA,1,2,5,1,NA,0,https://www.airbnb.com/rooms/798819132744121861
798842120936899700,$151.00,NA,2,1,2,2,4.86,35,https://www.airbnb.com/rooms/798842120936899682
798846714750588e3,$48.00,NA,1,2,5,1,NA,0,https://www.airbnb.com/rooms/798846714750588023
798855206265058300,$48.00,NA,1,2,5,1,NA,0,https://www.airbnb.com/rooms/798855206265058316
798865077636662700,$47.00,NA,1,2,5,1,NA,0,https://www.airbnb.com/rooms/798865077636662623
798903602556343e3,$115.00,Neighborhood highlights,4,1,1,2,4.57,30,https://www.airbnb.com/rooms/798903602556343052
798968240906335e3,$185.00,Neighborhood highlights,4,2,2,2,5,2,https://www.airbnb.com/rooms/798968240906335000
799160987378663200,NA,NA,4,NA,2,NA,NA,0,https://www.airbnb.com/rooms/799160987378663215
799162258800933e3,$46.00,NA,1,2,4,1,NA,0,https://www.airbnb.com/rooms/799162258800932959
799170991396681e3,$44.00,NA,1,1,4,1,NA,0,https://www.airbnb.com/rooms/799170991396680986
79918055543474e4,$41.00,NA,1,2,4,1,NA,0,https://www.airbnb.com/rooms/799180555434739980
799189690264226800,$39.00,NA,1,2,4,1,NA,0,https://www.airbnb.com/rooms/799189690264226761
799196986985425800,$42.00,NA,1,2,4,1,NA,0,https://www.airbnb.com/rooms/799196986985425752
799298437148913900,$268.00,NA,2,1,1,1,NA,0,https://www.airbnb.com/rooms/799298437148913940
799406556818678e3,$70.00,NA,2,1,1,1,3.5,2,https://www.airbnb.com/rooms/799406556818678045
799440231073284200,$153.00,Neighborhood highlights,4,1,1,3,4.9,40,https://www.airbnb.com/rooms/799440231073284274
799441688067428400,$70.00,Neighborhood highlights,2,1,1,2,4.5,2,https://www.airbnb.com/rooms/799441688067428302
799513237725073800,NA,NA,2,NA,NA,NA,4.75,28,https://www.airbnb.com/rooms/799513237725073820
799530813091808600,$149.00,Neighborhood highlights,4,1,2,2,4.92,102,https://www.airbnb.com/rooms/799530813091808684
799545397069606800,$117.00,Neighborhood highlights,2,1,0,2,4.96,25,https://www.airbnb.com/rooms/799545397069606750
799559099866601500,$117.00,NA,1,0,2,0,NA,0,https://www.airbnb.com/rooms/799559099866601408
799921887128225400,$150.00,NA,3,2,2,1,5,1,https://www.airbnb.com/rooms/799921887128225421
799928647325846e3,$215.00,NA,2,1,1,1,5,2,https://www.airbnb.com/rooms/799928647325845976
800044092477945900,$164.00,Neighborhood highlights,4,1,2,2,4.92,39,https://www.airbnb.com/rooms/800044092477945905
800054352598593900,$167.00,Neighborhood highlights,5,1,2,3,4.95,19,https://www.airbnb.com/rooms/800054352598593965
800056256452569300,$170.00,Neighborhood highlights,1,1,1,1,4.82,11,https://www.airbnb.com/rooms/800056256452569332
800070641926362e3,$100.00,NA,2,1,2,3,4.75,8,https://www.airbnb.com/rooms/800070641926361952
800109577943565800,$200.00,NA,5,2,1,2,NA,0,https://www.airbnb.com/rooms/800109577943565836
800130194293808600,$239.00,NA,2,1.5,1,1,4.93,73,https://www.airbnb.com/rooms/800130194293808699
800165532354232700,$150.00,NA,6,1,2,2,4.82,34,https://www.airbnb.com/rooms/800165532354232730
8.0017563036072794e+17,$450.00,Neighborhood highlights,2,2,1,1,4.94,18,https://www.airbnb.com/rooms/800175630360727966
800225555580524300,$188.00,NA,7,2,4,6,4.71,7,https://www.airbnb.com/rooms/800225555580524286
800250120549006700,$230.00,NA,8,1,2,3,3.17,6,https://www.airbnb.com/rooms/800250120549006767
8.0043724952522394e+17,$180.00,NA,4,1,1,2,5,2,https://www.airbnb.com/rooms/800437249525223935
800545475384736300,$70.00,NA,2,1,1,1,NA,0,https://www.airbnb.com/rooms/800545475384736198
800585614646431200,NA,Neighborhood highlights,2,NA,NA,NA,5,3,https://www.airbnb.com/rooms/800585614646431262
800605709572753700,$274.00,NA,5,1,1,2,4.88,17,https://www.airbnb.com/rooms/800605709572753708
800617377856014500,$225.00,NA,2,1,1,1,NA,0,https://www.airbnb.com/rooms/800617377856014420
800620149781852800,NA,Neighborhood highlights,2,NA,3,NA,4.26,19,https://www.airbnb.com/rooms/800620149781852857
800621544990660700,$380.00,Neighborhood highlights,4,2,2,2,NA,0,https://www.airbnb.com/rooms/800621544990660790
800622061064335600,$557.00,Neighborhood highlights,4,2,2,2,NA,0,https://www.airbnb.com/rooms/800622061064335597
800634656799444100,$70.00,Neighborhood highlights,2,1,1,1,4.38,13,https://www.airbnb.com/rooms/800634656799444071
800708511583015700,$96.00,Neighborhood highlights,4,1,2,2,5,2,https://www.airbnb.com/rooms/800708511583015736
800719145197448400,$57.00,NA,2,1,0,1,NA,0,https://www.airbnb.com/rooms/800719145197448408
800723311301950800,$58.00,NA,2,1,0,1,NA,0,https://www.airbnb.com/rooms/800723311301950904
800727787048495500,$460.00,Neighborhood highlights,4,2,3,3,NA,0,https://www.airbnb.com/rooms/800727787048495488
800738837396327400,$165.00,NA,4,1,2,1,NA,0,https://www.airbnb.com/rooms/800738837396327435
800759248238555900,$389.00,NA,2,1,1,1,NA,0,https://www.airbnb.com/rooms/800759248238555928
800767861682281900,$330.00,Neighborhood highlights,4,1,2,2,NA,0,https://www.airbnb.com/rooms/800767861682281829
800784650035007700,$188.00,NA,2,1,2,3,4.86,7,https://www.airbnb.com/rooms/800784650035007772
800806183240345300,NA,NA,2,NA,1,NA,4.67,9,https://www.airbnb.com/rooms/800806183240345310
800812212138908900,$48.00,NA,1,1,1,1,4.82,11,https://www.airbnb.com/rooms/800812212138908983
800819591071273700,$95.00,Neighborhood highlights,1,1.5,1,1,4.5,4,https://www.airbnb.com/rooms/800819591071273776
800860095602949e3,$87.00,NA,2,1,1,1,4.63,49,https://www.airbnb.com/rooms/800860095602948972
800906354502091400,NA,NA,2,NA,NA,NA,5,1,https://www.airbnb.com/rooms/800906354502091401
801004802797774700,$223.00,Neighborhood highlights,3,1,1,2,4.8,10,https://www.airbnb.com/rooms/801004802797774782
801010874739650300,$185.00,Neighborhood highlights,4,1,1,2,5,9,https://www.airbnb.com/rooms/801010874739650352
801014523878814500,$141.00,Neighborhood highlights,4,1,1,2,4.67,27,https://www.airbnb.com/rooms/801014523878814505
801017993216537300,$189.00,Neighborhood highlights,4,1,2,2,4.81,21,https://www.airbnb.com/rooms/801017993216537396
801215826992930200,$135.00,Neighborhood highlights,1,0,3,1,NA,0,https://www.airbnb.com/rooms/801215826992930162
801220797184122200,$441.00,Neighborhood highlights,4,2,2,2,NA,0,https://www.airbnb.com/rooms/801220797184122272
801221322748639200,$322.00,Neighborhood highlights,2,1,1,1,NA,0,https://www.airbnb.com/rooms/801221322748639232
801221855341256700,$320.00,Neighborhood highlights,4,2,2,2,NA,0,https://www.airbnb.com/rooms/801221855341256765
801272264539187800,$189.00,Neighborhood highlights,2,1.5,1,1,4.52,27,https://www.airbnb.com/rooms/801272264539187903
801304229514196700,NA,Neighborhood highlights,8,NA,3,NA,NA,0,https://www.airbnb.com/rooms/801304229514196754
801395317970759400,$108.00,NA,2,1,2,2,NA,0,https://www.airbnb.com/rooms/801395317970759425
801438614930658700,NA,NA,6,NA,3,NA,NA,0,https://www.airbnb.com/rooms/801438614930658739
801447078817471600,$185.00,NA,8,1.5,3,4,4.89,9,https://www.airbnb.com/rooms/801447078817471585
801466561343424300,$172.00,NA,2,1,1,1,NA,0,https://www.airbnb.com/rooms/801466561343424271
801474015810755100,$398.00,Neighborhood highlights,6,2,3,3,4.88,58,https://www.airbnb.com/rooms/801474015810755017
801478784227176300,$150.00,NA,8,1,2,3,4.5,4,https://www.airbnb.com/rooms/801478784227176336
801500063199279500,$515.00,Neighborhood highlights,3,1,1,1,NA,0,https://www.airbnb.com/rooms/801500063199279538
801606628280383600,$125.00,Neighborhood highlights,3,1,1,1,4.93,40,https://www.airbnb.com/rooms/801606628280383620
801683077873210800,NA,NA,1,2,4,1,NA,0,https://www.airbnb.com/rooms/801683077873210778
801688678773662200,$650.00,Neighborhood highlights,4,2.5,2,2,4.72,29,https://www.airbnb.com/rooms/801688678773662248
801711929496391600,$50.00,Neighborhood highlights,2,1,1,0,4.55,22,https://www.airbnb.com/rooms/801711929496391506
801749842377802400,$143.00,NA,2,1,1,1,NA,0,https://www.airbnb.com/rooms/801749842377802394
801793936441556400,$50.00,NA,1,1,4,1,NA,0,https://www.airbnb.com/rooms/801793936441556323
801867011387851400,$53.00,NA,1,0,3,1,NA,0,https://www.airbnb.com/rooms/801867011387851412
801867864848198300,$117.00,Neighborhood highlights,1,0,4,1,NA,0,https://www.airbnb.com/rooms/801867864848198225
801897907943056100,NA,NA,3,NA,1,NA,4.75,4,https://www.airbnb.com/rooms/801897907943056134
801935804758714900,$250.00,Neighborhood highlights,2,1,0,1,4.5,2,https://www.airbnb.com/rooms/801935804758714918
801950962536207400,$80.00,Neighborhood highlights,2,1,0,1,4.75,8,https://www.airbnb.com/rooms/801950962536207360
802000625835644300,$313.00,Neighborhood highlights,4,1,2,2,NA,0,https://www.airbnb.com/rooms/802000625835644351
802039755779496200,$696.00,Neighborhood highlights,6,2.5,3,3,NA,0,https://www.airbnb.com/rooms/802039755779496218
802083431715546400,$98.00,NA,4,1,1,2,5,1,https://www.airbnb.com/rooms/802083431715546427
802147501398480600,$90.00,Neighborhood highlights,1,1.5,1,1,5,5,https://www.airbnb.com/rooms/802147501398480596
802160217106295400,$56.00,NA,1,0,5,1,NA,0,https://www.airbnb.com/rooms/802160217106295421
802222492461534200,$189.00,NA,2,1,1,1,4.9,39,https://www.airbnb.com/rooms/802222492461534171
802293068136903200,$320.00,NA,4,1,2,2,NA,0,https://www.airbnb.com/rooms/802293068136903179
802369096233415700,$287.00,Neighborhood highlights,5,1,2,4,4.5,4,https://www.airbnb.com/rooms/802369096233415721
802408047891912800,$233.00,Neighborhood highlights,2,2,2,2,4.98,60,https://www.airbnb.com/rooms/802408047891912894
802437226457182600,$425.00,Neighborhood highlights,5,2,3,3,4.33,3,https://www.airbnb.com/rooms/802437226457182587
802464796859828700,NA,NA,3,NA,1,NA,NA,0,https://www.airbnb.com/rooms/802464796859828769
802469165911414500,$43.00,NA,1,3,6,1,NA,0,https://www.airbnb.com/rooms/802469165911414491
802528180126158800,$125.00,Neighborhood highlights,2,1,1,2,5,1,https://www.airbnb.com/rooms/802528180126158845
802587549750267100,$271.00,Neighborhood highlights,8,1,1,4,4.88,17,https://www.airbnb.com/rooms/802587549750267128
802646882034233300,NA,Neighborhood highlights,4,NA,2,NA,5,1,https://www.airbnb.com/rooms/802646882034233358
802687894128187600,NA,NA,2,NA,NA,NA,5,1,https://www.airbnb.com/rooms/802687894128187641
802701696358654700,NA,NA,5,NA,2,NA,NA,0,https://www.airbnb.com/rooms/802701696358654675
802706556859977e3,$89.00,NA,2,1,1,1,4.82,22,https://www.airbnb.com/rooms/802706556859976967
802852592911003500,$48.00,Neighborhood highlights,2,1,1,1,5,1,https://www.airbnb.com/rooms/802852592911003580
802877326807090700,$120.00,Neighborhood highlights,2,1,1,1,5,7,https://www.airbnb.com/rooms/802877326807090745
802886228752307300,$99.00,NA,2,1,1,1,5,2,https://www.airbnb.com/rooms/802886228752307356
802950550955708500,$359.00,Neighborhood highlights,3,1,1,2,5,1,https://www.airbnb.com/rooms/802950550955708551
802960882149039400,NA,NA,2,NA,1,NA,NA,0,https://www.airbnb.com/rooms/802960882149039355
803019506754857500,$167.00,Neighborhood highlights,7,1,3,4,4.67,21,https://www.airbnb.com/rooms/803019506754857519
803036473552203100,$39.00,NA,2,1,1,1,4.61,23,https://www.airbnb.com/rooms/803036473552203166
803060292907495800,$749.00,NA,13,2,3,7,4.91,23,https://www.airbnb.com/rooms/803060292907495769
803122432860577300,$105.00,NA,2,1,1,1,4.92,12,https://www.airbnb.com/rooms/803122432860577324
803150657798963100,$79.00,Neighborhood highlights,2,1,1,1,4,1,https://www.airbnb.com/rooms/803150657798963011
803364102565553800,$315.00,Neighborhood highlights,2,1,1,1,NA,0,https://www.airbnb.com/rooms/803364102565553735
803377645867487700,$99.00,NA,1,0,2,1,NA,0,https://www.airbnb.com/rooms/803377645867487717
803377680297961600,$59.00,Neighborhood highlights,1,0,5,1,NA,0,https://www.airbnb.com/rooms/803377680297961653
803377799895840900,$81.00,NA,1,0,1,1,NA,0,https://www.airbnb.com/rooms/803377799895840948
803378155290950100,NA,Neighborhood highlights,1,NA,4,NA,NA,0,https://www.airbnb.com/rooms/803378155290950122
803378257106614900,$88.00,Neighborhood highlights,1,0,1,1,NA,0,https://www.airbnb.com/rooms/803378257106614950
803378280737480700,NA,Neighborhood highlights,1,0,3,1,NA,0,https://www.airbnb.com/rooms/803378280737480759
803378308930628900,$89.00,NA,1,0,3,1,NA,0,https://www.airbnb.com/rooms/803378308930628831
803378920362710400,NA,NA,1,NA,2,NA,NA,0,https://www.airbnb.com/rooms/803378920362710347
803378937776961700,$70.00,NA,1,0,2,1,NA,0,https://www.airbnb.com/rooms/803378937776961718
803379014235026700,$108.00,Neighborhood highlights,1,0,4,1,NA,0,https://www.airbnb.com/rooms/803379014235026702
803382479124958200,NA,NA,6,NA,2,NA,NA,0,https://www.airbnb.com/rooms/803382479124958259
803388140563834800,$62.00,NA,1,0,1,1,NA,0,https://www.airbnb.com/rooms/803388140563834773
803388515341403400,$72.00,Neighborhood highlights,1,0,1,1,NA,0,https://www.airbnb.com/rooms/803388515341403442
803388618917947400,$61.00,Neighborhood highlights,1,0,4,1,NA,0,https://www.airbnb.com/rooms/803388618917947357
803388778205123800,$67.00,NA,1,0,4,1,NA,0,https://www.airbnb.com/rooms/803388778205123837
803388984198523100,NA,NA,1,NA,5,NA,NA,0,https://www.airbnb.com/rooms/803388984198523199
803488091392976600,$59.00,NA,1,1,1,1,4.47,17,https://www.airbnb.com/rooms/803488091392976613
803552386184741500,$250.00,NA,1,1.5,3,4,NA,0,https://www.airbnb.com/rooms/803552386184741557
803581871339287700,NA,NA,2,NA,NA,NA,NA,0,https://www.airbnb.com/rooms/803581871339287715
803590362118464500,NA,NA,3,NA,NA,NA,NA,0,https://www.airbnb.com/rooms/803590362118464501
803593741698056600,NA,NA,4,NA,NA,NA,5,1,https://www.airbnb.com/rooms/803593741698056609
803624881189522200,$70.00,Neighborhood highlights,2,1,2,6,2.5,2,https://www.airbnb.com/rooms/803624881189522186
803650915671560700,NA,NA,2,NA,2,NA,4.95,21,https://www.airbnb.com/rooms/803650915671560668
803725152355903100,$70.00,NA,3,1,1,2,4.22,18,https://www.airbnb.com/rooms/803725152355903109
803900033218779800,$75.00,NA,2,1,1,1,NA,0,https://www.airbnb.com/rooms/803900033218779798
803909163389869200,$75.00,Neighborhood highlights,2,1,1,1,5,1,https://www.airbnb.com/rooms/803909163389869172
804263080422812e3,$108.00,NA,2,1,1,2,4.97,37,https://www.airbnb.com/rooms/804263080422812027
804311125437360400,$51.00,NA,1,1,1,1,4.11,9,https://www.airbnb.com/rooms/804311125437360407
804468188565214800,$185.00,Neighborhood highlights,4,1,2,2,4.83,18,https://www.airbnb.com/rooms/804468188565214896
80454077505754e4,$150.00,Neighborhood highlights,2,1,1,1,NA,0,https://www.airbnb.com/rooms/804540775057539994
804582918613581600,$278.00,Neighborhood highlights,4,1,1,2,4.33,141,https://www.airbnb.com/rooms/804582918613581571
804598390996343300,NA,Neighborhood highlights,2,NA,1,NA,5,8,https://www.airbnb.com/rooms/804598390996343328
804926135676472800,$220.00,NA,2,1,1,1,5,2,https://www.airbnb.com/rooms/804926135676472773
805051484988914e3,NA,NA,1,NA,NA,NA,NA,0,https://www.airbnb.com/rooms/805051484988914011
805063753072151400,$165.00,Neighborhood highlights,6,1,1,3,5,2,https://www.airbnb.com/rooms/805063753072151438
805082247969381e3,NA,NA,2,NA,1,NA,5,3,https://www.airbnb.com/rooms/805082247969380969
805097623277517e3,$165.00,Neighborhood highlights,6,1.5,2,3,4.57,28,https://www.airbnb.com/rooms/805097623277517080
805158793007109900,NA,Neighborhood highlights,2,NA,NA,NA,5,2,https://www.airbnb.com/rooms/805158793007109841
805262340426539400,$120.00,NA,4,1,2,4,NA,0,https://www.airbnb.com/rooms/805262340426539445
805263001758443400,$275.00,NA,2,1,1,1,5,8,https://www.airbnb.com/rooms/805263001758443427
805276856761237500,$310.00,NA,1,1,1,1,4.52,21,https://www.airbnb.com/rooms/805276856761237522
805277288619637400,$165.00,Neighborhood highlights,3,1,0,2,4.95,21,https://www.airbnb.com/rooms/805277288619637431
805288292321801600,$100.00,Neighborhood highlights,2,1,0,1,4.5,16,https://www.airbnb.com/rooms/805288292321801605
805289943135390700,$130.00,NA,6,1,2,0,3.73,11,https://www.airbnb.com/rooms/805289943135390763
805345391228904600,$46.00,NA,1,3,5,1,NA,0,https://www.airbnb.com/rooms/805345391228904561
805356815376500100,$99.00,NA,2,1,1,1,4.86,7,https://www.airbnb.com/rooms/805356815376500120
805371601160736600,$39.00,NA,1,3,5,1,NA,0,https://www.airbnb.com/rooms/805371601160736661
805601358075133200,$389.00,Neighborhood highlights,4,2,2,2,NA,0,https://www.airbnb.com/rooms/805601358075133143
805601743909177600,$435.00,Neighborhood highlights,4,2,2,2,5,1,https://www.airbnb.com/rooms/805601743909177540
805725215071887e3,$299.00,Neighborhood highlights,2,1,1,1,4.96,28,https://www.airbnb.com/rooms/805725215071886985
805729355183634e3,NA,NA,1,NA,4,NA,NA,0,https://www.airbnb.com/rooms/805729355183634065
805805963320996e3,$50.00,NA,2,1,1,1,4.78,36,https://www.airbnb.com/rooms/805805963320996000
805863165104844800,$49.00,NA,2,1,1,1,4.47,17,https://www.airbnb.com/rooms/805863165104844779
805889615351241500,$219.00,Neighborhood highlights,2,1,1,1,4.76,34,https://www.airbnb.com/rooms/805889615351241471
805909159182986400,$49.00,NA,1,1,1,1,3.71,7,https://www.airbnb.com/rooms/805909159182986405
806094615394129700,$47.00,NA,1,3,4,1,NA,0,https://www.airbnb.com/rooms/806094615394129673
806208335662808300,$232.00,Neighborhood highlights,2,1,1,1,NA,0,https://www.airbnb.com/rooms/806208335662808362
806208895285808900,$345.00,Neighborhood highlights,2,1,1,1,NA,0,https://www.airbnb.com/rooms/806208895285808888
806209199376611e3,$283.00,Neighborhood highlights,2,1,1,1,NA,0,https://www.airbnb.com/rooms/806209199376610940
806346987571174300,$52.00,NA,1,2,3,1,NA,0,https://www.airbnb.com/rooms/806346987571174223
806370638489893200,NA,NA,8,NA,1,NA,4.29,28,https://www.airbnb.com/rooms/806370638489893295
806386854940901600,$36.00,NA,1,3,5,1,NA,0,https://www.airbnb.com/rooms/806386854940901670
806394951574081800,$30.00,NA,1,3,5,1,NA,0,https://www.airbnb.com/rooms/806394951574081856
806402459421346400,$29.00,NA,1,3,5,1,NA,0,https://www.airbnb.com/rooms/806402459421346488
806408919743960600,$40.00,NA,1,3,4,1,NA,0,https://www.airbnb.com/rooms/806408919743960601
806416160604337400,$36.00,NA,1,3,4,1,NA,0,https://www.airbnb.com/rooms/806416160604337463
806454044338089300,$142.00,NA,3,1,1,2,4.59,71,https://www.airbnb.com/rooms/806454044338089289
806488692376849e3,$135.00,NA,4,1,2,2,4.41,17,https://www.airbnb.com/rooms/806488692376848975
806496948572480100,$155.00,Neighborhood highlights,3,1,1,1,NA,0,https://www.airbnb.com/rooms/806496948572480124
806497435675144200,$155.00,NA,3,1,1,1,4,2,https://www.airbnb.com/rooms/806497435675144223
806516934204839400,NA,NA,3,NA,NA,NA,4.5,36,https://www.airbnb.com/rooms/806516934204839451
806522321999123300,NA,NA,2,NA,2,NA,4.91,44,https://www.airbnb.com/rooms/806522321999123347
806556269051584400,$90.00,Neighborhood highlights,2,1,1,1,4.83,6,https://www.airbnb.com/rooms/806556269051584378
806559695552186400,$150.00,Neighborhood highlights,4,1,2,2,NA,0,https://www.airbnb.com/rooms/806559695552186402
806575620186028800,$166.00,NA,3,1,1,3,4.38,40,https://www.airbnb.com/rooms/806575620186028772
806593875700297100,$279.00,NA,3,1,1,1,NA,0,https://www.airbnb.com/rooms/806593875700297041
806667696731359700,NA,NA,3,NA,1,NA,4.89,19,https://www.airbnb.com/rooms/806667696731359724
806736467718114600,NA,Neighborhood highlights,2,NA,1,NA,4.79,29,https://www.airbnb.com/rooms/806736467718114548
806740599278835100,$275.00,NA,4,1,1,1,5,6,https://www.airbnb.com/rooms/806740599278835112
806772034013586e3,$350.00,NA,3,1,1,1,NA,0,https://www.airbnb.com/rooms/806772034013586078
806807540134759300,$200.00,Neighborhood highlights,2,1,1,1,4.75,28,https://www.airbnb.com/rooms/806807540134759323
80681405954262e4,$139.00,Neighborhood highlights,6,1,1,1,3.5,6,https://www.airbnb.com/rooms/806814059542619975
806899252911679400,$150.00,NA,2,1,1,1,NA,0,https://www.airbnb.com/rooms/806899252911679312
807000904173339900,$100.00,NA,2,1,1,1,NA,0,https://www.airbnb.com/rooms/807000904173339945
807024165156942200,NA,NA,2,NA,1,NA,5,9,https://www.airbnb.com/rooms/807024165156942147
807172063275763100,$266.00,NA,7,2,3,4,4.7,23,https://www.airbnb.com/rooms/807172063275763015
807251631500583e3,$103.00,Neighborhood highlights,2,0,1,1,NA,0,https://www.airbnb.com/rooms/807251631500583023
807255398573438500,$103.00,Neighborhood highlights,2,1,1,1,4,1,https://www.airbnb.com/rooms/807255398573438432
807268745797297500,NA,Neighborhood highlights,4,NA,1,NA,4.96,24,https://www.airbnb.com/rooms/807268745797297537
807275444865071e3,$58.00,Neighborhood highlights,1,1,1,1,4.75,52,https://www.airbnb.com/rooms/807275444865070916
807283953535151500,$110.00,NA,1,1,1,1,4.5,10,https://www.airbnb.com/rooms/807283953535151481
807299063858848800,$152.00,NA,2,1,1,1,NA,0,https://www.airbnb.com/rooms/807299063858848749
807367783300252800,$139.00,NA,2,1,1,1,4.92,12,https://www.airbnb.com/rooms/807367783300252781
807404328262294500,NA,NA,4,NA,2,NA,4.67,6,https://www.airbnb.com/rooms/807404328262294489
807410366379540500,$81.00,Neighborhood highlights,2,1,1,1,NA,0,https://www.airbnb.com/rooms/807410366379540471
807463231771532800,$72.00,NA,2,1,1,1,NA,0,https://www.airbnb.com/rooms/807463231771532858
807467054653214e3,$91.00,NA,2,1,1,1,NA,0,https://www.airbnb.com/rooms/807467054653213959
807573829682972200,$144.00,Neighborhood highlights,2,1,1,1,5,3,https://www.airbnb.com/rooms/807573829682972166
807723813200018800,$233.00,Neighborhood highlights,2,1,1,1,NA,0,https://www.airbnb.com/rooms/807723813200018804
807826416863866800,$60.00,Neighborhood highlights,1,1,1,1,NA,0,https://www.airbnb.com/rooms/807826416863866703
807888000876453800,NA,NA,4,NA,2,NA,5,2,https://www.airbnb.com/rooms/807888000876453799
807905405566350800,$52.00,NA,3,1,1,1,4.46,28,https://www.airbnb.com/rooms/807905405566350881
807919911088300700,$322.00,Neighborhood highlights,6,2,3,3,5,1,https://www.airbnb.com/rooms/807919911088300640
807927925274837500,$53.00,NA,4,1,1,1,4.67,24,https://www.airbnb.com/rooms/807927925274837556
807933093709359100,NA,NA,2,NA,NA,NA,4.92,12,https://www.airbnb.com/rooms/807933093709359091
807935225880842100,$56.00,Neighborhood highlights,1,0,4,1,NA,0,https://www.airbnb.com/rooms/807935225880842120
807945843450389400,$150.00,NA,1,1,1,1,4.86,7,https://www.airbnb.com/rooms/807945843450389326
807957188943197e3,$180.00,NA,2,1,1,1,4.94,49,https://www.airbnb.com/rooms/807957188943197036
807984761327732700,NA,NA,4,NA,NA,NA,5,5,https://www.airbnb.com/rooms/807984761327732728
807993496907237900,$400.00,NA,11,2,6,8,4.92,12,https://www.airbnb.com/rooms/807993496907237876
808048450412493200,$111.00,Neighborhood highlights,3,1,1,2,4.83,6,https://www.airbnb.com/rooms/808048450412493213
808151077351402900,$142.00,Neighborhood highlights,2,1,1,1,5,5,https://www.airbnb.com/rooms/808151077351402875
808177125060067800,NA,Neighborhood highlights,4,NA,1,NA,5,4,https://www.airbnb.com/rooms/808177125060067826
808188195062982900,$250.00,NA,2,2,3,4,4.86,44,https://www.airbnb.com/rooms/808188195062982853
808197662410334800,$76.00,NA,2,1,2,3,5,4,https://www.airbnb.com/rooms/808197662410334820
808296073504455300,$211.00,Neighborhood highlights,2,1,1,2,4.4,10,https://www.airbnb.com/rooms/808296073504455291
808386228706904200,$314.00,Neighborhood highlights,2,1,1,1,4.97,67,https://www.airbnb.com/rooms/808386228706904148
808440915774530600,$46.00,Neighborhood highlights,1,0,4,1,NA,0,https://www.airbnb.com/rooms/808440915774530503
808441045907898500,$74.00,Neighborhood highlights,1,0,1,1,NA,0,https://www.airbnb.com/rooms/808441045907898518
808441061597095300,NA,Neighborhood highlights,1,NA,4,NA,NA,0,https://www.airbnb.com/rooms/808441061597095328
808441096113007700,$113.00,Neighborhood highlights,1,0,4,1,1,1,https://www.airbnb.com/rooms/808441096113007800
808441522660897300,$74.00,Neighborhood highlights,1,0,3,1,NA,0,https://www.airbnb.com/rooms/808441522660897223
808441598895896200,$85.00,NA,1,0,3,1,NA,0,https://www.airbnb.com/rooms/808441598895896254
808441658598537100,$65.00,NA,1,0,1,1,NA,0,https://www.airbnb.com/rooms/808441658598537104
808441732533145e3,$102.00,Neighborhood highlights,1,0,3,1,NA,0,https://www.airbnb.com/rooms/808441732533144928
808442222836455600,NA,NA,1,NA,1,NA,NA,0,https://www.airbnb.com/rooms/808442222836455590
808442706810961300,$43.00,NA,1,0,5,1,NA,0,https://www.airbnb.com/rooms/808442706810961261
808442756499548400,$41.00,NA,1,0,5,1,NA,0,https://www.airbnb.com/rooms/808442756499548389
808442829446215800,NA,Neighborhood highlights,1,NA,3,NA,NA,0,https://www.airbnb.com/rooms/808442829446215773
808442876609943300,$90.00,Neighborhood highlights,1,0,3,1,NA,0,https://www.airbnb.com/rooms/808442876609943275
808442890962082400,$84.00,NA,1,0,3,1,NA,0,https://www.airbnb.com/rooms/808442890962082382
808466217693274e3,$531.00,Neighborhood highlights,4,1,2,2,5,1,https://www.airbnb.com/rooms/808466217693273962
808466571599498200,$553.00,Neighborhood highlights,4,2,2,2,NA,0,https://www.airbnb.com/rooms/808466571599498269
808570671122929200,$600.00,NA,8,2,3,3,1,2,https://www.airbnb.com/rooms/808570671122929101
808624705090281300,$134.00,NA,3,1,1,1,4.69,29,https://www.airbnb.com/rooms/808624705090281349
808627685964930400,$206.00,Neighborhood highlights,2,1,0,1,NA,0,https://www.airbnb.com/rooms/808627685964930371
808627778501508700,$206.00,Neighborhood highlights,2,1,0,1,NA,0,https://www.airbnb.com/rooms/808627778501508750
808627859776945500,$206.00,Neighborhood highlights,2,1,0,1,NA,0,https://www.airbnb.com/rooms/808627859776945520
808627949318404700,$206.00,Neighborhood highlights,2,1,0,1,NA,0,https://www.airbnb.com/rooms/808627949318404786
808628037194879700,$206.00,Neighborhood highlights,2,1,0,1,NA,0,https://www.airbnb.com/rooms/808628037194879729
808628302996990100,$206.00,Neighborhood highlights,2,1,0,1,NA,0,https://www.airbnb.com/rooms/808628302996990115
808628304855649300,$206.00,Neighborhood highlights,2,1,0,1,NA,0,https://www.airbnb.com/rooms/808628304855649271
808628348851918100,$206.00,Neighborhood highlights,2,1,0,1,NA,0,https://www.airbnb.com/rooms/808628348851918075
808628438347816700,$206.00,Neighborhood highlights,2,1,0,1,NA,0,https://www.airbnb.com/rooms/808628438347816708
808628534079968800,$206.00,Neighborhood highlights,2,1,0,1,NA,0,https://www.airbnb.com/rooms/808628534079968724
80862933665957e4,$238.00,Neighborhood highlights,2,1,0,1,NA,0,https://www.airbnb.com/rooms/808629336659570094
808629343999219500,$238.00,Neighborhood highlights,2,1,0,1,NA,0,https://www.airbnb.com/rooms/808629343999219473
808629391209329400,$238.00,Neighborhood highlights,2,1,0,1,NA,0,https://www.airbnb.com/rooms/808629391209329400
808629522066886800,$238.00,Neighborhood highlights,2,1,0,1,NA,0,https://www.airbnb.com/rooms/808629522066886810
808629563338473200,$238.00,Neighborhood highlights,2,1,0,1,NA,0,https://www.airbnb.com/rooms/808629563338473159
808629644846116e3,$238.00,Neighborhood highlights,2,1,0,1,NA,0,https://www.airbnb.com/rooms/808629644846116021
808629727441761e3,$238.00,Neighborhood highlights,2,1,0,1,NA,0,https://www.airbnb.com/rooms/808629727441761020
808629897642520800,$238.00,Neighborhood highlights,2,1,0,1,NA,0,https://www.airbnb.com/rooms/808629897642520802
808629899486594800,$238.00,Neighborhood highlights,2,1,0,1,NA,0,https://www.airbnb.com/rooms/808629899486594865
808629974245769900,$238.00,Neighborhood highlights,2,1,0,1,NA,0,https://www.airbnb.com/rooms/808629974245769898
808630105620176600,$270.00,Neighborhood highlights,4,1,1,2,NA,0,https://www.airbnb.com/rooms/808630105620176598
808630199296631200,$270.00,Neighborhood highlights,4,1,1,2,NA,0,https://www.airbnb.com/rooms/808630199296631199
808630277447023900,$270.00,Neighborhood highlights,4,1,1,2,NA,0,https://www.airbnb.com/rooms/808630277447023911
808630375571933400,$270.00,Neighborhood highlights,4,1,1,2,NA,0,https://www.airbnb.com/rooms/808630375571933404
808630467328402200,$270.00,Neighborhood highlights,4,1,1,2,NA,0,https://www.airbnb.com/rooms/808630467328402208
808630550223421e3,$270.00,Neighborhood highlights,4,1,1,2,NA,0,https://www.airbnb.com/rooms/808630550223421071
808630627122603100,$270.00,Neighborhood highlights,4,1,1,2,NA,0,https://www.airbnb.com/rooms/808630627122603156
808630713892978800,$270.00,Neighborhood highlights,4,1,1,2,NA,0,https://www.airbnb.com/rooms/808630713892978799
808630794075602300,$270.00,Neighborhood highlights,4,1,1,2,NA,0,https://www.airbnb.com/rooms/808630794075602246
808630883049503400,$270.00,Neighborhood highlights,4,1,1,2,NA,0,https://www.airbnb.com/rooms/808630883049503411
808631031500163300,$366.00,Neighborhood highlights,6,2,2,3,NA,0,https://www.airbnb.com/rooms/808631031500163292
808631194272172800,$366.00,Neighborhood highlights,6,2,2,3,NA,0,https://www.airbnb.com/rooms/808631194272172831
808631322516608800,$366.00,Neighborhood highlights,6,2,2,3,NA,0,https://www.airbnb.com/rooms/808631322516608776
808631333908940900,$366.00,Neighborhood highlights,6,2,2,3,NA,0,https://www.airbnb.com/rooms/808631333908940933
808631435183179500,$366.00,Neighborhood highlights,6,2,2,3,NA,0,https://www.airbnb.com/rooms/808631435183179517
808631547885072300,$366.00,Neighborhood highlights,6,2,2,3,NA,0,https://www.airbnb.com/rooms/808631547885072196
808631713116748700,$366.00,Neighborhood highlights,6,2,2,3,NA,0,https://www.airbnb.com/rooms/808631713116748676
808631814620049400,$366.00,Neighborhood highlights,6,2,2,3,NA,0,https://www.airbnb.com/rooms/808631814620049469
808631861903365800,$366.00,Neighborhood highlights,6,2,2,3,NA,0,https://www.airbnb.com/rooms/808631861903365769
808631954436702800,$366.00,Neighborhood highlights,6,2,2,3,NA,0,https://www.airbnb.com/rooms/808631954436702819
808648020409908500,$85.00,NA,2,1,1,1,4.66,29,https://www.airbnb.com/rooms/808648020409908524
808674418658621800,$109.00,NA,2,1,1,2,4.25,52,https://www.airbnb.com/rooms/808674418658621870
808681126216283e3,$93.00,NA,2,1,1,1,5,4,https://www.airbnb.com/rooms/808681126216283038
808699334181989200,NA,NA,2,NA,1,NA,NA,0,https://www.airbnb.com/rooms/808699334181989276
808720738631007200,$250.00,NA,2,1,1,1,NA,0,https://www.airbnb.com/rooms/808720738631007169
808833553841121800,$470.00,NA,3,1,1,1,NA,0,https://www.airbnb.com/rooms/808833553841121814
808885374393371900,$170.00,NA,2,1,1,1,4.85,59,https://www.airbnb.com/rooms/808885374393371918
808897663211362e3,$250.00,Neighborhood highlights,3,1,1,2,5,1,https://www.airbnb.com/rooms/808897663211362094
808908113672221200,$239.00,NA,7,2,2,0,NA,0,https://www.airbnb.com/rooms/808908113672221153
808913522988866300,$95.00,NA,2,1,1,1,4.98,46,https://www.airbnb.com/rooms/808913522988866241
809244084687229400,$51.00,Neighborhood highlights,1,1,1,1,NA,0,https://www.airbnb.com/rooms/809244084687229494
809308909633542900,$223.00,NA,2,1,1,1,4.99,70,https://www.airbnb.com/rooms/809308909633542851
809348379579209600,$79.00,NA,2,1,1,1,4.88,25,https://www.airbnb.com/rooms/809348379579209580
809427195635289500,$500.00,NA,4,1,2,2,4.96,48,https://www.airbnb.com/rooms/809427195635289424
809442060114635100,$215.00,Neighborhood highlights,2,1,1,1,4.5,2,https://www.airbnb.com/rooms/809442060114635122
809457478921671300,$200.00,NA,2,1,1,1,NA,0,https://www.airbnb.com/rooms/809457478921671235
809503558229015400,$240.00,Neighborhood highlights,2,1.5,2,2,4.8,30,https://www.airbnb.com/rooms/809503558229015441
809518045636653e3,$120.00,Neighborhood highlights,2,1,1,1,NA,0,https://www.airbnb.com/rooms/809518045636653120
809538144227617200,$250.00,Neighborhood highlights,3,1,1,1,5,8,https://www.airbnb.com/rooms/809538144227617203
809546216703201700,$90.00,NA,3,1,1,1,5,6,https://www.airbnb.com/rooms/809546216703201639
809566492147835400,NA,Neighborhood highlights,1,NA,1,NA,5,3,https://www.airbnb.com/rooms/809566492147835453
809626162171307800,$175.00,NA,2,1,1,1,NA,0,https://www.airbnb.com/rooms/809626162171307765
809649506221297900,$914.00,Neighborhood highlights,14,4,6,8,4.67,9,https://www.airbnb.com/rooms/809649506221297892
809698587050750200,$46.00,Neighborhood highlights,1,1,1,1,4.52,21,https://www.airbnb.com/rooms/809698587050750214
809748562394137600,NA,Neighborhood highlights,4,NA,1,NA,5,17,https://www.airbnb.com/rooms/809748562394137646
810047099857743100,$436.00,Neighborhood highlights,6,1,3,4,4.64,11,https://www.airbnb.com/rooms/810047099857743100
810121182812489e3,$444.00,NA,4,0.5,1,1,NA,0,https://www.airbnb.com/rooms/810121182812488899
810153796812455e3,$280.00,NA,7,2,3,5,4.25,16,https://www.airbnb.com/rooms/810153796812455032
810211455758594300,$120.00,NA,2,1.5,1,1,NA,0,https://www.airbnb.com/rooms/810211455758594295
810241752295430800,$73.00,Neighborhood highlights,1,1,1,1,5,4,https://www.airbnb.com/rooms/810241752295430773
810261554820402700,NA,NA,2,NA,NA,NA,5,2,https://www.airbnb.com/rooms/810261554820402628
810401147741395700,$200.00,NA,6,1,3,3,4.67,3,https://www.airbnb.com/rooms/810401147741395709
810426522723187700,$100.00,Neighborhood highlights,4,1.5,1,2,4.8,15,https://www.airbnb.com/rooms/810426522723187669
810446395831534800,$39.00,NA,1,2.5,1,1,5,9,https://www.airbnb.com/rooms/810446395831534876
810599025363829800,$95.00,Neighborhood highlights,1,0,3,1,NA,0,https://www.airbnb.com/rooms/810599025363829750
810599053504389600,$175.00,Neighborhood highlights,1,0,4,1,NA,0,https://www.airbnb.com/rooms/810599053504389592
810601031311324900,$51.00,NA,1,0,1,1,NA,0,https://www.airbnb.com/rooms/810601031311324893
810755302125055100,$325.00,Neighborhood highlights,2,1,1,1,NA,0,https://www.airbnb.com/rooms/810755302125055085
810755623656405600,$357.00,Neighborhood highlights,4,1,2,2,NA,0,https://www.airbnb.com/rooms/810755623656405604
810759129656828200,$171.00,Neighborhood highlights,2,1,2,3,4.95,41,https://www.airbnb.com/rooms/810759129656828106
810774276186071e3,$260.00,Neighborhood highlights,4,1,2,3,4.98,50,https://www.airbnb.com/rooms/810774276186071072
810784543188657200,$300.00,Neighborhood highlights,2,1,1,1,4.8,5,https://www.airbnb.com/rooms/810784543188657180
810830041327117200,$750.00,Neighborhood highlights,4,2,3,3,5,2,https://www.airbnb.com/rooms/810830041327117144
810830154939980900,$250.00,NA,2,1,2,2,5,15,https://www.airbnb.com/rooms/810830154939980866
810837590982382500,$46.00,NA,2,2,1,1,5,1,https://www.airbnb.com/rooms/810837590982382456
810864321033852900,$62.00,Neighborhood highlights,1,1,1,1,4.93,14,https://www.airbnb.com/rooms/810864321033852866
810871681374370800,$395.00,Neighborhood highlights,4,1,1,2,4.92,12,https://www.airbnb.com/rooms/810871681374370809
810927419583782700,$70.00,NA,2,1,1,1,4.85,13,https://www.airbnb.com/rooms/810927419583782639
810938483066514700,$72.00,Neighborhood highlights,1,0,3,1,NA,0,https://www.airbnb.com/rooms/810938483066514732
810938688269011300,$82.00,NA,1,0,4,1,NA,0,https://www.airbnb.com/rooms/810938688269011347
810938711482534400,$166.00,Neighborhood highlights,1,0,3,1,NA,0,https://www.airbnb.com/rooms/810938711482534460
810938747432663400,$95.00,Neighborhood highlights,1,0,1,1,NA,0,https://www.airbnb.com/rooms/810938747432663393
810938948936667100,$79.00,NA,1,0,3,1,NA,0,https://www.airbnb.com/rooms/810938948936667196
810939297816203600,$74.00,NA,1,0,3,1,NA,0,https://www.airbnb.com/rooms/810939297816203644
810942559329102200,$58.00,NA,1,0,2,1,NA,0,https://www.airbnb.com/rooms/810942559329102205
810943286160067100,NA,NA,1,NA,2,NA,NA,0,https://www.airbnb.com/rooms/810943286160067072
810945743953878700,$59.00,NA,1,0,3,1,NA,0,https://www.airbnb.com/rooms/810945743953878683
810971498556407700,NA,NA,3,NA,1,NA,NA,0,https://www.airbnb.com/rooms/810971498556407640
811090179019174800,$76.00,NA,1,1,1,1,4.71,14,https://www.airbnb.com/rooms/811090179019174805
811100013407497300,$49.00,NA,3,1,1,1,NA,0,https://www.airbnb.com/rooms/811100013407497294
811104333421247e3,NA,Neighborhood highlights,2,1,1,1,NA,0,https://www.airbnb.com/rooms/811104333421246935
811117815315882e3,$37.00,NA,1,1,1,1,NA,0,https://www.airbnb.com/rooms/811117815315882021
811131528679964800,$305.00,Neighborhood highlights,5,2,3,3,4.75,8,https://www.airbnb.com/rooms/811131528679964756
811177977370215800,$41.00,NA,1,2,4,1,NA,0,https://www.airbnb.com/rooms/811177977370215808
811411264175754600,$199.00,NA,2,1,1,2,4.6,5,https://www.airbnb.com/rooms/811411264175754624
811452732576174100,$167.00,NA,6,1,1,3,4.98,42,https://www.airbnb.com/rooms/811452732576174040
811480555977826300,NA,NA,1,2,4,1,NA,0,https://www.airbnb.com/rooms/811480555977826304
811495999344126500,NA,Neighborhood highlights,4,NA,2,NA,NA,0,https://www.airbnb.com/rooms/811495999344126417
811503738270440700,$40.00,NA,1,2,4,1,NA,0,https://www.airbnb.com/rooms/811503738270440757
811509208342037100,$111.00,NA,2,1,0,1,4.2,5,https://www.airbnb.com/rooms/811509208342037066
811516531230788100,$38.00,NA,1,2,4,1,NA,0,https://www.airbnb.com/rooms/811516531230788102
811520842318764e3,$356.00,Neighborhood highlights,4,1,2,2,NA,0,https://www.airbnb.com/rooms/811520842318764028
811529952320240100,$320.00,NA,4,1.5,3,4,5,9,https://www.airbnb.com/rooms/811529952320240113
811544409641696400,$132.00,Neighborhood highlights,2,1,1,1,5,3,https://www.airbnb.com/rooms/811544409641696424
811556047392409500,$245.00,Neighborhood highlights,5,1,2,2,5,11,https://www.airbnb.com/rooms/811556047392409459
811561120935198500,$134.00,Neighborhood highlights,3,1,1,2,NA,0,https://www.airbnb.com/rooms/811561120935198520
811589415141588600,$240.00,Neighborhood highlights,4,1,0,1,4.73,11,https://www.airbnb.com/rooms/811589415141588632
811605866541468800,$220.00,NA,4,1,3,3,4.92,12,https://www.airbnb.com/rooms/811605866541468809
811609212876146200,$200.00,Neighborhood highlights,4,1,2,2,NA,0,https://www.airbnb.com/rooms/811609212876146196
811616685470196400,$199.00,Neighborhood highlights,4,1,2,2,NA,0,https://www.airbnb.com/rooms/811616685470196321
811628709313860500,$67.00,Neighborhood highlights,2,2,4,1,NA,0,https://www.airbnb.com/rooms/811628709313860516
811638251522261600,$199.00,Neighborhood highlights,3,1,2,2,NA,0,https://www.airbnb.com/rooms/811638251522261624
811662922186615600,$100.00,Neighborhood highlights,1,1,1,1,4.88,17,https://www.airbnb.com/rooms/811662922186615546
811691110854757100,$150.00,NA,4,1,2,2,5,6,https://www.airbnb.com/rooms/811691110854757146
811710519478869800,$99.00,Neighborhood highlights,2,1,1,1,4.81,21,https://www.airbnb.com/rooms/811710519478869780
811784480371839600,$50.00,Neighborhood highlights,2,1,1,1,5,2,https://www.airbnb.com/rooms/811784480371839660
811787745158464100,$84.00,Neighborhood highlights,1,1,1,1,4.85,27,https://www.airbnb.com/rooms/811787745158464120
811794915460622800,$351.00,Neighborhood highlights,4,1,0,2,4.99,82,https://www.airbnb.com/rooms/811794915460622851
811811665116059800,$139.00,NA,9,1,2,7,4.83,29,https://www.airbnb.com/rooms/811811665116059750
811860734658089200,$225.00,Neighborhood highlights,4,2,2,2,4.88,32,https://www.airbnb.com/rooms/811860734658089258
812085758104613e3,NA,NA,2,NA,NA,NA,NA,0,https://www.airbnb.com/rooms/812085758104612936
812091939598457900,NA,NA,2,NA,NA,NA,4.75,4,https://www.airbnb.com/rooms/812091939598457827
812142220944834200,$224.00,Neighborhood highlights,2,1,2,2,4.97,73,https://www.airbnb.com/rooms/812142220944834128
812155378094933500,NA,NA,1,NA,4,NA,3,1,https://www.airbnb.com/rooms/812155378094933506
812180797633934300,$260.00,Neighborhood highlights,4,1,2,2,4.92,63,https://www.airbnb.com/rooms/812180797633934277
812264401922182300,$77.00,NA,2,1,1,1,4.61,41,https://www.airbnb.com/rooms/812264401922182302
812303911037205100,NA,Neighborhood highlights,1,NA,NA,NA,4.5,2,https://www.airbnb.com/rooms/812303911037205133
812363361679077900,$621.00,NA,3,1.5,1,2,4.94,66,https://www.airbnb.com/rooms/812363361679077941
81236431294902e4,$332.00,NA,10,2,3,5,5,8,https://www.airbnb.com/rooms/812364312949019978
812489705681298e3,$138.00,Neighborhood highlights,4,1,1,2,NA,0,https://www.airbnb.com/rooms/812489705681298080
812490361422619100,$138.00,Neighborhood highlights,4,1,1,2,NA,0,https://www.airbnb.com/rooms/812490361422619111
812490633235441200,$138.00,Neighborhood highlights,4,1,1,2,NA,0,https://www.airbnb.com/rooms/812490633235441156
812500699375945200,$138.00,Neighborhood highlights,8,2,2,4,NA,0,https://www.airbnb.com/rooms/812500699375945219
812502477008708600,$138.00,Neighborhood highlights,8,2,2,4,NA,0,https://www.airbnb.com/rooms/812502477008708590
812503312329195300,$138.00,Neighborhood highlights,8,2,2,4,NA,0,https://www.airbnb.com/rooms/812503312329195224
812513786864992e3,$138.00,Neighborhood highlights,12,3,3,6,NA,0,https://www.airbnb.com/rooms/812513786864992000
812513975456507800,$138.00,Neighborhood highlights,12,3,3,6,NA,0,https://www.airbnb.com/rooms/812513975456507728
812514169569979100,$138.00,Neighborhood highlights,12,3,3,6,NA,0,https://www.airbnb.com/rooms/812514169569979097
812515335561404500,$138.00,Neighborhood highlights,16,4,4,8,NA,0,https://www.airbnb.com/rooms/812515335561404556
812515565103023900,$138.00,Neighborhood highlights,16,4,4,8,NA,0,https://www.airbnb.com/rooms/812515565103023880
812515774967392900,$138.00,Neighborhood highlights,16,4,4,8,NA,0,https://www.airbnb.com/rooms/812515774967392958
812549975278498800,$35.00,NA,1,1,1,1,5,1,https://www.airbnb.com/rooms/812549975278498757
812595351840904700,$128.00,NA,2,1,1,2,4.86,7,https://www.airbnb.com/rooms/812595351840904723
812614501465645600,$48.00,NA,1,2,5,1,NA,0,https://www.airbnb.com/rooms/812614501465645508
812619518792931300,$80.00,NA,2,1,1,1,NA,0,https://www.airbnb.com/rooms/812619518792931382
812649282770207900,$444.00,NA,12,1.5,4,4,4.76,29,https://www.airbnb.com/rooms/812649282770207903
812650377737473200,$70.00,NA,2,1,1,2,5,3,https://www.airbnb.com/rooms/812650377737473108
81282443368243e4,$301.00,Neighborhood highlights,4,1,2,2,NA,0,https://www.airbnb.com/rooms/812824433682429889
812880173137857500,NA,NA,2,NA,1,NA,4,5,https://www.airbnb.com/rooms/812880173137857472
812888118606679600,$106.00,NA,2,1,1,1,4.75,4,https://www.airbnb.com/rooms/812888118606679527
812891874403369500,$199.00,NA,4,1,2,3,NA,0,https://www.airbnb.com/rooms/812891874403369462
812904501672660600,$44.00,NA,1,2,5,1,NA,0,https://www.airbnb.com/rooms/812904501672660576
812912005478854900,$43.00,NA,1,2,5,1,NA,0,https://www.airbnb.com/rooms/812912005478854875
812918853506988e3,$39.00,NA,1,2,5,1,NA,0,https://www.airbnb.com/rooms/812918853506988002
812940893548383200,$39.00,NA,1,2,5,1,NA,0,https://www.airbnb.com/rooms/812940893548383179
812942450524640600,$101.00,NA,2,1,1,1,4.54,74,https://www.airbnb.com/rooms/812942450524640668
812960706146211600,$69.00,NA,1,1,1,1,5,5,https://www.airbnb.com/rooms/812960706146211564
812963637210021e3,$111.00,NA,2,1,1,1,4.8,71,https://www.airbnb.com/rooms/812963637210021030
813080654981727100,$296.00,NA,2,1,0,1,5,3,https://www.airbnb.com/rooms/813080654981727113
813087117074496400,$296.00,NA,2,1,0,1,4,1,https://www.airbnb.com/rooms/813087117074496388
813179182445362700,$165.00,Neighborhood highlights,2,1,1,1,5,17,https://www.airbnb.com/rooms/813179182445362705
813206527000667500,$93.00,NA,3,1,1,1,4.78,27,https://www.airbnb.com/rooms/813206527000667489
813619299927003400,$224.00,NA,4,1,0,2,5,1,https://www.airbnb.com/rooms/813619299927003389
813638992895882800,$169.00,Neighborhood highlights,2,1,1,1,4.39,100,https://www.airbnb.com/rooms/813638992895882690
813641968666192e3,$389.00,Neighborhood highlights,4,1,1,2,5,2,https://www.airbnb.com/rooms/813641968666191978
813643267419061800,$419.00,Neighborhood highlights,4,1,1,2,5,3,https://www.airbnb.com/rooms/813643267419061734
813644062830607700,$494.00,Neighborhood highlights,4,2,1,2,4.83,12,https://www.airbnb.com/rooms/813644062830607785
813647055281162600,$644.00,Neighborhood highlights,4,2,1,2,4.67,3,https://www.airbnb.com/rooms/813647055281162664
813699540556853500,$238.00,Neighborhood highlights,2,1,0,1,NA,0,https://www.airbnb.com/rooms/813699540556853516
813699649442418400,$238.00,Neighborhood highlights,2,1,0,1,NA,0,https://www.airbnb.com/rooms/813699649442418444
813699714183483900,$238.00,Neighborhood highlights,2,1,0,1,NA,0,https://www.airbnb.com/rooms/813699714183483903
813699809642365600,$238.00,Neighborhood highlights,2,1,0,1,NA,0,https://www.airbnb.com/rooms/813699809642365517
813699890174846200,$238.00,Neighborhood highlights,2,1,0,1,NA,0,https://www.airbnb.com/rooms/813699890174846244
813700036702759700,$276.00,Neighborhood highlights,4,1,1,2,NA,0,https://www.airbnb.com/rooms/813700036702759694
813700131988722600,$276.00,Neighborhood highlights,4,1,1,2,NA,0,https://www.airbnb.com/rooms/813700131988722555
813700178841582700,$276.00,Neighborhood highlights,4,1,1,2,NA,0,https://www.airbnb.com/rooms/813700178841582736
8.1370025439995994e+17,$276.00,Neighborhood highlights,4,1,1,2,NA,0,https://www.airbnb.com/rooms/813700254399959987
813700326001228300,$276.00,Neighborhood highlights,4,1,1,2,NA,0,https://www.airbnb.com/rooms/813700326001228334
813700516397481300,NA,NA,2,NA,1,NA,NA,0,https://www.airbnb.com/rooms/813700516397481290
813700607153501e3,$383.00,Neighborhood highlights,6,2,2,3,NA,0,https://www.airbnb.com/rooms/813700607153501046
813700748758406900,$383.00,Neighborhood highlights,6,2,2,3,NA,0,https://www.airbnb.com/rooms/813700748758406957
813700878957374300,$383.00,Neighborhood highlights,6,2,2,3,NA,0,https://www.airbnb.com/rooms/813700878957374342
813700902189641500,$383.00,Neighborhood highlights,6,2,2,3,NA,0,https://www.airbnb.com/rooms/813700902189641448
813700910308163500,$383.00,Neighborhood highlights,6,2,2,3,NA,0,https://www.airbnb.com/rooms/813700910308163425
813700923615597700,$206.00,Neighborhood highlights,2,1,0,1,NA,0,https://www.airbnb.com/rooms/813700923615597690
813700999695743200,$206.00,Neighborhood highlights,2,1,0,1,NA,0,https://www.airbnb.com/rooms/813700999695743209
813701095604735200,$206.00,Neighborhood highlights,2,1,0,1,NA,0,https://www.airbnb.com/rooms/813701095604735279
813701182063615e3,$206.00,Neighborhood highlights,2,1,0,1,NA,0,https://www.airbnb.com/rooms/813701182063614934
813701258122617e3,$206.00,Neighborhood highlights,2,1,0,1,NA,0,https://www.airbnb.com/rooms/813701258122616967
8.1371949738682394e+17,NA,NA,1,NA,NA,NA,NA,0,https://www.airbnb.com/rooms/813719497386823949
813723668254003800,$270.00,NA,4,1,2,2,5,3,https://www.airbnb.com/rooms/813723668254003862
813784922457452200,$265.00,NA,5,1,2,2,5,1,https://www.airbnb.com/rooms/813784922457452129
813793851865030500,$217.00,NA,2,1,1,1,4.57,21,https://www.airbnb.com/rooms/813793851865030503
813795604614689e3,$708.00,Neighborhood highlights,6,3,3,3,5,1,https://www.airbnb.com/rooms/813795604614689001
814035938732105700,$130.00,Neighborhood highlights,2,1,1,1,5,4,https://www.airbnb.com/rooms/814035938732105780
814140499041386800,$728.00,Neighborhood highlights,8,3.5,3,4,5,1,https://www.airbnb.com/rooms/814140499041386815
814152362544321300,"$1,313.00",Neighborhood highlights,8,4.5,4,4,5,1,https://www.airbnb.com/rooms/814152362544321220
814152493798462300,$424.00,Neighborhood highlights,6,2,3,3,4.75,4,https://www.airbnb.com/rooms/814152493798462336
814152878553377400,$469.00,Neighborhood highlights,8,3,4,4,4.75,4,https://www.airbnb.com/rooms/814152878553377349
814153128504179700,$627.00,Neighborhood highlights,8,3.5,3,4,5,1,https://www.airbnb.com/rooms/814153128504179654
814153223490009600,$697.00,Neighborhood highlights,6,2,2,2,NA,0,https://www.airbnb.com/rooms/814153223490009645
814205748018769800,NA,Neighborhood highlights,2,NA,1,NA,5,6,https://www.airbnb.com/rooms/814205748018769851
814389628127016200,$249.00,NA,7,2,3,5,5,3,https://www.airbnb.com/rooms/814389628127016237
814599521961865200,NA,Neighborhood highlights,2,NA,NA,NA,NA,0,https://www.airbnb.com/rooms/814599521961865194
814665504437654800,$50.00,NA,1,1,1,1,4.91,47,https://www.airbnb.com/rooms/814665504437654778
814741679869275300,$149.00,NA,1,1,1,1,2,1,https://www.airbnb.com/rooms/814741679869275205
81477129847643e4,NA,NA,2,NA,NA,NA,NA,0,https://www.airbnb.com/rooms/814771298476429904
814892634456211300,$300.00,NA,2,1,1,1,4.86,7,https://www.airbnb.com/rooms/814892634456211326
815120807794894300,NA,NA,2,NA,1,NA,NA,0,https://www.airbnb.com/rooms/815120807794894299
815148194323194800,$130.00,Neighborhood highlights,3,1,2,2,5,2,https://www.airbnb.com/rooms/815148194323194736
815172160252307700,NA,Neighborhood highlights,1,NA,NA,NA,4,1,https://www.airbnb.com/rooms/815172160252307723
815218881748870400,$152.00,Neighborhood highlights,2,1,1,1,4.64,11,https://www.airbnb.com/rooms/815218881748870384
815228833904226400,$65.00,Neighborhood highlights,3,1,1,2,4.94,18,https://www.airbnb.com/rooms/815228833904226428
815297256040670500,NA,NA,1,NA,1,NA,3,2,https://www.airbnb.com/rooms/815297256040670413
815302297449439900,$135.00,Neighborhood highlights,2,1,2,2,4.88,40,https://www.airbnb.com/rooms/815302297449439868
815393154385616100,$45.00,Neighborhood highlights,1,1,1,1,4.81,31,https://www.airbnb.com/rooms/815393154385616157
815404839996804200,$219.00,Neighborhood highlights,2,1,2,2,NA,0,https://www.airbnb.com/rooms/815404839996804257
815406323850393300,$29.00,Neighborhood highlights,2,1,1,1,4.25,16,https://www.airbnb.com/rooms/815406323850393403
815511875786313900,NA,Neighborhood highlights,3,NA,1,NA,NA,0,https://www.airbnb.com/rooms/815511875786313806
815792550504150900,NA,Neighborhood highlights,3,NA,1,NA,5,3,https://www.airbnb.com/rooms/815792550504150908
815797184519518e3,NA,NA,6,NA,2,NA,NA,0,https://www.airbnb.com/rooms/815797184519517960
815836848271656200,NA,NA,3,NA,NA,NA,3.33,12,https://www.airbnb.com/rooms/815836848271656144
815884900758205700,NA,Neighborhood highlights,2,NA,2,NA,5,3,https://www.airbnb.com/rooms/815884900758205734
815887248229691500,$112.00,Neighborhood highlights,1,0,4,1,NA,0,https://www.airbnb.com/rooms/815887248229691581
815887888022331100,$61.00,Neighborhood highlights,1,0,5,1,NA,0,https://www.airbnb.com/rooms/815887888022331102
815887953017298300,$101.00,Neighborhood highlights,1,0,4,1,NA,0,https://www.airbnb.com/rooms/815887953017298358
815887974641903500,$84.00,Neighborhood highlights,1,0,4,1,NA,0,https://www.airbnb.com/rooms/815887974641903521
815891316205625e3,$150.00,NA,2,1,1,1,4.97,39,https://www.airbnb.com/rooms/815891316205624928
815914518377147800,$343.00,NA,5,1.5,3,4,4.75,4,https://www.airbnb.com/rooms/815914518377147811
815948915620723500,$212.00,Neighborhood highlights,3,1.5,3,4,4.85,13,https://www.airbnb.com/rooms/815948915620723510
816102839080885400,$145.00,Neighborhood highlights,2,1,2,3,4.5,4,https://www.airbnb.com/rooms/816102839080885333
816157784605639400,$312.00,Neighborhood highlights,2,1,1,0,4.94,18,https://www.airbnb.com/rooms/816157784605639443
816171035608966100,$90.00,NA,1,1,1,1,NA,0,https://www.airbnb.com/rooms/816171035608966135
816182291434872200,$59.00,NA,1,1,1,1,4.56,9,https://www.airbnb.com/rooms/816182291434872215
8.1618665226029606e+17,NA,NA,5,1,3,3,4.91,33,https://www.airbnb.com/rooms/816186652260296007
816198208667605500,NA,Neighborhood highlights,4,NA,1,NA,5,2,https://www.airbnb.com/rooms/816198208667605511
816198935601828500,$275.00,Neighborhood highlights,3,1,2,2,5,17,https://www.airbnb.com/rooms/816198935601828467
816222714338964200,$138.00,NA,2,1,1,1,5,11,https://www.airbnb.com/rooms/816222714338964212
816255161663694800,$210.00,NA,2,1,1,1,5,2,https://www.airbnb.com/rooms/816255161663694814
8163209412211e5,$130.00,NA,2,1,1,2,4.83,35,https://www.airbnb.com/rooms/816320941221100049
816524551462962300,NA,Neighborhood highlights,6,NA,3,NA,5,1,https://www.airbnb.com/rooms/816524551462962260
816562775705428200,NA,Neighborhood highlights,2,NA,1,NA,4.97,32,https://www.airbnb.com/rooms/816562775705428231
816595455690343e3,NA,NA,3,NA,NA,NA,3.27,11,https://www.airbnb.com/rooms/816595455690343086
816631469133589e3,$70.00,Neighborhood highlights,1,1,1,1,4.79,14,https://www.airbnb.com/rooms/816631469133589049
816646508081887900,$44.00,NA,2,2,1,1,2.5,2,https://www.airbnb.com/rooms/816646508081887906
816670477711874600,$78.00,NA,4,1,1,3,4.69,16,https://www.airbnb.com/rooms/816670477711874546
816693930212687600,NA,NA,2,NA,2,NA,5,1,https://www.airbnb.com/rooms/816693930212687676
816753648317536e3,$202.00,Neighborhood highlights,4,1,1,2,5,5,https://www.airbnb.com/rooms/816753648317535998
816768813156134400,$67.00,Neighborhood highlights,2,1,1,1,4.67,3,https://www.airbnb.com/rooms/816768813156134404
816783428767938200,$70.00,NA,2,1,0,1,5,9,https://www.airbnb.com/rooms/816783428767938211
816823579410171300,NA,Neighborhood highlights,1,NA,NA,NA,5,24,https://www.airbnb.com/rooms/816823579410171224
816848131067274200,$188.00,NA,6,1,1,3,NA,0,https://www.airbnb.com/rooms/816848131067274281
816873993012628500,$773.00,NA,4,1,1,3,NA,0,https://www.airbnb.com/rooms/816873993012628485
816897152453807600,NA,Neighborhood highlights,2,NA,NA,NA,5,1,https://www.airbnb.com/rooms/816897152453807680
816918519230676200,$110.00,Neighborhood highlights,2,1,1,1,5,1,https://www.airbnb.com/rooms/816918519230676255
816988342858516e3,$50.00,Neighborhood highlights,1,2.5,1,1,5,2,https://www.airbnb.com/rooms/816988342858515999
816993818031596500,$614.00,NA,14,4,7,7,4.72,18,https://www.airbnb.com/rooms/816993818031596566
817035992237456e3,$171.00,NA,4,1,2,2,4.96,84,https://www.airbnb.com/rooms/817035992237456061
817229143963095700,$499.00,NA,5,2,2,3,NA,0,https://www.airbnb.com/rooms/817229143963095637
817246542999316e3,"$2,313.00",Neighborhood highlights,10,7.5,5,5,NA,0,https://www.airbnb.com/rooms/817246542999315934
817320349485433100,$42.00,NA,1,3,6,1,NA,0,https://www.airbnb.com/rooms/817320349485433078
817334784336936600,NA,Neighborhood highlights,1,NA,NA,NA,5,5,https://www.airbnb.com/rooms/817334784336936618
817335563051823e3,$735.00,Neighborhood highlights,8,2.5,4,4,5,30,https://www.airbnb.com/rooms/817335563051823039
817337173977098900,$204.00,Neighborhood highlights,6,2,2,3,4.93,54,https://www.airbnb.com/rooms/817337173977098818
817402844618103400,$248.00,Neighborhood highlights,2,1,1,1,4.47,78,https://www.airbnb.com/rooms/817402844618103366
817413068766513900,$93.00,NA,2,1,1,1,5,19,https://www.airbnb.com/rooms/817413068766513902
817419227535954800,$140.00,NA,2,1,1,1,5,13,https://www.airbnb.com/rooms/817419227535954823
817490864743448400,$55.00,Neighborhood highlights,4,1,2,2,5,5,https://www.airbnb.com/rooms/817490864743448479
817571435911571100,$118.00,Neighborhood highlights,4,1,2,3,4.64,45,https://www.airbnb.com/rooms/817571435911571082
817580985819220500,$119.00,Neighborhood highlights,1,1.5,1,1,5,13,https://www.airbnb.com/rooms/817580985819220523
817583298347048300,$39.00,Neighborhood highlights,2,1,1,1,5,2,https://www.airbnb.com/rooms/817583298347048306
817631937375329500,$10.00,NA,2,1,1,1,NA,0,https://www.airbnb.com/rooms/817631937375329564
817650219257594500,$175.00,Neighborhood highlights,2,1,2,2,5,7,https://www.airbnb.com/rooms/817650219257594527
817890817475549200,$304.00,Neighborhood highlights,4,1,2,2,NA,0,https://www.airbnb.com/rooms/817890817475549196
817891489793125800,$466.00,Neighborhood highlights,4,2,2,2,NA,0,https://www.airbnb.com/rooms/817891489793125737
817955264395137900,$219.00,Neighborhood highlights,12,2,5,5,4.86,22,https://www.airbnb.com/rooms/817955264395137862
818063842815793200,$205.00,NA,3,1,1,1,4.79,19,https://www.airbnb.com/rooms/818063842815793153
818082696608058800,$160.00,Neighborhood highlights,3,1,1,1,NA,0,https://www.airbnb.com/rooms/818082696608058770
818087759889734900,$170.00,Neighborhood highlights,3,1,1,1,NA,0,https://www.airbnb.com/rooms/818087759889734860
818090794671877500,$155.00,Neighborhood highlights,3,1,1,1,NA,0,https://www.airbnb.com/rooms/818090794671877501
818098463249824900,$375.00,NA,2,1,2,2,NA,0,https://www.airbnb.com/rooms/818098463249824835
818099336473939600,$211.00,Neighborhood highlights,5,1,2,2,4,2,https://www.airbnb.com/rooms/818099336473939614
818105469584230500,$400.00,NA,4,1,2,2,NA,0,https://www.airbnb.com/rooms/818105469584230519
818113264111815200,$206.00,Neighborhood highlights,4,1,2,2,4,1,https://www.airbnb.com/rooms/818113264111815180
818117820760322200,$155.00,Neighborhood highlights,3,1,1,1,NA,0,https://www.airbnb.com/rooms/818117820760322238
818118331588449500,$155.00,Neighborhood highlights,3,1,1,1,5,1,https://www.airbnb.com/rooms/818118331588449510
818119556081729500,$155.00,Neighborhood highlights,2,1,1,1,3.5,2,https://www.airbnb.com/rooms/818119556081729494
818123992750150400,$146.00,Neighborhood highlights,3,1,1,1,4.5,2,https://www.airbnb.com/rooms/818123992750150461
818124366423505700,"$2,900.00",Neighborhood highlights,10,3.5,5,7,NA,0,https://www.airbnb.com/rooms/818124366423505608
818125827182233700,$119.00,Neighborhood highlights,3,1,1,2,5,4,https://www.airbnb.com/rooms/818125827182233766
8.1817648130372006e+17,$175.00,Neighborhood highlights,2,1,1,3,5,9,https://www.airbnb.com/rooms/818176481303720127
818179625602858900,$232.00,NA,4,1,1,1,5,1,https://www.airbnb.com/rooms/818179625602858926
818209290472580600,$280.00,NA,2,2,2,2,4.94,82,https://www.airbnb.com/rooms/818209290472580619
818211569486005500,$428.00,Neighborhood highlights,10,2,4,4,4.83,35,https://www.airbnb.com/rooms/818211569486005441
818226487485177300,$83.00,Neighborhood highlights,1,0,4,1,NA,0,https://www.airbnb.com/rooms/818226487485177282
818227802719333800,$394.00,NA,10,2,5,5,5,17,https://www.airbnb.com/rooms/818227802719333778
818247798227729900,$59.00,NA,1,1,1,1,5,3,https://www.airbnb.com/rooms/818247798227729952
818343840653732e3,$149.00,Neighborhood highlights,2,1,1,2,4.87,23,https://www.airbnb.com/rooms/818343840653731944
818367829841705200,$276.00,NA,4,2.5,2,2,5,3,https://www.airbnb.com/rooms/818367829841705210
818391030334333400,NA,NA,4,NA,1,NA,NA,0,https://www.airbnb.com/rooms/818391030334333477
818785714339118200,$428.00,Neighborhood highlights,4,1,2,2,NA,0,https://www.airbnb.com/rooms/818785714339118256
818852366357722800,$170.00,NA,2,1,1,1,1,1,https://www.airbnb.com/rooms/818852366357722810
818879228507700700,$65.00,Neighborhood highlights,3,1,1,3,4.8,15,https://www.airbnb.com/rooms/818879228507700705
818917125775091700,$140.00,Neighborhood highlights,6,1,3,3,NA,0,https://www.airbnb.com/rooms/818917125775091767
818990900951340300,$95.00,NA,2,1.5,1,1,4.83,46,https://www.airbnb.com/rooms/818990900951340331
819298965203188600,$190.00,Neighborhood highlights,4,1,1,2,4.87,45,https://www.airbnb.com/rooms/819298965203188593
819398487699109600,NA,NA,2,NA,NA,NA,4.21,19,https://www.airbnb.com/rooms/819398487699109696
819412869698281e3,$99.00,Neighborhood highlights,2,1,1,1,4.69,16,https://www.airbnb.com/rooms/819412869698280943
819414242602084600,$85.00,NA,2,1,1,1,4.88,34,https://www.airbnb.com/rooms/819414242602084580
819507461872359700,$160.00,NA,3,1,1,1,NA,0,https://www.airbnb.com/rooms/819507461872359629
819586023258001500,$130.00,Neighborhood highlights,5,2,2,3,4.9,31,https://www.airbnb.com/rooms/819586023258001487
819611500532619300,$99.00,NA,1,1,1,1,NA,0,https://www.airbnb.com/rooms/819611500532619287
819711620719566300,$99.00,NA,4,1,1,1,NA,0,https://www.airbnb.com/rooms/819711620719566358
819761922178142700,$149.00,Neighborhood highlights,4,1.5,2,2,NA,0,https://www.airbnb.com/rooms/819761922178142776
820157543740584300,$100.00,NA,8,1,3,4,4.94,17,https://www.airbnb.com/rooms/820157543740584290
820166028658823600,$90.00,Neighborhood highlights,2,1,1,1,4.9,50,https://www.airbnb.com/rooms/820166028658823579
820210525234875e3,$69.00,Neighborhood highlights,2,1,1,1,5,1,https://www.airbnb.com/rooms/820210525234875015
820282665521047800,$206.00,NA,4,1,2,2,5,47,https://www.airbnb.com/rooms/820282665521047812
820337097299251700,$35.00,NA,1,1,1,2,4.59,29,https://www.airbnb.com/rooms/820337097299251687
820361475735199700,$159.00,Neighborhood highlights,2,1,1,1,5,3,https://www.airbnb.com/rooms/820361475735199804
820391438673266700,$138.00,NA,2,1,2,1,5,7,https://www.airbnb.com/rooms/820391438673266629
820400240250706300,$72.00,NA,1,1,1,1,NA,0,https://www.airbnb.com/rooms/820400240250706265
820461274743680900,$200.00,Neighborhood highlights,2,1,1,1,4.93,28,https://www.airbnb.com/rooms/820461274743680871
820498236955798e3,$154.00,NA,3,1,1,1,5,5,https://www.airbnb.com/rooms/820498236955797984
820530353821552900,$140.00,NA,2,1,1,2,5,1,https://www.airbnb.com/rooms/820530353821552933
82054555337605e4,$93.00,NA,2,1,1,1,NA,0,https://www.airbnb.com/rooms/820545553376050082
820620549803913900,$121.00,Neighborhood highlights,2,1,1,1,4.88,16,https://www.airbnb.com/rooms/820620549803913919
820671459392875600,NA,NA,1,NA,5,NA,NA,0,https://www.airbnb.com/rooms/820671459392875676
820836733548846700,$107.00,NA,1,0,3,1,NA,0,https://www.airbnb.com/rooms/820836733548846770
820836842720958800,$90.00,NA,1,0,1,1,NA,0,https://www.airbnb.com/rooms/820836842720958870
820836875720364300,$87.00,Neighborhood highlights,1,0,3,1,NA,0,https://www.airbnb.com/rooms/820836875720364275
820866532149885400,$72.00,NA,2,1,1,1,4.8,10,https://www.airbnb.com/rooms/820866532149885436
820930067227183500,NA,NA,1,NA,5,NA,NA,0,https://www.airbnb.com/rooms/820930067227183497
820973617127079700,$42.00,NA,2,1,1,1,5,3,https://www.airbnb.com/rooms/820973617127079733
821002014417862700,$60.00,NA,1,0,3,1,NA,0,https://www.airbnb.com/rooms/821002014417862622
821002678537092500,$71.00,NA,1,0,3,1,NA,0,https://www.airbnb.com/rooms/821002678537092532
821004687057014700,NA,NA,1,NA,5,NA,NA,0,https://www.airbnb.com/rooms/821004687057014622
821008630461119600,$155.00,Neighborhood highlights,3,1,1,1,NA,0,https://www.airbnb.com/rooms/821008630461119661
821012397088618600,$169.00,Neighborhood highlights,3,1,1,1,NA,0,https://www.airbnb.com/rooms/821012397088618609
821019243721350900,$181.00,Neighborhood highlights,3,1,0,1,NA,0,https://www.airbnb.com/rooms/821019243721350862
821019725341194900,$181.00,Neighborhood highlights,4,1,2,2,5,4,https://www.airbnb.com/rooms/821019725341194896
821020138220358300,$189.00,Neighborhood highlights,4,1,2,2,NA,0,https://www.airbnb.com/rooms/821020138220358249
821024640885650400,$83.00,Neighborhood highlights,1,0,1,1,NA,0,https://www.airbnb.com/rooms/821024640885650404
821024670257176600,NA,Neighborhood highlights,1,NA,3,NA,NA,0,https://www.airbnb.com/rooms/821024670257176533
8.2102744110493594e+17,$196.00,Neighborhood highlights,3,1,1,1,5,1,https://www.airbnb.com/rooms/821027441104935897
821029707655831300,$151.00,Neighborhood highlights,3,1,1,1,4,2,https://www.airbnb.com/rooms/821029707655831334
821030948961436e3,$361.00,Neighborhood highlights,6,1,3,3,NA,0,https://www.airbnb.com/rooms/821030948961436015
821031571738778800,$181.00,Neighborhood highlights,2,1,0,1,5,2,https://www.airbnb.com/rooms/821031571738778785
821031760388969600,$160.00,Neighborhood highlights,3,1,0,1,NA,0,https://www.airbnb.com/rooms/821031760388969580
821032662304058500,$213.00,Neighborhood highlights,4,1,1,2,NA,0,https://www.airbnb.com/rooms/821032662304058466
821034451604729600,$201.00,Neighborhood highlights,4,1,1,1,3.67,3,https://www.airbnb.com/rooms/821034451604729575
821035041004824800,$187.00,Neighborhood highlights,3,1,1,2,5,1,https://www.airbnb.com/rooms/821035041004824848
821037034299359600,$216.00,Neighborhood highlights,4,1,1,2,3,2,https://www.airbnb.com/rooms/821037034299359565
821037493315566300,$181.00,Neighborhood highlights,3,1,0,1,NA,0,https://www.airbnb.com/rooms/821037493315566324
821039716685433500,$181.00,Neighborhood highlights,3,1,0,1,5,1,https://www.airbnb.com/rooms/821039716685433489
821042511119924500,$181.00,Neighborhood highlights,3,1,0,1,5,2,https://www.airbnb.com/rooms/821042511119924424
821045754911305700,$181.00,Neighborhood highlights,3,1,0,1,5,2,https://www.airbnb.com/rooms/821045754911305756
821073821703888300,$159.00,NA,1,1,0,1,5,2,https://www.airbnb.com/rooms/821073821703888212
821107792105703200,NA,Neighborhood highlights,2,NA,1,NA,4,2,https://www.airbnb.com/rooms/821107792105703176
821199334164525800,NA,NA,4,NA,1,NA,4,5,https://www.airbnb.com/rooms/821199334164525816
821255433604832100,$70.00,NA,1,1,1,1,4.75,4,https://www.airbnb.com/rooms/821255433604832112
821496587955779200,NA,Neighborhood highlights,2,NA,1,NA,NA,0,https://www.airbnb.com/rooms/821496587955779196
821532299969370500,$107.00,Neighborhood highlights,1,0,3,1,NA,0,https://www.airbnb.com/rooms/821532299969370557
821620096485245800,$175.00,NA,6,1,3,3,4.5,4,https://www.airbnb.com/rooms/821620096485245785
821621850839464300,$259.00,NA,2,1,1,1,NA,0,https://www.airbnb.com/rooms/821621850839464367
821648752151909400,$271.00,Neighborhood highlights,2,1,1,1,5,21,https://www.airbnb.com/rooms/821648752151909372
821678072574201900,$140.00,NA,3,1,0,1,4.5,2,https://www.airbnb.com/rooms/821678072574201886
821692456646624800,$140.00,NA,4,1,2,3,2,1,https://www.airbnb.com/rooms/821692456646624732
821694666164845200,$150.00,Neighborhood highlights,3,1,1,2,4.86,14,https://www.airbnb.com/rooms/821694666164845198
821723103481003400,$122.00,Neighborhood highlights,4,0,2,2,NA,0,https://www.airbnb.com/rooms/821723103481003377
821745411929728100,$300.00,Neighborhood highlights,6,1.5,3,8,NA,0,https://www.airbnb.com/rooms/821745411929728188
821757083810767600,$67.00,NA,2,1,1,1,4.48,44,https://www.airbnb.com/rooms/821757083810767614
821812150063956400,$446.00,NA,2,1,2,2,5,10,https://www.airbnb.com/rooms/821812150063956321
821872067238466800,$41.00,NA,1,2,1,1,4.46,13,https://www.airbnb.com/rooms/821872067238466790
821888981927057300,$119.00,NA,1,1,1,1,NA,0,https://www.airbnb.com/rooms/821888981927057300
821890279132867600,$186.00,Neighborhood highlights,2,1,1,1,5,14,https://www.airbnb.com/rooms/821890279132867622
821903428567245700,$59.00,NA,2,1.5,1,1,4.82,44,https://www.airbnb.com/rooms/821903428567245708
822016222592159600,$67.00,Neighborhood highlights,1,1,1,1,5,2,https://www.airbnb.com/rooms/822016222592159597
82204013662507e4,$164.00,NA,2,1,1,1,4.91,47,https://www.airbnb.com/rooms/822040136625069944
822188649801139600,$210.00,Neighborhood highlights,2,1,1,1,NA,0,https://www.airbnb.com/rooms/822188649801139573
822220386913710800,$145.00,Neighborhood highlights,4,1.5,1,4,4.75,24,https://www.airbnb.com/rooms/822220386913710892
822309277505612500,$41.00,NA,1,2,4,1,NA,0,https://www.airbnb.com/rooms/822309277505612588
822318420733175800,$39.00,NA,1,1,4,1,NA,0,https://www.airbnb.com/rooms/822318420733175843
822333830723573500,$36.00,NA,1,1,4,1,NA,0,https://www.airbnb.com/rooms/822333830723573461
822360755166514800,$32.00,NA,1,1,4,1,NA,0,https://www.airbnb.com/rooms/822360755166514836
822366022120332e3,$40.00,NA,1,1,4,1,NA,0,https://www.airbnb.com/rooms/822366022120332071
822371887005286400,$37.00,NA,1,1,4,1,NA,0,https://www.airbnb.com/rooms/822371887005286381
822376759890209300,$32.00,NA,1,1,4,1,NA,0,https://www.airbnb.com/rooms/822376759890209277
822381092426074400,$96.00,NA,2,1.5,1,1,4.75,48,https://www.airbnb.com/rooms/822381092426074362
822383556854983300,$99.00,NA,4,1,1,1,NA,0,https://www.airbnb.com/rooms/822383556854983290
822384074004886800,$96.00,NA,2,1.5,1,1,4.82,50,https://www.airbnb.com/rooms/822384074004886757
822446462391156500,$100.00,Neighborhood highlights,1,2.5,3,0,4.33,3,https://www.airbnb.com/rooms/822446462391156427
822516214222849700,$707.00,NA,8,2.5,3,4,NA,0,https://www.airbnb.com/rooms/822516214222849642
822551687278405400,$100.00,Neighborhood highlights,2,1,1,1,NA,0,https://www.airbnb.com/rooms/822551687278405345
822558617844543200,$275.00,NA,6,2,3,3,4,2,https://www.airbnb.com/rooms/822558617844543273
822562635742641900,$79.00,NA,2,1,1,1,4.85,40,https://www.airbnb.com/rooms/822562635742641880
822586525005146400,$150.00,NA,2,1,1,1,1,1,https://www.airbnb.com/rooms/822586525005146339
822597665094988200,$65.00,Neighborhood highlights,2,1,1,1,4.91,11,https://www.airbnb.com/rooms/822597665094988187
822627637431135500,$92.00,NA,2,1,1,2,5,10,https://www.airbnb.com/rooms/822627637431135533
822658910988915800,$120.00,NA,2,2,1,1,4.63,16,https://www.airbnb.com/rooms/822658910988915901
822671215165013500,$70.00,NA,2,1,1,1,4.84,19,https://www.airbnb.com/rooms/822671215165013497
822706296375988e3,$191.00,NA,4,1,1,2,5,3,https://www.airbnb.com/rooms/822706296375987906
822707124118259300,$39.00,NA,1,2.5,1,1,4.6,5,https://www.airbnb.com/rooms/822707124118259327
822728503736189300,$294.00,Neighborhood highlights,8,1.5,3,4,4.54,56,https://www.airbnb.com/rooms/822728503736189326
822759892870461400,$89.00,NA,2,1,1,1,4.96,28,https://www.airbnb.com/rooms/822759892870461459
822778389069736700,$89.00,NA,2,1,1,1,5,30,https://www.airbnb.com/rooms/822778389069736671
822928524915128600,$381.00,Neighborhood highlights,2,1,1,1,NA,0,https://www.airbnb.com/rooms/822928524915128534
823126957676125300,$122.00,Neighborhood highlights,4,1,2,2,NA,0,https://www.airbnb.com/rooms/823126957676125287
823127133379819600,NA,Neighborhood highlights,2,NA,1,NA,NA,0,https://www.airbnb.com/rooms/823127133379819604
823131953070506100,$122.00,Neighborhood highlights,4,1,2,2,NA,0,https://www.airbnb.com/rooms/823131953070506106
823133213008073900,$122.00,Neighborhood highlights,4,1,2,2,NA,0,https://www.airbnb.com/rooms/823133213008073868
823162870267898600,$190.00,Neighborhood highlights,3,1,1,2,5,1,https://www.airbnb.com/rooms/823162870267898572
823187166558406300,$68.00,Neighborhood highlights,1,1,1,1,5,8,https://www.airbnb.com/rooms/823187166558406333
823191751090068e3,$70.00,NA,1,0,4,1,NA,0,https://www.airbnb.com/rooms/823191751090067924
823240139168837e3,$208.00,Neighborhood highlights,2,1,1,1,4,12,https://www.airbnb.com/rooms/823240139168836992
823268495658074200,$275.00,NA,2,1,1,1,4.96,26,https://www.airbnb.com/rooms/823268495658074188
823303445503305600,NA,NA,1,NA,NA,NA,5,10,https://www.airbnb.com/rooms/823303445503305544
823313323356004e3,NA,Neighborhood highlights,3,NA,1,NA,5,1,https://www.airbnb.com/rooms/823313323356004030
823332174057050800,$65.00,NA,1,2.5,2,3,NA,0,https://www.airbnb.com/rooms/823332174057050793
823336914508128600,NA,NA,8,NA,4,NA,3,1,https://www.airbnb.com/rooms/823336914508128675
823349333746787100,$335.00,NA,6,3,3,3,NA,0,https://www.airbnb.com/rooms/823349333746787093
823353128006666200,$120.00,NA,2,1,1,1,4.56,9,https://www.airbnb.com/rooms/823353128006666274
823357651013487100,NA,NA,11,NA,5,NA,NA,0,https://www.airbnb.com/rooms/823357651013487120
823377990550060400,$257.00,NA,6,1,3,3,NA,0,https://www.airbnb.com/rooms/823377990550060379
823392763573738500,NA,NA,6,NA,3,NA,NA,0,https://www.airbnb.com/rooms/823392763573738506
823403018504800600,$125.00,NA,3,1,1,2,4.91,22,https://www.airbnb.com/rooms/823403018504800609
823406575491358200,$317.00,NA,8,1,4,4,4,1,https://www.airbnb.com/rooms/823406575491358222
823416365857983400,$266.00,NA,4,1,3,3,NA,0,https://www.airbnb.com/rooms/823416365857983355
823424973232990700,$267.00,NA,6,1,3,3,NA,0,https://www.airbnb.com/rooms/823424973232990714
823439230480225200,$299.00,NA,6,1,3,3,NA,0,https://www.airbnb.com/rooms/823439230480225108
823456614151897200,$275.00,NA,6,1,3,3,NA,0,https://www.airbnb.com/rooms/823456614151897188
823475329896774300,$75.00,Neighborhood highlights,1,1,3,4,4.82,11,https://www.airbnb.com/rooms/823475329896774330
823481564766373100,$249.00,NA,6,1,3,3,4,2,https://www.airbnb.com/rooms/823481564766373076
823497836432683100,$285.00,NA,6,1,3,3,NA,0,https://www.airbnb.com/rooms/823497836432683079
823499295842099200,$153.00,Neighborhood highlights,2,1.5,1,2,4.72,39,https://www.airbnb.com/rooms/823499295842099216
823518066022552300,$80.00,Neighborhood highlights,3,1,1,1,4.95,63,https://www.airbnb.com/rooms/823518066022552352
823518170965571700,$315.00,NA,6,1,3,3,NA,0,https://www.airbnb.com/rooms/823518170965571711
823533625613996200,NA,NA,6,NA,3,NA,NA,0,https://www.airbnb.com/rooms/823533625613996196
823768357799813400,NA,NA,6,NA,2,NA,5,1,https://www.airbnb.com/rooms/823768357799813386
823799350649037600,$110.00,NA,5,2,3,3,4.8,45,https://www.airbnb.com/rooms/823799350649037613
823801547229200500,$388.00,NA,6,1.5,1,3,NA,0,https://www.airbnb.com/rooms/823801547229200571
823802490232227700,$566.00,NA,6,1,2,4,NA,0,https://www.airbnb.com/rooms/823802490232227719
823814510650049800,$100.00,NA,2,1,1,1,5,12,https://www.airbnb.com/rooms/823814510650049791
823846058822740900,NA,NA,2,NA,NA,NA,NA,0,https://www.airbnb.com/rooms/823846058822740902
823873279680543500,$194.00,NA,2,1.5,1,1,5,3,https://www.airbnb.com/rooms/823873279680543477
8238925952571e5,$429.00,NA,8,3,4,8,4.84,19,https://www.airbnb.com/rooms/823892595257100057
823896985740045400,$300.00,Neighborhood highlights,7,2,3,4,4.94,32,https://www.airbnb.com/rooms/823896985740045487
823919993371756200,$388.00,NA,2,2,2,0,4.67,15,https://www.airbnb.com/rooms/823919993371756124
823940567082834200,$165.00,Neighborhood highlights,2,1,2,2,4.84,43,https://www.airbnb.com/rooms/823940567082834152
823952971853742200,$125.00,Neighborhood highlights,2,1,0,1,4.33,3,https://www.airbnb.com/rooms/823952971853742254
823957834958768e3,$230.00,NA,4,1,2,2,2,1,https://www.airbnb.com/rooms/823957834958768027
823965484124153100,$49.00,NA,1,1,1,1,1,1,https://www.airbnb.com/rooms/823965484124153080
823967185013463700,$176.00,NA,6,1,2,3,NA,0,https://www.airbnb.com/rooms/823967185013463654
823980443835339100,$183.00,NA,4,1,2,2,NA,0,https://www.airbnb.com/rooms/823980443835339124
823983957277988100,$125.00,NA,2,1,1,1,5,4,https://www.airbnb.com/rooms/823983957277988099
823993957815916200,$50.00,NA,2,1,1,1,NA,0,https://www.airbnb.com/rooms/823993957815916168
824002783527215500,$160.00,NA,4,1,2,2,1,1,https://www.airbnb.com/rooms/824002783527215478
824011222162507300,$60.00,NA,1,1,1,1,4.8,10,https://www.airbnb.com/rooms/824011222162507231
824015275540386200,$183.00,NA,5,1,2,2,NA,0,https://www.airbnb.com/rooms/824015275540386225
824019592196865e3,$50.00,Neighborhood highlights,1,1,1,1,5,2,https://www.airbnb.com/rooms/824019592196865018
824020651172625700,$173.00,NA,4,1,2,2,3,1,https://www.airbnb.com/rooms/824020651172625704
824027183533763700,$183.00,NA,5,1,2,2,NA,0,https://www.airbnb.com/rooms/824027183533763671
824043361946855e3,$193.00,NA,4,1,2,2,NA,0,https://www.airbnb.com/rooms/824043361946855010
824061685139152800,$165.00,NA,4,1,2,2,NA,0,https://www.airbnb.com/rooms/824061685139152766
824070818784226600,$220.00,NA,4,1,2,2,NA,0,https://www.airbnb.com/rooms/824070818784226501
824137752947298300,$125.00,NA,2,1,1,0,NA,0,https://www.airbnb.com/rooms/824137752947298282
824147186167780500,$183.00,NA,4,1,1,3,NA,0,https://www.airbnb.com/rooms/824147186167780504
824158611517383e3,$184.00,NA,4,1,2,2,NA,0,https://www.airbnb.com/rooms/824158611517383045
824174671761430900,NA,Neighborhood highlights,2,NA,NA,NA,4.95,21,https://www.airbnb.com/rooms/824174671761430852
824184435065961700,$183.00,NA,2,1,1,2,NA,0,https://www.airbnb.com/rooms/824184435065961691
824207879465231400,$184.00,NA,2,1,1,1,NA,0,https://www.airbnb.com/rooms/824207879465231300
824207931155452400,$250.00,Neighborhood highlights,6,1,3,3,4.89,38,https://www.airbnb.com/rooms/824207931155452360
824218029309043600,NA,NA,2,NA,1,NA,2,1,https://www.airbnb.com/rooms/824218029309043587
824243317827217500,$114.00,NA,2,1,1,2,4.84,25,https://www.airbnb.com/rooms/824243317827217594
824311609636415600,$150.00,NA,2,1,1,1,4,1,https://www.airbnb.com/rooms/824311609636415604
824316796061727900,$128.00,NA,4,1,1,1,NA,0,https://www.airbnb.com/rooms/824316796061727879
824322272943401500,$135.00,NA,4,1,2,2,NA,0,https://www.airbnb.com/rooms/824322272943401454
824327659189660900,$165.00,NA,4,1,2,2,NA,0,https://www.airbnb.com/rooms/824327659189660889
824505288280530200,$40.00,NA,1,3,6,1,NA,0,https://www.airbnb.com/rooms/824505288280530137
824534556141352400,$120.00,Neighborhood highlights,2,1,1,1,5,3,https://www.airbnb.com/rooms/824534556141352442
824577227307374500,NA,NA,2,NA,NA,NA,4.85,26,https://www.airbnb.com/rooms/824577227307374478
824581370085361200,$250.00,Neighborhood highlights,3,2,3,3,5,1,https://www.airbnb.com/rooms/824581370085361147
824642500642437400,$160.00,Neighborhood highlights,2,1,1,1,5,4,https://www.airbnb.com/rooms/824642500642437382
824651086289952900,$227.00,Neighborhood highlights,5,1,2,3,4,2,https://www.airbnb.com/rooms/824651086289952929
824655023444498400,$432.00,NA,2,1,3,4,4.83,30,https://www.airbnb.com/rooms/824655023444498473
824659055427131e3,$254.00,Neighborhood highlights,5,1,2,3,3,1,https://www.airbnb.com/rooms/824659055427131007
824679086783355300,$133.00,NA,2,1,1,1,5,1,https://www.airbnb.com/rooms/824679086783355249
824686093613308500,$200.00,NA,2,1,1,1,3.5,2,https://www.airbnb.com/rooms/824686093613308495
824695090652114600,$200.00,Neighborhood highlights,3,1,1,2,4.9,10,https://www.airbnb.com/rooms/824695090652114564
824695228802740600,$134.00,NA,2,1,1,1,NA,0,https://www.airbnb.com/rooms/824695228802740606
824700906411010200,$183.00,NA,4,1,2,1,NA,0,https://www.airbnb.com/rooms/824700906411010143
824703307818049900,NA,Neighborhood highlights,6,NA,3,NA,5,1,https://www.airbnb.com/rooms/824703307818049942
824706664345603e3,$133.00,NA,2,1,1,1,4,1,https://www.airbnb.com/rooms/824706664345603007
824708897502231e3,$400.00,NA,6,2,3,3,NA,0,https://www.airbnb.com/rooms/824708897502231070
824715925621326500,NA,NA,2,NA,NA,NA,1,1,https://www.airbnb.com/rooms/824715925621326462
824723283087430100,$130.00,NA,2,1,0,1,NA,0,https://www.airbnb.com/rooms/824723283087430170
824736120120911600,$131.00,NA,2,1,0,1,NA,0,https://www.airbnb.com/rooms/824736120120911591
824749079501370800,$326.00,NA,2,1,2,2,5,20,https://www.airbnb.com/rooms/824749079501370777
824752784171698e3,$120.00,NA,2,1,0,1,NA,0,https://www.airbnb.com/rooms/824752784171698084
824773807735374800,$150.00,NA,2,1,0,2,NA,0,https://www.airbnb.com/rooms/824773807735374874
824780355637263400,$128.00,NA,2,1,0,1,NA,0,https://www.airbnb.com/rooms/824780355637263365
824789430249331700,$117.00,NA,2,1,0,1,NA,0,https://www.airbnb.com/rooms/824789430249331702
8.2480029786933606e+17,$184.00,NA,3,1,0,1,NA,0,https://www.airbnb.com/rooms/824800297869336058
824811980486472600,$117.00,NA,2,1,0,1,1,1,https://www.airbnb.com/rooms/824811980486472568
824816865720447700,NA,Neighborhood highlights,2,NA,1,NA,5,1,https://www.airbnb.com/rooms/824816865720447714
824818738378350100,$124.00,NA,2,1,0,1,5,1,https://www.airbnb.com/rooms/824818738378350048
824824780487803100,"$1,057.00",NA,14,4,6,8,NA,0,https://www.airbnb.com/rooms/824824780487803097
824834143513558400,NA,NA,2,NA,1,NA,4.89,9,https://www.airbnb.com/rooms/824834143513558387
824835446046542e3,$165.00,NA,3,1,1,1,NA,0,https://www.airbnb.com/rooms/824835446046541942
824846750512618600,$117.00,NA,2,1,0,1,5,1,https://www.airbnb.com/rooms/824846750512618687
824852741556658800,$145.00,NA,2,1,0,1,NA,0,https://www.airbnb.com/rooms/824852741556658878
824997515300157600,$350.00,NA,2,2,2,2,5,1,https://www.airbnb.com/rooms/824997515300157532
825104177467949600,$206.00,NA,2,1,2,2,NA,0,https://www.airbnb.com/rooms/825104177467949534
825247324039187e3,$120.00,NA,2,1,1,0,4.56,9,https://www.airbnb.com/rooms/825247324039186969
825303550885194900,$60.00,NA,1,1,1,1,5,9,https://www.airbnb.com/rooms/825303550885194923
825388345519335600,NA,Neighborhood highlights,5,NA,2,NA,5,3,https://www.airbnb.com/rooms/825388345519335573
825394549344382800,$115.00,Neighborhood highlights,2,1,1,1,4.86,21,https://www.airbnb.com/rooms/825394549344382800
825404242518614700,$195.00,Neighborhood highlights,2,1,2,2,5,36,https://www.airbnb.com/rooms/825404242518614691
825477784904207500,$95.00,NA,1,1,1,2,4.75,4,https://www.airbnb.com/rooms/825477784904207437
825586706900399900,NA,NA,6,NA,2,NA,NA,0,https://www.airbnb.com/rooms/825586706900399879
825611981881077500,NA,Neighborhood highlights,4,NA,1,NA,NA,0,https://www.airbnb.com/rooms/825611981881077502
825614184713515400,$115.00,NA,4,1,2,2,5,1,https://www.airbnb.com/rooms/825614184713515354
825659657962304800,NA,NA,2,NA,1,NA,5,1,https://www.airbnb.com/rooms/825659657962304806
825662123526063900,NA,Neighborhood highlights,3,NA,2,NA,4.9,10,https://www.airbnb.com/rooms/825662123526063902
825790489155165200,$204.00,NA,5,1,2,2,4.5,2,https://www.airbnb.com/rooms/825790489155165237
825866626338422900,$96.00,NA,1,1.5,1,1,5,3,https://www.airbnb.com/rooms/825866626338422850
825868177889502700,NA,NA,1,NA,NA,NA,NA,0,https://www.airbnb.com/rooms/825868177889502720
825968755994219600,$155.00,Neighborhood highlights,3,1,1,1,5,6,https://www.airbnb.com/rooms/825968755994219686
826005317265632800,$220.00,Neighborhood highlights,2,2,2,2,4.36,22,https://www.airbnb.com/rooms/826005317265632784
826088902144797700,$155.00,Neighborhood highlights,3,1,1,1,5,1,https://www.airbnb.com/rooms/826088902144797735
826090426619216900,NA,NA,5,NA,3,NA,5,1,https://www.airbnb.com/rooms/826090426619216861
826094504335640700,$155.00,Neighborhood highlights,3,1,1,1,4.5,2,https://www.airbnb.com/rooms/826094504335640745
826119476162677e3,$55.00,Neighborhood highlights,1,1,1,1,4.6,5,https://www.airbnb.com/rooms/826119476162676963
826143163900875e3,$41.00,NA,1,1,1,1,4.2,5,https://www.airbnb.com/rooms/826143163900874973
826156647361541400,NA,NA,3,NA,1,NA,NA,0,https://www.airbnb.com/rooms/826156647361541326
826173276386825100,$173.00,Neighborhood highlights,2,1,1,1,4.75,4,https://www.airbnb.com/rooms/826173276386825040
826179887903185400,$175.00,Neighborhood highlights,2,1,0,1,4.68,25,https://www.airbnb.com/rooms/826179887903185453
826207656666256900,$489.00,NA,2,1,1,1,3.8,5,https://www.airbnb.com/rooms/826207656666256839
826261336861117e3,$165.00,NA,6,1,3,4,4.53,40,https://www.airbnb.com/rooms/826261336861117040
826289502008928300,$300.00,Neighborhood highlights,2,1,1,1,5,4,https://www.airbnb.com/rooms/826289502008928314
826294884471866e3,$194.00,NA,4,1,1,2,NA,0,https://www.airbnb.com/rooms/826294884471865993
826301711151025400,$89.00,Neighborhood highlights,3,1,1,2,4.83,66,https://www.airbnb.com/rooms/826301711151025362
826306822069840600,$85.00,NA,1,1,2,2,5,2,https://www.airbnb.com/rooms/826306822069840587
826324925710643800,$70.00,NA,1,1,1,1,5,3,https://www.airbnb.com/rooms/826324925710643890
826423047200478e3,NA,Neighborhood highlights,3,NA,2,NA,4.69,13,https://www.airbnb.com/rooms/826423047200477941
826453415903291500,$133.00,NA,4,1,2,2,NA,0,https://www.airbnb.com/rooms/826453415903291508
826470917092943900,$100.00,NA,1,1,1,1,NA,0,https://www.airbnb.com/rooms/826470917092943853
826490298309242400,$161.00,Neighborhood highlights,5,1,2,2,5,1,https://www.airbnb.com/rooms/826490298309242331
826599599878574500,$74.00,NA,1,0,4,1,NA,0,https://www.airbnb.com/rooms/826599599878574458
826626089794986500,$50.00,NA,1,1,1,1,NA,0,https://www.airbnb.com/rooms/826626089794986454
826770129027843700,$54.00,NA,2,1,1,1,1,1,https://www.airbnb.com/rooms/826770129027843748
826787661243638e3,$54.00,NA,2,1,1,1,4,1,https://www.airbnb.com/rooms/826787661243638037
826789265612203400,$54.00,NA,2,1,1,1,NA,0,https://www.airbnb.com/rooms/826789265612203414
826791045908778800,$54.00,NA,2,1,1,1,2,1,https://www.airbnb.com/rooms/826791045908778765
82681605201498e4,$331.00,Neighborhood highlights,4,1,2,2,5,2,https://www.airbnb.com/rooms/826816052014979983
826953587228902e3,$53.00,Neighborhood highlights,1,3,1,1,4.5,6,https://www.airbnb.com/rooms/826953587228902015
826954611754394900,$329.00,NA,4,1,0,1,NA,0,https://www.airbnb.com/rooms/826954611754394920
827054625704019800,$59.00,NA,1,1,1,1,2.67,3,https://www.airbnb.com/rooms/827054625704019860
827061404665157900,$49.00,NA,1,1,1,1,4.29,7,https://www.airbnb.com/rooms/827061404665157903
827078574137669e3,$43.00,NA,1,2,4,1,NA,0,https://www.airbnb.com/rooms/827078574137668934
827097157771063800,NA,NA,4,NA,3,NA,NA,0,https://www.airbnb.com/rooms/827097157771063800
827131170644556500,$46.00,NA,1,2,4,1,NA,0,https://www.airbnb.com/rooms/827131170644556587
827375358691225300,$240.00,NA,4,1,1,1,NA,0,https://www.airbnb.com/rooms/827375358691225325
827376071474257700,$39.00,NA,1,2,4,1,NA,0,https://www.airbnb.com/rooms/827376071474257667
827384477544852700,$39.00,NA,1,2,4,1,NA,0,https://www.airbnb.com/rooms/827384477544852712
827391451404632800,$46.00,NA,1,2,4,1,NA,0,https://www.airbnb.com/rooms/827391451404632893
827397575907392900,$42.00,NA,1,2,4,1,NA,0,https://www.airbnb.com/rooms/827397575907392874
827410471206749700,$46.00,NA,1,2,4,1,NA,0,https://www.airbnb.com/rooms/827410471206749657
827421307845904800,$45.00,NA,1,2,4,1,NA,0,https://www.airbnb.com/rooms/827421307845904825
827423328399331700,$165.00,Neighborhood highlights,2,1,1,1,4.86,44,https://www.airbnb.com/rooms/827423328399331714
827423858824146700,$110.00,NA,2,1,1,1,3.5,2,https://www.airbnb.com/rooms/827423858824146634
827438472468771600,$115.00,NA,2,1,1,1,NA,0,https://www.airbnb.com/rooms/827438472468771617
8.2744215445747994e+17,$125.00,NA,4,1,2,2,5,1,https://www.airbnb.com/rooms/827442154457479957
827459282145425500,$120.00,NA,4,1,2,2,3,2,https://www.airbnb.com/rooms/827459282145425543
827462961830021e3,$125.00,NA,4,1,2,2,4.33,3,https://www.airbnb.com/rooms/827462961830020987
827528753744692600,$218.00,NA,4,1,2,3,NA,0,https://www.airbnb.com/rooms/827528753744692614
827550929803567e3,$115.00,NA,4,1,2,2,5,3,https://www.airbnb.com/rooms/827550929803566942
827615113875084800,$350.00,Neighborhood highlights,5,2,3,5,5,2,https://www.airbnb.com/rooms/827615113875084829
827626876989604900,$93.00,Neighborhood highlights,1,0,4,1,4,1,https://www.airbnb.com/rooms/827626876989604873
827637596661542300,$74.00,NA,1,1.5,1,1,NA,0,https://www.airbnb.com/rooms/827637596661542309
827637968023035100,$81.00,NA,1,0,2,1,NA,0,https://www.airbnb.com/rooms/827637968023035109
827638048781641200,$74.00,Neighborhood highlights,1,0,4,1,NA,0,https://www.airbnb.com/rooms/827638048781641211
827662405643344100,$155.00,NA,4,1,2,2,4,6,https://www.airbnb.com/rooms/827662405643344192
827664801029126800,$115.00,NA,5,1,1,2,4.81,42,https://www.airbnb.com/rooms/827664801029126722
827670335196395900,$559.00,Neighborhood highlights,8,3,3,3,5,1,https://www.airbnb.com/rooms/827670335196395931
827691914693479600,$145.00,NA,1,1,1,1,5,5,https://www.airbnb.com/rooms/827691914693479588
827777036042308200,$33.00,NA,2,1,1,1,3.5,6,https://www.airbnb.com/rooms/827777036042308226
827782225194164900,$37.00,NA,1,1,4,1,NA,0,https://www.airbnb.com/rooms/827782225194164859
827798633571141100,$111.00,NA,2,1.5,3,1,5,18,https://www.airbnb.com/rooms/827798633571141179
827836215881086200,$886.00,Neighborhood highlights,16,5,5,5,4.89,54,https://www.airbnb.com/rooms/827836215881086208
827846475904191600,$34.00,NA,1,1,4,1,NA,0,https://www.airbnb.com/rooms/827846475904191618
828004106874578300,$87.00,Neighborhood highlights,1,0,4,1,NA,0,https://www.airbnb.com/rooms/828004106874578338
828006111105247200,$98.00,Neighborhood highlights,1,0,4,1,NA,0,https://www.airbnb.com/rooms/828006111105247261
828006200123947400,$95.00,Neighborhood highlights,1,0,3,1,NA,0,https://www.airbnb.com/rooms/828006200123947421
828084046100883300,$230.00,NA,2,1,1,2,5,1,https://www.airbnb.com/rooms/828084046100883383
828152028875658500,$60.00,NA,1,1,1,1,5,1,https://www.airbnb.com/rooms/828152028875658486
828351902692226700,$69.00,Neighborhood highlights,1,1,1,1,4.84,58,https://www.airbnb.com/rooms/828351902692226657
828379893246126100,$394.00,Neighborhood highlights,4,1,2,2,4.95,65,https://www.airbnb.com/rooms/828379893246126050
8.2846803148997594e+17,$103.00,NA,4,1,2,4,4.61,28,https://www.airbnb.com/rooms/828468031489975936
828491603632171900,NA,Neighborhood highlights,4,NA,2,NA,5,3,https://www.airbnb.com/rooms/828491603632171940
828516904142959200,$52.00,NA,1,1,1,3,5,1,https://www.airbnb.com/rooms/828516904142959209
828532824911327600,$250.00,Neighborhood highlights,6,1,3,3,NA,0,https://www.airbnb.com/rooms/828532824911327632
828598203084494300,NA,Neighborhood highlights,1,NA,NA,NA,5,4,https://www.airbnb.com/rooms/828598203084494281
828634131024731800,$150.00,NA,4,1,1,1,3.4,5,https://www.airbnb.com/rooms/828634131024731719
828721642953831300,$177.00,NA,4,1,1,1,NA,0,https://www.airbnb.com/rooms/828721642953831245
828730533958374700,$89.00,NA,1,0,3,1,NA,0,https://www.airbnb.com/rooms/828730533958374719
828735698492665600,$71.00,Neighborhood highlights,1,0,1,1,NA,0,https://www.airbnb.com/rooms/828735698492665620
828797602316326700,$160.00,NA,3,1,1,2,5,2,https://www.airbnb.com/rooms/828797602316326682
828891357493793400,$207.00,NA,4,1,1,2,NA,0,https://www.airbnb.com/rooms/828891357493793470
828892761093335600,$54.00,NA,2,1,1,1,NA,0,https://www.airbnb.com/rooms/828892761093335605
828902214755540600,$46.00,NA,1,1.5,0,1,NA,0,https://www.airbnb.com/rooms/828902214755540611
828902282045207600,$251.00,NA,4,1,2,2,NA,0,https://www.airbnb.com/rooms/828902282045207588
828921231509400600,$53.00,NA,2,0,1,1,NA,0,https://www.airbnb.com/rooms/828921231509400639
828923867578229900,$54.00,NA,2,1,1,1,NA,0,https://www.airbnb.com/rooms/828923867578229929
828943044984015e3,$55.00,Neighborhood highlights,2,1,1,1,5,14,https://www.airbnb.com/rooms/828943044984014984
828975443887378700,$150.00,Neighborhood highlights,2,1,1,1,5,1,https://www.airbnb.com/rooms/828975443887378700
828978350706981600,$100.00,Neighborhood highlights,2,1,1,1,4.83,24,https://www.airbnb.com/rooms/828978350706981665
829004570141942900,$80.00,Neighborhood highlights,1,1,1,1,4.75,12,https://www.airbnb.com/rooms/829004570141942872
829024268225543700,$399.00,Neighborhood highlights,4,1,1,2,4,1,https://www.airbnb.com/rooms/829024268225543629
829050984090492900,NA,NA,2,NA,1,NA,4.9,29,https://www.airbnb.com/rooms/829050984090492960
8.2913948598808794e+17,$250.00,Neighborhood highlights,10,2,4,6,4.47,19,https://www.airbnb.com/rooms/829139485988087913
829141633548661200,$499.00,Neighborhood highlights,8,2.5,4,4,5,5,https://www.airbnb.com/rooms/829141633548661267
829274057349888e3,NA,Neighborhood highlights,1,NA,NA,NA,4.9,40,https://www.airbnb.com/rooms/829274057349888000
829412640299033900,$139.00,Neighborhood highlights,6,1,2,3,4.95,40,https://www.airbnb.com/rooms/829412640299033842
829588915244027900,$50.00,NA,1,1.5,1,1,NA,0,https://www.airbnb.com/rooms/829588915244027854
829674893757424800,$106.00,NA,1,1,1,1,NA,0,https://www.airbnb.com/rooms/829674893757424818
829707243638137100,NA,Neighborhood highlights,1,NA,NA,NA,NA,0,https://www.airbnb.com/rooms/829707243638137134
829749170373167700,$175.00,Neighborhood highlights,4,1,2,2,4.89,18,https://www.airbnb.com/rooms/829749170373167728
829857325242398300,$120.00,NA,2,1,1,1,NA,0,https://www.airbnb.com/rooms/829857325242398395
829992739790275700,NA,NA,1,1,4,1,NA,0,https://www.airbnb.com/rooms/829992739790275700
830017168506351500,$46.00,NA,1,2,4,1,NA,0,https://www.airbnb.com/rooms/830017168506351453
830074416009533800,$204.00,NA,3,1,2,2,5,5,https://www.airbnb.com/rooms/830074416009533879
830168647098232600,$183.00,NA,2,1,1,2,NA,0,https://www.airbnb.com/rooms/830168647098232618
830243073885397200,$249.00,NA,2,0.5,1,1,4.9,21,https://www.airbnb.com/rooms/830243073885397256
830351042822418600,$145.00,Neighborhood highlights,3,1,2,4,4.82,22,https://www.airbnb.com/rooms/830351042822418501
830355450769846800,$295.00,NA,2,1,1,1,5,2,https://www.airbnb.com/rooms/830355450769846735
830527470253057800,$50.00,NA,1,1,1,1,NA,0,https://www.airbnb.com/rooms/830527470253057745
830528733951042400,$120.00,NA,2,1,1,1,5,21,https://www.airbnb.com/rooms/830528733951042461
830546553244612e3,$120.00,Neighborhood highlights,2,1,1,1,4.83,6,https://www.airbnb.com/rooms/830546553244611906
830610321913691e3,$99.00,NA,8,1,3,5,4.63,48,https://www.airbnb.com/rooms/830610321913691030
830634705984117e3,$45.00,NA,1,1,1,1,5,1,https://www.airbnb.com/rooms/830634705984116989
830647567231017100,$40.00,NA,1,1,1,1,NA,0,https://www.airbnb.com/rooms/830647567231017102
830656153550799200,"$10,000.00",NA,16,2,0,1,NA,0,https://www.airbnb.com/rooms/830656153550799267
830663161811026200,NA,NA,2,NA,1,NA,4.71,7,https://www.airbnb.com/rooms/830663161811026177
8.3067561780402394e+17,"$3,600.00",NA,16,2,0,1,NA,0,https://www.airbnb.com/rooms/830675617804023987
830676060189560400,$129.00,NA,2,1,1,1,4.79,19,https://www.airbnb.com/rooms/830676060189560494
830682282357157600,"$10,000.00",NA,16,2,0,0,NA,0,https://www.airbnb.com/rooms/830682282357157632
830768178454130600,$34.00,NA,2,1.5,1,1,5,5,https://www.airbnb.com/rooms/830768178454130564
830888639804240900,NA,Neighborhood highlights,2,NA,1,NA,4.75,4,https://www.airbnb.com/rooms/830888639804240919
830944478587967200,$120.00,NA,2,1,1,1,5,1,https://www.airbnb.com/rooms/830944478587967220
830964462652326300,"$1,178.00",Neighborhood highlights,6,2,3,3,1,1,https://www.airbnb.com/rooms/830964462652326315
831063643941032600,$192.00,Neighborhood highlights,4,1,2,2,4.76,45,https://www.airbnb.com/rooms/831063643941032636
8.3107119968967206e+17,$216.00,Neighborhood highlights,2,1,1,1,4.92,50,https://www.airbnb.com/rooms/831071199689672078
831167886889727e3,$58.00,NA,1,1,1,1,5,14,https://www.airbnb.com/rooms/831167886889726935
831215011193019400,$139.00,NA,2,1,1,1,5,34,https://www.airbnb.com/rooms/831215011193019352
831315209017124500,$350.00,Neighborhood highlights,2,1,1,1,5,2,https://www.airbnb.com/rooms/831315209017124521
831320632864601100,NA,Neighborhood highlights,16,NA,6,NA,4.53,15,https://www.airbnb.com/rooms/831320632864601035
831345651987770900,$189.00,NA,3,1,0,2,4.86,7,https://www.airbnb.com/rooms/831345651987770923
831347300859471100,NA,NA,1,NA,2,NA,5,1,https://www.airbnb.com/rooms/831347300859471112
831397199080648700,$145.00,Neighborhood highlights,2,1,1,1,4.98,41,https://www.airbnb.com/rooms/831397199080648683
831403481895281200,$102.00,Neighborhood highlights,2,1,1,1,4.95,19,https://www.airbnb.com/rooms/831403481895281193
831408392595434800,$200.00,Neighborhood highlights,2,1,1,1,1,1,https://www.airbnb.com/rooms/831408392595434781
831527649339027600,$180.00,Neighborhood highlights,2,1,1,1,4.78,23,https://www.airbnb.com/rooms/831527649339027569
831697507976036100,NA,NA,3,NA,1,NA,5,1,https://www.airbnb.com/rooms/831697507976036146
831739059877804900,$294.00,NA,2,1,1,1,4.25,4,https://www.airbnb.com/rooms/831739059877804982
831750401259376800,$500.00,Neighborhood highlights,4,1,2,2,4.48,31,https://www.airbnb.com/rooms/831750401259376735
831755209225161600,$800.00,NA,4,1,2,2,4.64,14,https://www.airbnb.com/rooms/831755209225161600
831871731252762800,$237.00,Neighborhood highlights,5,1,2,2,NA,0,https://www.airbnb.com/rooms/831871731252762706
831877664353048800,$70.00,Neighborhood highlights,4,1,1,2,NA,0,https://www.airbnb.com/rooms/831877664353048825
832049412685764700,$295.00,Neighborhood highlights,2,1,2,2,NA,0,https://www.airbnb.com/rooms/832049412685764760
832052519939879700,$160.00,NA,2,1,2,2,NA,0,https://www.airbnb.com/rooms/832052519939879712
832075125839194100,$120.00,NA,2,1,1,1,NA,0,https://www.airbnb.com/rooms/832075125839194086
832116320078489600,$100.00,NA,2,1,3,3,1,1,https://www.airbnb.com/rooms/832116320078489581
832361639174722700,$104.00,NA,1,0,1,1,NA,0,https://www.airbnb.com/rooms/832361639174722747
832361693137360400,$196.00,NA,1,0,2,1,NA,0,https://www.airbnb.com/rooms/832361693137360414
832361738655225e3,$64.00,NA,1,0,3,1,NA,0,https://www.airbnb.com/rooms/832361738655225020
832361799068426e3,$104.00,NA,1,0,3,1,NA,0,https://www.airbnb.com/rooms/832361799068425975
832361924018388500,$78.00,Neighborhood highlights,1,0,3,1,NA,0,https://www.airbnb.com/rooms/832361924018388492
832361970625164700,$82.00,Neighborhood highlights,1,0,3,1,4,1,https://www.airbnb.com/rooms/832361970625164693
832495545734122800,$150.00,NA,2,1,1,1,NA,0,https://www.airbnb.com/rooms/832495545734122740
832509966155692400,NA,Neighborhood highlights,1,NA,NA,NA,3,2,https://www.airbnb.com/rooms/832509966155692417
832521423146425500,$155.00,Neighborhood highlights,3,1,1,1,4.67,3,https://www.airbnb.com/rooms/832521423146425469
832527577617424e3,$201.00,Neighborhood highlights,2,1,1,1,NA,0,https://www.airbnb.com/rooms/832527577617424055
832548311451530400,$276.00,NA,3,1,1,1,4,1,https://www.airbnb.com/rooms/832548311451530382
832551996657489400,$276.00,NA,3,1,1,1,NA,0,https://www.airbnb.com/rooms/832551996657489389
832588755686473200,NA,Neighborhood highlights,4,NA,3,NA,NA,0,https://www.airbnb.com/rooms/832588755686473265
832635508980051200,$135.00,Neighborhood highlights,4,1,1,2,4.5,14,https://www.airbnb.com/rooms/832635508980051174
832641070330296600,$128.00,Neighborhood highlights,2,1,1,1,NA,0,https://www.airbnb.com/rooms/832641070330296530
832641671701658200,$128.00,Neighborhood highlights,2,1,1,1,NA,0,https://www.airbnb.com/rooms/832641671701658278
832641952037728e3,NA,Neighborhood highlights,2,NA,1,NA,NA,0,https://www.airbnb.com/rooms/832641952037727953
832664579063147500,$200.00,NA,2,1,1,1,NA,0,https://www.airbnb.com/rooms/832664579063147531
832671548776391400,NA,Neighborhood highlights,12,NA,3,NA,NA,0,https://www.airbnb.com/rooms/832671548776391408
832671899698491300,$128.00,Neighborhood highlights,12,3,3,6,NA,0,https://www.airbnb.com/rooms/832671899698491235
832672376260416500,$128.00,Neighborhood highlights,8,2,2,4,NA,0,https://www.airbnb.com/rooms/832672376260416506
832672716166428400,$160.00,Neighborhood highlights,8,2,2,4,3,1,https://www.airbnb.com/rooms/832672716166428370
832673837940583200,$160.00,Neighborhood highlights,2,1,1,1,NA,0,https://www.airbnb.com/rooms/832673837940583106
832674286632758900,$160.00,Neighborhood highlights,2,1,1,1,5,3,https://www.airbnb.com/rooms/832674286632758859
832675056976684400,$128.00,Neighborhood highlights,3,1,1,2,NA,0,https://www.airbnb.com/rooms/832675056976684472
832675750845884800,$128.00,Neighborhood highlights,3,1,1,2,NA,0,https://www.airbnb.com/rooms/832675750845884855
832676422627049600,$128.00,Neighborhood highlights,4,1,1,2,NA,0,https://www.airbnb.com/rooms/832676422627049552
832677949152921200,$128.00,Neighborhood highlights,4,1,1,2,NA,0,https://www.airbnb.com/rooms/832677949152921214
832678964853715e3,$128.00,Neighborhood highlights,2,1,1,1,4.5,2,https://www.airbnb.com/rooms/832678964853714966
832679265642376800,$128.00,Neighborhood highlights,2,1,1,1,NA,0,https://www.airbnb.com/rooms/832679265642376788
832683569424728700,NA,NA,2,NA,NA,NA,5,16,https://www.airbnb.com/rooms/832683569424728746
832686286310710400,NA,Neighborhood highlights,6,NA,3,NA,3,2,https://www.airbnb.com/rooms/832686286310710425
832687086291691100,$139.00,Neighborhood highlights,2,2,2,2,4.84,19,https://www.airbnb.com/rooms/832687086291691082
832687123176601200,NA,Neighborhood highlights,6,NA,3,NA,NA,0,https://www.airbnb.com/rooms/832687123176601203
832687745653861500,NA,Neighborhood highlights,6,NA,3,NA,4,1,https://www.airbnb.com/rooms/832687745653861512
832690639659912600,$92.00,Neighborhood highlights,2,1,1,1,4.38,37,https://www.airbnb.com/rooms/832690639659912565
832691230041710700,$92.00,Neighborhood highlights,2,1,1,1,3.33,3,https://www.airbnb.com/rooms/832691230041710776
832691841338028700,$92.00,Neighborhood highlights,2,1,1,1,4,1,https://www.airbnb.com/rooms/832691841338028721
832692864774981800,$92.00,Neighborhood highlights,2,1,1,1,3.67,3,https://www.airbnb.com/rooms/832692864774981751
832717533980669400,NA,NA,4,NA,2,NA,NA,0,https://www.airbnb.com/rooms/832717533980669391
832731539351646800,$86.00,NA,2,1,1,1,NA,0,https://www.airbnb.com/rooms/832731539351646902
832812818088713700,$350.00,NA,2,4,1,1,5,23,https://www.airbnb.com/rooms/832812818088713674
832825426759488400,$250.00,NA,3,1,1,1,NA,0,https://www.airbnb.com/rooms/832825426759488355
832898798402597e3,NA,NA,4,NA,1,NA,5,2,https://www.airbnb.com/rooms/832898798402597028
832926612618262500,$45.00,NA,1,2,4,1,NA,0,https://www.airbnb.com/rooms/832926612618262513
832972180699048400,NA,NA,5,NA,2,NA,NA,0,https://www.airbnb.com/rooms/832972180699048511
833232881348220900,$41.00,NA,1,2,4,1,NA,0,https://www.airbnb.com/rooms/833232881348220878
833238100106571400,$38.00,NA,1,2,4,1,NA,0,https://www.airbnb.com/rooms/833238100106571339
833310434929139e3,$95.00,NA,2,1.5,3,1,5,10,https://www.airbnb.com/rooms/833310434929138937
833458528952634800,$154.00,NA,3,1,1,2,4.65,71,https://www.airbnb.com/rooms/833458528952634774
833459635350821100,$54.00,NA,1,1,1,1,NA,0,https://www.airbnb.com/rooms/833459635350821137
833469190636161200,$125.00,Neighborhood highlights,1,1.5,1,0,NA,0,https://www.airbnb.com/rooms/833469190636161184
833472723526637700,$175.00,Neighborhood highlights,2,1.5,1,1,NA,0,https://www.airbnb.com/rooms/833472723526637676
833546667597076100,$90.00,NA,1,1,3,3,4.92,13,https://www.airbnb.com/rooms/833546667597076093
83355376550245e4,$194.00,Neighborhood highlights,1,1,1,1,5,3,https://www.airbnb.com/rooms/833553765502450102
833588625708954e3,$225.00,NA,2,1,1,1,5,1,https://www.airbnb.com/rooms/833588625708953989
833760139022672e3,$74.00,Neighborhood highlights,1,2,1,1,3,1,https://www.airbnb.com/rooms/833760139022672063
833838148111817900,$89.00,NA,1,3,4,3,5,2,https://www.airbnb.com/rooms/833838148111817848
833871341556398e3,$118.00,Neighborhood highlights,2,1.5,1,1,4.92,24,https://www.airbnb.com/rooms/833871341556397892
833930218211281700,$155.00,Neighborhood highlights,3,1,1,1,4,1,https://www.airbnb.com/rooms/833930218211281670
833935565445361900,$181.00,Neighborhood highlights,4,1,2,2,4.82,17,https://www.airbnb.com/rooms/833935565445361923
833971342027321200,$648.00,Neighborhood highlights,6,2,1,3,4.95,38,https://www.airbnb.com/rooms/833971342027321234
834025705865865600,$91.00,NA,2,3,1,1,5,1,https://www.airbnb.com/rooms/834025705865865629
834098439898328600,$100.00,Neighborhood highlights,2,1,1,1,NA,0,https://www.airbnb.com/rooms/834098439898328553
834135838650148400,$75.00,Neighborhood highlights,2,1,1,1,4.8,5,https://www.airbnb.com/rooms/834135838650148296
834146352038910300,NA,NA,2,NA,NA,NA,4.67,3,https://www.airbnb.com/rooms/834146352038910394
834211463376372400,$728.00,Neighborhood highlights,8,3,3,3,5,2,https://www.airbnb.com/rooms/834211463376372321
834212146268600300,NA,Neighborhood highlights,10,NA,5,NA,5,1,https://www.airbnb.com/rooms/834212146268600283
834212331898670800,"$10,799.00",Neighborhood highlights,8,2,3,3,NA,0,https://www.airbnb.com/rooms/834212331898670829
834659504424086800,$185.00,NA,2,2,3,3,5,20,https://www.airbnb.com/rooms/834659504424086824
834671117386704100,$155.00,NA,2,1,1,1,4.5,4,https://www.airbnb.com/rooms/834671117386704183
834671770404496e3,$180.00,NA,2,2,1,1,NA,0,https://www.airbnb.com/rooms/834671770404496000
834674710327656300,$220.00,Neighborhood highlights,5,2,2,3,4.94,83,https://www.airbnb.com/rooms/834674710327656289
834707675807140700,$158.00,NA,2,1,1,1,5,2,https://www.airbnb.com/rooms/834707675807140705
834733705556228400,$120.00,NA,2,1,1,1,4.5,10,https://www.airbnb.com/rooms/834733705556228356
834792528293666400,$199.00,NA,3,1,2,2,NA,0,https://www.airbnb.com/rooms/834792528293666440
834818502256471400,$195.00,NA,2,1,1,1,5,2,https://www.airbnb.com/rooms/834818502256471453
834851134880546200,$135.00,Neighborhood highlights,2,1,1,1,4.8,44,https://www.airbnb.com/rooms/834851134880546221
834856584078486500,$250.00,Neighborhood highlights,1,1,1,1,5,6,https://www.airbnb.com/rooms/834856584078486542
834898684259417300,$348.00,NA,1,0.5,1,1,NA,0,https://www.airbnb.com/rooms/834898684259417407
834949788293241100,$479.00,NA,2,1,1,1,5,1,https://www.airbnb.com/rooms/834949788293241118
835028870203617200,$150.00,NA,1,1,1,1,4.86,7,https://www.airbnb.com/rooms/835028870203617143
835034745398769500,$120.00,Neighborhood highlights,3,1,1,1,4.88,40,https://www.airbnb.com/rooms/835034745398769498
835091050665213200,$150.00,Neighborhood highlights,3,1,2,2,5,1,https://www.airbnb.com/rooms/835091050665213129
835386781729378800,$461.00,Neighborhood highlights,12,3,3,3,NA,0,https://www.airbnb.com/rooms/835386781729378758
835387297973276500,$461.00,Neighborhood highlights,12,3,3,3,NA,0,https://www.airbnb.com/rooms/835387297973276548
835388330448977300,$445.00,Neighborhood highlights,12,3,3,6,NA,0,https://www.airbnb.com/rooms/835388330448977289
835388985998897900,$445.00,Neighborhood highlights,12,3,3,6,NA,0,https://www.airbnb.com/rooms/835388985998897862
835393343317015400,$154.00,Neighborhood highlights,8,2,2,2,NA,0,https://www.airbnb.com/rooms/835393343317015483
835394317286479100,$154.00,Neighborhood highlights,8,2,2,2,NA,0,https://www.airbnb.com/rooms/835394317286479123
835395801941690400,$154.00,Neighborhood highlights,8,2,2,2,NA,0,https://www.airbnb.com/rooms/835395801941690379
835396451194083800,$154.00,Neighborhood highlights,2,1,1,1,NA,0,https://www.airbnb.com/rooms/835396451194083841
835398504063119700,$307.00,Neighborhood highlights,8,2,2,4,NA,0,https://www.airbnb.com/rooms/835398504063119791
835399203351779600,$307.00,Neighborhood highlights,8,2,2,4,NA,0,https://www.airbnb.com/rooms/835399203351779593
835469828197383300,$249.00,Neighborhood highlights,6,1,2,3,5,2,https://www.airbnb.com/rooms/835469828197383326
835561415694588800,$307.00,Neighborhood highlights,8,2,2,4,NA,0,https://www.airbnb.com/rooms/835561415694588851
835563379944298900,$154.00,Neighborhood highlights,2,1,1,1,NA,0,https://www.airbnb.com/rooms/835563379944298933
835563982640907300,$154.00,Neighborhood highlights,2,1,1,1,NA,0,https://www.airbnb.com/rooms/835563982640907281
835564160544261400,$154.00,Neighborhood highlights,2,1,1,1,1,1,https://www.airbnb.com/rooms/835564160544261402
83556652509441e4,$154.00,Neighborhood highlights,2,1,1,1,NA,0,https://www.airbnb.com/rooms/835566525094410011
835567469606368300,$154.00,Neighborhood highlights,4,1,1,2,NA,0,https://www.airbnb.com/rooms/835567469606368275
835567833010405600,$154.00,Neighborhood highlights,4,1,1,2,NA,0,https://www.airbnb.com/rooms/835567833010405666
835568720212434700,$154.00,Neighborhood highlights,4,1,1,2,5,1,https://www.airbnb.com/rooms/835568720212434676
835570488162539100,$154.00,Neighborhood highlights,4,1,1,1,NA,0,https://www.airbnb.com/rooms/835570488162539115
8.3557108823940006e+17,$154.00,Neighborhood highlights,4,1,1,1,NA,0,https://www.airbnb.com/rooms/835571088239400103
835572203393806800,$154.00,Neighborhood highlights,5,1,1,2,NA,0,https://www.airbnb.com/rooms/835572203393806889
835573108021873900,$154.00,Neighborhood highlights,5,1,1,2,NA,0,https://www.airbnb.com/rooms/835573108021873856
835577662030310400,$154.00,Neighborhood highlights,2,1,1,1,NA,0,https://www.airbnb.com/rooms/835577662030310435
835578165539770200,$154.00,Neighborhood highlights,2,1,1,1,1,1,https://www.airbnb.com/rooms/835578165539770272
835579941265399800,$154.00,Neighborhood highlights,2,1,1,1,NA,0,https://www.airbnb.com/rooms/835579941265399769
835594991970270600,$219.00,Neighborhood highlights,2,1,2,2,5,5,https://www.airbnb.com/rooms/835594991970270595
835628809880515500,$100.00,Neighborhood highlights,2,1,0,1,5,3,https://www.airbnb.com/rooms/835628809880515514
835660547513374700,NA,NA,2,NA,2,NA,5,1,https://www.airbnb.com/rooms/835660547513374753
835662351172870700,$71.00,Neighborhood highlights,1,1,1,1,NA,0,https://www.airbnb.com/rooms/835662351172870592
835694570564388500,$180.00,Neighborhood highlights,6,1,3,4,4.92,12,https://www.airbnb.com/rooms/835694570564388515
835784279980177e3,$45.00,Neighborhood highlights,2,1,0,1,3.25,8,https://www.airbnb.com/rooms/835784279980176984
835838690863724300,$136.00,Neighborhood highlights,3,1,1,2,5,3,https://www.airbnb.com/rooms/835838690863724345
835879999990852500,$579.00,Neighborhood highlights,2,1,1,1,NA,0,https://www.airbnb.com/rooms/835879999990852486
835923623157526e3,$532.00,Neighborhood highlights,4,1,1,2,4.86,29,https://www.airbnb.com/rooms/835923623157525975
835928798451571200,$598.00,Neighborhood highlights,4,2,1,2,4.72,18,https://www.airbnb.com/rooms/835928798451571206
835934696620291200,$778.00,NA,6,1,2,3,4.95,44,https://www.airbnb.com/rooms/835934696620291215
836098744894657800,$43.00,NA,1,2,4,1,NA,0,https://www.airbnb.com/rooms/836098744894657768
836100783234261400,$45.00,NA,1,2,4,1,NA,0,https://www.airbnb.com/rooms/836100783234261398
836106623462339200,$897.00,NA,6,2,2,3,4.79,28,https://www.airbnb.com/rooms/836106623462339161
836109742135678300,$432.00,Neighborhood highlights,12,3,3,6,5,1,https://www.airbnb.com/rooms/836109742135678312
836110322731098200,$432.00,Neighborhood highlights,12,3,3,6,NA,0,https://www.airbnb.com/rooms/836110322731098202
836118007460273800,$466.00,Neighborhood highlights,4,1,1,2,4.85,210,https://www.airbnb.com/rooms/836118007460273820
836120656034901800,NA,Neighborhood highlights,8,NA,2,NA,NA,0,https://www.airbnb.com/rooms/836120656034901766
836120834301143600,NA,Neighborhood highlights,8,NA,2,NA,4.5,2,https://www.airbnb.com/rooms/836120834301143556
836121760362411300,$438.00,Neighborhood highlights,2,1,1,1,4.87,271,https://www.airbnb.com/rooms/836121760362411323
836126872335757300,$432.00,Neighborhood highlights,4,1,1,2,5,1,https://www.airbnb.com/rooms/836126872335757274
836129981914196400,$432.00,Neighborhood highlights,4,1,1,2,NA,0,https://www.airbnb.com/rooms/836129981914196311
836143712015846300,$448.00,Neighborhood highlights,2,1,1,1,4.94,246,https://www.airbnb.com/rooms/836143712015846264
836149853009345400,$325.00,NA,4,1,2,2,5,24,https://www.airbnb.com/rooms/836149853009345396
83616113083437e4,NA,Neighborhood highlights,4,NA,1,NA,5,3,https://www.airbnb.com/rooms/836161130834370018
836217704130033700,$112.00,NA,2,1,1,1,NA,0,https://www.airbnb.com/rooms/836217704130033621
8.3625128340471206e+17,$256.00,Neighborhood highlights,2,1.5,1,1,5,2,https://www.airbnb.com/rooms/836251283404712012
836260974611821700,$175.00,NA,8,1,3,3,5,4,https://www.airbnb.com/rooms/836260974611821702
836287773565309300,$125.00,Neighborhood highlights,3,3,1,2,4.89,18,https://www.airbnb.com/rooms/836287773565309348
836291707199025300,$105.00,NA,2,1,1,1,4.96,24,https://www.airbnb.com/rooms/836291707199025319
836329016202899300,$90.00,Neighborhood highlights,2,1,0,1,4.89,27,https://www.airbnb.com/rooms/836329016202899281
836384541536463200,NA,NA,3,NA,NA,NA,5,1,https://www.airbnb.com/rooms/836384541536463197
836392619479597600,$122.00,Neighborhood highlights,2,1,1,1,4.97,102,https://www.airbnb.com/rooms/836392619479597624
836416565619691100,$250.00,NA,2,1,1,1,NA,0,https://www.airbnb.com/rooms/836416565619691173
836425178791735200,$420.00,NA,4,1,1,2,NA,0,https://www.airbnb.com/rooms/836425178791735121
836435885170591100,$144.00,Neighborhood highlights,2,1,1,0,4.98,134,https://www.airbnb.com/rooms/836435885170591095
836505598393075100,$90.00,Neighborhood highlights,4,2,1,2,4.96,24,https://www.airbnb.com/rooms/836505598393075125
836606637923430400,NA,NA,2,NA,1,NA,2,1,https://www.airbnb.com/rooms/836606637923430367
8.3682381851719206e+17,$113.00,NA,2,1,1,1,4.75,4,https://www.airbnb.com/rooms/836823818517192081
836929065600380900,$182.00,Neighborhood highlights,4,1,2,2,1,1,https://www.airbnb.com/rooms/836929065600380921
836969659440950700,$285.00,Neighborhood highlights,6,1,2,2,5,4,https://www.airbnb.com/rooms/836969659440950649
836982598941770600,"$1,528.00",NA,4,2,2,2,NA,0,https://www.airbnb.com/rooms/836982598941770682
836990217902930600,"$1,456.00",NA,4,2,2,2,5,1,https://www.airbnb.com/rooms/836990217902930609
836997535879525600,"$1,428.00",NA,4,2,2,2,5,9,https://www.airbnb.com/rooms/836997535879525681
837020791066932600,$75.00,NA,2,2,1,1,5,1,https://www.airbnb.com/rooms/837020791066932572
837029221074776600,NA,NA,2,NA,NA,NA,NA,0,https://www.airbnb.com/rooms/837029221074776517
837067530170726e3,$330.00,Neighborhood highlights,3,1,1,2,4.8,5,https://www.airbnb.com/rooms/837067530170726009
837069977555869e3,"$1,528.00",NA,4,2,2,2,4.33,6,https://www.airbnb.com/rooms/837069977555869061
837071414226955900,$290.00,NA,4,1,1,2,5,1,https://www.airbnb.com/rooms/837071414226955870
837089237064032300,$66.00,NA,1,1,1,1,NA,0,https://www.airbnb.com/rooms/837089237064032223
837108131763380400,$200.00,NA,3,1,1,3,NA,0,https://www.airbnb.com/rooms/837108131763380339
837114351715445900,$250.00,NA,2,1,1,1,NA,0,https://www.airbnb.com/rooms/837114351715445923
837149679437985800,$140.00,NA,4,1,1,2,4.27,15,https://www.airbnb.com/rooms/837149679437985752
837212067637401500,$199.00,NA,2,1,1,1,5,5,https://www.airbnb.com/rooms/837212067637401497
837213410815312500,$137.00,Neighborhood highlights,2,1,1,1,4.88,86,https://www.airbnb.com/rooms/837213410815312557
837553678722454400,$41.00,NA,1,1,5,1,5,1,https://www.airbnb.com/rooms/837553678722454357
83756690977497e4,$90.00,Neighborhood highlights,2,1,1,1,5,1,https://www.airbnb.com/rooms/837566909774970014
837568127506532900,$72.00,Neighborhood highlights,2,1,1,1,3,1,https://www.airbnb.com/rooms/837568127506532853
837568954273932e3,$90.00,Neighborhood highlights,2,1,1,1,NA,0,https://www.airbnb.com/rooms/837568954273931987
837570147831223300,$109.00,NA,3,1,1,2,4.8,5,https://www.airbnb.com/rooms/837570147831223278
837590494379094800,$130.00,Neighborhood highlights,3,1,1,2,4.86,7,https://www.airbnb.com/rooms/837590494379094798
837596213891828100,NA,NA,2,NA,NA,NA,NA,0,https://www.airbnb.com/rooms/837596213891828121
837601171260417900,$100.00,Neighborhood highlights,2,1,1,1,5,1,https://www.airbnb.com/rooms/837601171260417968
837615861348803e3,$226.00,Neighborhood highlights,3,1,1,2,4.76,63,https://www.airbnb.com/rooms/837615861348802891
837637518064498200,$160.00,Neighborhood highlights,2,1,1,1,4.67,3,https://www.airbnb.com/rooms/837637518064498209
837666970450706e3,$45.00,NA,1,1,1,1,4.98,43,https://www.airbnb.com/rooms/837666970450706079
837677241873217400,$230.00,Neighborhood highlights,6,2,2,3,4.96,25,https://www.airbnb.com/rooms/837677241873217389
837698762818158600,$175.00,Neighborhood highlights,3,1,2,2,5,6,https://www.airbnb.com/rooms/837698762818158615
837705512484546600,$175.00,Neighborhood highlights,4,1,0,2,NA,0,https://www.airbnb.com/rooms/837705512484546536
837710549549184400,$152.00,Neighborhood highlights,2,1,1,1,4.96,56,https://www.airbnb.com/rooms/837710549549184416
837710715465059200,$320.00,NA,4,1,0,1,NA,0,https://www.airbnb.com/rooms/837710715465059182
837794867450536800,NA,NA,1,NA,1,NA,5,3,https://www.airbnb.com/rooms/837794867450536878
837800636838438300,$90.00,Neighborhood highlights,4,2,1,2,4.86,21,https://www.airbnb.com/rooms/837800636838438304
837805409340962700,$91.00,NA,2,1,0,1,4.6,5,https://www.airbnb.com/rooms/837805409340962721
837852270134939e3,$90.00,Neighborhood highlights,2,2,1,1,4.94,17,https://www.airbnb.com/rooms/837852270134939044
837867086560680700,$150.00,NA,4,1,1,2,5,5,https://www.airbnb.com/rooms/837867086560680679
837888270806369900,$90.00,Neighborhood highlights,2,2,1,1,5,19,https://www.airbnb.com/rooms/837888270806369904
837909730353865200,$306.00,Neighborhood highlights,6,2,3,4,5,12,https://www.airbnb.com/rooms/837909730353865269
837943422499844400,$176.00,Neighborhood highlights,4,1,1,1,4.85,20,https://www.airbnb.com/rooms/837943422499844318
837954385452241e3,$80.00,NA,2,1,1,2,NA,0,https://www.airbnb.com/rooms/837954385452241019
837973163592415e3,NA,NA,4,NA,1,NA,5,1,https://www.airbnb.com/rooms/837973163592414954
838047023330162400,$178.00,NA,4,1,1,1,NA,0,https://www.airbnb.com/rooms/838047023330162496
838047027381953900,$185.00,NA,4,1,1,2,NA,0,https://www.airbnb.com/rooms/838047027381953926
838056713765994500,$90.00,NA,2,1,1,1,4.95,38,https://www.airbnb.com/rooms/838056713765994438
838140438684301200,$240.00,Neighborhood highlights,8,2,4,4,NA,0,https://www.airbnb.com/rooms/838140438684301140
838140921544263400,$180.00,Neighborhood highlights,8,2,3,4,NA,0,https://www.airbnb.com/rooms/838140921544263409
838141198693830700,$140.00,NA,8,2,3,3,NA,0,https://www.airbnb.com/rooms/838141198693830649
838218404811254100,$85.00,NA,2,1,1,1,5,5,https://www.airbnb.com/rooms/838218404811254111
838222335282905e3,$120.00,Neighborhood highlights,2,1,1,3,4.55,11,https://www.airbnb.com/rooms/838222335282904975
838263870384970600,NA,NA,1,NA,NA,NA,NA,0,https://www.airbnb.com/rooms/838263870384970566
838312418978975100,$450.00,Neighborhood highlights,4,1,1,1,NA,0,https://www.airbnb.com/rooms/838312418978975100
838321552121170700,$225.00,NA,4,1,2,2,5,22,https://www.airbnb.com/rooms/838321552121170735
838394397813629200,NA,Neighborhood highlights,12,NA,3,NA,NA,0,https://www.airbnb.com/rooms/838394397813629156
838394410576749800,NA,Neighborhood highlights,12,NA,3,NA,NA,0,https://www.airbnb.com/rooms/838394410576749777
838395550207777500,NA,Neighborhood highlights,8,NA,2,NA,NA,0,https://www.airbnb.com/rooms/838395550207777533
838395592635084700,$453.00,Neighborhood highlights,8,2,2,4,5,1,https://www.airbnb.com/rooms/838395592635084674
838396200639462500,$227.00,Neighborhood highlights,4,1,1,2,NA,0,https://www.airbnb.com/rooms/838396200639462555
838396258978907100,NA,Neighborhood highlights,4,NA,1,NA,NA,0,https://www.airbnb.com/rooms/838396258978907145
838397208918790800,NA,Neighborhood highlights,2,NA,1,NA,NA,0,https://www.airbnb.com/rooms/838397208918790811
838397235092710900,NA,Neighborhood highlights,2,NA,1,NA,NA,0,https://www.airbnb.com/rooms/838397235092710954
838398014030428300,$162.00,Neighborhood highlights,2,1,1,1,NA,0,https://www.airbnb.com/rooms/838398014030428314
838398909112953300,NA,Neighborhood highlights,2,NA,1,NA,NA,0,https://www.airbnb.com/rooms/838398909112953315
838398942008603800,$210.00,Neighborhood highlights,2,1,1,1,NA,0,https://www.airbnb.com/rooms/838398942008603733
838399571553368400,$162.00,Neighborhood highlights,2,1,1,1,NA,0,https://www.airbnb.com/rooms/838399571553368478
838401104644859400,NA,Neighborhood highlights,2,NA,1,NA,NA,0,https://www.airbnb.com/rooms/838401104644859332
838401473840672e3,$231.00,Neighborhood highlights,2,1,1,1,5,1,https://www.airbnb.com/rooms/838401473840672035
838401736384901100,NA,Neighborhood highlights,2,NA,1,NA,NA,0,https://www.airbnb.com/rooms/838401736384901161
838401787970873e3,NA,Neighborhood highlights,2,NA,1,NA,NA,0,https://www.airbnb.com/rooms/838401787970872996
838402320140844500,$130.00,NA,4,1,2,2,4.78,45,https://www.airbnb.com/rooms/838402320140844604
838420711435488800,$187.00,NA,4,1,1,2,NA,0,https://www.airbnb.com/rooms/838420711435488755
838435059333997800,$75.00,NA,4,1,1,2,4.75,24,https://www.airbnb.com/rooms/838435059333997811
838475540075168400,$225.00,Neighborhood highlights,2,1,1,1,NA,0,https://www.airbnb.com/rooms/838475540075168335
838494921072734200,$119.00,Neighborhood highlights,3,1,1,1,NA,0,https://www.airbnb.com/rooms/838494921072734198
838496790109927800,$614.00,NA,2,1,1,1,4.83,12,https://www.airbnb.com/rooms/838496790109927752
838556926143601700,$195.00,Neighborhood highlights,2,1,1,1,NA,0,https://www.airbnb.com/rooms/838556926143601613
838593419945351300,$280.00,Neighborhood highlights,6,1,2,2,5,4,https://www.airbnb.com/rooms/838593419945351246
838643822112276e3,$55.00,NA,1,1,1,1,4.89,47,https://www.airbnb.com/rooms/838643822112275908
839002442072975100,$165.00,Neighborhood highlights,2,1,0,1,4,1,https://www.airbnb.com/rooms/839002442072975085
839011785416234800,$135.00,NA,1,1,1,1,5,14,https://www.airbnb.com/rooms/839011785416234767
839016996293180700,$175.00,Neighborhood highlights,4,1,2,3,NA,0,https://www.airbnb.com/rooms/839016996293180615
839034010728630100,$45.00,NA,1,1,1,1,5,2,https://www.airbnb.com/rooms/839034010728630188
839138896528698200,$200.00,NA,4,1,1,1,4.57,7,https://www.airbnb.com/rooms/839138896528698210
839158506527320300,$145.00,NA,4,1,2,3,4.93,15,https://www.airbnb.com/rooms/839158506527320267
839202248765293600,$200.00,Neighborhood highlights,2,1,1,1,NA,0,https://www.airbnb.com/rooms/839202248765293617
839214509166617500,$101.00,NA,2,1,1,1,5,2,https://www.airbnb.com/rooms/839214509166617431
839233785270413800,$40.00,NA,2,1,1,2,NA,0,https://www.airbnb.com/rooms/839233785270413877
839331256860792700,$72.00,Neighborhood highlights,2,1,1,2,4.79,19,https://www.airbnb.com/rooms/839331256860792652
839363985423930900,$129.00,Neighborhood highlights,1,1,1,1,4.95,21,https://www.airbnb.com/rooms/839363985423930842
839373823395998500,$150.00,NA,2,1,1,2,4.3,23,https://www.airbnb.com/rooms/839373823395998459
839415800079955100,$324.00,Neighborhood highlights,2,1,1,2,4.71,41,https://www.airbnb.com/rooms/839415800079955074
839542253443554400,NA,NA,2,NA,NA,NA,5,1,https://www.airbnb.com/rooms/839542253443554475
839607315156742900,NA,NA,2,NA,NA,NA,NA,0,https://www.airbnb.com/rooms/839607315156742936
839728752538060500,$125.00,NA,2,1,1,1,NA,0,https://www.airbnb.com/rooms/839728752538060549
839814083143454200,$350.00,NA,8,2.5,3,4,NA,0,https://www.airbnb.com/rooms/839814083143454171
839823059244447500,NA,NA,1,NA,NA,NA,NA,0,https://www.airbnb.com/rooms/839823059244447532
839832783319798300,$195.00,NA,5,1,2,2,4.96,26,https://www.airbnb.com/rooms/839832783319798273
839839486162945400,NA,NA,4,NA,1,NA,5,1,https://www.airbnb.com/rooms/839839486162945362
839869959904972500,$230.00,NA,6,2,3,3,4.83,29,https://www.airbnb.com/rooms/839869959904972558
839890870797460500,$50.00,Neighborhood highlights,2,1,1,1,4,1,https://www.airbnb.com/rooms/839890870797460528
839904583057491100,$103.00,Neighborhood highlights,2,1,1,2,4.92,12,https://www.airbnb.com/rooms/839904583057491087
839929647945498100,NA,NA,1,NA,NA,NA,4.63,8,https://www.airbnb.com/rooms/839929647945498049
839962384749987600,$90.00,NA,2,1,1,1,4.14,7,https://www.airbnb.com/rooms/839962384749987633
840031550426599600,$68.00,NA,1,1,1,1,4.85,13,https://www.airbnb.com/rooms/840031550426599515
840040983573141100,$125.00,Neighborhood highlights,2,1,1,1,4.92,13,https://www.airbnb.com/rooms/840040983573141067
840059105346034600,NA,Neighborhood highlights,2,NA,1,NA,NA,0,https://www.airbnb.com/rooms/840059105346034575
840073360095363700,NA,Neighborhood highlights,9,NA,3,NA,4.88,17,https://www.airbnb.com/rooms/840073360095363711
840080434239845100,NA,NA,2,NA,NA,NA,3,1,https://www.airbnb.com/rooms/840080434239845095
840162350804421200,NA,NA,2,NA,NA,NA,5,2,https://www.airbnb.com/rooms/840162350804421213
840185619302876300,$63.00,NA,1,1,1,2,5,2,https://www.airbnb.com/rooms/840185619302876324
840764593032045200,$311.00,NA,6,1,2,4,4.89,28,https://www.airbnb.com/rooms/840764593032045208
840780521951066e3,$53.00,Neighborhood highlights,2,1,1,1,NA,0,https://www.airbnb.com/rooms/840780521951066013
840836892210118800,$55.00,Neighborhood highlights,1,1,1,1,5,1,https://www.airbnb.com/rooms/840836892210118758
840868276915949300,$60.00,NA,2,1.5,1,1,4.62,21,https://www.airbnb.com/rooms/840868276915949369
840879766976439400,$65.00,Neighborhood highlights,2,1,1,1,4.88,51,https://www.airbnb.com/rooms/840879766976439482
841128954402711e3,$99.00,Neighborhood highlights,5,1,2,3,4.75,12,https://www.airbnb.com/rooms/841128954402711018
841160224790717400,$103.00,Neighborhood highlights,2,1,0,2,5,12,https://www.airbnb.com/rooms/841160224790717487
841290111633455100,$48.00,Neighborhood highlights,2,1,1,1,5,1,https://www.airbnb.com/rooms/841290111633455074
841292661317496600,$100.00,NA,4,1,1,2,4.58,12,https://www.airbnb.com/rooms/841292661317496577
841300394500737400,$102.00,NA,2,1,1,1,4,2,https://www.airbnb.com/rooms/841300394500737442
841313992614806e3,$79.00,NA,1,1,1,2,4.91,94,https://www.airbnb.com/rooms/841313992614806016
841365109891247700,$110.00,Neighborhood highlights,2,1,1,1,4.73,11,https://www.airbnb.com/rooms/841365109891247775
841375126168259500,$105.00,NA,2,1,0,1,4.83,6,https://www.airbnb.com/rooms/841375126168259482
841416582693430400,$89.00,Neighborhood highlights,1,1,1,1,5,14,https://www.airbnb.com/rooms/841416582693430357
841524934066364500,NA,Neighborhood highlights,2,NA,NA,NA,NA,0,https://www.airbnb.com/rooms/841524934066364511
841529572949852900,$200.00,NA,6,2,3,3,4.89,19,https://www.airbnb.com/rooms/841529572949852894
841536197790389500,NA,Neighborhood highlights,8,NA,3,NA,4.44,9,https://www.airbnb.com/rooms/841536197790389488
841606960010578700,NA,Neighborhood highlights,6,NA,3,NA,4,3,https://www.airbnb.com/rooms/841606960010578720
841815277899321700,$450.00,NA,6,2,3,3,5,3,https://www.airbnb.com/rooms/841815277899321685
841959017859906200,$115.00,NA,2,1,1,1,5,32,https://www.airbnb.com/rooms/841959017859906169
842018456665243300,$250.00,Neighborhood highlights,2,1,1,1,NA,0,https://www.airbnb.com/rooms/842018456665243251
842055611883190400,$171.00,Neighborhood highlights,2,1,1,0,5,1,https://www.airbnb.com/rooms/842055611883190347
842066868513509900,$320.00,NA,2,1,2,1,NA,0,https://www.airbnb.com/rooms/842066868513509869
842077360551879400,$255.00,Neighborhood highlights,14,3,5,5,NA,0,https://www.airbnb.com/rooms/842077360551879392
842111654049784700,$76.00,NA,2,1,1,1,1,1,https://www.airbnb.com/rooms/842111654049784700
842118935122565400,$95.00,NA,2,1,1,2,4.93,15,https://www.airbnb.com/rooms/842118935122565420
842154812552617900,$50.00,NA,1,1,1,1,4.81,16,https://www.airbnb.com/rooms/842154812552617797
842231360259291600,NA,Neighborhood highlights,4,NA,1,NA,5,5,https://www.airbnb.com/rooms/842231360259291598
842270334846674600,NA,Neighborhood highlights,15,NA,6,NA,5,7,https://www.airbnb.com/rooms/842270334846674618
842303573357573e3,$124.00,NA,4,1,1,2,5,2,https://www.airbnb.com/rooms/842303573357572989
842313497808225e3,NA,NA,1,NA,NA,NA,4.83,29,https://www.airbnb.com/rooms/842313497808225078
842332006598538900,$214.00,NA,4,1,1,2,4.71,7,https://www.airbnb.com/rooms/842332006598538904
842654095670281300,$980.00,Neighborhood highlights,4,1,2,2,4.5,6,https://www.airbnb.com/rooms/842654095670281349
842691777475545100,$240.00,Neighborhood highlights,4,2,2,3,NA,0,https://www.airbnb.com/rooms/842691777475545064
842693421738271500,$81.00,Neighborhood highlights,1,0,4,1,NA,0,https://www.airbnb.com/rooms/842693421738271534
842693813171085700,NA,Neighborhood highlights,1,NA,NA,NA,NA,0,https://www.airbnb.com/rooms/842693813171085650
842703887296850200,$72.00,NA,1,0,3,1,NA,0,https://www.airbnb.com/rooms/842703887296850136
842705149829237500,$73.00,NA,1,0,3,1,NA,0,https://www.airbnb.com/rooms/842705149829237552
842710704051634e3,$499.00,NA,4,1,2,2,4.89,55,https://www.airbnb.com/rooms/842710704051634071
842710965193091600,$194.00,Neighborhood highlights,1,0,3,1,NA,0,https://www.airbnb.com/rooms/842710965193091581
842719563143675400,$111.00,NA,1,0,4,1,NA,0,https://www.airbnb.com/rooms/842719563143675393
842724427498165e3,$425.00,Neighborhood highlights,8,3.5,4,7,5,1,https://www.airbnb.com/rooms/842724427498164965
842725190103388700,$99.00,NA,2,1,1,1,4.83,23,https://www.airbnb.com/rooms/842725190103388713
842737477080675800,$135.00,NA,2,2,1,1,5,4,https://www.airbnb.com/rooms/842737477080675783
842751712512279400,NA,Neighborhood highlights,1,NA,NA,NA,NA,0,https://www.airbnb.com/rooms/842751712512279459
842755346079535700,$250.00,Neighborhood highlights,2,1,1,1,4.4,5,https://www.airbnb.com/rooms/842755346079535776
842763254864969100,$100.00,NA,2,1,1,1,5,13,https://www.airbnb.com/rooms/842763254864969121
842776676158517200,$358.00,Neighborhood highlights,2,1,2,2,5,11,https://www.airbnb.com/rooms/842776676158517297
842790326832860500,$43.00,NA,2,2,1,1,NA,0,https://www.airbnb.com/rooms/842790326832860482
842802021893434500,$42.00,NA,2,2,1,1,NA,0,https://www.airbnb.com/rooms/842802021893434513
842808587556914300,$90.00,Neighborhood highlights,2,1,1,1,4.7,10,https://www.airbnb.com/rooms/842808587556914339
842859220033081600,$99.00,NA,2,1.5,1,1,4.9,254,https://www.airbnb.com/rooms/842859220033081539
842869121048490600,NA,Neighborhood highlights,2,NA,1,NA,5,1,https://www.airbnb.com/rooms/842869121048490608
842876131443629700,$123.00,Neighborhood highlights,2,1,1,1,4.89,36,https://www.airbnb.com/rooms/842876131443629692
842923312130748700,$180.00,Neighborhood highlights,2,1,1,1,3.5,2,https://www.airbnb.com/rooms/842923312130748655
842978126440326700,$170.00,NA,4,1,0,2,NA,0,https://www.airbnb.com/rooms/842978126440326634
842982186677835400,$89.00,Neighborhood highlights,3,1,1,2,4.69,16,https://www.airbnb.com/rooms/842982186677835449
8.4302696613683994e+17,$150.00,NA,4,1,1,2,5,1,https://www.airbnb.com/rooms/843026966136839934
843041198653798400,$40.00,NA,1,1,1,1,5,6,https://www.airbnb.com/rooms/843041198653798373
843051790674599700,$43.00,NA,1,2,5,1,NA,0,https://www.airbnb.com/rooms/843051790674599630
843067632656304300,$123.00,NA,3,1,1,2,4.95,20,https://www.airbnb.com/rooms/843067632656304283
843120641045897600,$139.00,NA,4,1,1,2,NA,0,https://www.airbnb.com/rooms/843120641045897604
843182778674338300,$229.00,NA,5,1,2,3,4.18,11,https://www.airbnb.com/rooms/843182778674338264
843260927484263200,$250.00,NA,4,1.5,2,2,4.79,39,https://www.airbnb.com/rooms/843260927484263191
843290059760252300,NA,NA,1,NA,4,NA,NA,0,https://www.airbnb.com/rooms/843290059760252301
843346302324479700,NA,NA,4,NA,2,NA,4.86,28,https://www.airbnb.com/rooms/843346302324479796
843397008430876400,$33.00,NA,1,1,1,1,4.45,11,https://www.airbnb.com/rooms/843397008430876455
843401733729742100,$119.00,NA,3,1,1,1,4.75,4,https://www.airbnb.com/rooms/843401733729742132
843420472067241300,$32.00,NA,1,1,1,1,4.4,10,https://www.airbnb.com/rooms/843420472067241296
843421506658841900,$155.00,Neighborhood highlights,4,1,2,2,4,3,https://www.airbnb.com/rooms/843421506658841795
843433367407788300,$30.00,NA,1,1,1,1,4.56,9,https://www.airbnb.com/rooms/843433367407788343
843468602620951600,$616.00,NA,8,1,4,5,5,4,https://www.airbnb.com/rooms/843468602620951565
843480553751622500,$175.00,Neighborhood highlights,3,1,2,2,NA,0,https://www.airbnb.com/rooms/843480553751622508
843487553292371200,$279.00,NA,4,1,1,2,4.57,23,https://www.airbnb.com/rooms/843487553292371210
843497974878019300,NA,NA,1,NA,4,NA,NA,0,https://www.airbnb.com/rooms/843497974878019283
843519103009322e3,NA,NA,1,NA,1,NA,NA,0,https://www.airbnb.com/rooms/843519103009322044
843519275402897900,NA,NA,1,NA,5,NA,NA,0,https://www.airbnb.com/rooms/843519275402897860
843519428332244e3,NA,NA,1,NA,4,NA,NA,0,https://www.airbnb.com/rooms/843519428332244024
843522384418927e3,$130.00,NA,2,1,1,1,NA,0,https://www.airbnb.com/rooms/843522384418926967
843524853173974400,$40.00,NA,1,0,3,1,NA,0,https://www.airbnb.com/rooms/843524853173974359
843527507961588200,$103.00,NA,1,0,3,1,NA,0,https://www.airbnb.com/rooms/843527507961588173
843566843959251600,$150.00,Neighborhood highlights,2,1,1,1,4.9,40,https://www.airbnb.com/rooms/843566843959251599
843577360531582600,$256.00,NA,4,1,1,1,4.6,10,https://www.airbnb.com/rooms/843577360531582643
843579161660140500,$92.00,Neighborhood highlights,2,1,1,2,4.69,16,https://www.airbnb.com/rooms/843579161660140499
843604153165005200,$180.00,Neighborhood highlights,2,1,1,1,5,3,https://www.airbnb.com/rooms/843604153165005184
843636324402955900,$90.00,Neighborhood highlights,2,1,1,1,4.8,20,https://www.airbnb.com/rooms/843636324402955937
843637443120669e3,$110.00,NA,2,2,1,1,4.62,29,https://www.airbnb.com/rooms/843637443120669075
843639399638398200,$120.00,NA,2,2,1,1,4.7,27,https://www.airbnb.com/rooms/843639399638398264
843641852037954200,$42.00,NA,2,1,1,1,NA,0,https://www.airbnb.com/rooms/843641852037954194
843653049072634e3,$42.00,NA,1,2,1,1,NA,0,https://www.airbnb.com/rooms/843653049072633979
843665683615037800,$125.00,NA,2,1,1,1,4.73,67,https://www.airbnb.com/rooms/843665683615037862
843734287924625200,NA,Neighborhood highlights,3,NA,NA,NA,5,1,https://www.airbnb.com/rooms/843734287924625124
844016394264859100,$150.00,NA,5,1,3,3,4.75,4,https://www.airbnb.com/rooms/844016394264859192
844017044001139500,$130.00,Neighborhood highlights,5,1,1,1,4.89,28,https://www.airbnb.com/rooms/844017044001139450
844017048694252700,$87.00,Neighborhood highlights,1,1.5,1,2,5,11,https://www.airbnb.com/rooms/844017048694252681
844029641961371e3,$75.00,NA,2,1,0,1,5,4,https://www.airbnb.com/rooms/844029641961371023
844045896754574200,NA,NA,4,NA,NA,NA,NA,0,https://www.airbnb.com/rooms/844045896754574247
844243178408061700,$314.00,NA,8,1,3,6,4.4,5,https://www.airbnb.com/rooms/844243178408061665
844259563928803500,$585.00,NA,6,3,5,4,4.43,14,https://www.airbnb.com/rooms/844259563928803490
844299534820696700,NA,Neighborhood highlights,14,NA,6,NA,5,7,https://www.airbnb.com/rooms/844299534820696669
844467180001617500,$127.00,Neighborhood highlights,2,1,1,1,4.9,10,https://www.airbnb.com/rooms/844467180001617592
844704808236548100,$54.00,NA,2,1,1,1,5,1,https://www.airbnb.com/rooms/844704808236548087
844838352973010300,$190.00,Neighborhood highlights,4,1,2,2,NA,0,https://www.airbnb.com/rooms/844838352973010367
844847979722007700,$500.00,Neighborhood highlights,4,1.5,2,2,5,5,https://www.airbnb.com/rooms/844847979722007663
844894433843203700,NA,NA,3,NA,1,NA,NA,0,https://www.airbnb.com/rooms/844894433843203713
844999020673083600,$34.00,NA,1,1,1,1,5,1,https://www.airbnb.com/rooms/844999020673083621
845041278365372200,$122.00,NA,4,1,2,4,5,4,https://www.airbnb.com/rooms/845041278365372205
845060345864268700,NA,Neighborhood highlights,6,NA,2,NA,NA,0,https://www.airbnb.com/rooms/845060345864268734
845209255123786900,$69.00,NA,2,1,1,1,4,2,https://www.airbnb.com/rooms/845209255123786924
845212590532301200,$225.00,Neighborhood highlights,4,1,1,1,4.86,7,https://www.airbnb.com/rooms/845212590532301127
845309991878712800,$69.00,NA,2,1,1,1,5,2,https://www.airbnb.com/rooms/845309991878712816
845445184509419800,NA,Neighborhood highlights,8,NA,4,NA,4.5,4,https://www.airbnb.com/rooms/845445184509419817
845498300976332900,$208.00,NA,3,1,1,1,5,11,https://www.airbnb.com/rooms/845498300976332882
845527050253596900,$150.00,NA,4,1.5,4,4,4.74,34,https://www.airbnb.com/rooms/845527050253596944
845543860150384100,$175.00,NA,3,1.5,1,0,4.69,13,https://www.airbnb.com/rooms/845543860150384144
845549971133257100,$260.00,Neighborhood highlights,6,1,3,3,4.71,17,https://www.airbnb.com/rooms/845549971133257062
845558005408542e3,$349.00,NA,12,2.5,5,6,5,2,https://www.airbnb.com/rooms/845558005408541966
845560218300356e3,$180.00,NA,4,1.5,3,3,4.58,38,https://www.airbnb.com/rooms/845560218300355960
845589524179766500,$40.00,NA,1,2,5,1,NA,0,https://www.airbnb.com/rooms/845589524179766526
845593284017518500,$38.00,NA,1,2,4,1,NA,0,https://www.airbnb.com/rooms/845593284017518424
845593471934446200,$41.00,NA,1,2,4,1,NA,0,https://www.airbnb.com/rooms/845593471934446203
845595188056013800,$39.00,NA,1,2,4,1,NA,0,https://www.airbnb.com/rooms/845595188056013778
845596919658541200,$48.00,NA,1,2,4,1,5,1,https://www.airbnb.com/rooms/845596919658541172
845673513670510600,NA,Neighborhood highlights,16,NA,15,NA,5,2,https://www.airbnb.com/rooms/845673513670510598
845690400377865200,NA,NA,2,NA,1,NA,NA,0,https://www.airbnb.com/rooms/845690400377865245
845739414386723100,$150.00,NA,2,1,1,1,5,1,https://www.airbnb.com/rooms/845739414386723045
845774618918742800,$143.00,NA,2,1,1,1,4.89,18,https://www.airbnb.com/rooms/845774618918742817
845816837859197700,$114.00,Neighborhood highlights,2,1,1,1,4.76,25,https://www.airbnb.com/rooms/845816837859197651
845820996652390700,$119.00,NA,2,1,1,1,4.72,18,https://www.airbnb.com/rooms/845820996652390697
845846218230382e3,NA,Neighborhood highlights,1,NA,NA,NA,5,2,https://www.airbnb.com/rooms/845846218230382008
845886253089070600,$48.00,Neighborhood highlights,2,1,1,1,NA,0,https://www.airbnb.com/rooms/845886253089070623
846012692245520600,$102.00,Neighborhood highlights,1,1,1,1,4.5,28,https://www.airbnb.com/rooms/846012692245520589
846019068928133400,$150.00,Neighborhood highlights,3,1,1,1,5,3,https://www.airbnb.com/rooms/846019068928133440
846159021680447400,$250.00,Neighborhood highlights,1,1,1,1,5,6,https://www.airbnb.com/rooms/846159021680447362
846162633162567e3,$330.00,Neighborhood highlights,2,1,1,1,NA,0,https://www.airbnb.com/rooms/846162633162567022
846286215701421400,$159.00,NA,2,1,1,1,NA,0,https://www.airbnb.com/rooms/846286215701421421
84635777574615e4,$170.00,NA,2,0.5,1,3,NA,0,https://www.airbnb.com/rooms/846357775746150075
846382535724977700,$63.00,NA,1,1,0,1,4.75,4,https://www.airbnb.com/rooms/846382535724977704
846426507440770600,$62.00,NA,1,2,1,1,4.76,21,https://www.airbnb.com/rooms/846426507440770607
846450091131794300,NA,NA,1,NA,NA,NA,4.67,3,https://www.airbnb.com/rooms/846450091131794279
846462170801018800,NA,Neighborhood highlights,4,NA,2,NA,3,1,https://www.airbnb.com/rooms/846462170801018758
846464808247716e3,$519.00,NA,4,1.5,2,2,4.25,4,https://www.airbnb.com/rooms/846464808247715917
846483577749999700,$199.00,Neighborhood highlights,4,1,2,2,NA,0,https://www.airbnb.com/rooms/846483577749999772
846501491881056100,$50.00,NA,1,2,1,1,4.87,15,https://www.airbnb.com/rooms/846501491881056162
846502217501118700,$420.00,Neighborhood highlights,2,1,1,1,4.8,20,https://www.airbnb.com/rooms/846502217501118724
846524013295393900,$329.00,Neighborhood highlights,5,2,4,4,NA,0,https://www.airbnb.com/rooms/846524013295393960
846530000079551600,$215.00,Neighborhood highlights,2,1,2,2,5,7,https://www.airbnb.com/rooms/846530000079551619
846546411200661800,$387.00,Neighborhood highlights,5,1,2,3,4.7,53,https://www.airbnb.com/rooms/846546411200661715
846569499654554900,$180.00,Neighborhood highlights,2,1,1,2,4.5,8,https://www.airbnb.com/rooms/846569499654554906
846574892613212500,$150.00,NA,2,1,1,1,5,1,https://www.airbnb.com/rooms/846574892613212583
846586911099384600,$599.00,NA,10,2,4,5,4.5,10,https://www.airbnb.com/rooms/846586911099384637
846587639339097900,$299.00,NA,4,1,1,2,4,2,https://www.airbnb.com/rooms/846587639339097812
846588200975991800,$150.00,NA,2,1,1,1,5,2,https://www.airbnb.com/rooms/846588200975991761
846590675323805800,$99.00,NA,1,1,1,1,4.33,3,https://www.airbnb.com/rooms/846590675323805869
846598078754849800,$110.00,NA,2,1,1,1,NA,0,https://www.airbnb.com/rooms/846598078754849747
846635199398720500,$213.00,Neighborhood highlights,6,1,3,3,4.94,33,https://www.airbnb.com/rooms/846635199398720517
846649168437586800,NA,Neighborhood highlights,2,NA,NA,NA,5,1,https://www.airbnb.com/rooms/846649168437586864
846649972533138200,NA,Neighborhood highlights,2,1,1,1,NA,0,https://www.airbnb.com/rooms/846649972533138229
846650210494283900,$45.00,Neighborhood highlights,2,1,1,1,NA,0,https://www.airbnb.com/rooms/846650210494283864
846820283724677100,$149.00,Neighborhood highlights,3,1,1,1,4.92,25,https://www.airbnb.com/rooms/846820283724677140
846927779366533900,NA,Neighborhood highlights,2,NA,NA,NA,3.75,16,https://www.airbnb.com/rooms/846927779366533939
846954471654735400,$97.00,Neighborhood highlights,2,1,1,1,4.79,19,https://www.airbnb.com/rooms/846954471654735419
846955971288535300,$426.00,Neighborhood highlights,8,1,4,5,NA,0,https://www.airbnb.com/rooms/846955971288535334
846973595051672700,$65.00,NA,3,1,1,1,4.21,19,https://www.airbnb.com/rooms/846973595051672684
846980678788058400,$680.00,Neighborhood highlights,8,3,4,4,4,2,https://www.airbnb.com/rooms/846980678788058333
846985186978751700,$220.00,Neighborhood highlights,2,1,2,2,4.44,9,https://www.airbnb.com/rooms/846985186978751780
846993183774447500,NA,NA,1,NA,1,NA,NA,0,https://www.airbnb.com/rooms/846993183774447426
846996887188956900,$670.00,NA,4,1,1,1,NA,0,https://www.airbnb.com/rooms/846996887188956947
846997594331753300,"$1,545.00",NA,6,3,3,3,NA,0,https://www.airbnb.com/rooms/846997594331753366
846997756027374800,"$2,314.00",Neighborhood highlights,8,4,4,4,5,5,https://www.airbnb.com/rooms/846997756027374861
846998028506317300,"$2,270.00",NA,8,4,4,4,5,4,https://www.airbnb.com/rooms/846998028506317248
847050748513021700,NA,Neighborhood highlights,2,NA,NA,NA,3,1,https://www.airbnb.com/rooms/847050748513021634
847054486959264500,NA,Neighborhood highlights,2,NA,NA,NA,NA,0,https://www.airbnb.com/rooms/847054486959264514
847054632364156e3,NA,Neighborhood highlights,2,NA,NA,NA,NA,0,https://www.airbnb.com/rooms/847054632364156092
847055000658915800,NA,Neighborhood highlights,2,NA,NA,NA,NA,0,https://www.airbnb.com/rooms/847055000658915850
847060268481987800,$147.00,NA,2,1,2,2,4.65,23,https://www.airbnb.com/rooms/847060268481987785
847073826029422200,$40.00,Neighborhood highlights,2,1,1,1,NA,0,https://www.airbnb.com/rooms/847073826029422248
847074245784350200,$40.00,Neighborhood highlights,2,1,1,1,NA,0,https://www.airbnb.com/rooms/847074245784350188
847087780844574800,$37.00,Neighborhood highlights,1,1,1,1,4,2,https://www.airbnb.com/rooms/847087780844574910
847088264340785200,NA,Neighborhood highlights,1,NA,NA,NA,NA,0,https://www.airbnb.com/rooms/847088264340785190
847088716587790100,$38.00,Neighborhood highlights,1,1,1,1,NA,0,https://www.airbnb.com/rooms/847088716587790052
847094325339550200,NA,NA,2,NA,1,NA,NA,0,https://www.airbnb.com/rooms/847094325339550259
8.4710201152067994e+17,$40.00,Neighborhood highlights,1,1,1,1,NA,0,https://www.airbnb.com/rooms/847102011520679894
847103411295151500,$52.00,Neighborhood highlights,2,1,1,1,5,1,https://www.airbnb.com/rooms/847103411295151523
847104056413213200,NA,Neighborhood highlights,1,1,1,1,NA,0,https://www.airbnb.com/rooms/847104056413213162
847104466265879200,NA,Neighborhood highlights,1,NA,NA,NA,NA,0,https://www.airbnb.com/rooms/847104466265879180
847109091829310600,$52.00,Neighborhood highlights,2,1,1,1,NA,0,https://www.airbnb.com/rooms/847109091829310539
847111592468506100,$51.00,Neighborhood highlights,2,1,1,1,NA,0,https://www.airbnb.com/rooms/847111592468506161
8.4711310924325606e+17,$751.00,Neighborhood highlights,4,1,2,2,5,1,https://www.airbnb.com/rooms/847113109243256072
847113408334252700,$52.00,Neighborhood highlights,2,1,1,1,NA,0,https://www.airbnb.com/rooms/847113408334252715
847114373874850400,$52.00,Neighborhood highlights,2,1,1,1,NA,0,https://www.airbnb.com/rooms/847114373874850420
847115675515322400,$52.00,Neighborhood highlights,2,1,1,1,5,2,https://www.airbnb.com/rooms/847115675515322373
847116877701345300,$52.00,Neighborhood highlights,2,1,1,1,NA,0,https://www.airbnb.com/rooms/847116877701345265
847117939267245e3,$52.00,Neighborhood highlights,2,1,1,1,NA,0,https://www.airbnb.com/rooms/847117939267245013
847275579020579800,$377.00,Neighborhood highlights,7,1,3,4,4.89,62,https://www.airbnb.com/rooms/847275579020579828
847276077259113700,$355.00,Neighborhood highlights,7,1,3,5,4.84,51,https://www.airbnb.com/rooms/847276077259113716
847276083866577500,$379.00,Neighborhood highlights,7,1,3,5,4.88,49,https://www.airbnb.com/rooms/847276083866577520
847330895220128500,$212.00,Neighborhood highlights,2,1,1,1,4.95,21,https://www.airbnb.com/rooms/847330895220128568
847350869830035200,$271.00,NA,3,1,1,1,NA,0,https://www.airbnb.com/rooms/847350869830035151
847386759152293400,NA,Neighborhood highlights,1,1,1,1,NA,0,https://www.airbnb.com/rooms/847386759152293390
847388401932859100,NA,Neighborhood highlights,1,1,1,1,4,1,https://www.airbnb.com/rooms/847388401932859187
847388511756915600,NA,Neighborhood highlights,1,NA,NA,NA,NA,0,https://www.airbnb.com/rooms/847388511756915536
847465090794164100,$35.00,Neighborhood highlights,1,1,1,1,NA,0,https://www.airbnb.com/rooms/847465090794164037
847465600706448500,$35.00,Neighborhood highlights,1,1,1,1,NA,0,https://www.airbnb.com/rooms/847465600706448568
847466013022342100,NA,Neighborhood highlights,1,NA,NA,NA,NA,0,https://www.airbnb.com/rooms/847466013022342204
847601654133805300,NA,Neighborhood highlights,2,NA,1,NA,NA,0,https://www.airbnb.com/rooms/847601654133805278
847617675503248400,$379.00,Neighborhood highlights,7,1,3,4,4.84,58,https://www.airbnb.com/rooms/847617675503248401
847626209769232400,$49.00,Neighborhood highlights,2,1,1,1,5,3,https://www.airbnb.com/rooms/847626209769232363
847639728651809e3,NA,Neighborhood highlights,2,NA,NA,NA,NA,0,https://www.airbnb.com/rooms/847639728651809011
847640425209694500,NA,Neighborhood highlights,2,NA,NA,NA,NA,0,https://www.airbnb.com/rooms/847640425209694488
847645121415435600,$330.00,NA,5,1,2,3,NA,0,https://www.airbnb.com/rooms/847645121415435614
847655639426494300,NA,Neighborhood highlights,2,NA,NA,NA,4.5,2,https://www.airbnb.com/rooms/847655639426494365
847655779442790500,NA,Neighborhood highlights,2,NA,NA,NA,2,1,https://www.airbnb.com/rooms/847655779442790476
847655996659849200,$45.00,Neighborhood highlights,2,1,1,1,NA,0,https://www.airbnb.com/rooms/847655996659849184
847660310915905700,NA,NA,2,NA,1,NA,5,9,https://www.airbnb.com/rooms/847660310915905721
847763623244057700,$75.00,NA,2,2,1,1,4.86,22,https://www.airbnb.com/rooms/847763623244057702
847832723985425400,$65.00,NA,1,2,1,1,4.8,20,https://www.airbnb.com/rooms/847832723985425443
847855209945591400,$150.00,NA,2,1,1,1,4.5,2,https://www.airbnb.com/rooms/847855209945591399
847858962645131e3,$75.00,NA,2,2,1,1,4.83,18,https://www.airbnb.com/rooms/847858962645131056
847865407352734600,NA,NA,6,NA,2,NA,NA,0,https://www.airbnb.com/rooms/847865407352734596
847869591414278100,$70.00,NA,4,2,1,2,4.81,26,https://www.airbnb.com/rooms/847869591414278117
847871751646907600,$500.00,Neighborhood highlights,8,2,3,4,4.77,48,https://www.airbnb.com/rooms/847871751646907604
847892495602190800,$54.00,NA,2,1,1,1,NA,0,https://www.airbnb.com/rooms/847892495602190847
847893904007149200,$54.00,NA,2,1,1,1,NA,0,https://www.airbnb.com/rooms/847893904007149152
847896617602380700,$54.00,NA,2,1,1,1,NA,0,https://www.airbnb.com/rooms/847896617602380673
847903499686363e3,NA,NA,2,NA,NA,NA,4.14,7,https://www.airbnb.com/rooms/847903499686362983
847906896880399400,$70.00,NA,2,2,1,1,4.82,22,https://www.airbnb.com/rooms/847906896880399387
847907277684435100,$64.00,NA,1,1,1,1,NA,0,https://www.airbnb.com/rooms/847907277684435044
847914604605420300,$64.00,NA,1,1,1,1,5,1,https://www.airbnb.com/rooms/847914604605420267
847981869518764e3,NA,Neighborhood highlights,4,NA,2,NA,5,2,https://www.airbnb.com/rooms/847981869518764074
847982758332013400,$100.00,NA,2,1,1,2,4.58,19,https://www.airbnb.com/rooms/847982758332013388
848015889649001600,$40.00,Neighborhood highlights,2,1,1,1,4,2,https://www.airbnb.com/rooms/848015889649001582
848016474539459600,$39.00,Neighborhood highlights,1,1,1,1,NA,0,https://www.airbnb.com/rooms/848016474539459585
848016516513859200,$40.00,Neighborhood highlights,2,1,1,1,NA,0,https://www.airbnb.com/rooms/848016516513859179
848016961737918500,NA,Neighborhood highlights,2,NA,NA,NA,NA,0,https://www.airbnb.com/rooms/848016961737918401
848062664866399200,NA,Neighborhood highlights,1,NA,NA,NA,3.67,3,https://www.airbnb.com/rooms/848062664866399224
848063156347742e3,$40.00,Neighborhood highlights,1,1,1,1,NA,0,https://www.airbnb.com/rooms/848063156347741909
848080152090891300,$48.00,Neighborhood highlights,2,1,1,1,NA,0,https://www.airbnb.com/rooms/848080152090891276
848080360692448800,$43.00,Neighborhood highlights,2,1,1,1,4.5,2,https://www.airbnb.com/rooms/848080360692448777
848080492358904600,$45.00,Neighborhood highlights,2,1,1,1,NA,0,https://www.airbnb.com/rooms/848080492358904634
848081973688682900,$120.00,NA,2,1,1,2,4.64,28,https://www.airbnb.com/rooms/848081973688682867
848092180307734400,$206.00,NA,3,1,1,1,4.63,8,https://www.airbnb.com/rooms/848092180307734416
848096495893199900,NA,Neighborhood highlights,2,NA,NA,NA,4.67,3,https://www.airbnb.com/rooms/848096495893199846
848096536616781600,$44.00,Neighborhood highlights,2,1,1,1,NA,0,https://www.airbnb.com/rooms/848096536616781570
848096577738723e3,$43.00,Neighborhood highlights,2,1,1,1,NA,0,https://www.airbnb.com/rooms/848096577738722997
848110172251227900,$42.00,Neighborhood highlights,2,1,1,1,5,1,https://www.airbnb.com/rooms/848110172251227897
848110183986168400,$42.00,Neighborhood highlights,2,1,1,1,NA,0,https://www.airbnb.com/rooms/848110183986168498
848110289480552200,$40.00,Neighborhood highlights,2,1,1,1,5,2,https://www.airbnb.com/rooms/848110289480552133
848127304112491500,NA,Neighborhood highlights,1,NA,NA,NA,NA,0,https://www.airbnb.com/rooms/848127304112491553
848127498966265900,NA,Neighborhood highlights,1,NA,NA,NA,NA,0,https://www.airbnb.com/rooms/848127498966265828
848233961169303600,NA,Neighborhood highlights,1,NA,NA,NA,NA,0,https://www.airbnb.com/rooms/848233961169303607
848234655767461e3,NA,Neighborhood highlights,1,NA,NA,NA,2,1,https://www.airbnb.com/rooms/848234655767460984
848235377484027800,$36.00,Neighborhood highlights,1,1,1,1,NA,0,https://www.airbnb.com/rooms/848235377484027783
848404919151241e3,$252.00,NA,3,2,3,3,5,1,https://www.airbnb.com/rooms/848404919151240985
848416944928326400,$80.00,NA,1,1,1,1,NA,0,https://www.airbnb.com/rooms/848416944928326419
848434404988665100,$130.00,Neighborhood highlights,3,1,0,2,1,1,https://www.airbnb.com/rooms/848434404988665136
848450247029135400,$850.00,NA,4,1,1,1,NA,0,https://www.airbnb.com/rooms/848450247029135377
848458045522763600,$175.00,NA,2,1,1,2,NA,0,https://www.airbnb.com/rooms/848458045522763649
848547348632693200,NA,NA,1,NA,NA,NA,4.89,9,https://www.airbnb.com/rooms/848547348632693286
848577958550471600,$106.00,Neighborhood highlights,2,1,1,1,4.84,43,https://www.airbnb.com/rooms/848577958550471596
848600126597705200,$196.00,Neighborhood highlights,3,1,0,2,4.82,11,https://www.airbnb.com/rooms/848600126597705252
848605900373545700,$239.00,Neighborhood highlights,2,1,1,1,4.99,81,https://www.airbnb.com/rooms/848605900373545778
848627681349272300,$116.00,NA,2,1,0,1,3.75,4,https://www.airbnb.com/rooms/848627681349272330
848639150774171400,$116.00,NA,2,1,1,1,4.5,2,https://www.airbnb.com/rooms/848639150774171406
848648275744932600,$150.00,Neighborhood highlights,3,1,1,2,NA,0,https://www.airbnb.com/rooms/848648275744932650
848688887881823500,$311.00,Neighborhood highlights,2,1,2,2,4.7,27,https://www.airbnb.com/rooms/848688887881823440
848700499893494900,$100.00,Neighborhood highlights,4,1,2,2,5,5,https://www.airbnb.com/rooms/848700499893494953
848890927389228900,$42.00,Neighborhood highlights,2,1,1,1,NA,0,https://www.airbnb.com/rooms/848890927389228890
848902677120579800,$40.00,Neighborhood highlights,2,1,1,1,4,1,https://www.airbnb.com/rooms/848902677120579848
849085936171946800,NA,NA,2,NA,1,NA,5,1,https://www.airbnb.com/rooms/849085936171946701
849089372266891600,$75.00,NA,2,1,1,1,4.79,48,https://www.airbnb.com/rooms/849089372266891592
849141207957610800,$229.00,Neighborhood highlights,2,1,1,1,4.8,71,https://www.airbnb.com/rooms/849141207957610737
849159989403541600,$80.00,NA,2,1,1,1,4.5,2,https://www.airbnb.com/rooms/849159989403541622
849199148002707800,$140.00,NA,2,1,1,1,NA,0,https://www.airbnb.com/rooms/849199148002707818
849315412913343400,$215.00,NA,4,1,2,3,4.83,12,https://www.airbnb.com/rooms/849315412913343353
849355298615771400,$127.00,NA,2,1,1,1,NA,0,https://www.airbnb.com/rooms/849355298615771362
849458722007621800,$80.00,Neighborhood highlights,2,1,1,1,4.92,12,https://www.airbnb.com/rooms/849458722007621708
849516540539302100,$395.00,Neighborhood highlights,6,3,4,4,5,4,https://www.airbnb.com/rooms/849516540539302137
849519200028401800,$292.00,NA,10,1,2,5,5,3,https://www.airbnb.com/rooms/849519200028401794
84957824639807e4,$56.00,NA,1,2,4,1,NA,0,https://www.airbnb.com/rooms/849578246398069958
849766949872596200,$175.00,Neighborhood highlights,2,1,1,1,4.83,46,https://www.airbnb.com/rooms/849766949872596187
849783971932118300,$150.00,NA,2,1,1,1,NA,0,https://www.airbnb.com/rooms/849783971932118297
850000058467889800,$189.00,Neighborhood highlights,3,1,1,1,5,1,https://www.airbnb.com/rooms/850000058467889828
850062518718398700,$668.00,NA,2,1,0,1,5,1,https://www.airbnb.com/rooms/850062518718398723
850068604258737400,NA,NA,3,NA,NA,NA,NA,0,https://www.airbnb.com/rooms/850068604258737442
850082047929988e3,$75.00,NA,4,1,1,1,4.97,31,https://www.airbnb.com/rooms/850082047929987986
850085679404038100,$365.00,Neighborhood highlights,3,1,2,2,5,7,https://www.airbnb.com/rooms/850085679404038080
850129114994363600,$256.00,NA,4,1,1,2,4.96,26,https://www.airbnb.com/rooms/850129114994363672
850200906094037900,$160.00,Neighborhood highlights,2,1,1,1,5,13,https://www.airbnb.com/rooms/850200906094037889
850617808482066700,$39.00,NA,1,2,5,1,NA,0,https://www.airbnb.com/rooms/850617808482066692
850619180497787500,NA,NA,1,NA,5,NA,NA,0,https://www.airbnb.com/rooms/850619180497787481
850620715416914800,NA,NA,1,NA,5,NA,NA,0,https://www.airbnb.com/rooms/850620715416914851
850655651403503500,$51.00,Neighborhood highlights,2,1,1,1,NA,0,https://www.airbnb.com/rooms/850655651403503454
850663853879529500,$97.00,Neighborhood highlights,2,1,0,2,5,5,https://www.airbnb.com/rooms/850663853879529531
850779973183129100,$250.00,NA,2,1,1,1,NA,0,https://www.airbnb.com/rooms/850779973183129128
850813236031594e3,$214.00,Neighborhood highlights,3,1,1,1,4.92,25,https://www.airbnb.com/rooms/850813236031594023
850926985725346e3,$73.00,Neighborhood highlights,2,1,1,2,4.88,96,https://www.airbnb.com/rooms/850926985725345985
850956416012110200,$98.00,Neighborhood highlights,1,1,1,1,5,3,https://www.airbnb.com/rooms/850956416012110188
850972829284175e3,$120.00,Neighborhood highlights,2,1,1,1,4.93,43,https://www.airbnb.com/rooms/850972829284174961
850994914110684200,$175.00,Neighborhood highlights,2,1,1,1,5,23,https://www.airbnb.com/rooms/850994914110684147
851183969466929500,NA,NA,2,NA,1,NA,NA,0,https://www.airbnb.com/rooms/851183969466929559
851268870316740400,$160.00,NA,2,1,1,1,5,4,https://www.airbnb.com/rooms/851268870316740374
851299489251343100,$253.00,NA,2,1,1,1,NA,0,https://www.airbnb.com/rooms/851299489251343109
851412920625087900,NA,Neighborhood highlights,2,NA,NA,NA,4.4,10,https://www.airbnb.com/rooms/851412920625087858
851418937274147100,$75.00,Neighborhood highlights,1,1,1,1,NA,0,https://www.airbnb.com/rooms/851418937274147108
851431022872884100,$250.00,NA,4,2,2,2,NA,0,https://www.airbnb.com/rooms/851431022872884050
851448450763390700,NA,Neighborhood highlights,4,NA,1,NA,5,1,https://www.airbnb.com/rooms/851448450763390690
851472160642653e3,$80.00,NA,2,1,1,1,5,7,https://www.airbnb.com/rooms/851472160642653115
851515275801895800,$85.00,NA,2,1,0,1,4.85,26,https://www.airbnb.com/rooms/851515275801895869
851572720637053300,$195.00,NA,2,1,1,1,5,4,https://www.airbnb.com/rooms/851572720637053291
851703525774434300,$66.00,Neighborhood highlights,2,1,1,1,NA,0,https://www.airbnb.com/rooms/851703525774434254
851725083326094700,$475.00,NA,4,2,2,2,NA,0,https://www.airbnb.com/rooms/851725083326094710
851748434941516e3,$100.00,Neighborhood highlights,2,1,1,1,5,2,https://www.airbnb.com/rooms/851748434941515981
851766109438536600,NA,NA,2,NA,1,NA,4.4,5,https://www.airbnb.com/rooms/851766109438536589
851923089381777e3,$420.00,Neighborhood highlights,2,1,1,1,3,1,https://www.airbnb.com/rooms/851923089381776992
852041223399275300,$54.00,NA,1,2,4,1,NA,0,https://www.airbnb.com/rooms/852041223399275274
852055362497766900,$54.00,NA,1,2,4,1,NA,0,https://www.airbnb.com/rooms/852055362497766950
852058233566906500,$51.00,NA,1,2,4,1,NA,0,https://www.airbnb.com/rooms/852058233566906557
852097762131147e3,$69.00,NA,2,1,1,1,4.79,19,https://www.airbnb.com/rooms/852097762131147029
852126587355348500,$155.00,Neighborhood highlights,4,1,2,2,5,1,https://www.airbnb.com/rooms/852126587355348532
852153991789569700,$53.00,Neighborhood highlights,1,1.5,1,1,NA,0,https://www.airbnb.com/rooms/852153991789569715
852160252498960400,$150.00,NA,3,1,1,1,NA,0,https://www.airbnb.com/rooms/852160252498960329
852165218048122400,NA,NA,2,NA,1,NA,5,3,https://www.airbnb.com/rooms/852165218048122423
852165663564258e3,$49.00,Neighborhood highlights,1,1.5,1,4,4.5,2,https://www.airbnb.com/rooms/852165663564258034
852170171718777600,$49.00,Neighborhood highlights,1,1.5,1,4,3.33,3,https://www.airbnb.com/rooms/852170171718777647
852172398049786600,$65.00,Neighborhood highlights,1,1.5,1,4,4.33,3,https://www.airbnb.com/rooms/852172398049786615
852207246693931100,NA,Neighborhood highlights,3,NA,1,NA,1,1,https://www.airbnb.com/rooms/852207246693931174
852216245968244500,$190.00,Neighborhood highlights,3,1,0,1,NA,0,https://www.airbnb.com/rooms/852216245968244426
852231888519393500,$775.00,NA,9,1,1,6,NA,0,https://www.airbnb.com/rooms/852231888519393589
852269773314560600,$399.00,Neighborhood highlights,2,1,4,4,4.67,3,https://www.airbnb.com/rooms/852269773314560697
852293809096264400,$220.00,Neighborhood highlights,4,1,2,2,NA,0,https://www.airbnb.com/rooms/852293809096264492
852308974299854600,$205.00,Neighborhood highlights,4,1,2,2,NA,0,https://www.airbnb.com/rooms/852308974299854597
852309506287905200,$205.00,Neighborhood highlights,4,1.5,2,1,NA,0,https://www.airbnb.com/rooms/852309506287905145
852359140114169600,$65.00,NA,1,2,1,1,4.92,24,https://www.airbnb.com/rooms/852359140114169638
852368647478352300,$89.00,NA,2,1,1,1,5,3,https://www.airbnb.com/rooms/852368647478352245
852370641001603700,NA,Neighborhood highlights,2,NA,1,NA,4.5,2,https://www.airbnb.com/rooms/852370641001603683
852496524274576300,NA,NA,1,NA,5,NA,NA,0,https://www.airbnb.com/rooms/852496524274576225
852508254859011600,NA,NA,1,NA,5,NA,NA,0,https://www.airbnb.com/rooms/852508254859011603
852516497115442800,NA,NA,1,NA,5,NA,NA,0,https://www.airbnb.com/rooms/852516497115442763
852533216053517800,NA,NA,1,NA,5,NA,NA,0,https://www.airbnb.com/rooms/852533216053517812
852764807433955300,NA,NA,1,NA,5,NA,NA,0,https://www.airbnb.com/rooms/852764807433955299
852767241219252200,$38.00,NA,1,2,4,1,NA,0,https://www.airbnb.com/rooms/852767241219252179
852772116672194300,$40.00,NA,1,2,4,1,NA,0,https://www.airbnb.com/rooms/852772116672194327
852778088990777200,$36.00,NA,1,2,4,1,NA,0,https://www.airbnb.com/rooms/852778088990777217
852780155600628100,$35.00,NA,1,2,4,1,NA,0,https://www.airbnb.com/rooms/852780155600628104
852794733717967500,$37.00,NA,1,2,4,1,NA,0,https://www.airbnb.com/rooms/852794733717967525
852835857036905e3,$54.00,Neighborhood highlights,1,1,1,1,4.84,19,https://www.airbnb.com/rooms/852835857036904951
852884650232682200,$70.00,Neighborhood highlights,2,1,1,1,NA,0,https://www.airbnb.com/rooms/852884650232682299
852961057914386400,$283.00,NA,4,2,2,2,NA,0,https://www.airbnb.com/rooms/852961057914386482
853028685326156500,$185.00,Neighborhood highlights,4,1,2,2,NA,0,https://www.airbnb.com/rooms/853028685326156511
853033045815699200,"$1,000.00",NA,2,1,1,1,NA,0,https://www.airbnb.com/rooms/853033045815699256
853129844194651e3,$150.00,Neighborhood highlights,5,2,2,2,4.21,14,https://www.airbnb.com/rooms/853129844194650967
853202520017870700,$110.00,Neighborhood highlights,3,1,1,3,NA,0,https://www.airbnb.com/rooms/853202520017870748
853269117514653400,$42.00,NA,1,2,5,1,NA,0,https://www.airbnb.com/rooms/853269117514653481
853279863522982e3,$44.00,NA,1,2,4,1,NA,0,https://www.airbnb.com/rooms/853279863522982025
853286716072700200,$44.00,NA,1,2,4,1,NA,0,https://www.airbnb.com/rooms/853286716072700167
853293255629678e3,$43.00,NA,1,2,4,1,NA,0,https://www.airbnb.com/rooms/853293255629678010
853297381076137100,$125.00,NA,2,1,0,1,4.25,4,https://www.airbnb.com/rooms/853297381076137114
853394785192534e3,$350.00,Neighborhood highlights,2,1,1,1,NA,0,https://www.airbnb.com/rooms/853394785192534016
853395099537494700,$662.00,Neighborhood highlights,6,2,3,3,NA,0,https://www.airbnb.com/rooms/853395099537494702
853458151174338200,$41.00,NA,1,2,4,1,NA,0,https://www.airbnb.com/rooms/853458151174338200
853462912641913600,$36.00,NA,1,2,5,1,NA,0,https://www.airbnb.com/rooms/853462912641913538
853527797749614200,NA,NA,1,NA,5,NA,NA,0,https://www.airbnb.com/rooms/853527797749614251
853538253952954100,$34.00,NA,1,2,5,1,NA,0,https://www.airbnb.com/rooms/853538253952954070
853544111045060400,$113.00,NA,2,1,0,1,5,4,https://www.airbnb.com/rooms/853544111045060406
853549269559834200,$36.00,NA,1,2,5,1,NA,0,https://www.airbnb.com/rooms/853549269559834283
853556061476001800,$33.00,NA,1,2,5,1,NA,0,https://www.airbnb.com/rooms/853556061476001808
853577103188014700,$81.00,Neighborhood highlights,1,0,4,1,NA,0,https://www.airbnb.com/rooms/853577103188014740
853708485423716500,$294.00,Neighborhood highlights,2,1,0,1,3.85,20,https://www.airbnb.com/rooms/853708485423716426
853724218862614800,$111.00,Neighborhood highlights,2,1,0,1,4.93,45,https://www.airbnb.com/rooms/853724218862614772
854178876389140400,$345.00,NA,5,1,2,3,4.32,44,https://www.airbnb.com/rooms/854178876389140294
854223736955826e3,$50.00,NA,1,1,3,1,NA,0,https://www.airbnb.com/rooms/854223736955826087
854291865963468300,$250.00,Neighborhood highlights,4,1,3,3,5,2,https://www.airbnb.com/rooms/854291865963468254
854306012372296600,$124.00,Neighborhood highlights,2,1,1,1,5,9,https://www.airbnb.com/rooms/854306012372296522
854369295928923800,$170.00,NA,2,1,0,1,NA,0,https://www.airbnb.com/rooms/854369295928923774
854422829531546e3,$120.00,NA,2,1,1,1,5,1,https://www.airbnb.com/rooms/854422829531546024
854439069631231400,$117.00,NA,2,1,1,1,NA,0,https://www.airbnb.com/rooms/854439069631231361
8.5445320180176794e+17,"$1,195.00",Neighborhood highlights,6,2.5,3,3,5,1,https://www.airbnb.com/rooms/854453201801767998
854456241518814500,$100.00,Neighborhood highlights,4,1,1,2,4.89,9,https://www.airbnb.com/rooms/854456241518814489
854462861008883600,$156.00,NA,2,1,1,1,4.67,18,https://www.airbnb.com/rooms/854462861008883615
854486627998924300,$95.00,Neighborhood highlights,2,1,1,1,4.98,40,https://www.airbnb.com/rooms/854486627998924274
854515598479768700,$33.00,Neighborhood highlights,2,1,2,3,4.64,22,https://www.airbnb.com/rooms/854515598479768654
854520205864838800,$120.00,NA,2,1,1,1,5,3,https://www.airbnb.com/rooms/854520205864838749
854537499196865400,$45.00,Neighborhood highlights,1,1,1,1,5,2,https://www.airbnb.com/rooms/854537499196865459
854557020708825300,$45.00,Neighborhood highlights,2,2,1,1,NA,0,https://www.airbnb.com/rooms/854557020708825331
854595745998234200,NA,Neighborhood highlights,2,NA,1,NA,4.78,9,https://www.airbnb.com/rooms/854595745998234201
854904674304723600,$65.00,Neighborhood highlights,3,1,1,1,4.79,19,https://www.airbnb.com/rooms/854904674304723636
854952914799957200,$34.00,Neighborhood highlights,1,1,1,1,4.6,5,https://www.airbnb.com/rooms/854952914799957310
855007125292598400,NA,NA,2,NA,1,NA,5,8,https://www.airbnb.com/rooms/855007125292598413
855033009330574600,NA,Neighborhood highlights,8,NA,3,NA,4.78,32,https://www.airbnb.com/rooms/855033009330574643
855033700809179e3,$225.00,NA,4,2,2,2,NA,0,https://www.airbnb.com/rooms/855033700809179043
855039638686458500,$170.00,NA,2,1,1,1,NA,0,https://www.airbnb.com/rooms/855039638686458525
855044461930707800,$240.00,NA,3,1,1,2,NA,0,https://www.airbnb.com/rooms/855044461930707864
855064604316084200,$285.00,NA,2,1,1,1,NA,0,https://www.airbnb.com/rooms/855064604316084208
855074852799946400,$190.00,NA,2,1,1,1,NA,0,https://www.airbnb.com/rooms/855074852799946405
855080646337911800,$320.00,NA,4,1,2,2,NA,0,https://www.airbnb.com/rooms/855080646337911782
855087051562640800,$185.00,NA,2,1,1,1,NA,0,https://www.airbnb.com/rooms/855087051562640767
855093308561431300,$290.00,NA,6,2,2,3,NA,0,https://www.airbnb.com/rooms/855093308561431254
855169787137770600,$110.00,Neighborhood highlights,1,1,1,1,4.86,7,https://www.airbnb.com/rooms/855169787137770665
855224089369018e3,$53.00,NA,1,1,1,1,4.25,8,https://www.airbnb.com/rooms/855224089369017951
855233330415172600,$300.00,Neighborhood highlights,4,1,2,1,5,1,https://www.airbnb.com/rooms/855233330415172667
855271965684810900,$80.00,Neighborhood highlights,1,1,1,1,4.81,26,https://www.airbnb.com/rooms/855271965684810884
855278854719325400,$107.00,Neighborhood highlights,2,2,1,1,4.67,6,https://www.airbnb.com/rooms/855278854719325501
855287462356191100,NA,NA,2,NA,NA,NA,4.87,15,https://www.airbnb.com/rooms/855287462356191079
855351057254313300,$93.00,Neighborhood highlights,2,2,1,1,4.71,7,https://www.airbnb.com/rooms/855351057254313403
855374496026412e3,$89.00,Neighborhood highlights,2,2,1,1,4.67,9,https://www.airbnb.com/rooms/855374496026412013
855566840627585400,$500.00,Neighborhood highlights,4,1,2,3,5,3,https://www.airbnb.com/rooms/855566840627585401
855598725483695900,$212.00,NA,2,1,0,1,5,1,https://www.airbnb.com/rooms/855598725483695879
855628419776805900,$177.00,Neighborhood highlights,6,1,2,4,5,4,https://www.airbnb.com/rooms/855628419776805881
855633038154233100,$119.00,Neighborhood highlights,3,1,1,1,4.6,5,https://www.airbnb.com/rooms/855633038154233030
855651825097065900,NA,NA,2,NA,1,NA,5,1,https://www.airbnb.com/rooms/855651825097065813
855668327946766e3,$110.00,Neighborhood highlights,2,1,1,1,4.8,5,https://www.airbnb.com/rooms/855668327946765991
855688532818033200,$100.00,NA,2,1,1,1,NA,0,https://www.airbnb.com/rooms/855688532818033117
855690998868030300,$52.00,NA,1,2,4,1,NA,0,https://www.airbnb.com/rooms/855690998868030307
855699631161038700,$215.00,NA,4,1,2,3,5,10,https://www.airbnb.com/rooms/855699631161038780
855705447881368200,"$1,850.00",Neighborhood highlights,9,1.5,4,4,4.5,4,https://www.airbnb.com/rooms/855705447881368204
855858117414211100,NA,NA,1,NA,NA,NA,NA,0,https://www.airbnb.com/rooms/855858117414211119
855951770337839400,$193.00,Neighborhood highlights,2,1,1,1,4.6,10,https://www.airbnb.com/rooms/855951770337839321
855961894411260900,$586.00,NA,8,1,0,2,4.14,7,https://www.airbnb.com/rooms/855961894411260875
856028372002335100,NA,NA,2,NA,NA,NA,4.2,5,https://www.airbnb.com/rooms/856028372002335063
856140600983687e3,$211.00,Neighborhood highlights,4,1,1,2,4.63,49,https://www.airbnb.com/rooms/856140600983686998
856143716820999400,$202.00,Neighborhood highlights,4,1,1,2,4.48,101,https://www.airbnb.com/rooms/856143716820999479
856146096182365700,$300.00,Neighborhood highlights,2,1,1,1,4.46,71,https://www.airbnb.com/rooms/856146096182365688
856178609541061800,$358.00,Neighborhood highlights,6,1,2,3,4.44,36,https://www.airbnb.com/rooms/856178609541061798
856249316379328e3,$210.00,Neighborhood highlights,4,1,2,2,4.71,38,https://www.airbnb.com/rooms/856249316379328038
856256646708066800,NA,Neighborhood highlights,2,NA,1,NA,1,1,https://www.airbnb.com/rooms/856256646708066759
856334958557419900,$180.00,Neighborhood highlights,2,1,1,1,NA,0,https://www.airbnb.com/rooms/856334958557419965
856336581177236900,$125.00,NA,2,1,1,1,5,9,https://www.airbnb.com/rooms/856336581177236867
856342584842710300,$120.00,Neighborhood highlights,3,1,0,1,5,6,https://www.airbnb.com/rooms/856342584842710318
856343309025067800,$185.00,NA,4,1,3,3,5,1,https://www.airbnb.com/rooms/856343309025067774
856382292926202900,$213.00,Neighborhood highlights,2,1,2,2,4.78,46,https://www.airbnb.com/rooms/856382292926202871
856469032632992600,$171.00,Neighborhood highlights,3,1,1,2,5,4,https://www.airbnb.com/rooms/856469032632992649
856506863490306e3,$109.00,NA,2,1,1,1,4.95,42,https://www.airbnb.com/rooms/856506863490306029
856509580837261300,$200.00,NA,5,1,1,1,4.5,2,https://www.airbnb.com/rooms/856509580837261294
856524140333584100,$150.00,Neighborhood highlights,3,1,1,1,5,9,https://www.airbnb.com/rooms/856524140333584118
856586217159531600,$120.00,NA,1,1,2,1,NA,0,https://www.airbnb.com/rooms/856586217159531619
856617809936726300,$300.00,NA,3,1,1,1,NA,0,https://www.airbnb.com/rooms/856617809936726317
856629934313611900,$245.00,NA,6,1,2,3,4.77,39,https://www.airbnb.com/rooms/856629934313611866
856641660722719100,$81.00,Neighborhood highlights,2,2,1,1,4.88,8,https://www.airbnb.com/rooms/856641660722719100
856651933812762900,$139.00,NA,7,1,3,3,5,23,https://www.airbnb.com/rooms/856651933812762904
856674365271587500,$160.00,NA,1,1,1,1,5,4,https://www.airbnb.com/rooms/856674365271587414
856735434937708900,$159.00,NA,4,1,1,2,5,1,https://www.airbnb.com/rooms/856735434937708938
856790465100420500,$150.00,NA,2,1,2,3,4.62,21,https://www.airbnb.com/rooms/856790465100420535
856843124617214100,$41.00,NA,1,2,4,1,NA,0,https://www.airbnb.com/rooms/856843124617214103
856853589450059400,$42.00,NA,1,2,4,1,NA,0,https://www.airbnb.com/rooms/856853589450059363
856885310810415200,$175.00,NA,4,1,2,2,4.91,11,https://www.airbnb.com/rooms/856885310810415292
857023774778549100,$165.00,NA,2,1,1,1,5,1,https://www.airbnb.com/rooms/857023774778549107
857039314350675800,$223.00,NA,5,2,2,2,5,3,https://www.airbnb.com/rooms/857039314350675881
857062198263789400,$135.00,Neighborhood highlights,2,1,1,1,NA,0,https://www.airbnb.com/rooms/857062198263789456
857079026453430400,$309.00,Neighborhood highlights,4,1,1,1,5,14,https://www.airbnb.com/rooms/857079026453430439
857103803651618200,$100.00,NA,4,1,1,1,4.96,26,https://www.airbnb.com/rooms/857103803651618158
857118576611621600,$178.00,NA,5,1,1,3,4.57,23,https://www.airbnb.com/rooms/857118576611621658
857127509054830500,$38.00,NA,1,2,4,1,NA,0,https://www.airbnb.com/rooms/857127509054830487
857137247614597900,$41.00,NA,1,2,4,1,NA,0,https://www.airbnb.com/rooms/857137247614597916
857149540352462e3,$80.00,NA,1,1,2,1,NA,0,https://www.airbnb.com/rooms/857149540352461968
857149674339105500,$90.00,NA,1,1,2,1,NA,0,https://www.airbnb.com/rooms/857149674339105566
857159528945583e3,$80.00,NA,1,1,2,1,NA,0,https://www.airbnb.com/rooms/857159528945582958
857168594847563400,$197.00,Neighborhood highlights,3,1,1,2,NA,0,https://www.airbnb.com/rooms/857168594847563363
857174391733033600,$125.00,NA,1,1,3,1,NA,0,https://www.airbnb.com/rooms/857174391733033608
857200030438057200,$100.00,NA,1,1,2,1,NA,0,https://www.airbnb.com/rooms/857200030438057265
857205688240113700,$450.00,NA,4,1,2,2,4.83,12,https://www.airbnb.com/rooms/857205688240113622
857214755753956400,$190.00,NA,2,1,1,1,NA,0,https://www.airbnb.com/rooms/857214755753956362
857216097977521e3,$164.00,NA,2,1,1,1,4.1,20,https://www.airbnb.com/rooms/857216097977521005
857219154647641700,$130.00,NA,2,1,2,1,NA,0,https://www.airbnb.com/rooms/857219154647641690
857225620603135100,$100.00,NA,1,1,2,1,NA,0,https://www.airbnb.com/rooms/857225620603135141
857228482700144300,$70.00,NA,1,1,2,1,NA,0,https://www.airbnb.com/rooms/857228482700144305
857240889939598500,$350.00,NA,6,2.5,3,3,NA,0,https://www.airbnb.com/rooms/857240889939598421
857282055475160200,$140.00,NA,2,1,1,1,NA,0,https://www.airbnb.com/rooms/857282055475160243
857308302120111500,$200.00,NA,4,1,2,2,NA,0,https://www.airbnb.com/rooms/857308302120111503
857341470604785300,$375.00,Neighborhood highlights,8,1.5,2,3,4.75,12,https://www.airbnb.com/rooms/857341470604785256
857417526155184500,$44.00,Neighborhood highlights,2,1,1,1,4.38,8,https://www.airbnb.com/rooms/857417526155184478
857422905691998800,$72.00,Neighborhood highlights,1,1,1,1,NA,0,https://www.airbnb.com/rooms/857422905691998850
857494972694879600,NA,NA,8,NA,4,NA,NA,0,https://www.airbnb.com/rooms/857494972694879607
857528404754752900,NA,NA,3,NA,2,NA,NA,0,https://www.airbnb.com/rooms/857528404754752841
857576331544501200,$150.00,NA,2,1,1,1,4.73,55,https://www.airbnb.com/rooms/857576331544501191
85777578556177e4,$354.00,Neighborhood highlights,4,2,2,2,NA,0,https://www.airbnb.com/rooms/857775785561769964
857881360655894300,$280.00,Neighborhood highlights,4,2,2,2,5,4,https://www.airbnb.com/rooms/857881360655894278
85788172263785e4,$120.00,Neighborhood highlights,2,1,1,1,5,1,https://www.airbnb.com/rooms/857881722637849968
857908098860949200,$176.00,NA,4,1,2,1,5,2,https://www.airbnb.com/rooms/857908098860949283
857913826497120600,$150.00,NA,4,1,1,2,4.2,5,https://www.airbnb.com/rooms/857913826497120668
857920249258512600,$88.00,NA,1,1,1,1,5,5,https://www.airbnb.com/rooms/857920249258512670
857943571911133600,$966.00,Neighborhood highlights,7,2.5,3,3,NA,0,https://www.airbnb.com/rooms/857943571911133621
857981626958643100,$203.00,NA,4,1,1,2,4.67,9,https://www.airbnb.com/rooms/857981626958643059
858062545028044300,$586.00,NA,8,1,0,2,4.69,16,https://www.airbnb.com/rooms/858062545028044267
858187104921136500,NA,Neighborhood highlights,2,NA,1,NA,4.5,4,https://www.airbnb.com/rooms/858187104921136513
858197365700454e3,$300.00,NA,2,1,1,1,5,1,https://www.airbnb.com/rooms/858197365700453988
858207672407178600,$200.00,NA,5,1,3,3,NA,0,https://www.airbnb.com/rooms/858207672407178675
858226550408323500,$50.00,Neighborhood highlights,1,1,5,1,4.5,12,https://www.airbnb.com/rooms/858226550408323497
858292239258966700,NA,NA,2,NA,1,NA,NA,0,https://www.airbnb.com/rooms/858292239258966613
858347373190592500,NA,Neighborhood highlights,2,NA,NA,NA,4,1,https://www.airbnb.com/rooms/858347373190592469
858348631288023800,NA,Neighborhood highlights,2,NA,NA,NA,5,1,https://www.airbnb.com/rooms/858348631288023764
858349085245822300,NA,Neighborhood highlights,2,NA,NA,NA,NA,0,https://www.airbnb.com/rooms/858349085245822284
858363213045151700,$42.00,Neighborhood highlights,1,1,1,1,NA,0,https://www.airbnb.com/rooms/858363213045151752
858363289357038100,NA,Neighborhood highlights,1,NA,NA,NA,3,1,https://www.airbnb.com/rooms/858363289357038128
858363357004653200,NA,Neighborhood highlights,1,NA,NA,NA,NA,0,https://www.airbnb.com/rooms/858363357004653229
858375146186969500,$37.00,Neighborhood highlights,1,1,1,1,NA,0,https://www.airbnb.com/rooms/858375146186969439
858375248220142300,$37.00,Neighborhood highlights,1,1,1,1,4,1,https://www.airbnb.com/rooms/858375248220142360
858375339865080400,NA,Neighborhood highlights,1,NA,NA,NA,5,2,https://www.airbnb.com/rooms/858375339865080486
858387567775297400,NA,Neighborhood highlights,2,NA,NA,NA,NA,0,https://www.airbnb.com/rooms/858387567775297411
858387637082439700,NA,Neighborhood highlights,2,NA,NA,NA,3,1,https://www.airbnb.com/rooms/858387637082439739
858387723747910500,NA,Neighborhood highlights,2,NA,NA,NA,NA,0,https://www.airbnb.com/rooms/858387723747910511
858399455059853e3,NA,Neighborhood highlights,2,NA,NA,NA,3,2,https://www.airbnb.com/rooms/858399455059853096
858399512890496100,$40.00,Neighborhood highlights,2,1,1,1,NA,0,https://www.airbnb.com/rooms/858399512890496136
858399593452569200,NA,Neighborhood highlights,2,NA,NA,NA,4.5,2,https://www.airbnb.com/rooms/858399593452569222
858407042370719200,$39.00,Neighborhood highlights,2,1,1,1,4,2,https://www.airbnb.com/rooms/858407042370719206
858407187346774400,$41.00,Neighborhood highlights,2,1,1,1,NA,0,https://www.airbnb.com/rooms/858407187346774458
858407311840630100,$40.00,Neighborhood highlights,2,1,1,1,NA,0,https://www.airbnb.com/rooms/858407311840630098
858598495752844300,NA,NA,2,NA,NA,NA,4,1,https://www.airbnb.com/rooms/858598495752844251
858679273196045400,$336.00,Neighborhood highlights,1,1,1,2,5,2,https://www.airbnb.com/rooms/858679273196045423
858692711504711200,NA,Neighborhood highlights,4,NA,2,NA,NA,0,https://www.airbnb.com/rooms/858692711504711206
858692736399542800,$132.00,Neighborhood highlights,2,1,1,2,5,2,https://www.airbnb.com/rooms/858692736399542780
858697692672545200,$98.00,NA,1,1,1,1,4.71,1584,https://www.airbnb.com/rooms/858697692672545141
858708323647967500,$180.00,Neighborhood highlights,2,1,1,1,5,1,https://www.airbnb.com/rooms/858708323647967485
858742884623844900,$118.00,NA,3,1,3,3,5,5,https://www.airbnb.com/rooms/858742884623844884
858763587774458e3,$135.00,NA,5,1,1,2,NA,0,https://www.airbnb.com/rooms/858763587774457966
858766169880558600,NA,Neighborhood highlights,2,NA,1,NA,5,3,https://www.airbnb.com/rooms/858766169880558606
858782177517024900,$164.00,NA,5,1,1,3,4.58,26,https://www.airbnb.com/rooms/858782177517024951
858809320345619100,$54.00,NA,1,1,1,1,4.71,17,https://www.airbnb.com/rooms/858809320345619069
858818652549978900,"$1,500.00",NA,4,1,2,2,NA,0,https://www.airbnb.com/rooms/858818652549978819
858869641816917200,$100.00,Neighborhood highlights,2,1,1,1,4.67,15,https://www.airbnb.com/rooms/858869641816917232
858878058778308600,$250.00,NA,2,1,1,1,4,1,https://www.airbnb.com/rooms/858878058778308555
858883993478311800,$53.00,Neighborhood highlights,1,1,1,1,4.69,16,https://www.airbnb.com/rooms/858883993478311814
859119320795456100,$279.00,Neighborhood highlights,4,1,0,2,4.44,16,https://www.airbnb.com/rooms/859119320795456114
859155756002790700,NA,Neighborhood highlights,2,NA,1,NA,NA,0,https://www.airbnb.com/rooms/859155756002790635
859156243688053e3,$308.00,Neighborhood highlights,2,1,1,1,NA,0,https://www.airbnb.com/rooms/859156243688052974
859215377591012200,$179.00,NA,3,1,1,2,4.94,18,https://www.airbnb.com/rooms/859215377591012167
859225590386560300,NA,NA,2,NA,NA,NA,NA,0,https://www.airbnb.com/rooms/859225590386560233
859272312597021700,$130.00,NA,5,1,1,3,4.74,27,https://www.airbnb.com/rooms/859272312597021667
859277415032066600,$265.00,NA,10,1,3,5,4.54,28,https://www.airbnb.com/rooms/859277415032066601
859283264753786400,$374.00,NA,7,2,3,3,4.8,10,https://www.airbnb.com/rooms/859283264753786335
859438428652667500,$228.00,NA,5,1,2,2,5,3,https://www.airbnb.com/rooms/859438428652667504
859466754634415700,$360.00,Neighborhood highlights,6,2,3,3,5,1,https://www.airbnb.com/rooms/859466754634415752
859474530990564e3,$119.00,NA,5,1,1,1,4.31,16,https://www.airbnb.com/rooms/859474530990564004
859496187360678500,NA,NA,6,NA,3,NA,4.67,6,https://www.airbnb.com/rooms/859496187360678479
859501218380851e3,$240.00,Neighborhood highlights,6,2,2,4,NA,0,https://www.airbnb.com/rooms/859501218380850887
859528646796757600,NA,Neighborhood highlights,3,NA,NA,NA,NA,0,https://www.airbnb.com/rooms/859528646796757629
859664945143080300,$141.00,NA,2,1,1,1,4.81,68,https://www.airbnb.com/rooms/859664945143080328
859676226888260200,$414.00,Neighborhood highlights,8,2,4,4,4.67,21,https://www.airbnb.com/rooms/859676226888260227
859771139425703400,$141.00,Neighborhood highlights,2,1,1,2,4.94,51,https://www.airbnb.com/rooms/859771139425703476
860004609328968800,$549.00,Neighborhood highlights,4,2,2,2,NA,0,https://www.airbnb.com/rooms/860004609328968821
860170703368011e3,$820.00,Neighborhood highlights,10,2,3,6,5,44,https://www.airbnb.com/rooms/860170703368011018
860171140269043300,$127.00,NA,2,1,1,1,4.67,3,https://www.airbnb.com/rooms/860171140269043383
860188461148826600,$193.00,Neighborhood highlights,2,1.5,4,2,4.11,19,https://www.airbnb.com/rooms/860188461148826658
860219417695095800,$50.00,NA,1,1,1,1,5,19,https://www.airbnb.com/rooms/860219417695095744
860241816039531300,$120.00,NA,2,1,1,1,3,2,https://www.airbnb.com/rooms/860241816039531223
860268952074614400,$123.00,Neighborhood highlights,2,1,1,1,5,2,https://www.airbnb.com/rooms/860268952074614380
860346316409953200,$88.00,NA,3,1,1,2,5,2,https://www.airbnb.com/rooms/860346316409953113
860361043532113500,NA,NA,2,NA,1,NA,5,2,https://www.airbnb.com/rooms/860361043532113527
860474038279127400,NA,NA,4,NA,1,NA,4.5,4,https://www.airbnb.com/rooms/860474038279127366
860633567026070400,$263.00,Neighborhood highlights,4,1,1,3,5,4,https://www.airbnb.com/rooms/860633567026070430
860735021598007700,$199.00,NA,3,1,0,1,4,1,https://www.airbnb.com/rooms/860735021598007671
860788937069153e3,$61.00,NA,2,1,1,1,4,1,https://www.airbnb.com/rooms/860788937069153064
860858621419051300,$200.00,Neighborhood highlights,6,2,3,4,4.5,14,https://www.airbnb.com/rooms/860858621419051293
860909296421311500,$165.00,NA,2,1,2,2,4.73,26,https://www.airbnb.com/rooms/860909296421311500
860931776707434900,$190.00,NA,8,2,3,3,4.87,23,https://www.airbnb.com/rooms/860931776707434916
860932964024906500,$40.00,Neighborhood highlights,1,1,3,1,5,2,https://www.airbnb.com/rooms/860932964024906492
860952695632753700,NA,NA,3,NA,1,NA,5,1,https://www.airbnb.com/rooms/860952695632753606
860957832109972400,$94.00,NA,1,1,1,1,NA,0,https://www.airbnb.com/rooms/860957832109972386
861014855051933400,$186.00,NA,2,1,0,1,5,18,https://www.airbnb.com/rooms/861014855051933397
861015405984233500,$53.00,Neighborhood highlights,1,2,1,1,4.67,15,https://www.airbnb.com/rooms/861015405984233526
861080394197359900,$80.00,NA,1,1,1,1,5,9,https://www.airbnb.com/rooms/861080394197359933
861092301997126500,$300.00,NA,2,1,1,1,5,3,https://www.airbnb.com/rooms/861092301997126583
861178335307696300,$278.00,Neighborhood highlights,4,1,1,1,5,5,https://www.airbnb.com/rooms/861178335307696212
861322572787764700,$366.00,Neighborhood highlights,4,1,2,2,NA,0,https://www.airbnb.com/rooms/861322572787764783
861323064956564200,$359.00,Neighborhood highlights,4,2,2,2,NA,0,https://www.airbnb.com/rooms/861323064956564179
861345846769565600,$75.00,NA,2,1,1,2,NA,0,https://www.airbnb.com/rooms/861345846769565511
861425260494982800,$99.00,Neighborhood highlights,4,1,2,2,3.6,5,https://www.airbnb.com/rooms/861425260494982827
861436290141272200,$50.00,NA,1,2,4,1,4,1,https://www.airbnb.com/rooms/861436290141272191
861473992704197100,$529.00,NA,4,2,2,2,NA,0,https://www.airbnb.com/rooms/861473992704197120
861493265720598300,$300.00,NA,2,1,1,1,4.33,3,https://www.airbnb.com/rooms/861493265720598213
861529029162640600,$175.00,Neighborhood highlights,5,1,2,2,5,5,https://www.airbnb.com/rooms/861529029162640645
861535916944778e3,$200.00,NA,2,1,0,1,NA,0,https://www.airbnb.com/rooms/861535916944778039
861536458476957600,$165.00,Neighborhood highlights,2,1,1,1,5,1,https://www.airbnb.com/rooms/861536458476957519
861552888897559400,$200.00,Neighborhood highlights,2,1,1,1,4.79,14,https://www.airbnb.com/rooms/861552888897559375
861553709041397e3,NA,Neighborhood highlights,1,NA,NA,NA,5,1,https://www.airbnb.com/rooms/861553709041397027
861566231154884600,$278.00,Neighborhood highlights,3,1,1,2,5,9,https://www.airbnb.com/rooms/861566231154884652
861568329854889600,NA,Neighborhood highlights,2,NA,NA,NA,4,1,https://www.airbnb.com/rooms/861568329854889553
861584964614132100,$98.00,Neighborhood highlights,2,1,1,1,4.85,75,https://www.airbnb.com/rooms/861584964614132041
861588807272031600,$98.00,NA,2,1,1,1,5,2,https://www.airbnb.com/rooms/861588807272031658
861625396155486300,$214.00,Neighborhood highlights,4,1,1,2,5,3,https://www.airbnb.com/rooms/861625396155486382
861656813587780400,$105.00,Neighborhood highlights,2,1,2,2,3.2,5,https://www.airbnb.com/rooms/861656813587780387
861663857199612900,$130.00,Neighborhood highlights,4,1,1,1,NA,0,https://www.airbnb.com/rooms/861663857199612878
861711118861248900,$246.00,NA,2,1.5,2,1,NA,0,https://www.airbnb.com/rooms/861711118861248957
861766175836746200,$299.00,NA,3,1,3,3,4.5,2,https://www.airbnb.com/rooms/861766175836746276
861772055508285300,$130.00,Neighborhood highlights,4,1,2,2,4.2,5,https://www.airbnb.com/rooms/861772055508285344
861891356327666e3,$240.00,NA,10,1,2,2,NA,0,https://www.airbnb.com/rooms/861891356327666003
861919045907837200,$127.00,Neighborhood highlights,4,1,1,2,4.84,19,https://www.airbnb.com/rooms/861919045907837234
862112728668106900,$258.00,Neighborhood highlights,3,1,1,2,5,3,https://www.airbnb.com/rooms/862112728668106871
862113467860818800,$200.00,Neighborhood highlights,3,1,1,1,5,2,https://www.airbnb.com/rooms/862113467860818869
862156714700594200,$55.00,NA,2,1,1,1,4.5,4,https://www.airbnb.com/rooms/862156714700594121
862194409755167400,$210.00,Neighborhood highlights,4,1,1,1,5,1,https://www.airbnb.com/rooms/862194409755167348
862230618495914500,$52.00,NA,1,2,5,1,NA,0,https://www.airbnb.com/rooms/862230618495914543
862268458010507300,$159.00,NA,3,1,1,1,5,2,https://www.airbnb.com/rooms/862268458010507312
862305603268828900,$126.00,Neighborhood highlights,2,1,1,1,3.88,8,https://www.airbnb.com/rooms/862305603268828965
862309799594852e3,$208.00,Neighborhood highlights,2,1,1,1,4.33,3,https://www.airbnb.com/rooms/862309799594851931
862309807710272600,$242.00,Neighborhood highlights,2,1,1,1,4.57,14,https://www.airbnb.com/rooms/862309807710272679
862309823830890500,$233.00,Neighborhood highlights,2,1,1,1,2.5,2,https://www.airbnb.com/rooms/862309823830890433
862309841720454500,$228.00,Neighborhood highlights,2,1,1,1,3.25,4,https://www.airbnb.com/rooms/862309841720454551
862309850904527700,$228.00,Neighborhood highlights,2,1,1,1,3.88,8,https://www.airbnb.com/rooms/862309850904527778
862310127604131600,NA,NA,2,NA,NA,NA,NA,0,https://www.airbnb.com/rooms/862310127604131565
862318180822494800,NA,Neighborhood highlights,3,NA,1,NA,NA,0,https://www.airbnb.com/rooms/862318180822494815
862322431639063e3,NA,Neighborhood highlights,4,NA,2,NA,NA,0,https://www.airbnb.com/rooms/862322431639063003
862336728395638300,$94.00,NA,2,1,1,1,NA,0,https://www.airbnb.com/rooms/862336728395638313
862341303159465300,$185.00,NA,2,1,1,1,NA,0,https://www.airbnb.com/rooms/862341303159465325
862353124565646700,$97.00,Neighborhood highlights,1,1,1,1,5,1,https://www.airbnb.com/rooms/862353124565646661
862392240139597700,$112.00,NA,2,1,1,1,4.8,5,https://www.airbnb.com/rooms/862392240139597676
862392297051752300,NA,Neighborhood highlights,2,NA,1,NA,3,2,https://www.airbnb.com/rooms/862392297051752336
862396248650036700,$85.00,Neighborhood highlights,2,1,0,1,5,2,https://www.airbnb.com/rooms/862396248650036781
862431286345139800,$395.00,Neighborhood highlights,6,1,3,3,4.86,22,https://www.airbnb.com/rooms/862431286345139805
862521493871646600,$44.00,NA,1,1,1,1,4.91,11,https://www.airbnb.com/rooms/862521493871646563
862530950184425500,$45.00,NA,1,1,2,1,5,4,https://www.airbnb.com/rooms/862530950184425505
862558605624506200,$210.00,Neighborhood highlights,4,1,2,1,5,3,https://www.airbnb.com/rooms/862558605624506287
862624693922580400,$125.00,NA,2,2,1,1,NA,0,https://www.airbnb.com/rooms/862624693922580366
862648661131276900,$605.00,Neighborhood highlights,6,1,1,1,4.99,82,https://www.airbnb.com/rooms/862648661131276981
862664998185425e3,$217.00,Neighborhood highlights,11,1.5,3,5,4.73,15,https://www.airbnb.com/rooms/862664998185425084
862665135567530100,$217.00,Neighborhood highlights,8,1.5,3,5,5,7,https://www.airbnb.com/rooms/862665135567530067
862675384526333e3,$33.00,NA,1,1,4,1,NA,0,https://www.airbnb.com/rooms/862675384526333079
862892208087487400,$308.00,Neighborhood highlights,4,1,2,2,4.6,5,https://www.airbnb.com/rooms/862892208087487409
862911460310554600,$99.00,NA,4,1,1,1,NA,0,https://www.airbnb.com/rooms/862911460310554685
862913728880866800,$306.00,Neighborhood highlights,4,1,2,3,NA,0,https://www.airbnb.com/rooms/862913728880866864
862957384674789100,NA,NA,4,NA,2,NA,NA,0,https://www.airbnb.com/rooms/862957384674789076
862998268756294300,$125.00,NA,2,1,0,1,4.89,18,https://www.airbnb.com/rooms/862998268756294318
863015286271958e3,$361.00,Neighborhood highlights,4,1,2,2,NA,0,https://www.airbnb.com/rooms/863015286271958017
863042443779194600,$65.00,NA,1,1,2,2,5,2,https://www.airbnb.com/rooms/863042443779194662
863050508170022900,$43.00,NA,1,1,1,1,4.67,6,https://www.airbnb.com/rooms/863050508170022913
863050698597928700,$206.00,Neighborhood highlights,3,1,1,1,4.67,6,https://www.airbnb.com/rooms/863050698597928761
863058844114415900,$308.00,Neighborhood highlights,4,1,2,2,5,2,https://www.airbnb.com/rooms/863058844114415836
863065516209820900,$243.00,Neighborhood highlights,5,1,2,3,5,1,https://www.airbnb.com/rooms/863065516209820888
863070486728957800,NA,NA,2,NA,NA,NA,5,6,https://www.airbnb.com/rooms/863070486728957833
86307937141423e4,$153.00,Neighborhood highlights,2,1,1,1,4.85,13,https://www.airbnb.com/rooms/863079371414230030
863079784164472800,$325.00,Neighborhood highlights,4,1,2,2,5,1,https://www.airbnb.com/rooms/863079784164472885
863086394921757700,$130.00,Neighborhood highlights,4,1,2,2,4.5,4,https://www.airbnb.com/rooms/863086394921757756
863089350951779300,$135.00,Neighborhood highlights,2,1,1,1,4.7,43,https://www.airbnb.com/rooms/863089350951779284
863109165918400800,$150.00,NA,2,1,1,1,4.89,9,https://www.airbnb.com/rooms/863109165918400715
863124089220260100,$162.00,Neighborhood highlights,2,1,1,1,4.67,6,https://www.airbnb.com/rooms/863124089220260072
863144823566273400,$294.00,Neighborhood highlights,2,1,1,2,5,3,https://www.airbnb.com/rooms/863144823566273407
863149230242102100,$586.00,NA,8,1,0,2,4.5,10,https://www.airbnb.com/rooms/863149230242102130
863165314352438700,$225.00,Neighborhood highlights,2,1,1,1,5,4,https://www.airbnb.com/rooms/863165314352438678
863173891621443100,$47.00,NA,1,1,1,1,NA,0,https://www.airbnb.com/rooms/863173891621443053
863218871949482200,$60.00,NA,1,1,2,2,NA,0,https://www.airbnb.com/rooms/863218871949482286
863254886048091300,$38.00,NA,1,1,1,1,3.75,4,https://www.airbnb.com/rooms/863254886048091265
86326637945782e4,$159.00,NA,7,1,3,4,4.86,22,https://www.airbnb.com/rooms/863266379457820064
863368962371246500,$43.00,NA,1,2,6,1,NA,0,https://www.airbnb.com/rooms/863368962371246498
863594130425703200,$103.00,Neighborhood highlights,1,2,1,1,4.67,3,https://www.airbnb.com/rooms/863594130425703140
863615264380782200,"$1,250.00",Neighborhood highlights,13,3,7,9,NA,0,https://www.airbnb.com/rooms/863615264380782152
863670264173228700,$93.00,Neighborhood highlights,1,2,1,1,4.94,18,https://www.airbnb.com/rooms/863670264173228640
863733005126162200,$750.00,NA,16,3,7,13,NA,0,https://www.airbnb.com/rooms/863733005126162178
863746617249208200,$300.00,NA,2,1,1,1,5,1,https://www.airbnb.com/rooms/863746617249208195
863766377181641700,$268.00,NA,2,1,1,1,NA,0,https://www.airbnb.com/rooms/863766377181641758
863837770757500400,$128.00,Neighborhood highlights,2,1.5,1,1,4.93,15,https://www.airbnb.com/rooms/863837770757500365
863865333531295400,$126.00,NA,2,1,0,1,5,3,https://www.airbnb.com/rooms/863865333531295342
863952239676350600,$65.00,NA,2,1,1,1,4.79,14,https://www.airbnb.com/rooms/863952239676350529
863970120056671900,$199.00,NA,4,1,2,2,5,1,https://www.airbnb.com/rooms/863970120056671899
863988534530381800,$220.00,NA,5,1,2,2,4.78,27,https://www.airbnb.com/rooms/863988534530381806
863994418425862400,$64.00,Neighborhood highlights,1,1,1,1,5,13,https://www.airbnb.com/rooms/863994418425862340
864058304895470100,$99.00,NA,4,1,1,1,NA,0,https://www.airbnb.com/rooms/864058304895470079
864065069541988700,$200.00,NA,7,1,2,3,4.46,24,https://www.airbnb.com/rooms/864065069541988795
864120969128195700,$80.00,NA,2,1,1,1,NA,0,https://www.airbnb.com/rooms/864120969128195666
864253646080660900,NA,Neighborhood highlights,6,NA,1,NA,NA,0,https://www.airbnb.com/rooms/864253646080660921
864396960975387500,NA,Neighborhood highlights,2,NA,NA,NA,NA,0,https://www.airbnb.com/rooms/864396960975387562
864414440563027300,$240.00,Neighborhood highlights,7,2,3,5,4.89,18,https://www.airbnb.com/rooms/864414440563027383
864513603417867900,$240.00,Neighborhood highlights,3,1,1,2,4.7,23,https://www.airbnb.com/rooms/864513603417867938
864544711186559700,$90.00,Neighborhood highlights,2,1,1,1,4.7,20,https://www.airbnb.com/rooms/864544711186559776
864566497706115600,$64.00,Neighborhood highlights,1,1,2,1,5,4,https://www.airbnb.com/rooms/864566497706115537
864652046303651300,$87.00,Neighborhood highlights,2,1,1,1,4.95,20,https://www.airbnb.com/rooms/864652046303651284
864683250052604500,$230.00,Neighborhood highlights,2,1,2,2,5,8,https://www.airbnb.com/rooms/864683250052604503
865171499991948300,$208.00,Neighborhood highlights,6,2,3,3,NA,0,https://www.airbnb.com/rooms/865171499991948256
865203596924316300,$155.00,NA,4,2,2,3,NA,0,https://www.airbnb.com/rooms/865203596924316314
865230549026339200,$52.00,NA,2,1,1,1,4.47,47,https://www.airbnb.com/rooms/865230549026339190
865335974410390700,$198.00,Neighborhood highlights,4,1,2,2,4.93,28,https://www.airbnb.com/rooms/865335974410390719
865486116964150100,$65.00,NA,2,1,1,1,4.67,6,https://www.airbnb.com/rooms/865486116964150164
865605175906629e3,$176.00,NA,2,1,1,1,NA,0,https://www.airbnb.com/rooms/865605175906629028
865787534997394400,$162.00,NA,2,1,1,1,5,1,https://www.airbnb.com/rooms/865787534997394407
865791593782195800,$212.00,NA,2,1,1,1,4,1,https://www.airbnb.com/rooms/865791593782195807
865792496837867400,$368.00,NA,8,2,3,5,4.9,20,https://www.airbnb.com/rooms/865792496837867420
865795436428289500,$199.00,NA,2,1,1,1,5,4,https://www.airbnb.com/rooms/865795436428289529
865828592376110600,$30.00,NA,1,1,1,1,4.67,15,https://www.airbnb.com/rooms/865828592376110628
865881075739058e3,$200.00,Neighborhood highlights,2,1,1,1,NA,0,https://www.airbnb.com/rooms/865881075739058090
865906222588574100,$230.00,NA,2,1,1,1,4.63,16,https://www.airbnb.com/rooms/865906222588574045
865915288583140900,$175.00,Neighborhood highlights,4,1,2,2,4.73,40,https://www.airbnb.com/rooms/865915288583140838
865924348594938800,$233.00,NA,7,1,3,4,4.8,5,https://www.airbnb.com/rooms/865924348594938786
866020391538719700,$120.00,Neighborhood highlights,1,1,1,1,4.95,37,https://www.airbnb.com/rooms/866020391538719699
866028568381589200,$200.00,NA,2,1,1,1,5,1,https://www.airbnb.com/rooms/866028568381589241
866098267798992300,$287.00,Neighborhood highlights,6,2,3,3,4.89,9,https://www.airbnb.com/rooms/866098267798992244
866110317260988900,$957.00,Neighborhood highlights,16,4,9,12,4.67,3,https://www.airbnb.com/rooms/866110317260988889
866182555850011900,$214.00,Neighborhood highlights,2,1,1,1,5,3,https://www.airbnb.com/rooms/866182555850011924
866204046810136700,$125.00,NA,2,1,1,1,4.9,10,https://www.airbnb.com/rooms/866204046810136699
866409594143336800,$174.00,NA,2,1,1,1,5,3,https://www.airbnb.com/rooms/866409594143336866
866505935950430100,$365.00,Neighborhood highlights,7,1.5,3,4,4.77,47,https://www.airbnb.com/rooms/866505935950430131
866518628279065700,$145.00,Neighborhood highlights,4,1,2,3,5,2,https://www.airbnb.com/rooms/866518628279065718
866640149596607100,NA,NA,2,NA,2,NA,4.9,20,https://www.airbnb.com/rooms/866640149596607044
866646143317431200,NA,Neighborhood highlights,3,NA,1,NA,4.83,6,https://www.airbnb.com/rooms/866646143317431123
866654663028165200,$298.00,NA,2,1,1,1,4.93,41,https://www.airbnb.com/rooms/866654663028165236
866666715514681100,$151.00,Neighborhood highlights,2,1,1,1,4.96,25,https://www.airbnb.com/rooms/866666715514681064
866698991976612700,$450.00,Neighborhood highlights,2,1,1,1,5,5,https://www.airbnb.com/rooms/866698991976612799
866705350619669400,NA,NA,4,NA,2,NA,5,1,https://www.airbnb.com/rooms/866705350619669421
866726967608392800,NA,Neighborhood highlights,4,NA,2,NA,4.7,10,https://www.airbnb.com/rooms/866726967608392853
866730343707283300,NA,NA,2,NA,1,NA,NA,0,https://www.airbnb.com/rooms/866730343707283334
866773461643841200,$171.00,NA,2,1,2,2,4.95,22,https://www.airbnb.com/rooms/866773461643841206
866805394068713500,$172.00,NA,4,1,2,2,5,2,https://www.airbnb.com/rooms/866805394068713426
866844974126855200,NA,NA,1,NA,1,NA,4.79,29,https://www.airbnb.com/rooms/866844974126855157
86685923439176e4,$241.00,NA,4,1,2,3,4.75,12,https://www.airbnb.com/rooms/866859234391760001
866871393206665e3,NA,Neighborhood highlights,4,NA,1,NA,NA,0,https://www.airbnb.com/rooms/866871393206664939
866873207047215900,$198.00,Neighborhood highlights,4,1,1,2,5,1,https://www.airbnb.com/rooms/866873207047215847
866874329989815e3,NA,Neighborhood highlights,6,NA,1,NA,NA,0,https://www.airbnb.com/rooms/866874329989815095
866874879095710600,NA,Neighborhood highlights,6,NA,1,NA,NA,0,https://www.airbnb.com/rooms/866874879095710559
866876580864892800,NA,Neighborhood highlights,6,NA,1,NA,3,1,https://www.airbnb.com/rooms/866876580864892766
866879209904275700,NA,Neighborhood highlights,4,NA,1,NA,NA,0,https://www.airbnb.com/rooms/866879209904275727
866879808438077400,NA,Neighborhood highlights,4,NA,1,NA,NA,0,https://www.airbnb.com/rooms/866879808438077475
866879869677043100,$200.00,Neighborhood highlights,3,1,1,1,5,1,https://www.airbnb.com/rooms/866879869677043120
866880327681411600,$221.00,Neighborhood highlights,4,1,1,2,5,1,https://www.airbnb.com/rooms/866880327681411530
866882294421227500,$197.00,Neighborhood highlights,2,1,1,1,NA,0,https://www.airbnb.com/rooms/866882294421227568
866883017323524400,NA,Neighborhood highlights,2,NA,1,NA,NA,0,https://www.airbnb.com/rooms/866883017323524376
866885193880964200,NA,Neighborhood highlights,6,NA,1,NA,5,1,https://www.airbnb.com/rooms/866885193880964214
866885781477906800,NA,Neighborhood highlights,6,NA,1,NA,NA,0,https://www.airbnb.com/rooms/866885781477906800
866886205916783100,NA,Neighborhood highlights,6,NA,1,NA,NA,0,https://www.airbnb.com/rooms/866886205916783122
866891013587486800,NA,Neighborhood highlights,4,NA,1,NA,NA,0,https://www.airbnb.com/rooms/866891013587486904
866891813105747100,NA,Neighborhood highlights,4,NA,1,NA,4,1,https://www.airbnb.com/rooms/866891813105747066
866893898265506700,$503.00,Neighborhood highlights,2,1,1,1,5,2,https://www.airbnb.com/rooms/866893898265506686
866894584627739100,NA,Neighborhood highlights,2,NA,1,NA,NA,0,https://www.airbnb.com/rooms/866894584627739096
866899461988989400,$156.00,Neighborhood highlights,2,1,1,1,4.5,2,https://www.airbnb.com/rooms/866899461988989385
866900662760031400,$60.00,NA,1,1,1,1,5,1,https://www.airbnb.com/rooms/866900662760031357
866905465591839200,$125.00,Neighborhood highlights,4,1,1,2,NA,0,https://www.airbnb.com/rooms/866905465591839193
866906923479426700,NA,Neighborhood highlights,4,NA,1,NA,NA,0,https://www.airbnb.com/rooms/866906923479426707
866907254132381400,NA,Neighborhood highlights,4,NA,1,NA,4,2,https://www.airbnb.com/rooms/866907254132381431
866910895563169500,$111.00,Neighborhood highlights,2,1,1,1,NA,0,https://www.airbnb.com/rooms/866910895563169581
866911552479027300,$139.00,Neighborhood highlights,2,1,1,1,NA,0,https://www.airbnb.com/rooms/866911552479027283
866912354945573600,$164.00,Neighborhood highlights,4,1,1,2,4,1,https://www.airbnb.com/rooms/866912354945573659
866915579613659400,NA,Neighborhood highlights,4,NA,1,NA,4,2,https://www.airbnb.com/rooms/866915579613659368
866916824998288500,$105.00,Neighborhood highlights,2,1,1,1,NA,0,https://www.airbnb.com/rooms/866916824998288564
866917427092804400,$105.00,Neighborhood highlights,2,1,1,1,NA,0,https://www.airbnb.com/rooms/866917427092804372
866920175089917400,NA,Neighborhood highlights,4,NA,1,NA,NA,0,https://www.airbnb.com/rooms/866920175089917405
866980963931403500,$117.00,NA,2,1,0,1,NA,0,https://www.airbnb.com/rooms/866980963931403533
867079100319722600,NA,Neighborhood highlights,4,NA,1,NA,NA,0,https://www.airbnb.com/rooms/867079100319722624
867079102546665300,NA,Neighborhood highlights,2,NA,1,NA,3,1,https://www.airbnb.com/rooms/867079102546665282
867079103916846e3,$131.00,Neighborhood highlights,2,1,1,1,NA,0,https://www.airbnb.com/rooms/867079103916845904
867079104100141200,$111.00,Neighborhood highlights,2,1,1,1,NA,0,https://www.airbnb.com/rooms/867079104100141139
867079105232338400,$105.00,Neighborhood highlights,2,1,1,1,NA,0,https://www.airbnb.com/rooms/867079105232338392
867079112759689300,NA,Neighborhood highlights,4,NA,1,NA,NA,0,https://www.airbnb.com/rooms/867079112759689368
867079122495231500,$198.00,Neighborhood highlights,4,1,1,2,NA,0,https://www.airbnb.com/rooms/867079122495231528
867315278647828200,$37.00,NA,1,2,5,1,NA,0,https://www.airbnb.com/rooms/867315278647828192
867385242229456300,$140.00,NA,4,1.5,2,3,5,2,https://www.airbnb.com/rooms/867385242229456287
867404878141992400,$140.00,Neighborhood highlights,1,1,1,1,4.9,10,https://www.airbnb.com/rooms/867404878141992486
867406219730555400,$75.00,Neighborhood highlights,2,1,2,1,4.88,8,https://www.airbnb.com/rooms/867406219730555446
867432912783732900,$80.00,NA,1,1,1,1,NA,0,https://www.airbnb.com/rooms/867432912783732925
867448908138953600,NA,NA,2,NA,NA,NA,4.8,10,https://www.airbnb.com/rooms/867448908138953559
867503961112419500,$250.00,NA,2,1,1,1,NA,0,https://www.airbnb.com/rooms/867503961112419494
867508048947886700,$133.00,NA,3,1,1,2,4.32,44,https://www.airbnb.com/rooms/867508048947886657
867518432203979900,$300.00,Neighborhood highlights,7,2,3,4,5,2,https://www.airbnb.com/rooms/867518432203979847
867528842370433900,$85.00,NA,2,1,1,1,4.97,37,https://www.airbnb.com/rooms/867528842370433940
867626578080817400,$179.00,NA,4,1,2,2,NA,0,https://www.airbnb.com/rooms/867626578080817403
867919344637537400,$197.00,Neighborhood highlights,2,1,1,1,NA,0,https://www.airbnb.com/rooms/867919344637537365
867919399958973e3,NA,Neighborhood highlights,6,NA,1,NA,NA,0,https://www.airbnb.com/rooms/867919399958973067
867959795483328500,$300.00,Neighborhood highlights,6,1,2,3,5,4,https://www.airbnb.com/rooms/867959795483328509
867964370199094900,$335.00,Neighborhood highlights,4,1,1,3,5,1,https://www.airbnb.com/rooms/867964370199094869
867976133776459e3,$250.00,NA,4,1,1,1,4.62,13,https://www.airbnb.com/rooms/867976133776459054
867985273759680500,$51.00,NA,2,1,1,1,5,2,https://www.airbnb.com/rooms/867985273759680554
868137929514017200,$701.00,Neighborhood highlights,8,2.5,4,4,5,2,https://www.airbnb.com/rooms/868137929514017172
868140173684117900,$269.00,NA,3,1,1,2,4.72,82,https://www.airbnb.com/rooms/868140173684117848
868148298850452200,NA,NA,2,NA,NA,NA,4.75,4,https://www.airbnb.com/rooms/868148298850452179
868166766328344600,NA,Neighborhood highlights,2,NA,1,NA,NA,0,https://www.airbnb.com/rooms/868166766328344635
868171732866655500,NA,Neighborhood highlights,2,NA,1,NA,4,1,https://www.airbnb.com/rooms/868171732866655474
868172672914462300,NA,Neighborhood highlights,2,NA,1,NA,NA,0,https://www.airbnb.com/rooms/868172672914462379
868216255208611700,$39.00,Neighborhood highlights,2,1,1,1,4.39,28,https://www.airbnb.com/rooms/868216255208611744
868216997788960600,NA,Neighborhood highlights,4,NA,2,NA,5,10,https://www.airbnb.com/rooms/868216997788960637
868352967651654400,$360.00,Neighborhood highlights,2,1,0,1,5,1,https://www.airbnb.com/rooms/868352967651654434
868371733941482200,$99.00,Neighborhood highlights,2,1,1,1,5,3,https://www.airbnb.com/rooms/868371733941482281
868472283876730600,NA,Neighborhood highlights,8,NA,2,NA,NA,0,https://www.airbnb.com/rooms/868472283876730684
868473331674574e3,NA,Neighborhood highlights,8,NA,2,NA,NA,0,https://www.airbnb.com/rooms/868473331674573987
868473957746347100,$821.00,Neighborhood highlights,12,2,2,6,NA,0,https://www.airbnb.com/rooms/868473957746347198
868474504131813500,$821.00,Neighborhood highlights,12,2,2,6,NA,0,https://www.airbnb.com/rooms/868474504131813527
868474870479421700,$47.00,NA,1,2,4,1,NA,0,https://www.airbnb.com/rooms/868474870479421673
868477109181268700,$44.00,NA,1,2,4,1,NA,0,https://www.airbnb.com/rooms/868477109181268687
868478185035036400,NA,Neighborhood highlights,12,NA,2,NA,NA,0,https://www.airbnb.com/rooms/868478185035036360
868480657659408600,$43.00,NA,1,2,4,1,NA,0,https://www.airbnb.com/rooms/868480657659408701
868481232111468300,NA,Neighborhood highlights,8,NA,2,NA,NA,0,https://www.airbnb.com/rooms/868481232111468253
868482354378987800,NA,Neighborhood highlights,8,NA,2,NA,NA,0,https://www.airbnb.com/rooms/868482354378987768
868483861214719100,$48.00,NA,1,2,4,1,NA,0,https://www.airbnb.com/rooms/868483861214719143
868484441612518700,NA,Neighborhood highlights,4,NA,2,NA,NA,0,https://www.airbnb.com/rooms/868484441612518606
868484804603018600,NA,Neighborhood highlights,4,NA,2,NA,NA,0,https://www.airbnb.com/rooms/868484804603018635
868486577217492900,$43.00,NA,1,2,4,1,NA,0,https://www.airbnb.com/rooms/868486577217492874
868487134584210800,NA,Neighborhood highlights,12,NA,2,NA,NA,0,https://www.airbnb.com/rooms/868487134584210865
868488509107014500,$43.00,NA,1,2,4,1,5,1,https://www.airbnb.com/rooms/868488509107014555
868527460578063e3,NA,Neighborhood highlights,12,NA,2,NA,NA,0,https://www.airbnb.com/rooms/868527460578062921
868527465437054e3,NA,Neighborhood highlights,12,NA,2,NA,NA,0,https://www.airbnb.com/rooms/868527465437053971
868527466537394700,$821.00,Neighborhood highlights,12,2,2,6,NA,0,https://www.airbnb.com/rooms/868527466537394663
868569804607766700,$354.00,Neighborhood highlights,2,1,1,1,1,1,https://www.airbnb.com/rooms/868569804607766610
868570078307759700,$357.00,Neighborhood highlights,2,1,1,1,NA,0,https://www.airbnb.com/rooms/868570078307759732
868570296963582200,$405.00,Neighborhood highlights,2,1,1,1,NA,0,https://www.airbnb.com/rooms/868570296963582156
868570518187338500,NA,Neighborhood highlights,2,NA,1,NA,NA,0,https://www.airbnb.com/rooms/868570518187338432
868654090727822800,$61.00,NA,2,1,1,1,4.52,29,https://www.airbnb.com/rooms/868654090727822887
868673656780128800,$38.00,NA,1,2,4,1,NA,0,https://www.airbnb.com/rooms/868673656780128788
868701154377033100,$159.00,NA,2,1,1,1,4.2,30,https://www.airbnb.com/rooms/868701154377033029
868720800559640600,$302.00,Neighborhood highlights,2,1,1,1,NA,0,https://www.airbnb.com/rooms/868720800559640520
868721078168588500,$233.00,Neighborhood highlights,2,1,1,1,NA,0,https://www.airbnb.com/rooms/868721078168588591
868739989021856300,$150.00,NA,2,1,2,2,5,3,https://www.airbnb.com/rooms/868739989021856196
868766002052094200,$253.00,NA,4,1,0,4,4.83,18,https://www.airbnb.com/rooms/868766002052094233
8.6890423988648806e+17,$169.00,NA,1,1,1,1,4.96,27,https://www.airbnb.com/rooms/868904239886488014
86903646229546e4,NA,Neighborhood highlights,1,NA,1,NA,NA,0,https://www.airbnb.com/rooms/869036462295459983
869069318262515100,NA,Neighborhood highlights,8,NA,2,NA,NA,0,https://www.airbnb.com/rooms/869069318262515112
869069854937635100,NA,Neighborhood highlights,8,NA,2,NA,NA,0,https://www.airbnb.com/rooms/869069854937635067
869071959276933e3,$410.00,Neighborhood highlights,8,2,2,4,5,5,https://www.airbnb.com/rooms/869071959276932930
869073628135619600,$300.00,Neighborhood highlights,7,1.5,3,4,4.74,34,https://www.airbnb.com/rooms/869073628135619552
869077062866867e3,NA,Neighborhood highlights,8,NA,2,NA,4.5,2,https://www.airbnb.com/rooms/869077062866866899
869077725263004700,NA,Neighborhood highlights,8,NA,2,NA,NA,0,https://www.airbnb.com/rooms/869077725263004665
869078428809939e3,NA,Neighborhood highlights,8,NA,2,NA,1,1,https://www.airbnb.com/rooms/869078428809938880
869093813621548400,NA,Neighborhood highlights,12,NA,3,NA,NA,0,https://www.airbnb.com/rooms/869093813621548360
869096015147085400,NA,Neighborhood highlights,12,NA,3,NA,NA,0,https://www.airbnb.com/rooms/869096015147085503
869097722209167200,NA,Neighborhood highlights,12,NA,3,NA,NA,0,https://www.airbnb.com/rooms/869097722209167249
869098581072857600,NA,Neighborhood highlights,12,NA,3,NA,NA,0,https://www.airbnb.com/rooms/869098581072857578
869101915960771500,NA,Neighborhood highlights,6,NA,3,NA,NA,0,https://www.airbnb.com/rooms/869101915960771447
869105498664146600,NA,Neighborhood highlights,12,NA,3,NA,NA,0,https://www.airbnb.com/rooms/869105498664146552
869106083744672e3,NA,Neighborhood highlights,12,NA,3,NA,NA,0,https://www.airbnb.com/rooms/869106083744671982
869108043221422e3,NA,Neighborhood highlights,12,NA,3,NA,3.5,2,https://www.airbnb.com/rooms/869108043221421955
869111809607787300,NA,Neighborhood highlights,12,NA,3,NA,NA,0,https://www.airbnb.com/rooms/869111809607787324
869112668142050600,NA,Neighborhood highlights,12,NA,3,NA,NA,0,https://www.airbnb.com/rooms/869112668142050508
869113519668634900,NA,Neighborhood highlights,12,NA,3,NA,NA,0,https://www.airbnb.com/rooms/869113519668634826
869156231243048200,$152.00,NA,3,1,1,1,4.5,2,https://www.airbnb.com/rooms/869156231243048170
869252026504014700,NA,Neighborhood highlights,6,NA,3,NA,NA,0,https://www.airbnb.com/rooms/869252026504014774
869252028633520600,NA,Neighborhood highlights,12,NA,3,NA,NA,0,https://www.airbnb.com/rooms/869252028633520647
869351964326385700,$125.00,NA,2,1,1,1,5,10,https://www.airbnb.com/rooms/869351964326385706
869430832319804200,NA,Neighborhood highlights,2,NA,1,NA,4.75,8,https://www.airbnb.com/rooms/869430832319804151
869434362358340900,$55.00,Neighborhood highlights,2,1,1,1,NA,0,https://www.airbnb.com/rooms/869434362358340890
869436219398511900,NA,Neighborhood highlights,2,NA,1,NA,NA,0,https://www.airbnb.com/rooms/869436219398511813
869437892385447200,NA,Neighborhood highlights,2,NA,1,NA,NA,0,https://www.airbnb.com/rooms/869437892385447179
869481274566891500,$182.00,Neighborhood highlights,4,1,2,2,NA,0,https://www.airbnb.com/rooms/869481274566891520
869485537018723100,$115.00,NA,2,1,1,1,NA,0,https://www.airbnb.com/rooms/869485537018723078
869517168278341400,$40.00,Neighborhood highlights,2,1,1,1,NA,0,https://www.airbnb.com/rooms/869517168278341365
869545990885002100,$180.00,NA,4,1,2,2,NA,0,https://www.airbnb.com/rooms/869545990885002095
869611205356083e3,$90.00,NA,2,1,1,1,5,7,https://www.airbnb.com/rooms/869611205356082975
869666016368939900,$59.00,Neighborhood highlights,2,1.5,1,1,4.5,2,https://www.airbnb.com/rooms/869666016368939884
869681711796123900,$70.00,NA,2,1,1,2,4.71,38,https://www.airbnb.com/rooms/869681711796123936
869724433981873500,$285.00,Neighborhood highlights,6,1,2,2,5,1,https://www.airbnb.com/rooms/869724433981873555
869735621781020500,$97.00,Neighborhood highlights,1,1,1,1,5,2,https://www.airbnb.com/rooms/869735621781020516
86983292423367e4,$48.00,Neighborhood highlights,1,0.5,1,1,4.75,4,https://www.airbnb.com/rooms/869832924233669978
869858404048505300,$46.00,Neighborhood highlights,1,1,1,1,5,4,https://www.airbnb.com/rooms/869858404048505346
869881306686682900,$240.00,NA,2,1,1,1,5,1,https://www.airbnb.com/rooms/869881306686682916
869914087181379800,$100.00,Neighborhood highlights,2,1,1,2,4.72,43,https://www.airbnb.com/rooms/869914087181379816
870114342679439e3,$165.00,NA,4,1,1,1,5,3,https://www.airbnb.com/rooms/870114342679438920
870204063188789400,$264.00,Neighborhood highlights,4,1,2,2,5,5,https://www.airbnb.com/rooms/870204063188789346
870212853386092e3,$280.00,NA,4,1.5,2,2,5,1,https://www.airbnb.com/rooms/870212853386092000
870319787566373100,$92.00,NA,2,2.5,1,1,4.8,5,https://www.airbnb.com/rooms/870319787566373067
870420092221946900,$130.00,Neighborhood highlights,3,1,2,2,5,2,https://www.airbnb.com/rooms/870420092221946863
870499041182642700,$60.00,NA,2,1,1,1,NA,0,https://www.airbnb.com/rooms/870499041182642630
870662801624917200,NA,NA,2,NA,1,NA,NA,0,https://www.airbnb.com/rooms/870662801624917253
870739651116394100,$262.00,NA,2,1,0,1,NA,0,https://www.airbnb.com/rooms/870739651116394084
871071720172614800,$173.00,NA,1,1,1,1,4.96,55,https://www.airbnb.com/rooms/871071720172614762
871075220456940500,$195.00,Neighborhood highlights,2,1,1,1,5,4,https://www.airbnb.com/rooms/871075220456940576
87107593443719e4,$284.00,Neighborhood highlights,10,3,4,4,4.82,38,https://www.airbnb.com/rooms/871075934437189983
871090697729762e3,$57.00,Neighborhood highlights,1,1,1,1,5,1,https://www.airbnb.com/rooms/871090697729762049
871106244770990800,$161.00,NA,2,1,1,1,5,25,https://www.airbnb.com/rooms/871106244770990826
871115043844246500,$75.00,Neighborhood highlights,2,1,1,1,4.5,2,https://www.airbnb.com/rooms/871115043844246546
871130656679130100,NA,NA,1,NA,NA,NA,NA,0,https://www.airbnb.com/rooms/871130656679130119
871148039667443700,$76.00,Neighborhood highlights,2,1,1,2,4.76,38,https://www.airbnb.com/rooms/871148039667443773
871154090090879600,$70.00,NA,2,1,1,1,4.76,38,https://www.airbnb.com/rooms/871154090090879590
871169372301220100,NA,Neighborhood highlights,4,NA,2,NA,5,1,https://www.airbnb.com/rooms/871169372301220033
871200484656283e3,$399.00,NA,3,1,2,2,NA,0,https://www.airbnb.com/rooms/871200484656283015
871205671909215500,$38.00,Neighborhood highlights,1,2,4,1,4.8,5,https://www.airbnb.com/rooms/871205671909215434
871253261417955300,$72.00,NA,1,2,3,1,NA,0,https://www.airbnb.com/rooms/871253261417955380
871264661238205700,$108.00,NA,2,1,1,1,4.92,60,https://www.airbnb.com/rooms/871264661238205649
871418642369055700,$42.00,Neighborhood highlights,2,1,1,1,NA,0,https://www.airbnb.com/rooms/871418642369055707
871443905872814e3,NA,Neighborhood highlights,1,NA,NA,NA,5,1,https://www.airbnb.com/rooms/871443905872813987
871580459593329400,$185.00,NA,3,1,1,1,5,4,https://www.airbnb.com/rooms/871580459593329391
871616037441638100,$225.00,NA,2,1,1,1,NA,0,https://www.airbnb.com/rooms/871616037441638148
871619561329335e3,$270.00,Neighborhood highlights,4,2,2,3,4.8,5,https://www.airbnb.com/rooms/871619561329335050
871658809501519200,$280.00,Neighborhood highlights,8,2,4,5,5,1,https://www.airbnb.com/rooms/871658809501519241
871663274448138e3,$140.00,NA,5,1,2,2,NA,0,https://www.airbnb.com/rooms/871663274448137972
871690724659514200,$45.00,Neighborhood highlights,2,1.5,1,1,4.92,50,https://www.airbnb.com/rooms/871690724659514256
871694470132446600,$43.00,NA,2,1,1,1,NA,0,https://www.airbnb.com/rooms/871694470132446535
871703040677169e3,$43.00,NA,2,1,1,1,5,1,https://www.airbnb.com/rooms/871703040677169039
871704761882387600,$43.00,NA,2,1,1,1,NA,0,https://www.airbnb.com/rooms/871704761882387574
871714936110930400,$107.00,Neighborhood highlights,2,1,1,1,4.67,15,https://www.airbnb.com/rooms/871714936110930463
871715183170311800,$49.00,NA,2,1,1,1,1,1,https://www.airbnb.com/rooms/871715183170311780
871715898393504100,$43.00,NA,2,1,1,1,NA,0,https://www.airbnb.com/rooms/871715898393504185
871751061108347100,$210.00,Neighborhood highlights,6,3,3,3,NA,0,https://www.airbnb.com/rooms/871751061108347115
871803798146386600,$300.00,Neighborhood highlights,2,1,0,1,5,5,https://www.airbnb.com/rooms/871803798146386577
871875297453999100,$342.00,NA,2,1,1,1,NA,0,https://www.airbnb.com/rooms/871875297453999152
871875774292354e3,$290.00,NA,2,1,1,1,NA,0,https://www.airbnb.com/rooms/871875774292354053
871915107924718600,$83.00,NA,2,1,1,1,NA,0,https://www.airbnb.com/rooms/871915107924718633
871920706861738100,"$1,560.00",Neighborhood highlights,8,3.5,4,4,NA,0,https://www.airbnb.com/rooms/871920706861738130
871923582054657900,NA,Neighborhood highlights,2,NA,2,NA,5,12,https://www.airbnb.com/rooms/871923582054657873
871933212421118e3,$111.00,NA,4,1,1,2,4.67,9,https://www.airbnb.com/rooms/871933212421118004
871947516587211400,$62.00,Neighborhood highlights,3,1,1,1,5,11,https://www.airbnb.com/rooms/871947516587211409
871968806619646300,$140.00,NA,4,1,2,2,4.92,24,https://www.airbnb.com/rooms/871968806619646326
871990853610302300,$96.00,NA,2,0.5,1,1,NA,0,https://www.airbnb.com/rooms/871990853610302281
872069543250517100,$48.00,NA,1,1,1,1,NA,0,https://www.airbnb.com/rooms/872069543250517180
872128511507329200,$195.00,NA,2,1,0,1,4.93,15,https://www.airbnb.com/rooms/872128511507329118
872272915365746800,$251.00,Neighborhood highlights,3,1,1,1,NA,0,https://www.airbnb.com/rooms/872272915365746830
872353328761318400,$113.00,NA,2,1,1,1,5,4,https://www.airbnb.com/rooms/872353328761318419
872354212473704600,$140.00,Neighborhood highlights,5,1.5,3,3,NA,0,https://www.airbnb.com/rooms/872354212473704575
872364633069066600,$62.00,Neighborhood highlights,3,1,1,1,5,18,https://www.airbnb.com/rooms/872364633069066620
872401912531202200,$392.00,Neighborhood highlights,6,2,3,3,4.5,2,https://www.airbnb.com/rooms/872401912531202162
872433134615415800,$209.00,NA,2,1,0,1,5,3,https://www.airbnb.com/rooms/872433134615415805
872437778753078900,$314.00,NA,4,2,2,2,5,1,https://www.airbnb.com/rooms/872437778753078941
872473038366688600,$123.00,NA,2,1,1,1,4.63,8,https://www.airbnb.com/rooms/872473038366688680
872484146849792600,$79.00,Neighborhood highlights,4,1,1,1,4.55,11,https://www.airbnb.com/rooms/872484146849792661
872518253798124400,$100.00,Neighborhood highlights,1,1,0,2,5,1,https://www.airbnb.com/rooms/872518253798124372
872614266621442200,NA,Neighborhood highlights,4,NA,2,NA,5,2,https://www.airbnb.com/rooms/872614266621442181
872627530000358300,$89.00,NA,2,1,1,1,4,3,https://www.airbnb.com/rooms/872627530000358304
872649906150203e3,$37.00,Neighborhood highlights,2,2,1,1,4.8,5,https://www.airbnb.com/rooms/872649906150203058
872682429699521300,$62.00,Neighborhood highlights,2,1,1,1,4.85,13,https://www.airbnb.com/rooms/872682429699521331
872684583358280200,$53.00,Neighborhood highlights,2,1,1,1,4.82,17,https://www.airbnb.com/rooms/872684583358280151
872916046009937500,$166.00,Neighborhood highlights,4,1,1,2,NA,0,https://www.airbnb.com/rooms/872916046009937482
8.7295568755477606e+17,$356.00,Neighborhood highlights,4,1,2,2,NA,0,https://www.airbnb.com/rooms/872955687554776108
873038476887648100,$42.00,NA,1,2,4,1,NA,0,https://www.airbnb.com/rooms/873038476887648108
873042603262133e3,$65.00,NA,2,1,1,1,4.73,60,https://www.airbnb.com/rooms/873042603262132939
873085539866772100,$42.00,NA,1,1,4,1,NA,0,https://www.airbnb.com/rooms/873085539866772060
873086414676039600,$200.00,Neighborhood highlights,2,1,1,1,5,4,https://www.airbnb.com/rooms/873086414676039507
873101518537780600,$42.00,NA,1,1,4,1,NA,0,https://www.airbnb.com/rooms/873101518537780650
873110287064843100,$328.00,Neighborhood highlights,6,1,2,5,4.56,18,https://www.airbnb.com/rooms/873110287064843178
873112974182017300,$40.00,NA,1,1,4,1,NA,0,https://www.airbnb.com/rooms/873112974182017252
873144717960029600,$230.00,NA,3,1,1,1,5,2,https://www.airbnb.com/rooms/873144717960029601
873155515991837800,$70.00,NA,1,1,1,1,4.91,69,https://www.airbnb.com/rooms/873155515991837871
873180723841124200,$356.00,Neighborhood highlights,16,1,2,4,4.89,18,https://www.airbnb.com/rooms/873180723841124206
873190321112438e3,$217.00,Neighborhood highlights,3,1,1,1,2,1,https://www.airbnb.com/rooms/873190321112437979
873229797733918200,$75.00,NA,4,1,1,1,4.82,11,https://www.airbnb.com/rooms/873229797733918189
873267481107160600,$375.00,Neighborhood highlights,2,1,1,1,5,7,https://www.airbnb.com/rooms/873267481107160615
873339273052877e3,$186.00,NA,2,1,2,2,5,10,https://www.airbnb.com/rooms/873339273052877065
873344317841191600,$49.00,NA,2,1.5,1,1,4.58,12,https://www.airbnb.com/rooms/873344317841191519
873392253229649e3,$180.00,NA,2,1,1,1,4.94,16,https://www.airbnb.com/rooms/873392253229649061
873413181470892700,$300.00,NA,4,2,3,3,5,1,https://www.airbnb.com/rooms/873413181470892642
873430115241136900,$220.00,Neighborhood highlights,4,1,2,2,5,1,https://www.airbnb.com/rooms/873430115241136891
873460455740000500,$75.00,NA,2,1,1,1,4.67,3,https://www.airbnb.com/rooms/873460455740000460
873663191005881300,$295.00,Neighborhood highlights,4,1,2,2,4.83,12,https://www.airbnb.com/rooms/873663191005881353
873760440325280100,$87.00,Neighborhood highlights,6,1,2,3,4.76,21,https://www.airbnb.com/rooms/873760440325280092
873814186773464600,$200.00,NA,1,1,1,1,4.95,22,https://www.airbnb.com/rooms/873814186773464575
873916511344650800,$220.00,Neighborhood highlights,6,1,2,2,4.93,27,https://www.airbnb.com/rooms/873916511344650748
873993790318497e3,$300.00,NA,2,1,1,1,NA,0,https://www.airbnb.com/rooms/873993790318497072
874014837335023100,NA,Neighborhood highlights,2,NA,1,NA,4.92,13,https://www.airbnb.com/rooms/874014837335023042
874094083624913300,$100.00,Neighborhood highlights,2,1,1,2,4.33,3,https://www.airbnb.com/rooms/874094083624913235
874129511957862800,$67.00,Neighborhood highlights,1,0,1,1,5,4,https://www.airbnb.com/rooms/874129511957862751
874179378603271200,$215.00,Neighborhood highlights,2,1,1,6,4.57,7,https://www.airbnb.com/rooms/874179378603271215
874183848767785500,$125.00,Neighborhood highlights,2,1,1,2,4.33,9,https://www.airbnb.com/rooms/874183848767785412
874463375892804e3,$124.00,NA,2,1,1,1,NA,0,https://www.airbnb.com/rooms/874463375892803940
874469617099566200,$334.00,Neighborhood highlights,2,1,1,1,NA,0,https://www.airbnb.com/rooms/874469617099566229
874527729391841800,$200.00,NA,3,1,2,2,5,1,https://www.airbnb.com/rooms/874527729391841822
874643983324422300,$108.00,Neighborhood highlights,2,1,1,1,5,12,https://www.airbnb.com/rooms/874643983324422274
874704133332727400,$86.00,Neighborhood highlights,3,1.5,1,2,4.73,15,https://www.airbnb.com/rooms/874704133332727362
874740760750829300,$200.00,NA,4,1,2,2,4,1,https://www.airbnb.com/rooms/874740760750829327
874892322289038300,$50.00,Neighborhood highlights,1,1,1,1,5,4,https://www.airbnb.com/rooms/874892322289038312
874974131617764400,$314.00,NA,8,2.5,4,4,4.83,78,https://www.airbnb.com/rooms/874974131617764309
875223366460944400,$305.00,Neighborhood highlights,2,1,2,2,4.96,53,https://www.airbnb.com/rooms/875223366460944377
875225792794462700,$47.00,NA,1,2,3,1,NA,0,https://www.airbnb.com/rooms/875225792794462721
875230304910055800,$38.00,NA,1,1,4,1,NA,0,https://www.airbnb.com/rooms/875230304910055828
875235562848665900,$48.00,NA,1,2,3,1,NA,0,https://www.airbnb.com/rooms/875235562848665848
875244209407489700,$49.00,NA,1,2,3,1,NA,0,https://www.airbnb.com/rooms/875244209407489646
875308067901552600,$89.00,Neighborhood highlights,2,1,1,1,4.74,50,https://www.airbnb.com/rooms/875308067901552609
875357207348852900,$99.00,Neighborhood highlights,2,1,1,1,4.79,38,https://www.airbnb.com/rooms/875357207348852810
875397670499949800,$180.00,NA,2,1,1,1,5,1,https://www.airbnb.com/rooms/875397670499949808
875402584193811200,$105.00,NA,4,1,1,1,NA,0,https://www.airbnb.com/rooms/875402584193811191
875412715888417400,$136.00,Neighborhood highlights,2,1,1,1,4.87,23,https://www.airbnb.com/rooms/875412715888417388
875426090400369900,$103.00,NA,2,1,1,1,4.88,16,https://www.airbnb.com/rooms/875426090400369943
875461933837332100,$80.00,Neighborhood highlights,1,1,1,2,4.5,2,https://www.airbnb.com/rooms/875461933837332140
875559783557211400,$105.00,NA,4,1,1,2,4.5,2,https://www.airbnb.com/rooms/875559783557211358
875563738026069800,$252.00,NA,4,1,2,2,4.33,3,https://www.airbnb.com/rooms/875563738026069726
875577037833995900,NA,NA,2,NA,1,NA,4.5,2,https://www.airbnb.com/rooms/875577037833995873
875638047484129200,$316.00,NA,4,1,4,4,5,2,https://www.airbnb.com/rooms/875638047484129213
875686185069075200,NA,NA,1,NA,5,NA,5,1,https://www.airbnb.com/rooms/875686185069075165
875700220392682400,NA,NA,1,NA,5,NA,NA,0,https://www.airbnb.com/rooms/875700220392682345
875706207754298e3,NA,NA,1,NA,5,NA,NA,0,https://www.airbnb.com/rooms/875706207754298042
8.7571524801592806e+17,$36.00,NA,1,2,5,1,NA,0,https://www.airbnb.com/rooms/875715248015928108
875724502071548200,$38.00,NA,1,2,5,1,NA,0,https://www.airbnb.com/rooms/875724502071548106
875730764561108900,$35.00,NA,1,2,5,1,NA,0,https://www.airbnb.com/rooms/875730764561108879
875733442892648300,$38.00,NA,1,2,5,1,NA,0,https://www.airbnb.com/rooms/875733442892648336
875891572389398700,$147.00,NA,3,1,1,1,4,2,https://www.airbnb.com/rooms/875891572389398656
875920173051353e3,$33.00,NA,1,2,5,1,NA,0,https://www.airbnb.com/rooms/875920173051352993
875924275845763600,$36.00,NA,1,2,5,1,NA,0,https://www.airbnb.com/rooms/875924275845763612
875944208628783500,$250.00,Neighborhood highlights,5,1,3,3,4.75,24,https://www.airbnb.com/rooms/875944208628783437
875953820603062700,$75.00,NA,2,1,1,1,4.33,3,https://www.airbnb.com/rooms/875953820603062687
876035886247602200,$160.00,Neighborhood highlights,2,1,1,1,4.94,18,https://www.airbnb.com/rooms/876035886247602169
876082187462403700,$200.00,NA,2,1,0,1,NA,0,https://www.airbnb.com/rooms/876082187462403683
876159597033892500,$192.00,NA,1,1,1,1,NA,0,https://www.airbnb.com/rooms/876159597033892448
876183083761892100,"$1,090.00",NA,6,2,2,3,5,2,https://www.airbnb.com/rooms/876183083761892060
8.7618501305307994e+17,$192.00,NA,2,1,1,1,NA,0,https://www.airbnb.com/rooms/876185013053079995
876226945175831400,NA,NA,2,NA,NA,NA,4.5,6,https://www.airbnb.com/rooms/876226945175831446
876235378836442100,$120.00,NA,2,1,0,1,5,4,https://www.airbnb.com/rooms/876235378836442155
876241332493385900,$235.00,NA,5,1,2,3,NA,0,https://www.airbnb.com/rooms/876241332493385854
876243933376957400,$200.00,NA,2,1,1,1,4.95,20,https://www.airbnb.com/rooms/876243933376957430
876256546845874300,$280.00,NA,2,1,1,1,5,11,https://www.airbnb.com/rooms/876256546845874342
876266328795403300,$169.00,Neighborhood highlights,2,1,1,1,NA,0,https://www.airbnb.com/rooms/876266328795403242
876282504475875700,$201.00,Neighborhood highlights,2,2,1,1,4.92,12,https://www.airbnb.com/rooms/876282504475875674
876332934896097500,$102.00,NA,2,1.5,1,1,4.68,22,https://www.airbnb.com/rooms/876332934896097503
876345218231198700,$138.00,NA,2,1,1,1,5,1,https://www.airbnb.com/rooms/876345218231198769
876347715276058100,$250.00,NA,6,1,3,4,3.9,10,https://www.airbnb.com/rooms/876347715276058077
876362581158741e3,$165.00,Neighborhood highlights,3,1,1,1,1,1,https://www.airbnb.com/rooms/876362581158740951
876614264590071400,$253.00,Neighborhood highlights,2,1,1,1,NA,0,https://www.airbnb.com/rooms/876614264590071419
876614541042696300,$248.00,Neighborhood highlights,2,1,1,1,NA,0,https://www.airbnb.com/rooms/876614541042696364
876645665630004e3,$83.00,Neighborhood highlights,2,1,1,2,4.81,27,https://www.airbnb.com/rooms/876645665630003991
876647319879096800,$35.00,NA,1,2,5,1,NA,0,https://www.airbnb.com/rooms/876647319879096867
876653842747087500,$33.00,NA,1,2,5,1,NA,0,https://www.airbnb.com/rooms/876653842747087546
876659293023550100,$33.00,NA,1,2,5,1,5,1,https://www.airbnb.com/rooms/876659293023550038
876664384815230600,$140.00,NA,4,1,1,2,5,13,https://www.airbnb.com/rooms/876664384815230551
876667954357958500,$36.00,NA,1,2,5,1,NA,0,https://www.airbnb.com/rooms/876667954357958567
876684928497405800,$201.00,Neighborhood highlights,2,1,1,1,4.91,11,https://www.airbnb.com/rooms/876684928497405876
876713339623757600,$142.00,NA,4,1,1,2,4.95,19,https://www.airbnb.com/rooms/876713339623757524
876721321003234e3,NA,NA,3,NA,1,NA,NA,0,https://www.airbnb.com/rooms/876721321003233992
876787270784124700,$240.00,NA,2,1,1,1,NA,0,https://www.airbnb.com/rooms/876787270784124608
876799791104516600,$475.00,Neighborhood highlights,4,1.5,2,2,5,7,https://www.airbnb.com/rooms/876799791104516669
876801663993159200,$239.00,NA,7,2,2,4,NA,0,https://www.airbnb.com/rooms/876801663993159168
876810447257961100,$200.00,NA,2,1,1,1,NA,0,https://www.airbnb.com/rooms/876810447257961068
876816165113019500,$320.00,NA,4,1,2,2,NA,0,https://www.airbnb.com/rooms/876816165113019555
876860275309566300,$150.00,NA,5,2,3,4,5,1,https://www.airbnb.com/rooms/876860275309566281
876897059725496600,NA,NA,1,NA,NA,NA,5,3,https://www.airbnb.com/rooms/876897059725496601
876909592638971400,$100.00,NA,1,1,1,1,5,5,https://www.airbnb.com/rooms/876909592638971341
876960001305787800,$119.00,Neighborhood highlights,2,1,0,4,NA,0,https://www.airbnb.com/rooms/876960001305787820
876976573490909700,$344.00,NA,6,1,2,2,5,1,https://www.airbnb.com/rooms/876976573490909729
876982640774140400,$70.00,NA,1,1,1,1,5,1,https://www.airbnb.com/rooms/876982640774140424
877021428085946800,$39.00,Neighborhood highlights,2,1,1,1,4.67,6,https://www.airbnb.com/rooms/877021428085946807
877051856605128200,$70.00,Neighborhood highlights,2,1,0,2,4.69,26,https://www.airbnb.com/rooms/877051856605128192
877229491654229100,$227.00,NA,4,1,2,2,NA,0,https://www.airbnb.com/rooms/877229491654229105
877259522989056800,$329.00,Neighborhood highlights,2,1,1,1,NA,0,https://www.airbnb.com/rooms/877259522989056749
877260115601894300,$413.00,Neighborhood highlights,2,1,1,1,NA,0,https://www.airbnb.com/rooms/877260115601894218
877262665356537900,$238.00,Neighborhood highlights,4,1,2,2,NA,0,https://www.airbnb.com/rooms/877262665356537871
877278750479376400,$227.00,Neighborhood highlights,3,1,1,1,NA,0,https://www.airbnb.com/rooms/877278750479376347
877292899317620700,$227.00,Neighborhood highlights,3,1,1,1,NA,0,https://www.airbnb.com/rooms/877292899317620742
877378924316197100,$450.00,Neighborhood highlights,6,1,3,3,4.17,6,https://www.airbnb.com/rooms/877378924316197141
877443767809046e3,NA,Neighborhood highlights,2,NA,NA,NA,NA,0,https://www.airbnb.com/rooms/877443767809045971
877469016958154600,$800.00,NA,2,6,4,4,4.6,5,https://www.airbnb.com/rooms/877469016958154685
877470034896814800,$268.00,Neighborhood highlights,5,1,1,2,4.56,18,https://www.airbnb.com/rooms/877470034896814851
877488570974004e3,$86.00,Neighborhood highlights,5,1,0,3,5,8,https://www.airbnb.com/rooms/877488570974003999
877506976746714900,$100.00,NA,2,1,1,2,5,1,https://www.airbnb.com/rooms/877506976746714876
877508466982043900,$220.00,NA,4,1,1,1,NA,0,https://www.airbnb.com/rooms/877508466982043920
877518268818132400,$190.00,Neighborhood highlights,1,1,1,1,5,1,https://www.airbnb.com/rooms/877518268818132302
877582036495470100,$74.00,NA,1,1,1,1,NA,0,https://www.airbnb.com/rooms/877582036495470050
877589150859074300,$200.00,NA,2,1,1,1,5,2,https://www.airbnb.com/rooms/877589150859074278
877594518474201100,$105.00,NA,2,1,1,1,5,6,https://www.airbnb.com/rooms/877594518474201118
877602226028132600,$250.00,Neighborhood highlights,4,1,1,2,4.9,30,https://www.airbnb.com/rooms/877602226028132663
877620974568653400,$130.00,Neighborhood highlights,2,1,1,2,5,12,https://www.airbnb.com/rooms/877620974568653457
877621410232404e3,$123.00,Neighborhood highlights,2,1,1,1,4.95,19,https://www.airbnb.com/rooms/877621410232403938
877622101671250700,$100.00,Neighborhood highlights,2,1,1,1,4.64,14,https://www.airbnb.com/rooms/877622101671250640
877638836723395e3,$138.00,Neighborhood highlights,3,1,1,1,2,1,https://www.airbnb.com/rooms/877638836723394886
877662117836015200,$105.00,NA,2,1,1,1,3.5,2,https://www.airbnb.com/rooms/877662117836015219
877683060350871e3,NA,Neighborhood highlights,4,NA,2,NA,5,1,https://www.airbnb.com/rooms/877683060350871003
877683596941695900,$154.00,Neighborhood highlights,2,1,1,1,4,6,https://www.airbnb.com/rooms/877683596941695907
8.7773163950442406e+17,$123.00,NA,1,1,2,1,4.85,75,https://www.airbnb.com/rooms/877731639504424119
877753061864919700,$174.00,NA,6,2,3,3,5,1,https://www.airbnb.com/rooms/877753061864919643
877830748057150500,$130.00,NA,2,1,1,1,NA,0,https://www.airbnb.com/rooms/877830748057150507
877978259455712600,$274.00,Neighborhood highlights,2,1,1,1,NA,0,https://www.airbnb.com/rooms/877978259455712594
87815124653509e4,NA,NA,2,NA,NA,NA,5,1,https://www.airbnb.com/rooms/878151246535090056
878152671005832400,$299.00,Neighborhood highlights,6,1,2,2,NA,0,https://www.airbnb.com/rooms/878152671005832472
878155678107076600,NA,Neighborhood highlights,1,NA,1,NA,NA,0,https://www.airbnb.com/rooms/878155678107076608
878171494064928500,$89.00,Neighborhood highlights,2,1,1,1,4.66,32,https://www.airbnb.com/rooms/878171494064928543
878174846329433e3,$300.00,Neighborhood highlights,6,1,2,2,5,3,https://www.airbnb.com/rooms/878174846329432963
878236716768082200,$88.00,Neighborhood highlights,1,1,1,1,NA,0,https://www.airbnb.com/rooms/878236716768082152
878248054168336300,$112.00,NA,2,1,1,1,NA,0,https://www.airbnb.com/rooms/878248054168336219
878314281406257700,NA,NA,1,NA,NA,NA,5,1,https://www.airbnb.com/rooms/878314281406257686
878323950122469400,$313.00,Neighborhood highlights,2,1,1,1,4.8,5,https://www.airbnb.com/rooms/878323950122469426
878324692505211e3,$336.00,Neighborhood highlights,2,1,1,1,NA,0,https://www.airbnb.com/rooms/878324692505211060
878330334269238100,$253.00,Neighborhood highlights,2,1,1,1,4.93,29,https://www.airbnb.com/rooms/878330334269238127
878332173770248600,$313.00,Neighborhood highlights,2,1,1,1,5,4,https://www.airbnb.com/rooms/878332173770248531
878336991435374500,$250.00,NA,6,1,2,2,5,4,https://www.airbnb.com/rooms/878336991435374403
878341490265135100,$560.00,Neighborhood highlights,3,1,1,1,5,2,https://www.airbnb.com/rooms/878341490265135146
878344866337191e3,$435.00,Neighborhood highlights,3,1,1,1,5,1,https://www.airbnb.com/rooms/878344866337191031
878345911258968300,$640.00,Neighborhood highlights,3,1,1,1,5,3,https://www.airbnb.com/rooms/878345911258968289
878348575480539500,$89.00,Neighborhood highlights,2,1,1,1,4.8,45,https://www.airbnb.com/rooms/878348575480539546
878484956150776300,$320.00,NA,4,2,2,2,NA,0,https://www.airbnb.com/rooms/878484956150776375
878486010112549400,$499.00,Neighborhood highlights,3,1,0,1,4.85,13,https://www.airbnb.com/rooms/878486010112549434
878489096899269e3,$349.00,Neighborhood highlights,3,1,0,1,4.71,48,https://www.airbnb.com/rooms/878489096899268968
878492358846176800,NA,Neighborhood highlights,2,NA,1,NA,5,3,https://www.airbnb.com/rooms/878492358846176732
878493181649245800,$100.00,Neighborhood highlights,1,1,1,1,4.87,103,https://www.airbnb.com/rooms/878493181649245779
878504836455661600,$50.00,Neighborhood highlights,1,1,1,1,5,1,https://www.airbnb.com/rooms/878504836455661519
878508342742172200,$50.00,Neighborhood highlights,1,1,1,1,4.9,20,https://www.airbnb.com/rooms/878508342742172169
878578926841233700,$140.00,NA,2,1,0,1,4.99,69,https://www.airbnb.com/rooms/878578926841233712
878779890734878200,$40.00,Neighborhood highlights,2,1,1,1,5,1,https://www.airbnb.com/rooms/878779890734878165
878835158773207400,NA,NA,4,NA,2,NA,NA,0,https://www.airbnb.com/rooms/878835158773207422
878849112452892400,$160.00,NA,5,1.5,1,1,4.92,13,https://www.airbnb.com/rooms/878849112452892406
878854857984940900,$963.00,NA,6,2,3,4,5,1,https://www.airbnb.com/rooms/878854857984940867
878866172223857e3,$80.00,NA,2,1,1,1,4.25,12,https://www.airbnb.com/rooms/878866172223856990
878880734446369700,NA,NA,1,NA,NA,NA,NA,0,https://www.airbnb.com/rooms/878880734446369699
878904671193875800,$80.00,Neighborhood highlights,1,1,1,1,5,2,https://www.airbnb.com/rooms/878904671193875855
878982336794289500,$367.00,Neighborhood highlights,6,2,3,3,5,3,https://www.airbnb.com/rooms/878982336794289506
878986330028866200,NA,Neighborhood highlights,2,NA,1,NA,5,2,https://www.airbnb.com/rooms/878986330028866170
879007455354395500,$388.00,Neighborhood highlights,6,2,3,3,5,1,https://www.airbnb.com/rooms/879007455354395494
879030966933509e3,$105.00,NA,2,1,1,1,5,7,https://www.airbnb.com/rooms/879030966933509043
879107190027413900,NA,NA,2,NA,1,NA,5,1,https://www.airbnb.com/rooms/879107190027413874
879109717689809500,$280.00,NA,6,3,3,4,NA,0,https://www.airbnb.com/rooms/879109717689809490
879133274958780700,$350.00,Neighborhood highlights,5,1,2,2,4.69,16,https://www.airbnb.com/rooms/879133274958780696
879190235208239700,$135.00,NA,2,1,1,1,4.92,13,https://www.airbnb.com/rooms/879190235208239772
879200340559451100,$50.00,NA,1,1,1,1,4.8,10,https://www.airbnb.com/rooms/879200340559451175
879212821256418800,$110.00,Neighborhood highlights,2,1,1,1,4.64,25,https://www.airbnb.com/rooms/879212821256418790
879462083038451500,$275.00,Neighborhood highlights,4,1.5,1,1,NA,0,https://www.airbnb.com/rooms/879462083038451452
879571790604985100,$275.00,Neighborhood highlights,4,1.5,1,1,NA,0,https://www.airbnb.com/rooms/879571790604985096
879575087369763300,$600.00,NA,8,2,4,4,5,1,https://www.airbnb.com/rooms/879575087369763316
879595534130604200,$463.00,Neighborhood highlights,2,1,1,1,NA,0,https://www.airbnb.com/rooms/879595534130604151
879597341691428200,NA,Neighborhood highlights,2,NA,1,NA,5,1,https://www.airbnb.com/rooms/879597341691428191
879598543920060200,NA,Neighborhood highlights,2,NA,1,NA,NA,0,https://www.airbnb.com/rooms/879598543920060217
879604089705082100,$90.00,Neighborhood highlights,1,1,1,1,4.8,5,https://www.airbnb.com/rooms/879604089705082068
879611314193733400,NA,NA,1,NA,5,NA,NA,0,https://www.airbnb.com/rooms/879611314193733403
879619982852256400,$267.00,Neighborhood highlights,4,1,2,2,NA,0,https://www.airbnb.com/rooms/879619982852256438
879677345725701100,$157.00,Neighborhood highlights,3,1,0,1,4,1,https://www.airbnb.com/rooms/879677345725701125
879684529088622200,$78.00,Neighborhood highlights,2,1,1,1,5,2,https://www.airbnb.com/rooms/879684529088622221
879698575906629900,NA,NA,2,NA,NA,NA,NA,0,https://www.airbnb.com/rooms/879698575906629914
879734286848417300,$104.00,Neighborhood highlights,2,1,1,2,5,1,https://www.airbnb.com/rooms/879734286848417235
879771134886001300,$200.00,Neighborhood highlights,5,1,1,1,5,5,https://www.airbnb.com/rooms/879771134886001325
879848302925367400,$120.00,NA,2,1,1,1,NA,0,https://www.airbnb.com/rooms/879848302925367431
879940798328309800,$250.00,Neighborhood highlights,6,1,3,3,4.82,28,https://www.airbnb.com/rooms/879940798328309722
879999605697157500,$196.00,Neighborhood highlights,2,1,0,1,NA,0,https://www.airbnb.com/rooms/879999605697157564
880072783308872700,$85.00,Neighborhood highlights,2,1,1,1,4.67,6,https://www.airbnb.com/rooms/880072783308872650
880322589423595500,NA,NA,2,NA,NA,NA,4.97,29,https://www.airbnb.com/rooms/880322589423595487
880441995266866200,$185.00,NA,3,1,1,1,NA,0,https://www.airbnb.com/rooms/880441995266866117
880465322920413700,$200.00,NA,2,1,1,1,NA,0,https://www.airbnb.com/rooms/880465322920413746
880473158416436100,$219.00,NA,2,1,1,1,5,2,https://www.airbnb.com/rooms/880473158416436159
880476290217593100,$240.00,NA,2,1,1,1,4.5,2,https://www.airbnb.com/rooms/880476290217593132
880478634300478200,NA,NA,2,NA,2,NA,4.74,23,https://www.airbnb.com/rooms/880478634300478161
880492416678821500,NA,Neighborhood highlights,2,NA,1,NA,5,15,https://www.airbnb.com/rooms/880492416678821473
880510542191070600,$90.00,Neighborhood highlights,2,1,0,1,4.47,19,https://www.airbnb.com/rooms/880510542191070587
880514548120222600,$204.00,NA,2,1,3,3,4.71,7,https://www.airbnb.com/rooms/880514548120222566
880583527961510700,$700.00,NA,8,4.5,4,4,4.92,13,https://www.airbnb.com/rooms/880583527961510592
880643090819651700,$220.00,NA,2,1,1,1,4.6,5,https://www.airbnb.com/rooms/880643090819651668
880691318152067e3,$58.00,NA,2,1,1,2,5,2,https://www.airbnb.com/rooms/880691318152067000
880704288932050700,$94.00,Neighborhood highlights,1,1,1,1,4.92,12,https://www.airbnb.com/rooms/880704288932050723
881138796238866600,$250.00,NA,3,1,2,2,5,1,https://www.airbnb.com/rooms/881138796238866594
881154500385044700,$60.00,Neighborhood highlights,1,1,1,1,NA,0,https://www.airbnb.com/rooms/881154500385044723
881166043852621700,NA,Neighborhood highlights,1,NA,NA,NA,5,3,https://www.airbnb.com/rooms/881166043852621735
881201185244371700,$240.00,NA,8,1.5,3,5,NA,0,https://www.airbnb.com/rooms/881201185244371657
881238250671860500,$121.00,NA,2,1,1,1,4.67,3,https://www.airbnb.com/rooms/881238250671860482
881270779058567300,$149.00,Neighborhood highlights,2,1,1,1,4.91,43,https://www.airbnb.com/rooms/881270779058567244
881292682362497900,$510.00,NA,4,2,2,2,NA,0,https://www.airbnb.com/rooms/881292682362497953
881322086488888700,$350.00,NA,4,2,2,2,5,1,https://www.airbnb.com/rooms/881322086488888673
881332060506998100,$185.00,Neighborhood highlights,2,1,1,1,5,5,https://www.airbnb.com/rooms/881332060506998108
881333052483713700,$121.00,NA,2,0,0,1,5,1,https://www.airbnb.com/rooms/881333052483713671
881361770950607200,$121.00,Neighborhood highlights,3,1,0,6,4.67,3,https://www.airbnb.com/rooms/881361770950607277
881373748568820100,$55.00,Neighborhood highlights,1,1,1,1,5,3,https://www.airbnb.com/rooms/881373748568820077
881384171635357200,$82.00,Neighborhood highlights,2,1,1,2,4.67,18,https://www.airbnb.com/rooms/881384171635357208
881408547958149800,$79.00,Neighborhood highlights,2,0,1,2,5,2,https://www.airbnb.com/rooms/881408547958149812
881414660645896600,$207.00,NA,4,1,2,2,4.83,12,https://www.airbnb.com/rooms/881414660645896635
881425150946671600,$350.00,Neighborhood highlights,5,1,2,3,5,7,https://www.airbnb.com/rooms/881425150946671667
881751900445395500,$120.00,NA,2,1,1,1,NA,0,https://www.airbnb.com/rooms/881751900445395486
881776371688595300,NA,Neighborhood highlights,5,NA,2,NA,NA,0,https://www.airbnb.com/rooms/881776371688595302
881805988134105900,$175.00,Neighborhood highlights,2,1,1,1,5,21,https://www.airbnb.com/rooms/881805988134105830
881806004898184600,$320.00,Neighborhood highlights,10,3,4,6,4.31,13,https://www.airbnb.com/rooms/881806004898184580
8.8181589543776794e+17,$120.00,NA,2,1,1,1,4.92,12,https://www.airbnb.com/rooms/881815895437767923
881850516071417100,$95.00,Neighborhood highlights,1,1,1,3,4.94,18,https://www.airbnb.com/rooms/881850516071417144
881866129472923100,NA,NA,1,NA,NA,NA,4.5,2,https://www.airbnb.com/rooms/881866129472923133
881870312319382400,$290.00,Neighborhood highlights,6,1.5,3,3,4.95,20,https://www.airbnb.com/rooms/881870312319382422
881879693631215e3,$98.00,Neighborhood highlights,1,1,1,1,4.8,20,https://www.airbnb.com/rooms/881879693631214968
881900201704763500,$81.00,Neighborhood highlights,1,0,4,1,NA,0,https://www.airbnb.com/rooms/881900201704763563
882024572784290300,$225.00,NA,5,1,2,2,4.85,13,https://www.airbnb.com/rooms/882024572784290305
882071689229714800,$250.00,NA,2,1,1,1,NA,0,https://www.airbnb.com/rooms/882071689229714801
882119743442916100,NA,Neighborhood highlights,2,NA,1,NA,NA,0,https://www.airbnb.com/rooms/882119743442916140
882121459710485600,NA,Neighborhood highlights,2,NA,1,NA,NA,0,https://www.airbnb.com/rooms/882121459710485679
882130039808585300,NA,Neighborhood highlights,2,NA,1,NA,NA,0,https://www.airbnb.com/rooms/882130039808585347
882132074210475300,NA,Neighborhood highlights,2,NA,1,NA,NA,0,https://www.airbnb.com/rooms/882132074210475324
882162955844006100,$199.00,Neighborhood highlights,2,1,2,2,5,5,https://www.airbnb.com/rooms/882162955844006096
882325223426565900,$347.00,Neighborhood highlights,5,2,3,3,NA,0,https://www.airbnb.com/rooms/882325223426565837
882345223890919300,$278.00,Neighborhood highlights,4,2,3,3,NA,0,https://www.airbnb.com/rooms/882345223890919233
882390867508932200,$98.00,Neighborhood highlights,3,1,1,1,4.52,29,https://www.airbnb.com/rooms/882390867508932260
882473433648692400,$120.00,NA,2,1,1,1,5,1,https://www.airbnb.com/rooms/882473433648692369
882480223677449600,$89.00,Neighborhood highlights,2,1,1,1,5,2,https://www.airbnb.com/rooms/882480223677449587
8.8249262399599194e+17,$120.00,Neighborhood highlights,2,1,1,1,NA,0,https://www.airbnb.com/rooms/882492623995991916
882495408207604400,$41.00,NA,2,2,1,1,5,2,https://www.airbnb.com/rooms/882495408207604385
882504391136032800,$220.00,NA,2,1,1,1,5,2,https://www.airbnb.com/rooms/882504391136032815
882522731362409e3,$95.00,Neighborhood highlights,2,1,1,1,4.78,55,https://www.airbnb.com/rooms/882522731362408989
882549893727590700,$200.00,NA,2,1,1,1,NA,0,https://www.airbnb.com/rooms/882549893727590653
882573523563771800,NA,NA,1,NA,NA,NA,NA,0,https://www.airbnb.com/rooms/882573523563771776
882578756362161700,$53.00,NA,1,0,3,1,NA,0,https://www.airbnb.com/rooms/882578756362161695
88259597150029e4,NA,Neighborhood highlights,2,NA,1,NA,NA,0,https://www.airbnb.com/rooms/882595971500290010
882613861904586100,$171.00,Neighborhood highlights,4,1,2,2,4.67,30,https://www.airbnb.com/rooms/882613861904586150
882618716699429900,$350.00,NA,2,1,1,1,4.8,5,https://www.airbnb.com/rooms/882618716699429897
882646109434852500,NA,NA,1,NA,NA,NA,4.92,12,https://www.airbnb.com/rooms/882646109434852484
882658634488494100,$263.00,NA,2,1,0,1,NA,0,https://www.airbnb.com/rooms/882658634488494074
882669707179436200,$65.00,Neighborhood highlights,2,1,1,1,4.67,3,https://www.airbnb.com/rooms/882669707179436133
882736540898192300,$150.00,NA,2,1,1,1,NA,0,https://www.airbnb.com/rooms/882736540898192296
882800080322962300,$250.00,Neighborhood highlights,2,1,0,2,4.77,26,https://www.airbnb.com/rooms/882800080322962362
882802659322534900,$90.00,Neighborhood highlights,2,1,1,1,4.85,13,https://www.airbnb.com/rooms/882802659322534873
882854676538619400,$135.00,NA,2,1,1,1,4.91,56,https://www.airbnb.com/rooms/882854676538619391
882856224474046300,NA,NA,2,NA,NA,NA,4.83,6,https://www.airbnb.com/rooms/882856224474046393
8.8286304655432806e+17,NA,NA,2,NA,1,NA,5,3,https://www.airbnb.com/rooms/882863046554328033
883013921802455800,$326.00,Neighborhood highlights,2,1,1,1,NA,0,https://www.airbnb.com/rooms/883013921802455774
883065285259132200,$314.00,Neighborhood highlights,2,1,1,1,3.5,2,https://www.airbnb.com/rooms/883065285259132179
883112096841319400,NA,NA,1,NA,NA,NA,NA,0,https://www.airbnb.com/rooms/883112096841319366
883164965771621500,$385.00,NA,6,2,3,3,NA,0,https://www.airbnb.com/rooms/883164965771621514
883176015603021700,$329.00,NA,8,1,4,4,4.97,31,https://www.airbnb.com/rooms/883176015603021693
883178181130435700,$856.00,Neighborhood highlights,2,1,1,1,NA,0,https://www.airbnb.com/rooms/883178181130435692
883182374074172400,$856.00,Neighborhood highlights,2,1,1,1,2,1,https://www.airbnb.com/rooms/883182374074172374
883193158224666400,$70.00,NA,3,1,1,1,NA,0,https://www.airbnb.com/rooms/883193158224666341
883193188438720100,$350.00,Neighborhood highlights,4,1,2,2,NA,0,https://www.airbnb.com/rooms/883193188438720142
883201159097081100,$230.00,Neighborhood highlights,4,2,2,3,5,4,https://www.airbnb.com/rooms/883201159097081081
883208966932456200,$288.00,Neighborhood highlights,4,1,2,2,NA,0,https://www.airbnb.com/rooms/883208966932456255
883228628192098800,$331.00,Neighborhood highlights,4,1,2,2,NA,0,https://www.airbnb.com/rooms/883228628192098878
883256609907065700,$348.00,Neighborhood highlights,4,1,2,2,NA,0,https://www.airbnb.com/rooms/883256609907065715
883269987968352600,$349.00,NA,4,1,2,2,NA,0,https://www.airbnb.com/rooms/883269987968352585
883280862128730100,$392.00,Neighborhood highlights,4,1.5,2,2,NA,0,https://www.airbnb.com/rooms/883280862128730137
883284982119955600,$349.00,Neighborhood highlights,4,1,2,2,NA,0,https://www.airbnb.com/rooms/883284982119955539
883285676623233e3,$130.00,Neighborhood highlights,4,1,1,2,4.95,20,https://www.airbnb.com/rooms/883285676623233005
883301925669465600,$360.00,Neighborhood highlights,4,1,2,2,NA,0,https://www.airbnb.com/rooms/883301925669465546
883314441140091600,$349.00,NA,4,1,2,2,NA,0,https://www.airbnb.com/rooms/883314441140091588
883329066226448300,$349.00,Neighborhood highlights,4,1,2,2,NA,0,https://www.airbnb.com/rooms/883329066226448215
883337211833936600,$392.00,Neighborhood highlights,6,2,3,3,NA,0,https://www.airbnb.com/rooms/883337211833936622
883358284050364300,$83.00,NA,2,1,1,1,NA,0,https://www.airbnb.com/rooms/883358284050364264
883376890472012200,$95.00,NA,2,1,0,1,4.5,2,https://www.airbnb.com/rooms/883376890472012193
883404921227567600,NA,NA,2,NA,NA,NA,4.44,16,https://www.airbnb.com/rooms/883404921227567663
883443215051312900,$120.00,NA,2,1,1,1,4.58,12,https://www.airbnb.com/rooms/883443215051312945
883536914437057700,$154.00,NA,3,1.5,1,2,4,4,https://www.airbnb.com/rooms/883536914437057720
883607653341164700,$56.00,NA,2,1,1,1,4,1,https://www.airbnb.com/rooms/883607653341164621
883689494720317800,$100.00,Neighborhood highlights,1,1,1,1,4.97,69,https://www.airbnb.com/rooms/883689494720317874
883767800069660900,$149.00,Neighborhood highlights,4,1,1,1,4.88,8,https://www.airbnb.com/rooms/883767800069660956
883799106556646700,NA,Neighborhood highlights,2,NA,1,NA,NA,0,https://www.airbnb.com/rooms/883799106556646619
883865094666339800,$270.00,NA,6,1,3,3,5,17,https://www.airbnb.com/rooms/883865094666339873
883876153770919400,$100.00,NA,5,1,2,3,NA,0,https://www.airbnb.com/rooms/883876153770919460
883896500051204100,$76.00,NA,2,1,1,1,NA,0,https://www.airbnb.com/rooms/883896500051204160
883955753472122100,$138.00,Neighborhood highlights,2,1,1,1,4.93,42,https://www.airbnb.com/rooms/883955753472122104
883994021035260400,$61.00,Neighborhood highlights,1,2,1,2,5,2,https://www.airbnb.com/rooms/883994021035260373
884004990766695700,$400.00,Neighborhood highlights,2,1,1,1,4.25,4,https://www.airbnb.com/rooms/884004990766695698
884114210754372600,$134.00,NA,2,1,1,1,5,3,https://www.airbnb.com/rooms/884114210754372592
884120983442669800,$445.00,Neighborhood highlights,7,2,4,5,5,18,https://www.airbnb.com/rooms/884120983442669856
884141226476714800,$90.00,NA,2,1,0,1,4.67,3,https://www.airbnb.com/rooms/884141226476714723
884182701924143700,$247.00,Neighborhood highlights,6,1,3,5,4.87,15,https://www.airbnb.com/rooms/884182701924143689
884231783491034e3,$75.00,NA,2,1,1,1,5,3,https://www.airbnb.com/rooms/884231783491033979
884315775213323300,$168.00,NA,3,1,1,2,4.44,9,https://www.airbnb.com/rooms/884315775213323321
884645853457591300,$110.00,Neighborhood highlights,2,3,1,1,4.89,9,https://www.airbnb.com/rooms/884645853457591358
884652609012549600,NA,NA,2,NA,1,NA,NA,0,https://www.airbnb.com/rooms/884652609012549674
884661357873554300,$170.00,Neighborhood highlights,2,1,1,2,5,25,https://www.airbnb.com/rooms/884661357873554269
884714117408787700,NA,NA,1,NA,NA,NA,NA,0,https://www.airbnb.com/rooms/884714117408787725
884716836263283700,$115.00,Neighborhood highlights,2,1,1,1,NA,0,https://www.airbnb.com/rooms/884716836263283661
884717759824402300,$232.00,Neighborhood highlights,4,1,1,2,4.78,9,https://www.airbnb.com/rooms/884717759824402312
884721612951593500,$205.00,NA,4,2,2,2,NA,0,https://www.airbnb.com/rooms/884721612951593494
884797357819808600,NA,Neighborhood highlights,4,NA,1,NA,5,3,https://www.airbnb.com/rooms/884797357819808676
884851071791030100,$350.00,NA,5,1,2,2,5,9,https://www.airbnb.com/rooms/884851071791030135
884852367757897900,$144.00,Neighborhood highlights,2,1,1,1,4.43,21,https://www.airbnb.com/rooms/884852367757897872
884857952376173e3,$130.00,Neighborhood highlights,1,1,1,1,NA,0,https://www.airbnb.com/rooms/884857952376173026
884927631933564e3,$206.00,NA,5,2,2,3,4.8,25,https://www.airbnb.com/rooms/884927631933563971
884977596472621400,$200.00,Neighborhood highlights,2,1,0,1,4,4,https://www.airbnb.com/rooms/884977596472621491
885214491668212900,$119.00,NA,2,1,1,1,4.53,43,https://www.airbnb.com/rooms/885214491668212823
885532193980405400,$88.00,Neighborhood highlights,2,1,1,1,4.75,4,https://www.airbnb.com/rooms/885532193980405410
885620360659925200,$74.00,NA,2,1,1,2,4.5,2,https://www.airbnb.com/rooms/885620360659925308
885677795587208200,$131.00,NA,4,1,2,2,4.8,5,https://www.airbnb.com/rooms/885677795587208186
885691427528707500,$218.00,Neighborhood highlights,4,2,2,3,NA,0,https://www.airbnb.com/rooms/885691427528707438
885730568928410500,$160.00,NA,2,1,1,1,NA,0,https://www.airbnb.com/rooms/885730568928410536
885741019242581600,$200.00,NA,6,2,3,4,4,1,https://www.airbnb.com/rooms/885741019242581636
885744725793369900,NA,Neighborhood highlights,2,NA,NA,NA,4.98,44,https://www.airbnb.com/rooms/885744725793369799
885767130763705700,$439.00,NA,4,1,2,4,NA,0,https://www.airbnb.com/rooms/885767130763705756
885799158715550600,$37.00,NA,1,1,4,1,NA,0,https://www.airbnb.com/rooms/885799158715550569
885863256256216600,$37.00,NA,1,2,4,1,NA,0,https://www.airbnb.com/rooms/885863256256216530
885868802981406e3,$45.00,NA,1,1,4,1,NA,0,https://www.airbnb.com/rooms/885868802981405922
886061767138016900,$99.00,NA,3,1,2,2,5,1,https://www.airbnb.com/rooms/886061767138016884
886110788594531300,$85.00,NA,2,1,1,1,5,2,https://www.airbnb.com/rooms/886110788594531307
886122778021873300,$306.00,NA,4,1,2,3,4.95,66,https://www.airbnb.com/rooms/886122778021873283
886123153961243e3,NA,NA,2,1,1,1,NA,0,https://www.airbnb.com/rooms/886123153961243035
886123877714493300,$90.00,Neighborhood highlights,4,1.5,1,2,5,2,https://www.airbnb.com/rooms/886123877714493336
886123887345983400,NA,Neighborhood highlights,2,1.5,1,1,5,6,https://www.airbnb.com/rooms/886123887345983404
886124063208895700,$90.00,Neighborhood highlights,2,1.5,1,1,4,1,https://www.airbnb.com/rooms/886124063208895750
886132465591212200,$130.00,Neighborhood highlights,2,1,1,1,5,30,https://www.airbnb.com/rooms/886132465591212134
886205533399940700,$137.00,Neighborhood highlights,4,1,1,1,5,2,https://www.airbnb.com/rooms/886205533399940791
886218821340462e3,$52.00,NA,2,1.5,1,1,2.67,3,https://www.airbnb.com/rooms/886218821340462001
886219533084350600,$54.00,Neighborhood highlights,2,1,1,1,4.7,33,https://www.airbnb.com/rooms/886219533084350581
886265109629501200,$191.00,Neighborhood highlights,2,1,1,1,4.84,51,https://www.airbnb.com/rooms/886265109629501124
886292977145811500,$159.00,NA,4,2,2,2,NA,0,https://www.airbnb.com/rooms/886292977145811439
886310753075905200,$99.00,Neighborhood highlights,1,1,1,1,5,11,https://www.airbnb.com/rooms/886310753075905123
886337532266112800,NA,NA,2,NA,NA,NA,NA,0,https://www.airbnb.com/rooms/886337532266112789
886348642949589400,$242.00,Neighborhood highlights,2,1,0,1,5,1,https://www.airbnb.com/rooms/886348642949589350
886380153672699100,$191.00,Neighborhood highlights,3,1,1,1,5,2,https://www.airbnb.com/rooms/886380153672699150
886380461999835300,$196.00,Neighborhood highlights,3,1,1,1,5,1,https://www.airbnb.com/rooms/886380461999835299
886417469102966300,$229.00,Neighborhood highlights,4,1,2,3,5,1,https://www.airbnb.com/rooms/886417469102966234
886439728772953500,$50.00,NA,2,1,1,1,4.78,45,https://www.airbnb.com/rooms/886439728772953526
886461660908406500,$120.00,Neighborhood highlights,2,1,2,2,4.75,28,https://www.airbnb.com/rooms/886461660908406477
886492710478314500,$135.00,Neighborhood highlights,4,1,1,4,5,5,https://www.airbnb.com/rooms/886492710478314470
886529699184775800,$162.00,NA,5,1,1,3,NA,0,https://www.airbnb.com/rooms/886529699184775747
886575912308774400,$105.00,Neighborhood highlights,2,1,1,1,5,3,https://www.airbnb.com/rooms/886575912308774406
886596104702449700,$45.00,NA,1,1,4,1,NA,0,https://www.airbnb.com/rooms/886596104702449661
886597010135767600,$39.00,NA,1,1,4,1,NA,0,https://www.airbnb.com/rooms/886597010135767580
886601037739546900,NA,NA,1,1,4,1,NA,0,https://www.airbnb.com/rooms/886601037739546869
886601349653370800,$35.00,NA,1,1,4,1,NA,0,https://www.airbnb.com/rooms/886601349653370745
886733352930841e3,$199.00,Neighborhood highlights,4,1,1,2,5,3,https://www.airbnb.com/rooms/886733352930840953
886759118206964200,$277.00,Neighborhood highlights,2,1,1,1,NA,0,https://www.airbnb.com/rooms/886759118206964183
886759599511427700,$324.00,Neighborhood highlights,4,1,2,2,NA,0,https://www.airbnb.com/rooms/886759599511427720
886774601762392200,NA,NA,2,NA,NA,NA,5,1,https://www.airbnb.com/rooms/886774601762392225
886790767042370400,$68.00,NA,4,1,1,1,NA,0,https://www.airbnb.com/rooms/886790767042370461
886852236283389300,$120.00,NA,4,1,1,1,5,2,https://www.airbnb.com/rooms/886852236283389257
886856156430249300,$358.00,Neighborhood highlights,2,1,0,1,4.73,41,https://www.airbnb.com/rooms/886856156430249385
886856656308012300,"$2,200.00",Neighborhood highlights,6,3.5,4,4,5,1,https://www.airbnb.com/rooms/886856656308012231
886939753063835900,$160.00,NA,2,1,2,2,3.75,4,https://www.airbnb.com/rooms/886939753063835891
886941255592981900,$117.00,Neighborhood highlights,4,1,2,2,4.69,55,https://www.airbnb.com/rooms/886941255592981941
886960046624888200,$500.00,NA,6,2,3,3,4.75,4,https://www.airbnb.com/rooms/886960046624888196
886986524185344900,$85.00,Neighborhood highlights,2,1,1,1,5,1,https://www.airbnb.com/rooms/886986524185344876
886987512886191200,"$1,575.00",NA,14,4.5,6,7,NA,0,https://www.airbnb.com/rooms/886987512886191216
887117614685325800,NA,NA,4,NA,2,NA,NA,0,https://www.airbnb.com/rooms/887117614685325859
887154685365791900,$246.00,Neighborhood highlights,6,2,3,5,5,1,https://www.airbnb.com/rooms/887154685365791917
887160291832994300,$675.00,Neighborhood highlights,4,1.5,2,2,5,14,https://www.airbnb.com/rooms/887160291832994336
887257857262565600,$165.00,Neighborhood highlights,2,1,1,1,5,5,https://www.airbnb.com/rooms/887257857262565594
887512887970220800,$243.00,NA,2,1,1,1,4.92,48,https://www.airbnb.com/rooms/887512887970220817
887538229003915800,$600.00,Neighborhood highlights,2,1,1,1,4.92,12,https://www.airbnb.com/rooms/887538229003915742
887564058123420400,$250.00,Neighborhood highlights,3,1,1,1,4.83,6,https://www.airbnb.com/rooms/887564058123420428
8.8760459918714406e+17,$95.00,Neighborhood highlights,2,1,1,2,5,1,https://www.airbnb.com/rooms/887604599187144034
887619612296540300,$38.00,NA,1,2,5,1,NA,0,https://www.airbnb.com/rooms/887619612296540236
887628791759223800,NA,Neighborhood highlights,2,NA,1,NA,4.5,2,https://www.airbnb.com/rooms/887628791759223788
887633775230094100,$37.00,NA,1,2,5,1,NA,0,https://www.airbnb.com/rooms/887633775230094127
887637637608030300,$36.00,NA,1,2,5,1,NA,0,https://www.airbnb.com/rooms/887637637608030314
887639458345644900,$37.00,NA,1,2,5,1,NA,0,https://www.airbnb.com/rooms/887639458345644912
887698137449826600,$155.00,NA,3,1,1,2,5,2,https://www.airbnb.com/rooms/887698137449826556
887752876011774e3,$496.00,Neighborhood highlights,2,1,1,1,5,1,https://www.airbnb.com/rooms/887752876011773990
8.8788825115714394e+17,$204.00,Neighborhood highlights,2,1,1,1,4.34,338,https://www.airbnb.com/rooms/887888251157143883
887917763854717200,$214.00,NA,2,1,1,1,5,5,https://www.airbnb.com/rooms/887917763854717245
887928547639866e3,$75.00,Neighborhood highlights,2,1,1,1,NA,0,https://www.airbnb.com/rooms/887928547639866043
887939034837879e3,$188.00,Neighborhood highlights,2,1,2,2,4.76,45,https://www.airbnb.com/rooms/887939034837879097
887946742552972300,$44.00,Neighborhood highlights,1,2,1,1,4.67,3,https://www.airbnb.com/rooms/887946742552972349
888097439041063e3,$402.00,Neighborhood highlights,2,1,1,1,NA,0,https://www.airbnb.com/rooms/888097439041063087
888137734515371100,NA,Neighborhood highlights,2,NA,1,NA,NA,0,https://www.airbnb.com/rooms/888137734515371193
888140728520503e3,$534.00,Neighborhood highlights,4,2,2,2,NA,0,https://www.airbnb.com/rooms/888140728520503018
888141481251242100,NA,Neighborhood highlights,4,NA,2,NA,NA,0,https://www.airbnb.com/rooms/888141481251242147
888141810408582700,$237.00,Neighborhood highlights,2,1,1,1,NA,0,https://www.airbnb.com/rooms/888141810408582652
888158663695997800,NA,Neighborhood highlights,2,NA,NA,NA,5,8,https://www.airbnb.com/rooms/888158663695997803
888234819456552600,$89.00,NA,1,0,3,1,NA,0,https://www.airbnb.com/rooms/888234819456552513
888236603222563800,NA,Neighborhood highlights,1,NA,NA,NA,NA,0,https://www.airbnb.com/rooms/888236603222563816
8.8823709775010394e+17,$90.00,Neighborhood highlights,1,0,4,1,NA,0,https://www.airbnb.com/rooms/888237097750103966
888240898937843800,$83.00,NA,1,0,1,1,NA,0,https://www.airbnb.com/rooms/888240898937843892
888242317840026900,$58.00,NA,1,0,4,1,NA,0,https://www.airbnb.com/rooms/888242317840026935
888242757933708300,$150.00,NA,1,0,2,1,NA,0,https://www.airbnb.com/rooms/888242757933708224
888253861914052900,NA,Neighborhood highlights,2,NA,NA,NA,4.94,31,https://www.airbnb.com/rooms/888253861914052883
888266872416641900,$75.00,NA,2,1,1,1,1,1,https://www.airbnb.com/rooms/888266872416641873
888318454888684700,$100.00,NA,2,1,1,1,NA,0,https://www.airbnb.com/rooms/888318454888684639
888340361696224300,$392.00,Neighborhood highlights,6,2,3,3,5,1,https://www.airbnb.com/rooms/888340361696224224
888340706098143900,$67.00,NA,1,0,3,1,NA,0,https://www.airbnb.com/rooms/888340706098143893
888349382811662800,$135.00,NA,1,0,2,1,NA,0,https://www.airbnb.com/rooms/888349382811662910
888359813206458400,$83.00,NA,1,0,3,1,NA,0,https://www.airbnb.com/rooms/888359813206458343
888371361498172900,$200.00,Neighborhood highlights,2,1,1,4,5,12,https://www.airbnb.com/rooms/888371361498172865
888385005019472800,$170.00,NA,2,1,1,1,NA,0,https://www.airbnb.com/rooms/888385005019472825
888393397093663e3,$125.00,NA,4,1,2,2,5,4,https://www.airbnb.com/rooms/888393397093662974
888426985116704400,$87.00,NA,2,1,1,2,4.33,6,https://www.airbnb.com/rooms/888426985116704427
888427264448464400,$137.00,Neighborhood highlights,2,1,1,0,4.91,64,https://www.airbnb.com/rooms/888427264448464444
888464832995798900,$150.00,Neighborhood highlights,5,1.5,2,2,4.83,23,https://www.airbnb.com/rooms/888464832995798968
888515846857730400,$149.00,Neighborhood highlights,4,1,1,2,5,15,https://www.airbnb.com/rooms/888515846857730382
888551200498958500,$40.00,NA,1,2,1,1,4,3,https://www.airbnb.com/rooms/888551200498958434
888668264357618e3,$182.00,Neighborhood highlights,2,1,1,1,4.6,5,https://www.airbnb.com/rooms/888668264357618033
888689436431655200,$264.00,NA,3,1,0,1,NA,0,https://www.airbnb.com/rooms/888689436431655225
888977225467358700,$359.00,Neighborhood highlights,4,2,2,2,NA,0,https://www.airbnb.com/rooms/888977225467358710
888991884573051600,$120.00,NA,2,1,1,1,NA,0,https://www.airbnb.com/rooms/888991884573051686
888997869778977800,$299.00,Neighborhood highlights,8,1,3,3,5,2,https://www.airbnb.com/rooms/888997869778977797
889164550955752200,$48.00,Neighborhood highlights,1,1,1,1,5,1,https://www.airbnb.com/rooms/889164550955752172
889184179099669800,$800.00,Neighborhood highlights,2,2.5,4,3,5,3,https://www.airbnb.com/rooms/889184179099669768
889324274258345e3,$200.00,NA,2,1,1,1,5,2,https://www.airbnb.com/rooms/889324274258344955
889335002923209300,$60.00,Neighborhood highlights,1,1,2,1,5,4,https://www.airbnb.com/rooms/889335002923209336
889404318533166600,$222.00,NA,3,1,1,2,4.89,9,https://www.airbnb.com/rooms/889404318533166619
889473480615870800,$49.00,Neighborhood highlights,2,1,1,1,5,1,https://www.airbnb.com/rooms/889473480615870803
889475251699831200,$46.00,Neighborhood highlights,2,1,1,1,NA,0,https://www.airbnb.com/rooms/889475251699831134
889476110467771600,$47.00,Neighborhood highlights,2,1,1,1,NA,0,https://www.airbnb.com/rooms/889476110467771648
8.8950146958754406e+17,$49.00,Neighborhood highlights,2,1,1,1,5,2,https://www.airbnb.com/rooms/889501469587544100
889501516298879e3,NA,Neighborhood highlights,2,NA,NA,NA,NA,0,https://www.airbnb.com/rooms/889501516298878961
889520000912386700,NA,Neighborhood highlights,2,NA,NA,NA,2,1,https://www.airbnb.com/rooms/889520000912386644
889520045192057700,$40.00,Neighborhood highlights,2,1,1,1,NA,0,https://www.airbnb.com/rooms/889520045192057788
889520093107140400,NA,Neighborhood highlights,2,NA,NA,NA,3,1,https://www.airbnb.com/rooms/889520093107140410
889554072794418600,NA,Neighborhood highlights,2,NA,NA,NA,4.5,2,https://www.airbnb.com/rooms/889554072794418595
889554354331086100,$50.00,Neighborhood highlights,2,1,1,1,NA,0,https://www.airbnb.com/rooms/889554354331086133
889554711332026e3,$40.00,Neighborhood highlights,2,1,1,1,NA,0,https://www.airbnb.com/rooms/889554711332025927
889566425818179700,NA,Neighborhood highlights,2,NA,NA,NA,NA,0,https://www.airbnb.com/rooms/889566425818179772
889566540064154100,NA,Neighborhood highlights,2,NA,NA,NA,5,2,https://www.airbnb.com/rooms/889566540064154051
889566654051073500,NA,Neighborhood highlights,2,NA,NA,NA,NA,0,https://www.airbnb.com/rooms/889566654051073571
889592904643916500,NA,Neighborhood highlights,2,NA,NA,NA,NA,0,https://www.airbnb.com/rooms/889592904643916548
889593759763836200,$42.00,Neighborhood highlights,2,1,1,1,NA,0,https://www.airbnb.com/rooms/889593759763836175
889594088646234600,$42.00,Neighborhood highlights,2,1,1,1,NA,0,https://www.airbnb.com/rooms/889594088646234583
889622988320548500,$626.00,Neighborhood highlights,4,2,2,2,NA,0,https://www.airbnb.com/rooms/889622988320548425
889641086503998e3,$123.00,NA,8,1,1,2,4.96,24,https://www.airbnb.com/rooms/889641086503997936
889691690130486500,NA,Neighborhood highlights,1,NA,NA,NA,4.36,11,https://www.airbnb.com/rooms/889691690130486468
889723103727365400,$150.00,NA,3,1,2,3,NA,0,https://www.airbnb.com/rooms/889723103727365427
889751430828771e3,$96.00,NA,2,1,1,1,5,1,https://www.airbnb.com/rooms/889751430828770989
889820911115998700,$270.00,NA,2,1,1,1,5,1,https://www.airbnb.com/rooms/889820911115998667
889881692966378400,$45.00,NA,1,1,1,1,5,2,https://www.airbnb.com/rooms/889881692966378340
889881699353298600,$44.00,NA,1,1,1,1,NA,0,https://www.airbnb.com/rooms/889881699353298612
889916937698842100,$80.00,NA,2,1,1,1,5,2,https://www.airbnb.com/rooms/889916937698842115
889923075890414300,$50.00,Neighborhood highlights,2,2,1,1,5,3,https://www.airbnb.com/rooms/889923075890414378
889985943152089900,$69.00,NA,1,2,1,1,3,1,https://www.airbnb.com/rooms/889985943152089806
890024618549880300,$253.00,NA,2,1,2,2,4.92,39,https://www.airbnb.com/rooms/890024618549880298
890071098609522e3,$524.00,Neighborhood highlights,7,1.5,3,4,NA,0,https://www.airbnb.com/rooms/890071098609522032
890113780576866800,$75.00,NA,2,1,1,0,4.93,41,https://www.airbnb.com/rooms/890113780576866793
890116632523721e3,$50.00,Neighborhood highlights,2,3,1,1,4.67,3,https://www.airbnb.com/rooms/890116632523721018
890254914297034500,$140.00,NA,4,1,1,1,5,1,https://www.airbnb.com/rooms/890254914297034471
890348069961375400,$167.00,NA,4,2.5,3,3,NA,0,https://www.airbnb.com/rooms/890348069961375415
890408547176353400,NA,Neighborhood highlights,6,NA,2,NA,5,6,https://www.airbnb.com/rooms/890408547176353383
890421229308814300,$44.00,Neighborhood highlights,1,1,2,2,NA,0,https://www.airbnb.com/rooms/890421229308814399
890438910342114700,$65.00,Neighborhood highlights,2,0.5,1,1,5,1,https://www.airbnb.com/rooms/890438910342114746
890443345054045800,$198.00,NA,4,1,2,2,5,1,https://www.airbnb.com/rooms/890443345054045797
890493280151398800,$158.00,NA,4,2,2,2,NA,0,https://www.airbnb.com/rooms/890493280151398769
890578160748025500,$122.00,Neighborhood highlights,1,1,1,1,4.77,30,https://www.airbnb.com/rooms/890578160748025477
890605012074207500,$189.00,NA,4,1,1,1,5,1,https://www.airbnb.com/rooms/890605012074207485
890740874286808300,$65.00,Neighborhood highlights,2,1,1,1,4.81,16,https://www.airbnb.com/rooms/890740874286808315
890749315997067500,$75.00,Neighborhood highlights,3,1,1,1,5,15,https://www.airbnb.com/rooms/890749315997067574
890797400522621400,$130.00,Neighborhood highlights,3,1.5,1,1,5,2,https://www.airbnb.com/rooms/890797400522621481
890865451922227700,$833.00,Neighborhood highlights,10,5,4,6,4.76,25,https://www.airbnb.com/rooms/890865451922227760
890926376865999900,NA,NA,2,NA,NA,NA,NA,0,https://www.airbnb.com/rooms/890926376865999861
890926382224483e3,$208.00,NA,3,1,0,1,5,1,https://www.airbnb.com/rooms/890926382224482989
890926695996699100,$978.00,NA,10,2,4,6,5,5,https://www.airbnb.com/rooms/890926695996699184
890929898992490600,$749.00,NA,7,2,3,4,5,1,https://www.airbnb.com/rooms/890929898992490638
890931512386823800,$699.00,NA,7,2,3,4,NA,0,https://www.airbnb.com/rooms/890931512386823801
891179119418288300,NA,Neighborhood highlights,6,NA,4,NA,NA,0,https://www.airbnb.com/rooms/891179119418288246
891186174340352300,$347.00,Neighborhood highlights,5,2,3,3,NA,0,https://www.airbnb.com/rooms/891186174340352209
891243028759265900,$37.00,NA,1,2,5,1,NA,0,https://www.airbnb.com/rooms/891243028759265956
891250117443115100,NA,NA,4,NA,2,NA,4.2,5,https://www.airbnb.com/rooms/891250117443115197
891259523090721300,$72.00,Neighborhood highlights,2,1,1,2,NA,0,https://www.airbnb.com/rooms/891259523090721267
891297136782731500,$240.00,Neighborhood highlights,2,1,0,2,5,4,https://www.airbnb.com/rooms/891297136782731572
891336176655705900,$51.00,NA,1,1,1,1,4.33,18,https://www.airbnb.com/rooms/891336176655705798
891373162949637200,$96.00,Neighborhood highlights,2,1,1,1,NA,0,https://www.airbnb.com/rooms/891373162949637205
891375932006569100,$313.00,Neighborhood highlights,2,1,1,1,4.77,43,https://www.airbnb.com/rooms/891375932006569033
891376482225619600,NA,Neighborhood highlights,2,NA,NA,NA,4.75,8,https://www.airbnb.com/rooms/891376482225619641
891379236454192400,$109.00,Neighborhood highlights,2,1,1,1,4.85,54,https://www.airbnb.com/rooms/891379236454192350
891393762845846500,$80.00,NA,2,1,1,1,4.89,9,https://www.airbnb.com/rooms/891393762845846513
891403684596430300,$287.00,NA,2,1,1,1,NA,0,https://www.airbnb.com/rooms/891403684596430333
891410283784110600,$179.00,NA,2,1,1,0,5,4,https://www.airbnb.com/rooms/891410283784110559
891457930259313e3,$173.00,Neighborhood highlights,2,1,1,1,5,5,https://www.airbnb.com/rooms/891457930259313048
891532159853891600,$60.00,Neighborhood highlights,3,1,1,1,4.57,30,https://www.airbnb.com/rooms/891532159853891550
891581211418572200,$125.00,NA,1,1,1,1,NA,0,https://www.airbnb.com/rooms/891581211418572151
891666736196956400,$143.00,Neighborhood highlights,8,1,3,4,2.8,5,https://www.airbnb.com/rooms/891666736196956408
891826372390355600,$50.00,Neighborhood highlights,2,1,1,1,4.77,13,https://www.airbnb.com/rooms/891826372390355580
891857456096429700,NA,NA,2,NA,1,NA,NA,0,https://www.airbnb.com/rooms/891857456096429680
891916960603698300,$195.00,NA,8,1,1,5,3.82,11,https://www.airbnb.com/rooms/891916960603698344
891921998004425500,NA,Neighborhood highlights,3,NA,1,NA,4.81,16,https://www.airbnb.com/rooms/891921998004425475
891954955953617500,$201.00,Neighborhood highlights,5,1,3,3,4.47,19,https://www.airbnb.com/rooms/891954955953617483
891972022242666e3,$134.00,Neighborhood highlights,3,1,1,2,5,1,https://www.airbnb.com/rooms/891972022242665951
892026379481282300,$150.00,NA,2,1,1,1,NA,0,https://www.airbnb.com/rooms/892026379481282248
892031805528633100,$150.00,Neighborhood highlights,2,1,1,1,5,5,https://www.airbnb.com/rooms/892031805528633128
892062871692444200,$750.00,Neighborhood highlights,6,3,2,5,NA,0,https://www.airbnb.com/rooms/892062871692444110
892063550476731100,NA,Neighborhood highlights,2,NA,NA,NA,3.63,8,https://www.airbnb.com/rooms/892063550476731196
892079701167817700,$350.00,Neighborhood highlights,2,1,2,2,5,1,https://www.airbnb.com/rooms/892079701167817777
892089187412453e3,$100.00,NA,2,1,1,1,4.5,2,https://www.airbnb.com/rooms/892089187412452932
892094079568963200,NA,Neighborhood highlights,2,NA,NA,NA,5,4,https://www.airbnb.com/rooms/892094079568963254
8.9210762574837594e+17,$150.00,NA,4,1,2,2,4.6,10,https://www.airbnb.com/rooms/892107625748375934
892107678392660400,NA,NA,2,NA,NA,NA,5,16,https://www.airbnb.com/rooms/892107678392660367
892133139563845500,$48.00,NA,2,1,1,1,4.88,16,https://www.airbnb.com/rooms/892133139563845558
892153575639889500,$272.00,Neighborhood highlights,4,1.5,2,2,5,1,https://www.airbnb.com/rooms/892153575639889577
892163187280345600,$200.00,NA,2,1,1,1,4.88,24,https://www.airbnb.com/rooms/892163187280345537
892166705276348900,$175.00,NA,2,1,1,1,4.91,47,https://www.airbnb.com/rooms/892166705276348978
8.9220566507354406e+17,$90.00,Neighborhood highlights,1,1,1,1,5,2,https://www.airbnb.com/rooms/892205665073544010
892234896229665500,$108.00,NA,2,1,1,1,4.94,18,https://www.airbnb.com/rooms/892234896229665553
892277263570627500,NA,NA,1,NA,NA,NA,5,2,https://www.airbnb.com/rooms/892277263570627452
892288005152459600,$168.00,NA,2,1,1,1,5,5,https://www.airbnb.com/rooms/892288005152459703
892319696785638300,$94.00,Neighborhood highlights,2,1,1,2,4.8,20,https://www.airbnb.com/rooms/892319696785638223
892640365984237700,$100.00,NA,1,1,1,1,5,1,https://www.airbnb.com/rooms/892640365984237716
892641611171517600,$615.00,NA,2,1,1,1,NA,0,https://www.airbnb.com/rooms/892641611171517577
892649108042423200,$150.00,NA,5,1,3,3,4.72,18,https://www.airbnb.com/rooms/892649108042423190
892682416283989800,$103.00,NA,2,2.5,1,2,4.86,57,https://www.airbnb.com/rooms/892682416283989783
892715489775350700,NA,Neighborhood highlights,10,NA,4,NA,4.79,14,https://www.airbnb.com/rooms/892715489775350685
892744680973419800,$176.00,Neighborhood highlights,2,1,1,1,NA,0,https://www.airbnb.com/rooms/892744680973419764
892749132585532800,$84.00,Neighborhood highlights,1,1,1,1,5,9,https://www.airbnb.com/rooms/892749132585532786
892766908584747300,$70.00,NA,1,1.5,1,1,4.75,4,https://www.airbnb.com/rooms/892766908584747254
892876907569966e3,$143.00,Neighborhood highlights,2,1,2,1,5,15,https://www.airbnb.com/rooms/892876907569965980
892888899199163600,$59.00,NA,2,1,1,1,5,1,https://www.airbnb.com/rooms/892888899199163639
892945511885182e3,NA,Neighborhood highlights,3,NA,1,NA,4,1,https://www.airbnb.com/rooms/892945511885181975
892945902800833800,$33.00,Neighborhood highlights,1,1,1,1,4.49,39,https://www.airbnb.com/rooms/892945902800833733
892968676280864500,$250.00,Neighborhood highlights,2,1,2,4,4.97,31,https://www.airbnb.com/rooms/892968676280864546
892982419216339500,$125.00,Neighborhood highlights,2,1,1,1,4.83,6,https://www.airbnb.com/rooms/892982419216339428
893129836556260500,$89.00,Neighborhood highlights,4,1,2,2,4.67,3,https://www.airbnb.com/rooms/893129836556260443
893178433399302400,$282.00,Neighborhood highlights,2,1,1,1,NA,0,https://www.airbnb.com/rooms/893178433399302391
893242869143203700,$110.00,Neighborhood highlights,2,1,0,2,5,3,https://www.airbnb.com/rooms/893242869143203735
893384294866390900,$150.00,Neighborhood highlights,3,1,0,2,4.86,36,https://www.airbnb.com/rooms/893384294866390910
893419014177589800,$189.00,NA,5,1,3,3,4.72,39,https://www.airbnb.com/rooms/893419014177589726
893453178636995300,$200.00,NA,2,1,1,1,NA,0,https://www.airbnb.com/rooms/893453178636995373
893468101723043700,NA,NA,2,NA,2,NA,NA,0,https://www.airbnb.com/rooms/893468101723043768
893469473798535e3,$52.00,Neighborhood highlights,2,1,1,1,5,1,https://www.airbnb.com/rooms/893469473798535038
893539889281697e3,$415.00,NA,10,3,5,5,4.94,17,https://www.airbnb.com/rooms/893539889281697061
893588441583803300,$350.00,Neighborhood highlights,2,1,1,1,NA,0,https://www.airbnb.com/rooms/893588441583803250
893591304959077100,$237.00,NA,2,1,1,1,5,1,https://www.airbnb.com/rooms/893591304959077092
893599521724577800,$112.00,NA,3,1,1,1,NA,0,https://www.airbnb.com/rooms/893599521724577751
893612274665070100,$164.00,NA,2,1,1,1,4.94,35,https://www.airbnb.com/rooms/893612274665070055
893625554299121300,NA,NA,3,NA,1,NA,5,3,https://www.airbnb.com/rooms/893625554299121309
893630966117525400,$280.00,Neighborhood highlights,2,2,1,1,5,1,https://www.airbnb.com/rooms/893630966117525428
893642577224806700,$180.00,Neighborhood highlights,2,1.5,1,2,4.5,12,https://www.airbnb.com/rooms/893642577224806699
893683257073499600,$45.00,Neighborhood highlights,1,2,1,1,5,1,https://www.airbnb.com/rooms/893683257073499708
893938725384780900,$76.00,NA,1,0,3,1,NA,0,https://www.airbnb.com/rooms/893938725384780903
894060385873877900,$239.00,Neighborhood highlights,4,1,0,2,4.61,28,https://www.airbnb.com/rooms/894060385873877940
894082955290213600,$102.00,NA,1,0,3,1,NA,0,https://www.airbnb.com/rooms/894082955290213627
894088687601438e3,$51.00,NA,2,1.5,1,1,3.8,10,https://www.airbnb.com/rooms/894088687601438005
894089586985952900,$106.00,NA,4,1,1,2,5,2,https://www.airbnb.com/rooms/894089586985952896
894107100717429e3,$125.00,NA,4,1,2,2,4.56,18,https://www.airbnb.com/rooms/894107100717428934
894120007353274100,NA,Neighborhood highlights,2,NA,NA,NA,4.56,9,https://www.airbnb.com/rooms/894120007353274099
894195367256167400,$238.00,Neighborhood highlights,2,1,3,3,4.88,16,https://www.airbnb.com/rooms/894195367256167429
894236663009316700,$40.00,Neighborhood highlights,1,2,1,1,5,1,https://www.airbnb.com/rooms/894236663009316679
894286712932651600,$253.00,NA,2,1,1,1,NA,0,https://www.airbnb.com/rooms/894286712932651698
894301369025750500,$239.00,NA,2,1,1,1,4,1,https://www.airbnb.com/rooms/894301369025750490
894303627800187900,$290.00,NA,2,1,1,1,NA,0,https://www.airbnb.com/rooms/894303627800187949
894305169699584600,$237.00,NA,2,1,1,1,NA,0,https://www.airbnb.com/rooms/894305169699584612
894322542386341e3,$566.00,Neighborhood highlights,6,3,3,3,5,1,https://www.airbnb.com/rooms/894322542386341043
894374922703393e3,$155.00,Neighborhood highlights,4,1,2,2,4.86,21,https://www.airbnb.com/rooms/894374922703392976
894434095790244400,NA,Neighborhood highlights,3,NA,1,NA,5,6,https://www.airbnb.com/rooms/894434095790244315
894500003651727500,"$1,500.00",NA,5,2,2,4,NA,0,https://www.airbnb.com/rooms/894500003651727444
894551787107647200,$279.00,Neighborhood highlights,2,1,1,1,NA,0,https://www.airbnb.com/rooms/894551787107647241
894553564086335e3,NA,Neighborhood highlights,2,NA,1,NA,NA,0,https://www.airbnb.com/rooms/894553564086334960
894555941110363100,NA,Neighborhood highlights,2,NA,1,NA,NA,0,https://www.airbnb.com/rooms/894555941110363154
894558541575176700,NA,Neighborhood highlights,2,NA,1,NA,NA,0,https://www.airbnb.com/rooms/894558541575176708
894560087785803400,NA,Neighborhood highlights,2,NA,1,NA,NA,0,https://www.airbnb.com/rooms/894560087785803448
894561202701681200,NA,Neighborhood highlights,2,NA,1,NA,NA,0,https://www.airbnb.com/rooms/894561202701681158
894563384571028900,NA,Neighborhood highlights,2,NA,1,NA,NA,0,https://www.airbnb.com/rooms/894563384571028904
894564028658563200,NA,Neighborhood highlights,2,NA,1,NA,NA,0,https://www.airbnb.com/rooms/894564028658563218
894736262481713300,$77.00,Neighborhood highlights,2,1,1,1,5,4,https://www.airbnb.com/rooms/894736262481713316
894778231614694300,$80.00,NA,2,1,1,1,4.86,36,https://www.airbnb.com/rooms/894778231614694246
894783088681425e3,$153.00,NA,2,1,1,1,5,10,https://www.airbnb.com/rooms/894783088681425080
894867782059127700,NA,NA,2,NA,1,NA,NA,0,https://www.airbnb.com/rooms/894867782059127684
894870843494950900,NA,NA,2,NA,1,NA,NA,0,https://www.airbnb.com/rooms/894870843494950968
894872935558886500,NA,NA,2,NA,1,NA,NA,0,https://www.airbnb.com/rooms/894872935558886489
894875427208020600,NA,NA,2,NA,1,NA,NA,0,https://www.airbnb.com/rooms/894875427208020599
894877034556090400,NA,NA,2,NA,1,NA,NA,0,https://www.airbnb.com/rooms/894877034556090428
894878628560608400,NA,NA,2,NA,1,NA,NA,0,https://www.airbnb.com/rooms/894878628560608342
894880971080403800,NA,NA,2,NA,1,NA,5,4,https://www.airbnb.com/rooms/894880971080403810
894883521311487600,NA,NA,2,NA,1,NA,NA,0,https://www.airbnb.com/rooms/894883521311487624
894885186131205100,NA,NA,2,NA,1,NA,NA,0,https://www.airbnb.com/rooms/894885186131205092
894909051395582800,$314.00,NA,3,1,0,1,4.75,4,https://www.airbnb.com/rooms/894909051395582827
894940206642444900,$70.00,NA,2,1,1,1,5,1,https://www.airbnb.com/rooms/894940206642444945
895007080264023600,$103.00,Neighborhood highlights,2,1,1,1,5,40,https://www.airbnb.com/rooms/895007080264023582
895166281363796500,$175.00,NA,2,1,1,1,5,7,https://www.airbnb.com/rooms/895166281363796536
895286761918389e3,NA,Neighborhood highlights,2,NA,1,NA,NA,0,https://www.airbnb.com/rooms/895286761918388944
895288470492913200,NA,Neighborhood highlights,2,NA,1,NA,NA,0,https://www.airbnb.com/rooms/895288470492913178
895435303596165600,$195.00,NA,2,1,1,1,4.71,28,https://www.airbnb.com/rooms/895435303596165642
895476726063394200,$140.00,Neighborhood highlights,4,1,2,2,5,1,https://www.airbnb.com/rooms/895476726063394199
895502673828974300,$190.00,Neighborhood highlights,4,1,1,2,5,5,https://www.airbnb.com/rooms/895502673828974285
895547053633648500,$65.00,Neighborhood highlights,2,1,1,2,5,1,https://www.airbnb.com/rooms/895547053633648514
895570784789626500,$150.00,Neighborhood highlights,4,1,1,1,4.88,16,https://www.airbnb.com/rooms/895570784789626480
8955915738388e5,$56.00,NA,1,2,1,1,4.57,7,https://www.airbnb.com/rooms/895591573838800060
895648087137862700,$58.00,Neighborhood highlights,1,1,1,1,5,2,https://www.airbnb.com/rooms/895648087137862595
895659217153400400,$30.00,Neighborhood highlights,1,1,1,2,4.55,20,https://www.airbnb.com/rooms/895659217153400418
89568161779689e4,$292.00,NA,2,1,1,1,4.67,12,https://www.airbnb.com/rooms/895681617796889995
895703923322957300,NA,NA,2,NA,1,NA,4.89,9,https://www.airbnb.com/rooms/895703923322957267
895728856553995800,$175.00,NA,1,1,1,1,NA,0,https://www.airbnb.com/rooms/895728856553995817
895763093322058400,NA,NA,4,NA,NA,NA,NA,0,https://www.airbnb.com/rooms/895763093322058420
895763631484404700,$147.00,NA,2,1,1,1,4,2,https://www.airbnb.com/rooms/895763631484404749
895798141173646300,$94.00,Neighborhood highlights,2,1,1,2,5,1,https://www.airbnb.com/rooms/895798141173646301
895829139047810800,$63.00,Neighborhood highlights,1,1,1,1,4.2,5,https://www.airbnb.com/rooms/895829139047810776
895849504534728800,$190.00,Neighborhood highlights,4,1,2,2,4.83,52,https://www.airbnb.com/rooms/895849504534728870
895852155449630100,"$1,071.00",Neighborhood highlights,6,3,3,3,5,1,https://www.airbnb.com/rooms/895852155449630100
895959960269467e3,$70.00,NA,2,1,1,1,NA,0,https://www.airbnb.com/rooms/895959960269467013
896178972601608700,$116.00,NA,2,1,1,1,4.92,59,https://www.airbnb.com/rooms/896178972601608711
8.9618577842544794e+17,"$1,000.00",NA,8,2,2,5,NA,0,https://www.airbnb.com/rooms/896185778425447968
896289975325622400,NA,Neighborhood highlights,1,NA,NA,NA,5,1,https://www.airbnb.com/rooms/896289975325622375
896396385687132500,$350.00,Neighborhood highlights,5,1,1,2,5,1,https://www.airbnb.com/rooms/896396385687132511
896444436938739200,$200.00,NA,2,1,1,1,NA,0,https://www.airbnb.com/rooms/896444436938739154
896467430216714500,$261.00,Neighborhood highlights,5,2,2,3,4.97,35,https://www.airbnb.com/rooms/896467430216714455
896486644984575400,$265.00,Neighborhood highlights,4,1,2,3,4.96,26,https://www.airbnb.com/rooms/896486644984575401
896495832907038100,NA,Neighborhood highlights,2,NA,2,NA,4.96,24,https://www.airbnb.com/rooms/896495832907038111
896504117378380900,$221.00,NA,5,1,2,3,4.76,34,https://www.airbnb.com/rooms/896504117378380893
896536679580590800,$105.00,NA,1,1,1,1,5,5,https://www.airbnb.com/rooms/896536679580590826
896547434400061800,$50.00,Neighborhood highlights,2,2,1,1,4.83,6,https://www.airbnb.com/rooms/896547434400061834
896561005310735500,$214.00,Neighborhood highlights,4,1,2,2,5,7,https://www.airbnb.com/rooms/896561005310735467
896569389103548200,$69.00,Neighborhood highlights,2,1,1,1,NA,0,https://www.airbnb.com/rooms/896569389103548178
896596674361213700,NA,NA,7,NA,3,NA,5,1,https://www.airbnb.com/rooms/896596674361213720
896682251904851600,NA,Neighborhood highlights,2,NA,NA,NA,5,4,https://www.airbnb.com/rooms/896682251904851522
896939245238848900,NA,Neighborhood highlights,2,NA,3,NA,4.67,3,https://www.airbnb.com/rooms/896939245238848955
896953858947379800,NA,Neighborhood highlights,2,NA,NA,NA,1,2,https://www.airbnb.com/rooms/896953858947379793
896986299190547800,$371.00,NA,2,1.5,1,1,4.91,11,https://www.airbnb.com/rooms/896986299190547837
897041305892758800,$300.00,NA,5,3.5,3,4,5,2,https://www.airbnb.com/rooms/897041305892758722
897089711642898800,$38.00,NA,1,2,1,1,NA,0,https://www.airbnb.com/rooms/897089711642898827
897096495164150700,$77.00,Neighborhood highlights,2,1,1,1,4.9,21,https://www.airbnb.com/rooms/897096495164150615
897112860184859400,$100.00,NA,2,1,1,1,NA,0,https://www.airbnb.com/rooms/897112860184859342
897171274730049700,NA,Neighborhood highlights,2,NA,1,NA,NA,0,https://www.airbnb.com/rooms/897171274730049643
897187056404446300,$200.00,NA,2,2,2,2,4.9,10,https://www.airbnb.com/rooms/897187056404446274
897188303018264200,$109.00,NA,1,0.5,1,1,NA,0,https://www.airbnb.com/rooms/897188303018264214
897190757952784e3,$288.00,Neighborhood highlights,4,1,2,2,NA,0,https://www.airbnb.com/rooms/897190757952784023
897191045434321900,$67.00,Neighborhood highlights,1,1,1,1,5,7,https://www.airbnb.com/rooms/897191045434321961
897193173064996200,$200.00,Neighborhood highlights,2,2,1,1,4.93,14,https://www.airbnb.com/rooms/897193173064996251
897323444335573600,$120.00,NA,4,1,1,1,3.88,8,https://www.airbnb.com/rooms/897323444335573582
897339469074657700,$67.00,Neighborhood highlights,2,1,1,1,4.8,15,https://www.airbnb.com/rooms/897339469074657727
89736677258209e4,$94.00,Neighborhood highlights,2,1.5,1,2,4.82,34,https://www.airbnb.com/rooms/897366772582089952
897441590874788600,$138.00,Neighborhood highlights,4,1,2,3,4.78,78,https://www.airbnb.com/rooms/897441590874788617
897451447098870900,NA,Neighborhood highlights,2,NA,1,NA,NA,0,https://www.airbnb.com/rooms/897451447098870850
897452028747926400,NA,Neighborhood highlights,2,NA,1,NA,NA,0,https://www.airbnb.com/rooms/897452028747926427
897454101936968400,NA,Neighborhood highlights,4,NA,1,NA,NA,0,https://www.airbnb.com/rooms/897454101936968502
897455611111423600,NA,Neighborhood highlights,4,NA,1,NA,NA,0,https://www.airbnb.com/rooms/897455611111423585
897457160611399400,NA,Neighborhood highlights,2,NA,1,NA,NA,0,https://www.airbnb.com/rooms/897457160611399456
897457938992690400,NA,Neighborhood highlights,2,NA,1,NA,NA,0,https://www.airbnb.com/rooms/897457938992690466
897459576506884600,NA,Neighborhood highlights,2,NA,1,NA,NA,0,https://www.airbnb.com/rooms/897459576506884553
897460244050106200,NA,Neighborhood highlights,2,NA,1,NA,NA,0,https://www.airbnb.com/rooms/897460244050106294
897461187104186100,NA,Neighborhood highlights,2,NA,1,NA,NA,0,https://www.airbnb.com/rooms/897461187104186068
897551501705489500,$49.00,NA,1,1,1,1,5,1,https://www.airbnb.com/rooms/897551501705489525
897596420535159300,$95.00,NA,2,1,1,1,5,11,https://www.airbnb.com/rooms/897596420535159358
897622871165712e3,$135.00,Neighborhood highlights,1,1,3,1,5,4,https://www.airbnb.com/rooms/897622871165711966
897671789573838500,$350.00,Neighborhood highlights,2,0,0,1,NA,0,https://www.airbnb.com/rooms/897671789573838437
897728197654372900,$200.00,NA,2,1,0,1,4.8,20,https://www.airbnb.com/rooms/897728197654372903
897773635353382900,$350.00,NA,2,1.5,3,4,4.46,28,https://www.airbnb.com/rooms/897773635353382964
897889938438817800,NA,Neighborhood highlights,1,NA,NA,NA,4.71,14,https://www.airbnb.com/rooms/897889938438817775
897898502325432700,NA,Neighborhood highlights,2,NA,1,NA,5,1,https://www.airbnb.com/rooms/897898502325432670
897949174044168700,$140.00,Neighborhood highlights,2,1,1,1,5,42,https://www.airbnb.com/rooms/897949174044168754
898016776433060200,$39.00,Neighborhood highlights,1,1,1,1,5,3,https://www.airbnb.com/rooms/898016776433060233
898032158839073500,$279.00,Neighborhood highlights,6,1.5,1,3,4.76,25,https://www.airbnb.com/rooms/898032158839073557
898047985441174500,$172.00,NA,3,1,1,1,5,3,https://www.airbnb.com/rooms/898047985441174541
898077144962515300,$357.00,NA,6,2.5,2,3,5,2,https://www.airbnb.com/rooms/898077144962515384
898096440723080700,$60.00,Neighborhood highlights,2,1,1,1,NA,0,https://www.airbnb.com/rooms/898096440723080683
898131131475931600,$86.00,NA,1,1,0,1,4.68,22,https://www.airbnb.com/rooms/898131131475931632
898139541091550600,$179.00,NA,2,1,1,1,5,14,https://www.airbnb.com/rooms/898139541091550572
898322310635830500,$322.00,Neighborhood highlights,2,1,1,1,NA,0,https://www.airbnb.com/rooms/898322310635830570
8.9835132821090406e+17,$254.00,NA,2,1,2,3,4.63,8,https://www.airbnb.com/rooms/898351328210904074
898425696243041800,$302.00,Neighborhood highlights,2,1,1,1,4.75,12,https://www.airbnb.com/rooms/898425696243041784
898450531679969200,$289.00,Neighborhood highlights,1,1,1,1,NA,0,https://www.airbnb.com/rooms/898450531679969199
898474505239570400,NA,Neighborhood highlights,2,NA,1,NA,4.5,2,https://www.airbnb.com/rooms/898474505239570380
898478373060986900,NA,Neighborhood highlights,2,NA,1,NA,NA,0,https://www.airbnb.com/rooms/898478373060986935
898479352749900900,NA,Neighborhood highlights,2,NA,1,NA,4.5,2,https://www.airbnb.com/rooms/898479352749900866
898486431740648600,NA,Neighborhood highlights,2,NA,1,NA,4,1,https://www.airbnb.com/rooms/898486431740648554
898489040303579800,NA,Neighborhood highlights,2,NA,1,NA,NA,0,https://www.airbnb.com/rooms/898489040303579774
898492860828688800,NA,Neighborhood highlights,2,NA,1,NA,NA,0,https://www.airbnb.com/rooms/898492860828688802
898493693947809200,NA,Neighborhood highlights,2,NA,1,NA,5,1,https://www.airbnb.com/rooms/898493693947809120
898535197012301600,$199.00,NA,4,1.5,2,2,4.93,15,https://www.airbnb.com/rooms/898535197012301519
898606156114688500,$200.00,NA,4,1,1,2,NA,0,https://www.airbnb.com/rooms/898606156114688562
898629985610474500,$325.00,NA,4,1,1,2,4.4,5,https://www.airbnb.com/rooms/898629985610474489
898710443049265200,NA,Neighborhood highlights,4,NA,1,NA,NA,0,https://www.airbnb.com/rooms/898710443049265149
898746552381581300,NA,Neighborhood highlights,1,NA,NA,NA,NA,0,https://www.airbnb.com/rooms/898746552381581282
898755613660028200,$180.00,Neighborhood highlights,1,1,1,1,5,57,https://www.airbnb.com/rooms/898755613660028115
898762908764470800,$950.00,NA,4,2,2,2,5,1,https://www.airbnb.com/rooms/898762908764470763
898817174383059600,$50.00,Neighborhood highlights,2,1,1,1,NA,0,https://www.airbnb.com/rooms/898817174383059616
898833379500155400,$50.00,Neighborhood highlights,2,1,1,1,NA,0,https://www.airbnb.com/rooms/898833379500155456
898846217831725400,NA,Neighborhood highlights,2,NA,NA,NA,5,2,https://www.airbnb.com/rooms/898846217831725424
898904640609152100,$93.00,NA,5,1,2,3,4.88,32,https://www.airbnb.com/rooms/898904640609152150
898913205816755800,NA,Neighborhood highlights,4,NA,2,NA,NA,0,https://www.airbnb.com/rooms/898913205816755858
898914664529896700,NA,Neighborhood highlights,4,NA,2,NA,NA,0,https://www.airbnb.com/rooms/898914664529896753
8.9891783322101594e+17,NA,Neighborhood highlights,8,NA,2,NA,NA,0,https://www.airbnb.com/rooms/898917833221015956
898920539212570100,NA,Neighborhood highlights,8,NA,2,NA,NA,0,https://www.airbnb.com/rooms/898920539212570080
898934003622395400,NA,Neighborhood highlights,2,NA,NA,NA,NA,0,https://www.airbnb.com/rooms/898934003622395402
898934440823594100,NA,Neighborhood highlights,2,NA,NA,NA,5,1,https://www.airbnb.com/rooms/898934440823594118
898935195254453200,NA,Neighborhood highlights,2,NA,NA,NA,NA,0,https://www.airbnb.com/rooms/898935195254453224
898986216952301400,$42.00,Neighborhood highlights,2,1,1,1,NA,0,https://www.airbnb.com/rooms/898986216952301480
89898645772208e4,$42.00,Neighborhood highlights,2,1,1,1,NA,0,https://www.airbnb.com/rooms/898986457722079943
898999906860964e3,$40.00,Neighborhood highlights,2,1,1,1,NA,0,https://www.airbnb.com/rooms/898999906860963978
899000055105472400,$40.00,Neighborhood highlights,2,1,1,1,5,1,https://www.airbnb.com/rooms/899000055105472340
899019461092822500,NA,Neighborhood highlights,2,NA,NA,NA,5,1,https://www.airbnb.com/rooms/899019461092822487
899019513347024300,$43.00,Neighborhood highlights,2,1,1,1,3,1,https://www.airbnb.com/rooms/899019513347024196
8990195873977e5,$43.00,Neighborhood highlights,2,1,1,1,NA,0,https://www.airbnb.com/rooms/899019587397699911
899029977125048400,NA,Neighborhood highlights,2,NA,NA,NA,NA,0,https://www.airbnb.com/rooms/899029977125048428
899030047918218800,$45.00,Neighborhood highlights,2,1,1,1,4.5,2,https://www.airbnb.com/rooms/899030047918218740
899030143126289400,NA,Neighborhood highlights,2,NA,NA,NA,NA,0,https://www.airbnb.com/rooms/899030143126289346
899034823249263e3,$219.00,NA,2,1,0,1,4.5,4,https://www.airbnb.com/rooms/899034823249263016
899119632256906500,$200.00,NA,4,1,2,3,5,3,https://www.airbnb.com/rooms/899119632256906495
899205328206948400,$298.00,NA,4,1,1,1,NA,0,https://www.airbnb.com/rooms/899205328206948365
899299370537902800,$80.00,NA,1,0,3,1,NA,0,https://www.airbnb.com/rooms/899299370537902788
899303829992787e3,$90.00,Neighborhood highlights,2,1,1,1,4.92,12,https://www.airbnb.com/rooms/899303829992786945
899314293384838300,$70.00,Neighborhood highlights,2,1,1,1,4.67,6,https://www.airbnb.com/rooms/899314293384838218
899326733086710900,$105.00,NA,2,1,1,1,4.67,3,https://www.airbnb.com/rooms/899326733086710972
899437938846343200,$165.00,NA,5,1,2,3,4.69,13,https://www.airbnb.com/rooms/899437938846343113
899606630393855900,$145.00,Neighborhood highlights,5,2,2,2,5,1,https://www.airbnb.com/rooms/899606630393855890
899752796158016600,$200.00,NA,3,1,2,2,4.89,9,https://www.airbnb.com/rooms/899752796158016647
899839811968884e3,NA,NA,1,NA,NA,NA,5,2,https://www.airbnb.com/rooms/899839811968884003
899872776956071200,$275.00,Neighborhood highlights,7,1,1,1,4.88,43,https://www.airbnb.com/rooms/899872776956071144
899872901354773400,$140.00,Neighborhood highlights,3,1,1,1,5,7,https://www.airbnb.com/rooms/899872901354773320
899891109371691500,$106.00,Neighborhood highlights,1,1,1,1,5,6,https://www.airbnb.com/rooms/899891109371691579
899892308740180500,$296.00,NA,8,1,3,4,NA,0,https://www.airbnb.com/rooms/899892308740180470
899904670071141600,NA,NA,2,NA,NA,NA,NA,0,https://www.airbnb.com/rooms/899904670071141603
899915234353462900,$85.00,NA,2,1,1,1,4.86,7,https://www.airbnb.com/rooms/899915234353462972
899921833554830600,$51.00,Neighborhood highlights,1,1,1,1,5,7,https://www.airbnb.com/rooms/899921833554830653
899938894250085600,NA,Neighborhood highlights,2,NA,NA,NA,5,2,https://www.airbnb.com/rooms/899938894250085681
899955635638086500,$172.00,Neighborhood highlights,7,1,4,4,5,3,https://www.airbnb.com/rooms/899955635638086571
899973821755358800,$75.00,Neighborhood highlights,2,1,2,2,5,3,https://www.airbnb.com/rooms/899973821755358897
899998186405504500,$160.00,Neighborhood highlights,2,1,1,1,4.8,10,https://www.airbnb.com/rooms/899998186405504538
899998468425557200,$225.00,Neighborhood highlights,4,1,1,2,4.57,7,https://www.airbnb.com/rooms/899998468425557259
900021184809940500,$223.00,NA,4,1,1,2,4.83,6,https://www.airbnb.com/rooms/900021184809940519
900031651019083400,$120.00,NA,2,1,1,1,4.38,8,https://www.airbnb.com/rooms/900031651019083404
900036861618829600,$299.00,NA,5,1,2,2,4.89,9,https://www.airbnb.com/rooms/900036861618829572
900041352632676500,$850.00,Neighborhood highlights,6,2,2,3,5,4,https://www.airbnb.com/rooms/900041352632676461
900049931829491600,$92.00,NA,3,1,2,3,NA,0,https://www.airbnb.com/rooms/900049931829491634
900095243340236800,$129.00,NA,2,1,1,1,4.44,9,https://www.airbnb.com/rooms/900095243340236823
900161726918924800,$220.00,NA,1,1,2,1,NA,0,https://www.airbnb.com/rooms/900161726918924857
900210961874346900,$220.00,Neighborhood highlights,4,1,2,2,4.92,25,https://www.airbnb.com/rooms/900210961874346857
900271090976221800,NA,Neighborhood highlights,6,NA,3,NA,NA,0,https://www.airbnb.com/rooms/900271090976221817
900271895075204200,NA,Neighborhood highlights,6,NA,3,NA,NA,0,https://www.airbnb.com/rooms/900271895075204186
900274882929421200,NA,Neighborhood highlights,12,NA,3,NA,NA,0,https://www.airbnb.com/rooms/900274882929421219
900275620182913300,NA,Neighborhood highlights,12,NA,3,NA,NA,0,https://www.airbnb.com/rooms/900275620182913319
900301067012439700,$289.00,Neighborhood highlights,6,1,2,3,4.96,46,https://www.airbnb.com/rooms/900301067012439683
900438606900160900,$56.00,NA,2,1,1,1,NA,0,https://www.airbnb.com/rooms/900438606900160902
900520830626055600,$291.00,Neighborhood highlights,4,2,2,2,NA,0,https://www.airbnb.com/rooms/900520830626055530
900523198699096600,$120.00,Neighborhood highlights,2,1,1,1,4.44,9,https://www.airbnb.com/rooms/900523198699096632
900535240614381200,$270.00,Neighborhood highlights,4,2,2,2,NA,0,https://www.airbnb.com/rooms/900535240614381152
900538735735963300,$191.00,NA,4,1,2,2,5,1,https://www.airbnb.com/rooms/900538735735963320
900574988513659400,$70.00,Neighborhood highlights,1,2,2,2,4.86,37,https://www.airbnb.com/rooms/900574988513659456
900581617531409200,$333.00,Neighborhood highlights,5,2,3,3,NA,0,https://www.airbnb.com/rooms/900581617531409181
900624957052293800,NA,NA,1,NA,NA,NA,NA,0,https://www.airbnb.com/rooms/900624957052293778
900694366864703200,$140.00,NA,4,1,1,2,4.92,12,https://www.airbnb.com/rooms/900694366864703170
900756762692073600,$195.00,NA,2,1,1,1,NA,0,https://www.airbnb.com/rooms/900756762692073591
900845159348542800,$39.00,NA,2,1,1,1,NA,0,https://www.airbnb.com/rooms/900845159348542811
900895229439907100,$140.00,NA,4,1,3,3,4,7,https://www.airbnb.com/rooms/900895229439907113
901353931813750700,$196.00,NA,4,1,0,2,4.79,57,https://www.airbnb.com/rooms/901353931813750670
901381967672384400,$200.00,Neighborhood highlights,2,1,1,1,5,11,https://www.airbnb.com/rooms/901381967672384357
901524563722382e3,$300.00,NA,3,1.5,1,1,4.25,4,https://www.airbnb.com/rooms/901524563722382012
901545811560679300,$125.00,NA,2,1,2,1,4.67,9,https://www.airbnb.com/rooms/901545811560679267
901560963483324400,$239.00,Neighborhood highlights,2,1,1,1,NA,0,https://www.airbnb.com/rooms/901560963483324467
901594040588120200,NA,Neighborhood highlights,3,NA,1,NA,4.94,16,https://www.airbnb.com/rooms/901594040588120254
901609055054730400,$257.00,NA,4,1,2,2,4.87,63,https://www.airbnb.com/rooms/901609055054730360
901715413113834e3,$500.00,NA,10,2,4,8,NA,0,https://www.airbnb.com/rooms/901715413113833978
901723988724255700,"$2,800.00",NA,3,1,1,1,NA,0,https://www.airbnb.com/rooms/901723988724255705
902141236113014800,$175.00,Neighborhood highlights,2,1,1,3,4.73,11,https://www.airbnb.com/rooms/902141236113014829
90217747007699e4,$125.00,Neighborhood highlights,1,1,1,1,4.75,4,https://www.airbnb.com/rooms/902177470076989986
90218190400248e4,$80.00,NA,2,1,1,1,NA,0,https://www.airbnb.com/rooms/902181904002480055
902190686960271600,$100.00,Neighborhood highlights,2,2,1,1,4.74,23,https://www.airbnb.com/rooms/902190686960271673
902193682087373600,$219.00,Neighborhood highlights,4,1,2,3,5,3,https://www.airbnb.com/rooms/902193682087373578
902208295121798800,$145.00,Neighborhood highlights,2,1,1,2,4.79,19,https://www.airbnb.com/rooms/902208295121798734
902221077117705600,$220.00,NA,2,1,1,1,NA,0,https://www.airbnb.com/rooms/902221077117705565
902225058371011600,$100.00,NA,2,1,1,1,5,3,https://www.airbnb.com/rooms/902225058371011638
902236486463328800,$220.00,NA,2,1,1,1,NA,0,https://www.airbnb.com/rooms/902236486463328717
902274036912134e3,$105.00,NA,4,1,1,2,4.67,6,https://www.airbnb.com/rooms/902274036912133963
902291503651491300,NA,Neighborhood highlights,3,NA,NA,NA,4.81,16,https://www.airbnb.com/rooms/902291503651491345
902301984135743400,$120.00,Neighborhood highlights,3,1,1,2,4.5,10,https://www.airbnb.com/rooms/902301984135743401
902347488375525600,NA,Neighborhood highlights,2,NA,1,NA,4.94,18,https://www.airbnb.com/rooms/902347488375525664
902455878427288300,$75.00,NA,2,1,0,2,5,1,https://www.airbnb.com/rooms/902455878427288307
902457879472632300,$131.00,NA,2,1,1,1,NA,0,https://www.airbnb.com/rooms/902457879472632283
902459784093603e3,$110.00,NA,2,1,1,2,NA,0,https://www.airbnb.com/rooms/902459784093602977
902576584149405300,NA,NA,2,NA,1,NA,5,3,https://www.airbnb.com/rooms/902576584149405264
902634222332941600,$253.00,Neighborhood highlights,2,1,1,1,NA,0,https://www.airbnb.com/rooms/902634222332941527
902718214390417900,$38.00,NA,1,1,4,1,NA,0,https://www.airbnb.com/rooms/902718214390417979
902809383437129200,$573.00,Neighborhood highlights,4,2,2,2,NA,0,https://www.airbnb.com/rooms/902809383437129274
902811891730431500,$435.00,Neighborhood highlights,2,1,1,1,NA,0,https://www.airbnb.com/rooms/902811891730431445
902812569692548900,$435.00,Neighborhood highlights,2,1.5,1,1,NA,0,https://www.airbnb.com/rooms/902812569692548885
902813434268355200,NA,Neighborhood highlights,2,NA,1,NA,NA,0,https://www.airbnb.com/rooms/902813434268355159
902827238435101e3,$95.00,NA,2,1,0,2,3.4,5,https://www.airbnb.com/rooms/902827238435101058
902909472855857300,NA,Neighborhood highlights,1,NA,NA,NA,NA,0,https://www.airbnb.com/rooms/902909472855857287
902910536148547300,$115.00,NA,1,1,1,1,4.93,28,https://www.airbnb.com/rooms/902910536148547320
902920099477213700,NA,Neighborhood highlights,4,NA,2,NA,5,4,https://www.airbnb.com/rooms/902920099477213654
902927650985371900,$160.00,NA,4,1,1,2,NA,0,https://www.airbnb.com/rooms/902927650985371940
902933858180439400,$50.00,Neighborhood highlights,2,1,1,1,5,1,https://www.airbnb.com/rooms/902933858180439366
902938170390156500,$50.00,Neighborhood highlights,2,1,1,1,NA,0,https://www.airbnb.com/rooms/902938170390156566
902939115237127700,$149.00,Neighborhood highlights,2,1,1,1,4.5,2,https://www.airbnb.com/rooms/902939115237127744
902948046654184400,$44.00,NA,1,1,1,1,NA,0,https://www.airbnb.com/rooms/902948046654184508
902949521262955500,$749.00,Neighborhood highlights,4,1,1,1,5,2,https://www.airbnb.com/rooms/902949521262955460
902949768567349600,$116.00,NA,2,1,1,1,4.4,5,https://www.airbnb.com/rooms/902949768567349631
902962513104551400,$180.00,Neighborhood highlights,2,1,1,2,4.5,2,https://www.airbnb.com/rooms/902962513104551401
903013004337597600,$75.00,Neighborhood highlights,2,1,1,1,4.75,8,https://www.airbnb.com/rooms/903013004337597541
903025741591233200,$88.00,NA,4,1,3,1,NA,0,https://www.airbnb.com/rooms/903025741591233106
903027129454197900,$299.00,Neighborhood highlights,3,1,1,1,5,3,https://www.airbnb.com/rooms/903027129454197865
903052654757256300,$225.00,NA,2,1,1,1,4.5,2,https://www.airbnb.com/rooms/903052654757256299
903067025276062e3,$170.00,NA,2,1,1,1,5,3,https://www.airbnb.com/rooms/903067025276062014
903068061959225200,$400.00,NA,15,0.5,3,3,5,1,https://www.airbnb.com/rooms/903068061959225269
903105549597436700,$49.00,Neighborhood highlights,3,2,3,3,5,1,https://www.airbnb.com/rooms/903105549597436717
903110151305806e3,NA,Neighborhood highlights,6,NA,3,NA,5,6,https://www.airbnb.com/rooms/903110151305805922
903186071445340200,$70.00,NA,1,1,NA,2,NA,0,https://www.airbnb.com/rooms/903186071445340104
903350785461266400,$350.00,NA,4,1,4,4,NA,0,https://www.airbnb.com/rooms/903350785461266470
903398844698238500,NA,Neighborhood highlights,1,NA,NA,NA,NA,0,https://www.airbnb.com/rooms/903398844698238420
903456647456152300,$150.00,Neighborhood highlights,3,1,2,2,5,6,https://www.airbnb.com/rooms/903456647456152357
903458940669528600,$46.00,Neighborhood highlights,2,1,1,1,5,4,https://www.airbnb.com/rooms/903458940669528518
903472266941997700,$388.00,Neighborhood highlights,2,1,1,1,NA,0,https://www.airbnb.com/rooms/903472266941997664
903472612170930600,$343.00,Neighborhood highlights,2,1,1,1,NA,0,https://www.airbnb.com/rooms/903472612170930563
903497169182793200,$84.00,NA,2,1,1,1,5,3,https://www.airbnb.com/rooms/903497169182793234
903518091869585200,$130.00,NA,2,1,1,1,5,5,https://www.airbnb.com/rooms/903518091869585200
903532779992444800,$44.00,NA,2,0.5,1,1,4.87,30,https://www.airbnb.com/rooms/903532779992444851
903538481180018300,$260.00,Neighborhood highlights,2,1,1,1,NA,0,https://www.airbnb.com/rooms/903538481180018263
903558683099075100,$115.00,NA,2,1,1,1,5,2,https://www.airbnb.com/rooms/903558683099075132
903598948687604700,"$8,550.00",NA,12,5,5,6,NA,0,https://www.airbnb.com/rooms/903598948687604703
903653179256778900,$79.00,NA,2,1,1,1,NA,0,https://www.airbnb.com/rooms/903653179256778879
903694272951730600,$185.00,NA,2,1,1,2,5,1,https://www.airbnb.com/rooms/903694272951730564
903703292568954e3,$46.00,NA,1,1,4,1,NA,0,https://www.airbnb.com/rooms/903703292568953969
903705658663843700,$362.00,Neighborhood highlights,5,1,4,4,NA,0,https://www.airbnb.com/rooms/903705658663843754
903705776124261600,$47.00,NA,1,2,4,1,NA,0,https://www.airbnb.com/rooms/903705776124261598
903716640338198100,$295.00,Neighborhood highlights,4,1,3,3,NA,0,https://www.airbnb.com/rooms/903716640338198156
903724195839405600,$295.00,Neighborhood highlights,4,1,3,3,NA,0,https://www.airbnb.com/rooms/903724195839405560
903729588849696100,$355.00,Neighborhood highlights,4,1.5,4,4,NA,0,https://www.airbnb.com/rooms/903729588849696083
903747148313828400,$366.00,Neighborhood highlights,4,1.5,4,4,NA,0,https://www.airbnb.com/rooms/903747148313828345
903755664653316500,$382.00,Neighborhood highlights,4,1.5,4,4,NA,0,https://www.airbnb.com/rooms/903755664653316488
903769501440623200,$106.00,Neighborhood highlights,2,1,1,1,NA,0,https://www.airbnb.com/rooms/903769501440623255
903808034491004800,$102.00,Neighborhood highlights,2,1,1,2,4.93,42,https://www.airbnb.com/rooms/903808034491004746
903846654931945500,$54.00,NA,2,1,1,1,5,5,https://www.airbnb.com/rooms/903846654931945447
903864583526616400,$300.00,Neighborhood highlights,4,1,2,2,NA,0,https://www.airbnb.com/rooms/903864583526616433
903872405831157800,$55.00,NA,2,1,1,1,5,1,https://www.airbnb.com/rooms/903872405831157824
903935533025871600,$203.00,NA,4,1,2,2,NA,0,https://www.airbnb.com/rooms/903935533025871679
903935606382398e3,$106.00,NA,2,1,1,1,NA,0,https://www.airbnb.com/rooms/903935606382398001
904021185361827600,$64.00,NA,1,0,3,1,NA,0,https://www.airbnb.com/rooms/904021185361827594
904215222745202300,NA,NA,2,NA,1,NA,4.75,4,https://www.airbnb.com/rooms/904215222745202255
904240714899920300,NA,NA,2,NA,1,NA,5,2,https://www.airbnb.com/rooms/904240714899920296
904259895461635200,$178.00,NA,4,1,1,2,NA,0,https://www.airbnb.com/rooms/904259895461635228
904260645395709700,$200.00,NA,2,1,0,0,NA,0,https://www.airbnb.com/rooms/904260645395709753
904276013705839100,$62.00,NA,1,1,1,1,5,1,https://www.airbnb.com/rooms/904276013705839099
904286092272787300,$234.00,Neighborhood highlights,2,1,1,1,4.92,13,https://www.airbnb.com/rooms/904286092272787383
904291292488749800,$46.00,NA,1,2,3,1,NA,0,https://www.airbnb.com/rooms/904291292488749810
904332116672992e3,$320.00,NA,6,2.5,3,3,NA,0,https://www.airbnb.com/rooms/904332116672992001
904349625576271200,$45.00,NA,1,1,4,1,NA,0,https://www.airbnb.com/rooms/904349625576271247
904353105408907100,"$1,125.00",Neighborhood highlights,8,4.5,4,6,NA,0,https://www.airbnb.com/rooms/904353105408907084
904418500045894700,$125.00,NA,2,1,0,1,NA,0,https://www.airbnb.com/rooms/904418500045894711
904438966406791300,$350.00,Neighborhood highlights,2,1,2,3,5,1,https://www.airbnb.com/rooms/904438966406791286
904492002861613200,NA,NA,2,NA,NA,NA,5,1,https://www.airbnb.com/rooms/904492002861613165
904523946643334700,"$20,000.00",NA,2,1.5,1,1,NA,0,https://www.airbnb.com/rooms/904523946643334652
904524100106225900,"$20,000.00",NA,4,2.5,1,2,NA,0,https://www.airbnb.com/rooms/904524100106225881
904524223667771e3,"$20,000.00",NA,2,1.5,1,2,NA,0,https://www.airbnb.com/rooms/904524223667771043
904526392991374100,$591.00,NA,2,1,1,1,NA,0,https://www.airbnb.com/rooms/904526392991374132
904526432507039400,NA,NA,2,NA,1,NA,NA,0,https://www.airbnb.com/rooms/904526432507039361
904526596298258600,NA,NA,2,NA,1,NA,NA,0,https://www.airbnb.com/rooms/904526596298258537
904526706107759200,$958.00,NA,2,1,1,1,NA,0,https://www.airbnb.com/rooms/904526706107759270
904526826900900600,NA,NA,2,NA,1,NA,NA,0,https://www.airbnb.com/rooms/904526826900900603
904526964218033200,NA,NA,4,NA,1,NA,NA,0,https://www.airbnb.com/rooms/904526964218033156
904527055108996500,NA,NA,4,NA,1,NA,NA,0,https://www.airbnb.com/rooms/904527055108996425
904527164135938300,NA,NA,4,NA,2,NA,NA,0,https://www.airbnb.com/rooms/904527164135938359
904527287509930100,NA,NA,2,NA,1,NA,NA,0,https://www.airbnb.com/rooms/904527287509930107
904527399833806200,NA,NA,4,NA,1,NA,NA,0,https://www.airbnb.com/rooms/904527399833806200
904527520773041700,NA,NA,2,NA,1,NA,NA,0,https://www.airbnb.com/rooms/904527520773041664
904527562363718400,NA,NA,6,NA,2,NA,NA,0,https://www.airbnb.com/rooms/904527562363718396
904527693461693800,NA,NA,6,NA,2,NA,NA,0,https://www.airbnb.com/rooms/904527693461693877
904532429854587500,$328.00,NA,4,1,1,2,NA,0,https://www.airbnb.com/rooms/904532429854587480
904535168405115100,$605.00,NA,5,1,1,1,NA,0,https://www.airbnb.com/rooms/904535168405115188
904535398460438400,$105.00,NA,3,1,1,1,5,1,https://www.airbnb.com/rooms/904535398460438459
904536587376482200,$277.00,NA,4,1,1,1,NA,0,https://www.airbnb.com/rooms/904536587376482157
904537540621885e3,$354.00,NA,4,1,1,1,NA,0,https://www.airbnb.com/rooms/904537540621885048
904539767594839300,$452.00,NA,2,1,1,1,NA,0,https://www.airbnb.com/rooms/904539767594839245
904539804821875700,$452.00,NA,2,1,1,1,NA,0,https://www.airbnb.com/rooms/904539804821875705
904540328722572700,$545.00,NA,4,1,1,2,NA,0,https://www.airbnb.com/rooms/904540328722572681
904540367562348e3,$545.00,NA,4,1,1,2,NA,0,https://www.airbnb.com/rooms/904540367562348011
904540799302575400,$634.00,NA,2,1,1,1,NA,0,https://www.airbnb.com/rooms/904540799302575331
904541267271833500,$634.00,NA,2,1,1,1,NA,0,https://www.airbnb.com/rooms/904541267271833455
90456830742679e4,$100.00,NA,4,1,0,2,4.7,23,https://www.airbnb.com/rooms/904568307426790068
904585380099402400,$88.00,Neighborhood highlights,2,1,1,1,4.97,34,https://www.airbnb.com/rooms/904585380099402394
904639583559716200,$65.00,Neighborhood highlights,2,1,0,1,4.27,11,https://www.airbnb.com/rooms/904639583559716185
904891464938130400,NA,NA,2,NA,1,NA,NA,0,https://www.airbnb.com/rooms/904891464938130487
904953229335628500,$47.00,NA,1,2,4,1,NA,0,https://www.airbnb.com/rooms/904953229335628516
904960548681723100,$200.00,NA,5,1,3,3,4.5,10,https://www.airbnb.com/rooms/904960548681723189
904968514528703e3,$341.00,NA,9,2,3,7,NA,0,https://www.airbnb.com/rooms/904968514528702932
904997635657518100,$774.00,NA,2,1,1,1,NA,0,https://www.airbnb.com/rooms/904997635657518046
904998041073180500,"$1,034.00",NA,4,1,1,1,NA,0,https://www.airbnb.com/rooms/904998041073180558
904999024053053400,$565.00,NA,4,1,1,2,NA,0,https://www.airbnb.com/rooms/904999024053053483
904999753199429100,$565.00,NA,4,1,1,2,NA,0,https://www.airbnb.com/rooms/904999753199429087
905007073749919500,NA,NA,3,NA,1,NA,NA,0,https://www.airbnb.com/rooms/905007073749919441
905007146786168700,NA,NA,3,NA,1,NA,NA,0,https://www.airbnb.com/rooms/905007146786168717
905007210352736300,NA,NA,3,NA,1,NA,NA,0,https://www.airbnb.com/rooms/905007210352736242
905007258952857300,NA,NA,3,NA,1,NA,NA,0,https://www.airbnb.com/rooms/905007258952857329
905008068436656900,NA,NA,5,NA,1,NA,NA,0,https://www.airbnb.com/rooms/905008068436656918
905008114437638900,NA,NA,5,NA,1,NA,NA,0,https://www.airbnb.com/rooms/905008114437638915
905008150938580100,NA,NA,5,NA,1,NA,5,1,https://www.airbnb.com/rooms/905008150938580154
905008189191909400,NA,NA,5,NA,1,NA,NA,0,https://www.airbnb.com/rooms/905008189191909354
905008664628924800,NA,Neighborhood highlights,2,NA,1,NA,5,1,https://www.airbnb.com/rooms/905008664628924811
905009276572702300,NA,NA,3,NA,1,NA,NA,0,https://www.airbnb.com/rooms/905009276572702381
905009981571035800,NA,NA,3,NA,1,NA,NA,0,https://www.airbnb.com/rooms/905009981571035744
905010317935338e3,NA,Neighborhood highlights,2,NA,1,NA,NA,0,https://www.airbnb.com/rooms/905010317935337932
905010594615689e3,NA,NA,3,NA,1,NA,NA,0,https://www.airbnb.com/rooms/905010594615688932
905011571326685800,NA,NA,2,NA,1,NA,NA,0,https://www.airbnb.com/rooms/905011571326685867
905023548703341300,NA,Neighborhood highlights,3,NA,1,NA,NA,0,https://www.airbnb.com/rooms/905023548703341313
905026117716678400,NA,Neighborhood highlights,3,NA,1,NA,NA,0,https://www.airbnb.com/rooms/905026117716678420
905031073149861800,$223.00,Neighborhood highlights,2,1,1,3,4.83,12,https://www.airbnb.com/rooms/905031073149861760
905036120342141200,NA,Neighborhood highlights,6,NA,2,NA,NA,0,https://www.airbnb.com/rooms/905036120342141202
905041919418106600,NA,Neighborhood highlights,6,NA,2,NA,5,1,https://www.airbnb.com/rooms/905041919418106591
905070033065803300,$252.00,NA,2,2,3,3,4.36,14,https://www.airbnb.com/rooms/905070033065803206
905076227278876900,NA,Neighborhood highlights,12,NA,4,NA,NA,0,https://www.airbnb.com/rooms/905076227278876897
905077900484113800,$135.00,NA,8,2,3,5,4.22,18,https://www.airbnb.com/rooms/905077900484113845
905083864275613400,NA,Neighborhood highlights,1,NA,NA,NA,5,1,https://www.airbnb.com/rooms/905083864275613467
905109354552786400,$999.00,Neighborhood highlights,2,1,1,1,NA,0,https://www.airbnb.com/rooms/905109354552786380
905109367857878e3,NA,Neighborhood highlights,2,NA,1,NA,NA,0,https://www.airbnb.com/rooms/905109367857877985
905109372798815500,$999.00,Neighborhood highlights,2,1,1,1,NA,0,https://www.airbnb.com/rooms/905109372798815496
905109635719237e3,$999.00,Neighborhood highlights,2,1,1,1,NA,0,https://www.airbnb.com/rooms/905109635719237037
905109893390620900,$999.00,Neighborhood highlights,2,1,1,1,NA,0,https://www.airbnb.com/rooms/905109893390620903
905110024550239700,NA,Neighborhood highlights,2,NA,1,NA,NA,0,https://www.airbnb.com/rooms/905110024550239748
905154913221917e3,$90.00,Neighborhood highlights,2,1,1,1,4.26,43,https://www.airbnb.com/rooms/905154913221917061
905162558268637e3,NA,Neighborhood highlights,12,NA,3,NA,NA,0,https://www.airbnb.com/rooms/905162558268637063
905162619499931400,NA,Neighborhood highlights,12,NA,3,NA,NA,0,https://www.airbnb.com/rooms/905162619499931370
905162681257368700,NA,Neighborhood highlights,12,NA,3,NA,NA,0,https://www.airbnb.com/rooms/905162681257368690
905162750000710400,NA,Neighborhood highlights,8,NA,2,NA,NA,0,https://www.airbnb.com/rooms/905162750000710410
905162795487112300,NA,Neighborhood highlights,8,NA,2,NA,NA,0,https://www.airbnb.com/rooms/905162795487112368
905163090388473e3,NA,Neighborhood highlights,12,NA,4,NA,NA,0,https://www.airbnb.com/rooms/905163090388472898
905163280994842500,NA,Neighborhood highlights,12,NA,4,NA,NA,0,https://www.airbnb.com/rooms/905163280994842495
905163832396660400,NA,Neighborhood highlights,2,NA,1,NA,NA,0,https://www.airbnb.com/rooms/905163832396660379
905163888060112300,NA,Neighborhood highlights,2,NA,1,NA,NA,0,https://www.airbnb.com/rooms/905163888060112243
905163982379737700,NA,Neighborhood highlights,2,NA,1,NA,NA,0,https://www.airbnb.com/rooms/905163982379737775
905164331540084e3,NA,Neighborhood highlights,4,NA,1,NA,NA,0,https://www.airbnb.com/rooms/905164331540083948
905164398026650400,NA,Neighborhood highlights,4,NA,1,NA,NA,0,https://www.airbnb.com/rooms/905164398026650425
905164860097591200,NA,Neighborhood highlights,6,NA,2,NA,NA,0,https://www.airbnb.com/rooms/905164860097591140
905164935043078500,NA,Neighborhood highlights,6,NA,2,NA,NA,0,https://www.airbnb.com/rooms/905164935043078475
905165012097606700,NA,Neighborhood highlights,6,NA,2,NA,NA,0,https://www.airbnb.com/rooms/905165012097606645
905178362266009300,$55.00,Neighborhood highlights,1,1.5,1,1,5,1,https://www.airbnb.com/rooms/905178362266009348
905243732881843600,$60.00,Neighborhood highlights,1,1,1,1,NA,0,https://www.airbnb.com/rooms/905243732881843633
905310919641298800,$356.00,NA,2,1,2,2,NA,0,https://www.airbnb.com/rooms/905310919641298879
905319514083503900,$275.00,Neighborhood highlights,3,1,1,1,5,3,https://www.airbnb.com/rooms/905319514083503911
905382296461068400,$80.00,Neighborhood highlights,2,2,3,1,5,1,https://www.airbnb.com/rooms/905382296461068453
905397583719001100,$68.00,Neighborhood highlights,2,2,3,1,5,1,https://www.airbnb.com/rooms/905397583719001081
905636887650555900,$70.00,Neighborhood highlights,2,2,3,1,5,1,https://www.airbnb.com/rooms/905636887650555871
905651319684253400,$86.00,NA,2,1,1,1,4.78,23,https://www.airbnb.com/rooms/905651319684253457
905821067093280600,$129.00,NA,2,1,1,1,NA,0,https://www.airbnb.com/rooms/905821067093280628
905824346824492800,$84.00,NA,3,1,1,2,5,1,https://www.airbnb.com/rooms/905824346824492855
905830564564991700,$80.00,Neighborhood highlights,2,1,1,1,5,3,https://www.airbnb.com/rooms/905830564564991755
905897849849957600,NA,NA,4,NA,3,NA,NA,0,https://www.airbnb.com/rooms/905897849849957636
905916927242175100,NA,NA,4,NA,1,NA,NA,0,https://www.airbnb.com/rooms/905916927242175062
905998253119152600,$80.00,NA,2,1,1,1,4.64,33,https://www.airbnb.com/rooms/905998253119152699
906405971128285200,$129.00,Neighborhood highlights,3,1,1,2,4.94,33,https://www.airbnb.com/rooms/906405971128285143
906431737761773600,$400.00,Neighborhood highlights,2,1,1,1,5,1,https://www.airbnb.com/rooms/906431737761773574
906498551630853100,$208.00,NA,2,1,1,1,NA,0,https://www.airbnb.com/rooms/906498551630853134
906585491077215900,$258.00,NA,4,1,2,2,4.33,3,https://www.airbnb.com/rooms/906585491077215836
906602360602163100,$87.00,NA,2,1,0,1,NA,0,https://www.airbnb.com/rooms/906602360602163043
906708901829665700,$105.00,NA,2,1,0,1,NA,0,https://www.airbnb.com/rooms/906708901829665684
906769734194982700,$320.00,Neighborhood highlights,4,3,3,3,NA,0,https://www.airbnb.com/rooms/906769734194982627
906795104264452400,$141.00,NA,2,2,1,1,4.2,5,https://www.airbnb.com/rooms/906795104264452299
907058495581632600,$240.00,NA,2,1,NA,1,NA,0,https://www.airbnb.com/rooms/907058495581632611
907088727200673300,$119.00,Neighborhood highlights,4,1.5,3,2,4.97,33,https://www.airbnb.com/rooms/907088727200673307
907135813636846800,$216.00,NA,3,1,1,1,4,3,https://www.airbnb.com/rooms/907135813636846849
907164433967781800,$123.00,NA,2,1,1,1,5,1,https://www.airbnb.com/rooms/907164433967781820
907247040132055800,$376.00,Neighborhood highlights,4,1.5,2,2,5,3,https://www.airbnb.com/rooms/907247040132055762
907252516607023100,$223.00,Neighborhood highlights,3,1,1,2,5,5,https://www.airbnb.com/rooms/907252516607023149
907292951147542300,$405.00,NA,5,1,2,3,4.25,20,https://www.airbnb.com/rooms/907292951147542250
907302757092037600,$93.00,Neighborhood highlights,2,1,1,1,NA,0,https://www.airbnb.com/rooms/907302757092037662
907315447065163100,$110.00,Neighborhood highlights,2,1,1,2,5,4,https://www.airbnb.com/rooms/907315447065163180
907356347496873700,$440.00,Neighborhood highlights,4,1,1,1,5,2,https://www.airbnb.com/rooms/907356347496873739
907422652648858200,$95.00,Neighborhood highlights,2,1,1,1,NA,0,https://www.airbnb.com/rooms/907422652648858189
907422793177630200,$82.00,Neighborhood highlights,1,1,1,1,NA,0,https://www.airbnb.com/rooms/907422793177630168
907437772031475800,NA,NA,2,NA,1,NA,5,1,https://www.airbnb.com/rooms/907437772031475874
907450412115411500,NA,Neighborhood highlights,2,NA,NA,NA,NA,0,https://www.airbnb.com/rooms/907450412115411431
907476374446088400,NA,NA,2,NA,1,NA,5,2,https://www.airbnb.com/rooms/907476374446088448
907485680018116500,NA,Neighborhood highlights,1,NA,1,NA,NA,0,https://www.airbnb.com/rooms/907485680018116443
907528228019359600,$60.00,Neighborhood highlights,3,1.5,3,3,4,1,https://www.airbnb.com/rooms/907528228019359587
907864283579513900,$50.00,NA,2,1,1,1,NA,0,https://www.airbnb.com/rooms/907864283579513855
907890235383105500,$100.00,NA,2,1,1,2,NA,0,https://www.airbnb.com/rooms/907890235383105477
907928707563418e3,$170.00,Neighborhood highlights,2,1,1,1,5,2,https://www.airbnb.com/rooms/907928707563417966
907928951166197600,$90.00,Neighborhood highlights,2,1,1,1,NA,0,https://www.airbnb.com/rooms/907928951166197685
907998178838818300,NA,Neighborhood highlights,6,NA,3,NA,NA,0,https://www.airbnb.com/rooms/907998178838818312
908013610996843300,$225.00,NA,1,1,1,1,5,1,https://www.airbnb.com/rooms/908013610996843306
908055533935517700,$45.00,NA,2,1,1,1,5,2,https://www.airbnb.com/rooms/908055533935517657
908067468230875400,$84.00,NA,1,1,1,1,5,2,https://www.airbnb.com/rooms/908067468230875350
908168226182126500,$94.00,NA,4,1,2,2,4.5,2,https://www.airbnb.com/rooms/908168226182126434
908179761746967800,$261.00,Neighborhood highlights,5,1,2,3,5,33,https://www.airbnb.com/rooms/908179761746967863
908514518240064800,$119.00,Neighborhood highlights,2,1.5,1,1,5,11,https://www.airbnb.com/rooms/908514518240064800
908579796195518e3,$176.00,NA,2,1,1,1,NA,0,https://www.airbnb.com/rooms/908579796195517994
908588947770133900,NA,Neighborhood highlights,2,NA,1,NA,NA,0,https://www.airbnb.com/rooms/908588947770133833
908634322847816400,$45.00,Neighborhood highlights,1,1,1,1,4.33,3,https://www.airbnb.com/rooms/908634322847816388
908674065556198800,$50.00,Neighborhood highlights,1,1,1,1,4.57,7,https://www.airbnb.com/rooms/908674065556198820
908677070021981600,$266.00,Neighborhood highlights,3,1,1,1,5,34,https://www.airbnb.com/rooms/908677070021981560
908678306945939e3,$146.00,NA,2,1,1,1,NA,0,https://www.airbnb.com/rooms/908678306945938969
908718589831607300,$150.00,Neighborhood highlights,4,1,1,2,5,3,https://www.airbnb.com/rooms/908718589831607250
908758734185174300,$66.00,Neighborhood highlights,2,1,1,1,NA,0,https://www.airbnb.com/rooms/908758734185174325
908765271587049900,$999.00,Neighborhood highlights,4,2,2,2,NA,0,https://www.airbnb.com/rooms/908765271587049834
908782132165679900,$269.00,NA,3,1,2,2,NA,0,https://www.airbnb.com/rooms/908782132165679917
908782153040474100,$125.00,NA,2,1,1,1,5,1,https://www.airbnb.com/rooms/908782153040474165
908838896219110700,$467.00,NA,2,1,1,1,5,1,https://www.airbnb.com/rooms/908838896219110630
908902110868808800,$464.00,NA,5,1,2,2,4.72,39,https://www.airbnb.com/rooms/908902110868808889
908911613377383700,$100.00,Neighborhood highlights,2,1,1,1,NA,0,https://www.airbnb.com/rooms/908911613377383627
908972998408255700,"$1,175.00",NA,4,2,2,0,NA,0,https://www.airbnb.com/rooms/908972998408255760
909324042216967700,NA,Neighborhood highlights,2,NA,1,NA,5,1,https://www.airbnb.com/rooms/909324042216967670
909349194222367100,$186.00,Neighborhood highlights,3,1,0,1,NA,0,https://www.airbnb.com/rooms/909349194222367057
909363784337919100,$237.00,Neighborhood highlights,4,1,2,2,5,1,https://www.airbnb.com/rooms/909363784337919136
909374871119358800,$237.00,NA,8,2,3,4,NA,0,https://www.airbnb.com/rooms/909374871119358865
909408376953508600,NA,NA,2,NA,1,NA,5,1,https://www.airbnb.com/rooms/909408376953508661
909413687382641900,$155.00,Neighborhood highlights,2,1,1,1,NA,0,https://www.airbnb.com/rooms/909413687382641860
909492443054363100,$150.00,Neighborhood highlights,2,1,1,2,4.94,16,https://www.airbnb.com/rooms/909492443054363122
909549411811489200,$72.00,Neighborhood highlights,1,1,0,1,5,6,https://www.airbnb.com/rooms/909549411811489192
909624529045715300,$67.00,NA,2,1,1,2,NA,0,https://www.airbnb.com/rooms/909624529045715360
9096359119789e5,$85.00,Neighborhood highlights,2,1,1,1,NA,0,https://www.airbnb.com/rooms/909635911978899986
909946357885285200,$166.00,Neighborhood highlights,2,1,1,1,NA,0,https://www.airbnb.com/rooms/909946357885285259
910071992790199300,NA,NA,1,NA,4,NA,NA,0,https://www.airbnb.com/rooms/910071992790199246
910073246336519700,NA,NA,1,NA,4,NA,NA,0,https://www.airbnb.com/rooms/910073246336519700
910077183764369500,NA,NA,1,NA,4,NA,NA,0,https://www.airbnb.com/rooms/910077183764369573
910078762757291300,$107.00,NA,1,0,2,1,NA,0,https://www.airbnb.com/rooms/910078762757291328
910078853140248800,$85.00,NA,1,0,3,1,NA,0,https://www.airbnb.com/rooms/910078853140248847
910081455813892100,$375.00,NA,4,2,2,2,5,4,https://www.airbnb.com/rooms/910081455813892137
9.1008634064488806e+17,$37.00,NA,1,2,4,1,NA,0,https://www.airbnb.com/rooms/910086340644888056
910115731942105900,$150.00,NA,1,1,1,1,NA,0,https://www.airbnb.com/rooms/910115731942105916
910116681468508500,$120.00,NA,2,1,1,1,NA,0,https://www.airbnb.com/rooms/910116681468508560
910133766793109800,$288.00,Neighborhood highlights,2,1,0,1,NA,0,https://www.airbnb.com/rooms/910133766793109800
910134978538777300,$199.00,Neighborhood highlights,4,1,2,2,5,1,https://www.airbnb.com/rooms/910134978538777354
910153012037513100,$112.00,Neighborhood highlights,4,1,2,2,5,1,https://www.airbnb.com/rooms/910153012037513121
910216180478477200,$127.00,Neighborhood highlights,2,1.5,1,1,5,1,https://www.airbnb.com/rooms/910216180478477144
910235084008240600,$312.00,NA,2,1,1,1,NA,0,https://www.airbnb.com/rooms/910235084008240665
910239144113767200,NA,NA,2,NA,1,NA,NA,0,https://www.airbnb.com/rooms/910239144113767161
910269794490200400,$260.00,NA,4,1,2,2,NA,0,https://www.airbnb.com/rooms/910269794490200404
910291003643099100,$140.00,NA,4,1,2,3,NA,0,https://www.airbnb.com/rooms/910291003643099196
910329559700258400,$240.00,NA,2,1,1,1,NA,0,https://www.airbnb.com/rooms/910329559700258482
910398813625814800,$384.00,Neighborhood highlights,6,2,2,3,4.95,19,https://www.airbnb.com/rooms/910398813625814816
910554926647877600,NA,NA,2,NA,NA,NA,NA,0,https://www.airbnb.com/rooms/910554926647877661
910721238152346900,$135.00,Neighborhood highlights,2,1,1,2,NA,0,https://www.airbnb.com/rooms/910721238152346826
910723395719067100,$38.00,NA,1,2,4,5,NA,0,https://www.airbnb.com/rooms/910723395719067100
910771154080516e3,$150.00,NA,2,1,1,1,4.93,15,https://www.airbnb.com/rooms/910771154080515905
910786394092056400,$195.00,Neighborhood highlights,4,1,2,2,5,1,https://www.airbnb.com/rooms/910786394092056437
910836081162496900,$105.00,Neighborhood highlights,2,1,1,1,4.63,16,https://www.airbnb.com/rooms/910836081162496898
910867356787173400,$39.00,Neighborhood highlights,1,1.5,1,1,5,2,https://www.airbnb.com/rooms/910867356787173374
910869080951174800,$39.00,Neighborhood highlights,1,1.5,1,1,5,2,https://www.airbnb.com/rooms/910869080951174846
910949023374171400,$63.00,NA,2,1,1,1,5,1,https://www.airbnb.com/rooms/910949023374171399
911059653094636500,NA,NA,3,NA,2,NA,NA,0,https://www.airbnb.com/rooms/911059653094636598
911089627879861100,$311.00,NA,2,1,1,1,3,1,https://www.airbnb.com/rooms/911089627879861066
911452911437557400,$268.00,NA,1,1,1,1,NA,0,https://www.airbnb.com/rooms/911452911437557328
911540975483008900,$128.00,NA,3,1,1,1,5,1,https://www.airbnb.com/rooms/911540975483008852
911614953936526300,NA,Neighborhood highlights,2,NA,1,NA,NA,0,https://www.airbnb.com/rooms/911614953936526319
911643290372705800,$150.00,NA,4,1,1,1,5,1,https://www.airbnb.com/rooms/911643290372705762
911756533429812700,$157.00,NA,6,2,3,3,5,1,https://www.airbnb.com/rooms/911756533429812789
911813271676603600,$199.00,Neighborhood highlights,2,1,1,1,5,2,https://www.airbnb.com/rooms/911813271676603698
911814955109898e3,NA,Neighborhood highlights,7,NA,3,NA,5,1,https://www.airbnb.com/rooms/911814955109897988
911833783853119100,NA,Neighborhood highlights,1,NA,NA,NA,5,1,https://www.airbnb.com/rooms/911833783853119078
911890555720855400,$140.00,NA,2,1,1,1,5,1,https://www.airbnb.com/rooms/911890555720855466
911926023572053600,NA,NA,1,NA,NA,NA,NA,0,https://www.airbnb.com/rooms/911926023572053673
911987755597201900,$91.00,Neighborhood highlights,2,1,1,1,4.67,9,https://www.airbnb.com/rooms/911987755597201939
912003079437996500,$109.00,Neighborhood highlights,2,1,1,1,5,58,https://www.airbnb.com/rooms/912003079437996551
912119017271777e3,$470.00,NA,8,2,3,3,NA,0,https://www.airbnb.com/rooms/912119017271777009
912119694048611e3,$495.00,Neighborhood highlights,6,2,3,3,NA,0,https://www.airbnb.com/rooms/912119694048610928
912145313916489900,NA,Neighborhood highlights,6,NA,3,NA,NA,0,https://www.airbnb.com/rooms/912145313916489812
912149898639905e3,$300.00,Neighborhood highlights,7,1,3,3,NA,0,https://www.airbnb.com/rooms/912149898639905036
912158210133915600,$97.00,Neighborhood highlights,2,1,1,1,5,16,https://www.airbnb.com/rooms/912158210133915666
912190924391215100,$245.00,Neighborhood highlights,5,1,2,2,NA,0,https://www.airbnb.com/rooms/912190924391215062
912198154257146100,$240.00,Neighborhood highlights,4,1,2,2,5,1,https://www.airbnb.com/rooms/912198154257146118
912239943387317400,$235.00,Neighborhood highlights,4,1,2,2,NA,0,https://www.airbnb.com/rooms/912239943387317373
912258745235745300,NA,Neighborhood highlights,5,NA,2,NA,NA,0,https://www.airbnb.com/rooms/912258745235745245
912263310611858600,NA,NA,5,NA,2,NA,4,1,https://www.airbnb.com/rooms/912263310611858508
912278050394510800,$245.00,Neighborhood highlights,5,1,2,2,NA,0,https://www.airbnb.com/rooms/912278050394510826
912294324411562600,$260.00,Neighborhood highlights,4,1,2,2,NA,0,https://www.airbnb.com/rooms/912294324411562584
912310416167011500,$220.00,Neighborhood highlights,4,1,1,1,NA,0,https://www.airbnb.com/rooms/912310416167011471
912320613987670700,$225.00,Neighborhood highlights,2,1,1,1,NA,0,https://www.airbnb.com/rooms/912320613987670647
912333987362017800,$225.00,NA,2,1,0,1,NA,0,https://www.airbnb.com/rooms/912333987362017752
912349642173824600,NA,Neighborhood highlights,4,NA,1,NA,5,3,https://www.airbnb.com/rooms/912349642173824700
912355868324493300,$225.00,NA,2,1,0,1,5,1,https://www.airbnb.com/rooms/912355868324493373
912396732617862300,"$9,999.00",NA,8,3,3,5,NA,0,https://www.airbnb.com/rooms/912396732617862267
912401924564160600,"$8,000.00",NA,16,5,6,9,NA,0,https://www.airbnb.com/rooms/912401924564160654
912496715026650100,NA,NA,4,NA,2,NA,NA,0,https://www.airbnb.com/rooms/912496715026650065
912505026066317200,$132.00,NA,4,1.5,2,2,5,3,https://www.airbnb.com/rooms/912505026066317199
912510376402451500,$40.00,Neighborhood highlights,1,1,1,1,5,2,https://www.airbnb.com/rooms/912510376402451395
912564280104717200,NA,NA,2,NA,2,NA,NA,0,https://www.airbnb.com/rooms/912564280104717218
912598957771766100,$260.00,Neighborhood highlights,2,1,1,1,5,1,https://www.airbnb.com/rooms/912598957771766169
912606299691564900,$100.00,NA,1,1,NA,1,NA,0,https://www.airbnb.com/rooms/912606299691564920
912717631989481e3,$235.00,Neighborhood highlights,4,1.5,0,2,5,3,https://www.airbnb.com/rooms/912717631989480956
912839143978682200,$223.00,NA,5,1,2,4,4.57,61,https://www.airbnb.com/rooms/912839143978682230
9.1286050117717594e+17,$110.00,NA,3,1,2,2,4.5,4,https://www.airbnb.com/rooms/912860501177175987
912875418401173e3,NA,NA,2,NA,2,NA,NA,0,https://www.airbnb.com/rooms/912875418401173015
912894005263107500,NA,NA,4,NA,2,NA,5,3,https://www.airbnb.com/rooms/912894005263107517
912898642102311700,$150.00,Neighborhood highlights,4,1,1,2,NA,0,https://www.airbnb.com/rooms/912898642102311652
912954461491294300,$150.00,Neighborhood highlights,6,1,3,5,4.67,3,https://www.airbnb.com/rooms/912954461491294373
913092938114669600,NA,NA,2,NA,1,NA,NA,0,https://www.airbnb.com/rooms/913092938114669534
913100388817665300,$599.00,Neighborhood highlights,9,2,2,4,4.5,16,https://www.airbnb.com/rooms/913100388817665332
913179089790807600,NA,NA,4,NA,NA,NA,3,1,https://www.airbnb.com/rooms/913179089790807600
913179698983804300,$147.00,NA,2,1,1,1,NA,0,https://www.airbnb.com/rooms/913179698983804232
913227757411567400,$150.00,NA,2,1.5,1,1,5,1,https://www.airbnb.com/rooms/913227757411567414
913323222250021600,NA,NA,2,NA,1,NA,NA,0,https://www.airbnb.com/rooms/913323222250021583
913341921156977400,NA,NA,2,NA,NA,NA,NA,0,https://www.airbnb.com/rooms/913341921156977472
913349521354135200,$100.00,NA,1,1,1,1,4,1,https://www.airbnb.com/rooms/913349521354135175
913351479875441900,NA,NA,2,NA,NA,NA,NA,0,https://www.airbnb.com/rooms/913351479875441973
913357578641557900,NA,NA,2,NA,NA,NA,NA,0,https://www.airbnb.com/rooms/913357578641557854
913430766168315e3,NA,NA,2,NA,NA,NA,NA,0,https://www.airbnb.com/rooms/913430766168314982
913517936554777900,$372.00,Neighborhood highlights,2,1,1,1,5,1,https://www.airbnb.com/rooms/913517936554777822
913518239659716500,$355.00,Neighborhood highlights,2,1,1,1,NA,0,https://www.airbnb.com/rooms/913518239659716460
913556196684767500,$360.00,Neighborhood highlights,4,1.5,2,2,NA,0,https://www.airbnb.com/rooms/913556196684767548
91364920384733e4,$150.00,NA,2,1.5,1,1,5,1,https://www.airbnb.com/rooms/913649203847330084
913651103845306400,$215.00,Neighborhood highlights,2,1,2,2,NA,0,https://www.airbnb.com/rooms/913651103845306428
913651309025783700,$150.00,NA,2,1.5,1,1,4.33,3,https://www.airbnb.com/rooms/913651309025783642
913651695148256600,$200.00,NA,2,1,1,1,NA,0,https://www.airbnb.com/rooms/913651695148256598
913664880261753600,$245.00,Neighborhood highlights,2,1,1,1,NA,0,https://www.airbnb.com/rooms/913664880261753635
913671198784114300,$120.00,NA,2,1,1,1,5,1,https://www.airbnb.com/rooms/913671198784114317
913677207265219200,$396.00,NA,2,1,1,1,NA,0,https://www.airbnb.com/rooms/913677207265219203
913782379656718600,$176.00,Neighborhood highlights,3,1,1,1,4.14,7,https://www.airbnb.com/rooms/913782379656718606
913838136782491800,$95.00,NA,4,1,0,1,4.75,4,https://www.airbnb.com/rooms/913838136782491785
913910420656026900,$160.00,NA,4,2,2,2,NA,0,https://www.airbnb.com/rooms/913910420656026881
913913652945789e3,$135.00,NA,1,1,1,1,NA,0,https://www.airbnb.com/rooms/913913652945789065
913925496138986800,$149.00,Neighborhood highlights,2,1,0,1,5,4,https://www.airbnb.com/rooms/913925496138986779
913979499533324700,$410.00,NA,2,1,2,3,4.71,7,https://www.airbnb.com/rooms/913979499533324610
914029640412823e3,NA,NA,1,NA,NA,NA,5,1,https://www.airbnb.com/rooms/914029640412822989
914067222948859300,$84.00,NA,4,1,1,6,5,1,https://www.airbnb.com/rooms/914067222948859235
914086324680821200,"$6,083.00",Neighborhood highlights,4,2,2,2,5,3,https://www.airbnb.com/rooms/914086324680821251
914180674183200600,$41.00,Neighborhood highlights,1,1,1,1,NA,0,https://www.airbnb.com/rooms/914180674183200629
914336107143259500,$43.00,NA,1,2,4,1,NA,0,https://www.airbnb.com/rooms/914336107143259554
914355530146244900,$115.00,Neighborhood highlights,1,1,1,1,5,1,https://www.airbnb.com/rooms/914355530146244914
914362249001808600,$199.00,Neighborhood highlights,4,1,2,2,NA,0,https://www.airbnb.com/rooms/914362249001808672
914503982420676e3,$90.00,NA,1,2,2,1,NA,0,https://www.airbnb.com/rooms/914503982420675976
914578872494091100,$124.00,NA,2,1,1,1,4.5,12,https://www.airbnb.com/rooms/914578872494091102
914592079538599800,$88.00,NA,2,1,0,1,3,2,https://www.airbnb.com/rooms/914592079538599777
914643340929393800,NA,NA,2,NA,1,NA,3,3,https://www.airbnb.com/rooms/914643340929393824
914651482170510200,$90.00,NA,2,1,2,2,NA,0,https://www.airbnb.com/rooms/914651482170510192
914677061652593e3,$220.00,NA,4,1.5,2,2,5,1,https://www.airbnb.com/rooms/914677061652593063
914732629628014100,$69.00,Neighborhood highlights,2,1,1,1,5,3,https://www.airbnb.com/rooms/914732629628014021
914762610430196100,NA,NA,6,NA,3,NA,NA,0,https://www.airbnb.com/rooms/914762610430196148
915094903960790800,$220.00,Neighborhood highlights,2,1,1,1,4.75,4,https://www.airbnb.com/rooms/915094903960790848
915099393883550200,$423.00,Neighborhood highlights,6,2,3,3,NA,0,https://www.airbnb.com/rooms/915099393883550173
915099832149081200,$362.00,Neighborhood highlights,2,1,1,1,NA,0,https://www.airbnb.com/rooms/915099832149081162
915111198552800300,$325.00,Neighborhood highlights,3,1,2,2,5,1,https://www.airbnb.com/rooms/915111198552800309
915141416093788900,$200.00,NA,5,2.5,3,5,NA,0,https://www.airbnb.com/rooms/915141416093788986
915143478128199300,$201.00,Neighborhood highlights,3,1,1,1,5,1,https://www.airbnb.com/rooms/915143478128199331
915164113918525400,$150.00,NA,2,1.5,1,1,5,3,https://www.airbnb.com/rooms/915164113918525424
915195382103435100,$65.00,NA,1,1,1,2,NA,0,https://www.airbnb.com/rooms/915195382103435091
915339054819122700,$41.00,Neighborhood highlights,1,1,1,1,4,2,https://www.airbnb.com/rooms/915339054819122645
915405618090496500,NA,NA,2,NA,1,NA,NA,0,https://www.airbnb.com/rooms/915405618090496494
915407246442130300,NA,NA,2,NA,1,NA,NA,0,https://www.airbnb.com/rooms/915407246442130302
915407280539114200,NA,NA,2,NA,1,NA,NA,0,https://www.airbnb.com/rooms/915407280539114264
915408003829104400,NA,NA,4,NA,1,NA,NA,0,https://www.airbnb.com/rooms/915408003829104353
915408655555121700,NA,NA,4,NA,1,NA,NA,0,https://www.airbnb.com/rooms/915408655555121647
915410405019936300,NA,NA,3,NA,1,NA,NA,0,https://www.airbnb.com/rooms/915410405019936292
915410445541292400,NA,NA,3,NA,1,NA,NA,0,https://www.airbnb.com/rooms/915410445541292401
915410873910553600,NA,NA,4,NA,1,NA,NA,0,https://www.airbnb.com/rooms/915410873910553566
915450692103842200,$100.00,NA,2,1,1,1,4.8,5,https://www.airbnb.com/rooms/915450692103842238
915485774792788900,$229.00,NA,2,1,0,1,NA,0,https://www.airbnb.com/rooms/915485774792788806
915582219304445800,$110.00,NA,5,1.5,3,3,NA,0,https://www.airbnb.com/rooms/915582219304445869
915584920868093400,$75.00,NA,1,1,0,1,5,2,https://www.airbnb.com/rooms/915584920868093399
915780736371404800,$190.00,NA,4,2,2,3,5,5,https://www.airbnb.com/rooms/915780736371404768
915810628947572100,$703.00,Neighborhood highlights,8,3,4,6,5,1,https://www.airbnb.com/rooms/915810628947572057
915852554195720600,"$1,022.00",NA,8,3,4,4,4.83,6,https://www.airbnb.com/rooms/915852554195720622
915896747275039100,$269.00,Neighborhood highlights,4,2,2,2,4.91,43,https://www.airbnb.com/rooms/915896747275039057
916141533448158e3,$102.00,Neighborhood highlights,2,1,1,1,4.88,17,https://www.airbnb.com/rooms/916141533448157977
916285509910053900,NA,NA,4,NA,1,NA,4,1,https://www.airbnb.com/rooms/916285509910053837
916510544153962e3,$420.00,NA,4,2,2,2,5,2,https://www.airbnb.com/rooms/916510544153962030
916546579731124400,$325.00,Neighborhood highlights,6,1,3,3,4.2,5,https://www.airbnb.com/rooms/916546579731124328
916555518023005600,$218.00,NA,5,2,1,1,4.6,5,https://www.airbnb.com/rooms/916555518023005578
916584033110679200,$98.00,NA,2,1,1,1,5,2,https://www.airbnb.com/rooms/916584033110679167
916671405986442e3,$220.00,Neighborhood highlights,4,1.5,2,2,5,1,https://www.airbnb.com/rooms/916671405986442005
916676603917739100,$176.00,NA,4,1,1,2,NA,0,https://www.airbnb.com/rooms/916676603917739189
916781845374070700,$120.00,Neighborhood highlights,2,1,0,1,5,1,https://www.airbnb.com/rooms/916781845374070613
916795601001249200,$70.00,Neighborhood highlights,4,1.5,1,1,4.91,11,https://www.airbnb.com/rooms/916795601001249138
916821110812610200,$900.00,NA,4,2,2,2,NA,0,https://www.airbnb.com/rooms/916821110812610124
916854231447228900,$171.00,NA,2,1,1,1,4.25,8,https://www.airbnb.com/rooms/916854231447228894
916908855321033100,$50.00,Neighborhood highlights,1,1,1,1,5,4,https://www.airbnb.com/rooms/916908855321033088
916922484747678e3,$175.00,Neighborhood highlights,2,1,2,2,5,17,https://www.airbnb.com/rooms/916922484747677933
916935346150480100,$200.00,Neighborhood highlights,2,1,1,1,5,4,https://www.airbnb.com/rooms/916935346150480085
917234029357675e3,$170.00,NA,2,1,1,1,NA,0,https://www.airbnb.com/rooms/917234029357675052
917242831543515500,NA,NA,3,NA,1,NA,NA,0,https://www.airbnb.com/rooms/917242831543515462
917260113030074400,$214.00,NA,7,1,2,3,4.18,11,https://www.airbnb.com/rooms/917260113030074428
917280232416284900,$120.00,NA,4,1,2,2,4,1,https://www.airbnb.com/rooms/917280232416284960
917297550127335600,$317.00,NA,4,2,3,4,4.95,20,https://www.airbnb.com/rooms/917297550127335549
917351702378753400,$105.00,Neighborhood highlights,2,1,1,0,NA,0,https://www.airbnb.com/rooms/917351702378753423
917361372686579600,$53.00,NA,2,1,2,1,NA,0,https://www.airbnb.com/rooms/917361372686579525
917375093575662300,$60.00,NA,1,2,1,1,NA,0,https://www.airbnb.com/rooms/917375093575662322
917422762791080400,$480.00,Neighborhood highlights,4,2,2,2,3.5,2,https://www.airbnb.com/rooms/917422762791080450
917490319184727700,$124.00,NA,2,1,0,1,5,4,https://www.airbnb.com/rooms/917490319184727650
917508855013718800,$60.00,NA,1,2,1,1,NA,0,https://www.airbnb.com/rooms/917508855013718799
917520465283957100,$54.00,NA,3,1,3,3,NA,0,https://www.airbnb.com/rooms/917520465283957078
917521967079126100,$75.00,NA,1,2,1,1,2,2,https://www.airbnb.com/rooms/917521967079126177
917633322049671e3,$78.00,NA,1,1,1,1,NA,0,https://www.airbnb.com/rooms/917633322049671093
917640905336764900,NA,Neighborhood highlights,2,NA,NA,NA,NA,0,https://www.airbnb.com/rooms/917640905336764924
917651281529554200,NA,Neighborhood highlights,2,NA,NA,NA,NA,0,https://www.airbnb.com/rooms/917651281529554222
917658108405701600,$56.00,Neighborhood highlights,2,2,1,1,5,2,https://www.airbnb.com/rooms/917658108405701581
917661682796465400,$80.00,NA,1,1,1,1,5,4,https://www.airbnb.com/rooms/917661682796465350
917678534888947300,NA,NA,1,NA,NA,NA,NA,0,https://www.airbnb.com/rooms/917678534888947292
917694397894149200,$84.00,NA,2,1,1,1,5,7,https://www.airbnb.com/rooms/917694397894149224
917700764745629300,$84.00,NA,1,1,1,1,5,3,https://www.airbnb.com/rooms/917700764745629305
917885222415016200,$466.00,Neighborhood highlights,4,2,2,2,NA,0,https://www.airbnb.com/rooms/917885222415016226
918042274071362e3,NA,NA,1,NA,NA,NA,NA,0,https://www.airbnb.com/rooms/918042274071362095
918052460306833200,$140.00,Neighborhood highlights,2,1,0,0,NA,0,https://www.airbnb.com/rooms/918052460306833155
918058419916793600,NA,NA,1,NA,NA,NA,NA,0,https://www.airbnb.com/rooms/918058419916793654
918064253899263900,NA,NA,1,NA,NA,NA,NA,0,https://www.airbnb.com/rooms/918064253899263925
918070621683866200,NA,NA,1,NA,1,NA,NA,0,https://www.airbnb.com/rooms/918070621683866266
918080641424602500,$150.00,Neighborhood highlights,3,3,1,1,5,1,https://www.airbnb.com/rooms/918080641424602526
91808948083341e4,$150.00,NA,3,3,1,1,4.33,3,https://www.airbnb.com/rooms/918089480833410085
918130735715171100,$266.00,NA,2,1,2,2,5,11,https://www.airbnb.com/rooms/918130735715171123
918138213381737300,NA,NA,4,NA,4,NA,NA,0,https://www.airbnb.com/rooms/918138213381737306
918141090813487900,"$1,075.00",NA,10,4,4,5,NA,0,https://www.airbnb.com/rooms/918141090813487912
918158720284859100,$165.00,Neighborhood highlights,2,1,2,2,5,3,https://www.airbnb.com/rooms/918158720284859176
918299351414917600,$98.00,Neighborhood highlights,2,1,1,2,4.84,70,https://www.airbnb.com/rooms/918299351414917573
918355450872351600,$263.00,Neighborhood highlights,4,1,2,3,4.6,42,https://www.airbnb.com/rooms/918355450872351634
918366430524968300,$144.00,Neighborhood highlights,4,1,2,2,5,2,https://www.airbnb.com/rooms/918366430524968270
918367184813940900,$425.00,Neighborhood highlights,6,2,3,3,5,1,https://www.airbnb.com/rooms/918367184813940843
918388866035115900,$58.00,NA,1,1,1,1,NA,0,https://www.airbnb.com/rooms/918388866035115888
918404144849811200,$98.00,NA,2,1,1,2,5,3,https://www.airbnb.com/rooms/918404144849811197
918518905939693400,$288.00,Neighborhood highlights,4,1,2,2,NA,0,https://www.airbnb.com/rooms/918518905939693392
918519185390900100,$368.00,Neighborhood highlights,2,1,1,1,NA,0,https://www.airbnb.com/rooms/918519185390900058
918656390074238100,$92.00,NA,2,1,0,1,NA,0,https://www.airbnb.com/rooms/918656390074238033
918665614477414800,$200.00,NA,6,2.5,3,4,5,4,https://www.airbnb.com/rooms/918665614477414731
91870984371952e4,$168.00,NA,2,1,0,1,5,2,https://www.airbnb.com/rooms/918709843719520039
918820343984270200,$82.00,Neighborhood highlights,1,1,1,1,NA,0,https://www.airbnb.com/rooms/918820343984270257
918838993806282e3,$175.00,NA,2,1.5,1,1,NA,0,https://www.airbnb.com/rooms/918838993806282033
918887902897937400,$196.00,Neighborhood highlights,2,1,1,1,3.77,13,https://www.airbnb.com/rooms/918887902897937374
918922755663096800,$96.00,Neighborhood highlights,2,1,1,1,3,1,https://www.airbnb.com/rooms/918922755663096850
919010726624169e3,$88.00,NA,2,1,1,1,NA,0,https://www.airbnb.com/rooms/919010726624168985
919025011861214700,$350.00,Neighborhood highlights,4,1,2,2,4.38,13,https://www.airbnb.com/rooms/919025011861214666
919079290929930900,$55.00,Neighborhood highlights,1,1,1,1,NA,0,https://www.airbnb.com/rooms/919079290929930876
919086783844247e3,$240.00,NA,2,1,1,1,NA,0,https://www.airbnb.com/rooms/919086783844247028
919116471135457800,$102.00,NA,1,1,1,1,NA,0,https://www.airbnb.com/rooms/919116471135457824
919116887602916500,$350.00,Neighborhood highlights,1,1,1,1,NA,0,https://www.airbnb.com/rooms/919116887602916479
919383845592883800,$204.00,Neighborhood highlights,2,1,2,2,4.9,31,https://www.airbnb.com/rooms/919383845592883891
919387125442549e3,$200.00,Neighborhood highlights,4,1,1,1,NA,0,https://www.airbnb.com/rooms/919387125442548941
919391026829825300,$278.00,Neighborhood highlights,6,1,2,3,4.87,46,https://www.airbnb.com/rooms/919391026829825331
919472573063950500,$34.00,NA,1,1,4,1,NA,0,https://www.airbnb.com/rooms/919472573063950493
919510547607196200,$95.00,Neighborhood highlights,2,1,1,1,5,1,https://www.airbnb.com/rooms/919510547607196105
9.1951884949447194e+17,$112.00,NA,4,1,2,2,NA,0,https://www.airbnb.com/rooms/919518849494471990
919539730227533e3,$190.00,Neighborhood highlights,2,1,1,1,NA,0,https://www.airbnb.com/rooms/919539730227533043
919539874798990300,$141.00,Neighborhood highlights,2,1,1,1,NA,0,https://www.airbnb.com/rooms/919539874798990303
919610583805404300,NA,Neighborhood highlights,4,NA,2,NA,NA,0,https://www.airbnb.com/rooms/919610583805404249
919625176319452800,$139.00,NA,2,1,1,1,5,1,https://www.airbnb.com/rooms/919625176319452795
919634637929081e3,$405.00,NA,4,1,1,1,NA,0,https://www.airbnb.com/rooms/919634637929081011
919648813619825300,$90.00,Neighborhood highlights,2,1,1,1,1,1,https://www.airbnb.com/rooms/919648813619825299
919649074984839800,NA,Neighborhood highlights,2,NA,1,NA,4.86,7,https://www.airbnb.com/rooms/919649074984839796
919657616113662300,$124.00,NA,2,1.5,1,1,4.89,9,https://www.airbnb.com/rooms/919657616113662328
919698648386324500,$100.00,Neighborhood highlights,2,2,2,2,NA,0,https://www.airbnb.com/rooms/919698648386324448
919742181611245700,$141.00,Neighborhood highlights,2,1,1,2,4.81,26,https://www.airbnb.com/rooms/919742181611245740
919794429341881600,$39.00,Neighborhood highlights,1,1.5,1,1,5,1,https://www.airbnb.com/rooms/919794429341881622
919827882552409100,$76.00,Neighborhood highlights,1,1,1,1,NA,0,https://www.airbnb.com/rooms/919827882552409032
919845234548755300,NA,Neighborhood highlights,1,NA,NA,NA,5,1,https://www.airbnb.com/rooms/919845234548755377
920068592892731300,$304.00,Neighborhood highlights,2,1,1,1,NA,0,https://www.airbnb.com/rooms/920068592892731269
920069373723972200,$365.00,Neighborhood highlights,2,1,1,1,5,1,https://www.airbnb.com/rooms/920069373723972214
920103826004223100,$485.00,Neighborhood highlights,2,1,1,1,NA,0,https://www.airbnb.com/rooms/920103826004223083
920109301244982400,NA,Neighborhood highlights,3,NA,1,NA,NA,0,https://www.airbnb.com/rooms/920109301244982385
920109678115048700,$246.00,Neighborhood highlights,4,1,0,2,4.63,8,https://www.airbnb.com/rooms/920109678115048743
920175418961824600,$145.00,Neighborhood highlights,2,1,0,3,4.95,22,https://www.airbnb.com/rooms/920175418961824665
920192085939852800,$342.00,Neighborhood highlights,6,1,0,3,4.6,15,https://www.airbnb.com/rooms/920192085939852814
920194483850422900,$172.00,Neighborhood highlights,1,1,1,1,4.89,9,https://www.airbnb.com/rooms/920194483850422892
920235590947471500,$165.00,Neighborhood highlights,2,1,1,1,NA,0,https://www.airbnb.com/rooms/920235590947471498
920281729367862500,$84.00,NA,1,1,1,1,5,2,https://www.airbnb.com/rooms/920281729367862507
920282204227507300,$160.00,NA,2,1,0,1,4.67,3,https://www.airbnb.com/rooms/920282204227507329
920302144753984e3,$91.00,Neighborhood highlights,2,0,1,1,NA,0,https://www.airbnb.com/rooms/920302144753983936
920320559323406800,$64.00,Neighborhood highlights,2,1,1,1,NA,0,https://www.airbnb.com/rooms/920320559323406807
920321982003015600,$283.00,Neighborhood highlights,2,1,1,1,NA,0,https://www.airbnb.com/rooms/920321982003015564
920322352062481e3,NA,Neighborhood highlights,2,NA,1,NA,3,1,https://www.airbnb.com/rooms/920322352062480991
920323389045711500,$336.00,Neighborhood highlights,4,1,1,2,NA,0,https://www.airbnb.com/rooms/920323389045711545
920324956955905200,$878.00,Neighborhood highlights,6,1,2,3,NA,0,https://www.airbnb.com/rooms/920324956955905116
920334529668411600,NA,Neighborhood highlights,2,NA,1,NA,NA,0,https://www.airbnb.com/rooms/920334529668411663
920343790126348900,NA,Neighborhood highlights,2,NA,1,NA,NA,0,https://www.airbnb.com/rooms/920343790126348956
920363020026592100,$95.00,Neighborhood highlights,2,1,1,1,NA,0,https://www.airbnb.com/rooms/920363020026592147
920393837863515600,NA,Neighborhood highlights,2,NA,NA,NA,4.67,3,https://www.airbnb.com/rooms/920393837863515618
920400184300743700,$125.00,Neighborhood highlights,2,1,1,1,NA,0,https://www.airbnb.com/rooms/920400184300743734
920480961318691700,NA,NA,2,NA,NA,NA,NA,0,https://www.airbnb.com/rooms/920480961318691703
920866966628505500,$265.00,Neighborhood highlights,4,1,3,3,NA,0,https://www.airbnb.com/rooms/920866966628505447
920867558233350900,$40.00,NA,2,1,1,1,5,5,https://www.airbnb.com/rooms/920867558233350907
920887010051111400,$249.00,Neighborhood highlights,4,1,3,3,NA,0,https://www.airbnb.com/rooms/920887010051111392
921089227714390500,$290.00,NA,2,1,2,2,NA,0,https://www.airbnb.com/rooms/921089227714390493
921169072043175800,$334.00,Neighborhood highlights,4,1.5,4,4,NA,0,https://www.airbnb.com/rooms/921169072043175855
921243805509585900,$89.00,Neighborhood highlights,2,1,1,1,4.78,27,https://www.airbnb.com/rooms/921243805509585892
921312862841077400,$170.00,Neighborhood highlights,2,1,1,1,5,1,https://www.airbnb.com/rooms/921312862841077416
921319100095468300,$140.00,Neighborhood highlights,2,1,1,2,5,14,https://www.airbnb.com/rooms/921319100095468260
921356417447987600,$281.00,Neighborhood highlights,4,1.5,3,3,NA,0,https://www.airbnb.com/rooms/921356417447987638
921390228920922400,NA,NA,1,NA,NA,NA,NA,0,https://www.airbnb.com/rooms/921390228920922351
921421417458690200,$271.00,Neighborhood highlights,4,1,3,3,NA,0,https://www.airbnb.com/rooms/921421417458690175
921446158593950300,$346.00,Neighborhood highlights,4,2,3,3,NA,0,https://www.airbnb.com/rooms/921446158593950278
921461246038580200,$336.00,Neighborhood highlights,4,2,3,3,NA,0,https://www.airbnb.com/rooms/921461246038580194
921485729105300100,$336.00,Neighborhood highlights,4,2,3,3,NA,0,https://www.airbnb.com/rooms/921485729105300106
921501568877557e3,$336.00,Neighborhood highlights,4,2,3,3,NA,0,https://www.airbnb.com/rooms/921501568877556996
921533359090475300,$336.00,Neighborhood highlights,4,2,3,3,NA,0,https://www.airbnb.com/rooms/921533359090475222
921583804334125400,$336.00,Neighborhood highlights,4,2,3,3,NA,0,https://www.airbnb.com/rooms/921583804334125486
921599070303324400,NA,NA,1,NA,NA,NA,NA,0,https://www.airbnb.com/rooms/921599070303324425
921604059816537200,NA,NA,1,NA,NA,NA,NA,0,https://www.airbnb.com/rooms/921604059816537271
921611295968698600,NA,NA,1,NA,NA,NA,NA,0,https://www.airbnb.com/rooms/921611295968698655
921619058159405700,NA,NA,1,NA,NA,NA,NA,0,https://www.airbnb.com/rooms/921619058159405708
921642860614492400,$307.00,Neighborhood highlights,4,2,3,3,NA,0,https://www.airbnb.com/rooms/921642860614492460
921643385169345800,$200.00,NA,3,1,2,2,NA,0,https://www.airbnb.com/rooms/921643385169345805
921673175182304400,$78.00,Neighborhood highlights,2,1,1,1,5,1,https://www.airbnb.com/rooms/921673175182304339
921731972122044700,$955.00,Neighborhood highlights,2,4,4,5,NA,0,https://www.airbnb.com/rooms/921731972122044707
921754895372312800,$86.00,NA,1,1,1,1,NA,0,https://www.airbnb.com/rooms/921754895372312797
921836496570677500,NA,NA,2,NA,1,NA,5,1,https://www.airbnb.com/rooms/921836496570677529
921839163421133e3,$250.00,Neighborhood highlights,4,1,1,1,5,4,https://www.airbnb.com/rooms/921839163421133106
921841347323988500,NA,NA,2,NA,1,NA,NA,0,https://www.airbnb.com/rooms/921841347323988504
921841654304107300,$383.00,Neighborhood highlights,9,2,3,4,4.94,18,https://www.airbnb.com/rooms/921841654304107300
921885120041237200,NA,NA,2,NA,NA,NA,NA,0,https://www.airbnb.com/rooms/921885120041237248
921953772188878e3,$420.00,Neighborhood highlights,2,1,1,1,5,5,https://www.airbnb.com/rooms/921953772188877932
921973637699062800,$150.00,NA,2,1,0,1,5,3,https://www.airbnb.com/rooms/921973637699062776
921985740130193900,$250.00,Neighborhood highlights,3,1,1,1,NA,0,https://www.airbnb.com/rooms/921985740130193871
922205182778485400,$493.00,Neighborhood highlights,2,1,1,1,NA,0,https://www.airbnb.com/rooms/922205182778485353
922305825497271700,$88.00,Neighborhood highlights,1,1,2,1,NA,0,https://www.airbnb.com/rooms/922305825497271717
922404330133954800,NA,NA,2,NA,1,NA,NA,0,https://www.airbnb.com/rooms/922404330133954870
922460674369513700,NA,Neighborhood highlights,2,NA,1,NA,5,2,https://www.airbnb.com/rooms/922460674369513772
922525640741572e3,$500.00,Neighborhood highlights,4,1,1,1,5,9,https://www.airbnb.com/rooms/922525640741571909
922527181364298500,$268.00,NA,4,1,1,2,4.91,11,https://www.airbnb.com/rooms/922527181364298444
922531986743506e3,$59.00,NA,1,1,1,2,NA,0,https://www.airbnb.com/rooms/922531986743506039
922544734738266e3,$517.00,Neighborhood highlights,6,2.5,3,3,NA,0,https://www.airbnb.com/rooms/922544734738265971
922544917728869200,$276.00,Neighborhood highlights,6,1,2,2,NA,0,https://www.airbnb.com/rooms/922544917728869201
922550145185384800,$75.00,Neighborhood highlights,2,1,1,1,5,1,https://www.airbnb.com/rooms/922550145185384895
922570487743691300,$95.00,Neighborhood highlights,2,1,1,1,NA,0,https://www.airbnb.com/rooms/922570487743691267
922596239248347600,$80.00,NA,2,1.5,1,1,5,1,https://www.airbnb.com/rooms/922596239248347611
922665961458727800,NA,NA,3,NA,1,NA,5,2,https://www.airbnb.com/rooms/922665961458727772
922702162376286100,NA,NA,5,NA,2,NA,NA,0,https://www.airbnb.com/rooms/922702162376286050
922748405120764e3,$56.00,NA,1,1,1,1,5,11,https://www.airbnb.com/rooms/922748405120763971
922763290425504500,$111.00,NA,4,1,1,2,5,4,https://www.airbnb.com/rooms/922763290425504533
923097941529886200,$39.00,Neighborhood highlights,1,1.5,1,1,5,2,https://www.airbnb.com/rooms/923097941529886147
923119089004402800,$65.00,Neighborhood highlights,2,2,4,1,5,1,https://www.airbnb.com/rooms/923119089004402776
923173058644795400,$186.00,Neighborhood highlights,3,1,1,1,NA,0,https://www.airbnb.com/rooms/923173058644795452
923184176938855700,$995.00,NA,6,2,3,4,5,1,https://www.airbnb.com/rooms/923184176938855691
923197559312516600,$113.00,NA,2,1,0,1,4.5,2,https://www.airbnb.com/rooms/923197559312516663
923207690874951700,$117.00,NA,2,1,0,1,5,2,https://www.airbnb.com/rooms/923207690874951698
923241683452324200,$292.00,Neighborhood highlights,6,1,3,3,NA,0,https://www.airbnb.com/rooms/923241683452324279
923280110640373e3,$239.00,NA,2,1,0,1,5,1,https://www.airbnb.com/rooms/923280110640372934
923284967585951600,$595.00,NA,2,1,1,1,5,1,https://www.airbnb.com/rooms/923284967585951633
923296356416097700,$50.00,NA,1,1,1,1,4.78,9,https://www.airbnb.com/rooms/923296356416097709
923387293801507700,$399.00,NA,2,1,1,1,NA,0,https://www.airbnb.com/rooms/923387293801507759
923399719873002900,$148.00,NA,2,1,0,2,4.45,22,https://www.airbnb.com/rooms/923399719873002840
923501259774537600,$55.00,NA,1,3,1,1,5,1,https://www.airbnb.com/rooms/923501259774537600
923815513633030300,$777.00,Neighborhood highlights,14,4,5,6,4.87,45,https://www.airbnb.com/rooms/923815513633030246
923822272026545800,$350.00,NA,4,2,2,1,NA,0,https://www.airbnb.com/rooms/923822272026545791
923860359383615600,$589.00,NA,3,1.5,2,2,NA,0,https://www.airbnb.com/rooms/923860359383615657
923894804847429500,$148.00,NA,8,2,3,4,4.67,6,https://www.airbnb.com/rooms/923894804847429517
923900704452428900,$110.00,NA,4,1,1,1,5,2,https://www.airbnb.com/rooms/923900704452428974
923919849792767600,$120.00,NA,3,1,1,2,NA,0,https://www.airbnb.com/rooms/923919849792767637
923923506158002600,"$1,010.00",Neighborhood highlights,12,3,3,6,NA,0,https://www.airbnb.com/rooms/923923506158002518
923926316808811300,$674.00,Neighborhood highlights,8,2,2,4,NA,0,https://www.airbnb.com/rooms/923926316808811245
923932984833086800,$239.00,NA,2,1,1,1,4.97,31,https://www.airbnb.com/rooms/923932984833086904
923936039109338900,"$1,468.00",Neighborhood highlights,12,2,4,6,NA,0,https://www.airbnb.com/rooms/923936039109338882
923974573909245700,$157.00,NA,4,1,2,2,NA,0,https://www.airbnb.com/rooms/923974573909245693
924001872239136e3,$360.00,Neighborhood highlights,4,1.5,2,2,NA,0,https://www.airbnb.com/rooms/924001872239136033
924114199329552400,$577.00,Neighborhood highlights,8,4.5,4,5,5,1,https://www.airbnb.com/rooms/924114199329552395
924124016591986200,$245.00,NA,2,2,2,2,NA,0,https://www.airbnb.com/rooms/924124016591986136
924164533002895900,$298.00,NA,10,1,2,4,4,15,https://www.airbnb.com/rooms/924164533002895867
924473300535110800,$665.00,NA,7,2.5,3,3,NA,0,https://www.airbnb.com/rooms/924473300535110753
924510090567827300,$272.00,Neighborhood highlights,4,1,2,2,5,2,https://www.airbnb.com/rooms/924510090567827314
924522673156896800,$177.00,Neighborhood highlights,3,1,1,1,NA,0,https://www.airbnb.com/rooms/924522673156896830
924523082287697800,$191.00,Neighborhood highlights,2,1,1,1,4.67,3,https://www.airbnb.com/rooms/924523082287697779
924594444558963800,$103.00,Neighborhood highlights,2,0,1,1,4,1,https://www.airbnb.com/rooms/924594444558963818
924597757936844700,$103.00,Neighborhood highlights,2,0,1,1,NA,0,https://www.airbnb.com/rooms/924597757936844689
924600355330605400,$103.00,Neighborhood highlights,2,0,1,1,NA,0,https://www.airbnb.com/rooms/924600355330605485
924663408638450300,$300.00,Neighborhood highlights,2,2,1,1,NA,0,https://www.airbnb.com/rooms/924663408638450361
924666864724020600,$150.00,NA,3,3,1,1,5,1,https://www.airbnb.com/rooms/924666864724020545
924696138423614200,$338.00,NA,3,1,1,1,NA,0,https://www.airbnb.com/rooms/924696138423614261
924696511007952100,NA,NA,3,NA,1,NA,NA,0,https://www.airbnb.com/rooms/924696511007952102
924755008538247800,$131.00,NA,2,1,1,2,4.67,12,https://www.airbnb.com/rooms/924755008538247849
924768162233456400,$117.00,NA,2,1,1,1,4.92,51,https://www.airbnb.com/rooms/924768162233456430
924774996077253500,NA,Neighborhood highlights,1,NA,NA,NA,NA,0,https://www.airbnb.com/rooms/924774996077253541
924813434785477500,$348.00,Neighborhood highlights,4,1,4,4,NA,0,https://www.airbnb.com/rooms/924813434785477544
924828664361603200,$330.00,Neighborhood highlights,4,1,4,4,NA,0,https://www.airbnb.com/rooms/924828664361603194
924847224718527600,$311.00,Neighborhood highlights,5,2,3,3,NA,0,https://www.airbnb.com/rooms/924847224718527649
924863660600140500,$291.00,Neighborhood highlights,5,1,3,3,NA,0,https://www.airbnb.com/rooms/924863660600140549
924865714349459800,NA,NA,2,NA,NA,NA,NA,0,https://www.airbnb.com/rooms/924865714349459795
924975169634758500,$345.00,Neighborhood highlights,4,1,4,4,NA,0,https://www.airbnb.com/rooms/924975169634758574
925008749021992200,$347.00,Neighborhood highlights,4,1,4,4,NA,0,https://www.airbnb.com/rooms/925008749021992181
925069560544358100,$352.00,Neighborhood highlights,4,1,4,4,NA,0,https://www.airbnb.com/rooms/925069560544358080
925091903833911800,$348.00,NA,4,1,4,4,NA,0,https://www.airbnb.com/rooms/925091903833911830
92523357668866e4,$300.00,NA,2,1.5,1,1,NA,0,https://www.airbnb.com/rooms/925233576688659924
925243479022156900,$550.00,NA,2,1,1,1,NA,0,https://www.airbnb.com/rooms/925243479022156915
925307278101325700,$50.00,Neighborhood highlights,2,1,1,1,NA,0,https://www.airbnb.com/rooms/925307278101325712
925308290525929500,$51.00,Neighborhood highlights,2,1,1,1,NA,0,https://www.airbnb.com/rooms/925308290525929449
925309296990217200,$51.00,Neighborhood highlights,2,1,1,1,NA,0,https://www.airbnb.com/rooms/925309296990217157
925332909222963200,$251.00,Neighborhood highlights,2,1,0,1,4.73,63,https://www.airbnb.com/rooms/925332909222963253
925428913494853600,$999.00,Neighborhood highlights,4,1,1,1,NA,0,https://www.airbnb.com/rooms/925428913494853629
925429595379758700,NA,Neighborhood highlights,4,NA,1,NA,NA,0,https://www.airbnb.com/rooms/925429595379758670
925430526243206100,$999.00,Neighborhood highlights,4,1,1,1,NA,0,https://www.airbnb.com/rooms/925430526243206196
925469920044847e3,$58.00,NA,2,1,1,1,NA,0,https://www.airbnb.com/rooms/925469920044846942
925671449931187500,$38.00,NA,2,1.5,1,1,4.74,77,https://www.airbnb.com/rooms/925671449931187449
925688828901710100,NA,NA,2,NA,NA,NA,5,22,https://www.airbnb.com/rooms/925688828901710134
925724714155045800,$96.00,NA,4,2,1,2,4.58,26,https://www.airbnb.com/rooms/925724714155045793
925972113260290200,$45.00,NA,1,1,4,1,NA,0,https://www.airbnb.com/rooms/925972113260290122
925972240218569200,NA,NA,2,NA,1,NA,NA,0,https://www.airbnb.com/rooms/925972240218569260
926036116549614500,$195.00,NA,2,1,1,1,5,1,https://www.airbnb.com/rooms/926036116549614478
926048864326958300,"$1,399.00",NA,4,1,1,2,NA,0,https://www.airbnb.com/rooms/926048864326958337
926073967935452300,$70.00,NA,2,1,1,1,5,4,https://www.airbnb.com/rooms/926073967935452311
926080195432822100,$105.00,Neighborhood highlights,3,1,1,1,5,1,https://www.airbnb.com/rooms/926080195432822204
926103349544741800,$65.00,Neighborhood highlights,2,1,0,1,NA,0,https://www.airbnb.com/rooms/926103349544741792
926108401326308500,$313.00,Neighborhood highlights,3,1,1,2,4.77,30,https://www.airbnb.com/rooms/926108401326308497
926224136138854e3,$95.00,NA,2,1,1,1,NA,0,https://www.airbnb.com/rooms/926224136138853982
926278118317339800,$136.00,Neighborhood highlights,2,1,1,1,4.7,10,https://www.airbnb.com/rooms/926278118317339832
926312864566891800,$214.00,Neighborhood highlights,2,2,2,2,5,24,https://www.airbnb.com/rooms/926312864566891761
926316687989410400,"$1,599.00",NA,4,1,1,2,NA,0,https://www.airbnb.com/rooms/926316687989410372
926448006464991e3,$46.00,NA,1,3,4,1,NA,0,https://www.airbnb.com/rooms/926448006464991002
926452997548084900,$39.00,NA,1,3,4,1,NA,0,https://www.airbnb.com/rooms/926452997548084866
926458270520965400,$42.00,NA,1,3,4,1,NA,0,https://www.airbnb.com/rooms/926458270520965380
926462289092721800,$40.00,NA,1,2,4,1,NA,0,https://www.airbnb.com/rooms/926462289092721802
926597887289557800,$199.00,NA,2,2,1,1,NA,0,https://www.airbnb.com/rooms/926597887289557781
926728872918912400,$167.00,NA,3,1,0,1,5,3,https://www.airbnb.com/rooms/926728872918912348
926751884700611500,$103.00,NA,4,1.5,1,2,4.57,14,https://www.airbnb.com/rooms/926751884700611434
926845982059796e3,$106.00,Neighborhood highlights,2,1,1,1,5,2,https://www.airbnb.com/rooms/926845982059795936
926904970444277900,$93.00,Neighborhood highlights,2,1,1,1,4.5,2,https://www.airbnb.com/rooms/926904970444277911
926906090238117600,$100.00,NA,2,1,1,1,4.44,9,https://www.airbnb.com/rooms/926906090238117671
926919329132078800,$120.00,NA,2,1,1,1,4.42,19,https://www.airbnb.com/rooms/926919329132078879
926987680896723500,$63.00,NA,2,1,1,1,NA,0,https://www.airbnb.com/rooms/926987680896723420
927065431332544500,NA,NA,6,NA,3,NA,4.5,2,https://www.airbnb.com/rooms/927065431332544499
927098207267089300,$70.00,Neighborhood highlights,2,1,1,1,5,7,https://www.airbnb.com/rooms/927098207267089332
927117024608875900,"$2,500.00",NA,4,1.5,2,3,4.67,3,https://www.airbnb.com/rooms/927117024608875847
927136297904368100,$290.00,Neighborhood highlights,5,1,2,3,4.75,12,https://www.airbnb.com/rooms/927136297904368080
927348564034443600,$376.00,Neighborhood highlights,2,1,1,1,NA,0,https://www.airbnb.com/rooms/927348564034443687
927348854814354400,NA,Neighborhood highlights,2,NA,1,NA,NA,0,https://www.airbnb.com/rooms/927348854814354483
927349386005876400,$503.00,Neighborhood highlights,4,2,2,2,NA,0,https://www.airbnb.com/rooms/927349386005876375
927352093776346400,$305.00,Neighborhood highlights,2,1,1,1,NA,0,https://www.airbnb.com/rooms/927352093776346379
927353218349068500,$383.00,Neighborhood highlights,4,1,2,2,NA,0,https://www.airbnb.com/rooms/927353218349068481
927425874394304900,$135.00,NA,2,1,1,1,NA,0,https://www.airbnb.com/rooms/927425874394304949
927531075448899700,$247.00,NA,2,1,1,2,NA,0,https://www.airbnb.com/rooms/927531075448899720
927552764907318500,$120.00,Neighborhood highlights,4,1,1,2,4,3,https://www.airbnb.com/rooms/927552764907318502
927590286255504900,$135.00,Neighborhood highlights,4,1,1,2,NA,0,https://www.airbnb.com/rooms/927590286255504925
927594477555340300,$169.00,Neighborhood highlights,2,1,1,1,4,1,https://www.airbnb.com/rooms/927594477555340305
927702962491732400,$329.00,NA,2,1,1,1,5,7,https://www.airbnb.com/rooms/927702962491732397
927731029815577500,NA,Neighborhood highlights,10,NA,4,NA,4.86,7,https://www.airbnb.com/rooms/927731029815577414
927751966043551e3,$419.00,Neighborhood highlights,2,1,0,1,5,14,https://www.airbnb.com/rooms/927751966043550944
927818577592079900,$75.00,NA,2,2,1,1,4.7,10,https://www.airbnb.com/rooms/927818577592079863
928078607428555400,NA,NA,6,NA,2,NA,NA,0,https://www.airbnb.com/rooms/928078607428555385
928135852681483800,$65.00,Neighborhood highlights,1,1,2,2,5,3,https://www.airbnb.com/rooms/928135852681483836
928143028684103300,$295.00,Neighborhood highlights,4,1.5,3,4,4.95,20,https://www.airbnb.com/rooms/928143028684103281
928203844965377900,$160.00,NA,6,1,2,3,NA,0,https://www.airbnb.com/rooms/928203844965377896
928291039582658600,$235.00,Neighborhood highlights,4,1,2,2,NA,0,https://www.airbnb.com/rooms/928291039582658556
928358388994326400,$181.00,NA,2,1,0,1,4.83,18,https://www.airbnb.com/rooms/928358388994326377
928392895427232900,$300.00,Neighborhood highlights,5,1,2,3,NA,0,https://www.airbnb.com/rooms/928392895427232942
928394724531306400,$265.00,NA,4,1,1,1,4.83,6,https://www.airbnb.com/rooms/928394724531306431
928436525828395900,$120.00,NA,1,1,1,1,5,17,https://www.airbnb.com/rooms/928436525828395953
928500961130701700,$45.00,NA,1,1,1,1,NA,0,https://www.airbnb.com/rooms/928500961130701633
928513545611321100,$49.00,NA,2,1,1,1,5,3,https://www.airbnb.com/rooms/928513545611321046
928632961796271500,$155.00,Neighborhood highlights,3,1,1,1,5,1,https://www.airbnb.com/rooms/928632961796271539
928892717407804800,$50.00,NA,1,1,1,1,NA,0,https://www.airbnb.com/rooms/928892717407804755
928901300696495600,$871.00,Neighborhood highlights,4,2.5,2,2,NA,0,https://www.airbnb.com/rooms/928901300696495576
928901729125560300,$130.00,Neighborhood highlights,3,1,1,1,NA,0,https://www.airbnb.com/rooms/928901729125560294
929040557409885400,$430.00,Neighborhood highlights,2,1,1,1,5,1,https://www.airbnb.com/rooms/929040557409885468
92904158992805e4,NA,Neighborhood highlights,2,1,1,1,NA,0,https://www.airbnb.com/rooms/929041589928050032
929084397482773600,$170.00,NA,2,1,1,1,NA,0,https://www.airbnb.com/rooms/929084397482773644
929111862514004700,$183.00,Neighborhood highlights,2,1,1,1,5,1,https://www.airbnb.com/rooms/929111862514004700
929162167006449300,NA,Neighborhood highlights,2,1,1,1,5,1,https://www.airbnb.com/rooms/929162167006449291
929211353348584400,$375.00,NA,12,2,3,6,4.9,20,https://www.airbnb.com/rooms/929211353348584512
929247757218258200,$200.00,NA,3,1,1,2,NA,0,https://www.airbnb.com/rooms/929247757218258148
929250427766839200,$80.00,NA,2,1,1,1,4.69,13,https://www.airbnb.com/rooms/929250427766839139
929253135206315100,$206.00,Neighborhood highlights,3,1,1,2,4.92,12,https://www.airbnb.com/rooms/929253135206315104
929287811121217200,$120.00,NA,2,1,1,1,4.81,16,https://www.airbnb.com/rooms/929287811121217114
929478160790239400,$234.00,Neighborhood highlights,4,1,1,2,4.77,77,https://www.airbnb.com/rooms/929478160790239391
929584624748362600,$104.00,Neighborhood highlights,2,1,1,1,4.96,109,https://www.airbnb.com/rooms/929584624748362659
929635247152298e3,$293.00,Neighborhood highlights,2,2,1,1,4.64,14,https://www.airbnb.com/rooms/929635247152298019
929669879521441e3,$235.00,NA,3,1,1,1,4.71,7,https://www.airbnb.com/rooms/929669879521441080
929709583315422800,$75.00,NA,2,1.5,1,1,4.63,41,https://www.airbnb.com/rooms/929709583315422857
929747780149785100,$217.00,Neighborhood highlights,2,1,2,2,NA,0,https://www.airbnb.com/rooms/929747780149785100
929862356918731400,$110.00,Neighborhood highlights,1,1,1,2,5,3,https://www.airbnb.com/rooms/929862356918731434
929952582669707900,$150.00,NA,2,1,1,1,5,1,https://www.airbnb.com/rooms/929952582669707937
929978463825862800,NA,NA,2,NA,1,NA,5,1,https://www.airbnb.com/rooms/929978463825862773
930277168378143100,$169.00,NA,2,1,0,1,4.91,44,https://www.airbnb.com/rooms/930277168378143041
930373816996318500,$79.00,Neighborhood highlights,2,1,1,1,NA,0,https://www.airbnb.com/rooms/930373816996318448
930437173851181700,NA,Neighborhood highlights,2,NA,1,NA,4.8,5,https://www.airbnb.com/rooms/930437173851181684
930566199035367e3,$110.00,NA,2,1,0,1,5,1,https://www.airbnb.com/rooms/930566199035367009
930597320286325600,$120.00,Neighborhood highlights,2,1,1,1,5,5,https://www.airbnb.com/rooms/930597320286325642
930908702527728500,NA,Neighborhood highlights,2,NA,NA,NA,NA,0,https://www.airbnb.com/rooms/930908702527728463
930909299599338400,NA,Neighborhood highlights,2,NA,NA,NA,5,1,https://www.airbnb.com/rooms/930909299599338332
930909837577753900,NA,Neighborhood highlights,2,NA,NA,NA,NA,0,https://www.airbnb.com/rooms/930909837577753906
930936774595626800,NA,Neighborhood highlights,2,NA,NA,NA,NA,0,https://www.airbnb.com/rooms/930936774595626756
930936926471139500,NA,Neighborhood highlights,2,NA,NA,NA,4,1,https://www.airbnb.com/rooms/930936926471139471
930937060232117800,$40.00,Neighborhood highlights,2,1,1,1,NA,0,https://www.airbnb.com/rooms/930937060232117710
930956769290659700,NA,Neighborhood highlights,1,NA,NA,NA,5,1,https://www.airbnb.com/rooms/930956769290659744
930956938456654500,$40.00,Neighborhood highlights,1,1,1,1,NA,0,https://www.airbnb.com/rooms/930956938456654526
930957041310405500,$40.00,Neighborhood highlights,1,1,1,1,NA,0,https://www.airbnb.com/rooms/930957041310405476
930978213389554300,NA,Neighborhood highlights,2,NA,NA,NA,5,1,https://www.airbnb.com/rooms/930978213389554305
930978316182421100,$40.00,Neighborhood highlights,1,1,1,1,NA,0,https://www.airbnb.com/rooms/930978316182421158
930978402137993200,$40.00,Neighborhood highlights,1,1,1,1,5,2,https://www.airbnb.com/rooms/930978402137993233
930999355577775100,NA,Neighborhood highlights,2,NA,NA,NA,5,2,https://www.airbnb.com/rooms/930999355577775152
930999499613845800,$45.00,Neighborhood highlights,2,1,1,1,5,1,https://www.airbnb.com/rooms/930999499613845775
930999578736424700,NA,Neighborhood highlights,2,NA,NA,NA,NA,0,https://www.airbnb.com/rooms/930999578736424710
931043537485163400,$189.00,Neighborhood highlights,2,1.5,1,1,5,3,https://www.airbnb.com/rooms/931043537485163386
931061652669166300,$160.00,NA,2,1,1,0,4.88,16,https://www.airbnb.com/rooms/931061652669166300
931216252915282700,$85.00,NA,1,1,1,1,4.94,77,https://www.airbnb.com/rooms/931216252915282640
931346599700737200,$302.00,Neighborhood highlights,6,1,2,4,4.83,46,https://www.airbnb.com/rooms/931346599700737114
931710465335446100,$206.00,Neighborhood highlights,3,1,0,1,5,5,https://www.airbnb.com/rooms/931710465335446145
931737583727167200,"$2,250.00",NA,6,5.5,5,4,5,2,https://www.airbnb.com/rooms/931737583727167257
931754909794665300,$70.00,Neighborhood highlights,3,1,1,2,4,4,https://www.airbnb.com/rooms/931754909794665307
931755371526339700,$175.00,NA,2,1,0,1,5,1,https://www.airbnb.com/rooms/931755371526339724
931902143251951200,$151.00,NA,2,1,1,1,5,7,https://www.airbnb.com/rooms/931902143251951219
931964176340868700,$325.00,NA,2,1,1,1,NA,0,https://www.airbnb.com/rooms/931964176340868788
931997212799351400,$85.00,NA,4,1,2,2,4.62,13,https://www.airbnb.com/rooms/931997212799351474
932036061742273e3,$128.00,Neighborhood highlights,2,1,1,1,NA,0,https://www.airbnb.com/rooms/932036061742273027
932061950917066500,$60.00,NA,1,1,1,1,NA,0,https://www.airbnb.com/rooms/932061950917066464
932096600697604e3,NA,NA,3,NA,1,NA,4.2,5,https://www.airbnb.com/rooms/932096600697603936
932099943499845500,$56.00,NA,1,2,1,1,NA,0,https://www.airbnb.com/rooms/932099943499845547
932509525705477100,$236.00,NA,2,1,1,1,5,2,https://www.airbnb.com/rooms/932509525705477060
932513881802567600,$216.00,NA,2,1,1,1,4.61,18,https://www.airbnb.com/rooms/932513881802567497
932517702484463500,$246.00,NA,2,1,1,1,4.75,40,https://www.airbnb.com/rooms/932517702484463490
932519451454057900,$276.00,NA,2,1,1,1,4.8,5,https://www.airbnb.com/rooms/932519451454057903
932522047518865e3,$316.00,NA,2,1,1,2,5,1,https://www.airbnb.com/rooms/932522047518865082
932523901255607400,$336.00,NA,5,1,1,3,4.88,25,https://www.airbnb.com/rooms/932523901255607390
932526628996295200,$296.00,NA,2,1,1,1,NA,0,https://www.airbnb.com/rooms/932526628996295140
932578265767797e3,$178.00,Neighborhood highlights,2,1,1,1,4.5,4,https://www.airbnb.com/rooms/932578265767796981
932658646851116900,$500.00,NA,12,2.5,4,2,5,1,https://www.airbnb.com/rooms/932658646851116915
932676387034547100,NA,Neighborhood highlights,2,NA,1,NA,5,3,https://www.airbnb.com/rooms/932676387034547089
932770320239807600,NA,NA,2,NA,1,NA,5,1,https://www.airbnb.com/rooms/932770320239807679
932858332755738200,NA,Neighborhood highlights,2,NA,NA,NA,4.8,5,https://www.airbnb.com/rooms/932858332755738272
932865847860645600,$87.00,Neighborhood highlights,2,1,2,1,4.57,23,https://www.airbnb.com/rooms/932865847860645621
932886366776445800,$79.00,NA,2,1,1,1,NA,0,https://www.airbnb.com/rooms/932886366776445764
932893071035345e3,$120.00,Neighborhood highlights,2,2,0,2,4.92,25,https://www.airbnb.com/rooms/932893071035345056
933199939452228100,$299.00,Neighborhood highlights,3,1,1,1,4.43,7,https://www.airbnb.com/rooms/933199939452228087
933229024126753800,$220.00,NA,2,1,2,2,5,1,https://www.airbnb.com/rooms/933229024126753803
933237475965833900,$98.00,NA,2,1,1,1,4.86,7,https://www.airbnb.com/rooms/933237475965833822
933281852150198900,$135.00,Neighborhood highlights,4,1,1,2,NA,0,https://www.airbnb.com/rooms/933281852150198942
93328484417632e4,$169.00,Neighborhood highlights,4,1,1,2,NA,0,https://www.airbnb.com/rooms/933284844176319963
933317858671778800,$250.00,Neighborhood highlights,4,1,2,2,NA,0,https://www.airbnb.com/rooms/933317858671778853
933345169834170800,NA,NA,10,NA,3,NA,NA,0,https://www.airbnb.com/rooms/933345169834170743
933401156085324700,$53.00,Neighborhood highlights,2,2,1,1,5,2,https://www.airbnb.com/rooms/933401156085324658
933401164471711700,$60.00,Neighborhood highlights,2,2,1,1,5,3,https://www.airbnb.com/rooms/933401164471711683
933636516515446800,$192.00,Neighborhood highlights,6,3,3,3,NA,0,https://www.airbnb.com/rooms/933636516515446771
933765874985398900,$406.00,Neighborhood highlights,4,2,2,2,NA,0,https://www.airbnb.com/rooms/933765874985398884
933904777683447400,$200.00,NA,2,1,1,1,1,1,https://www.airbnb.com/rooms/933904777683447370
933971768939004e3,$115.00,Neighborhood highlights,4,1.5,1,2,5,3,https://www.airbnb.com/rooms/933971768939004094
933990288742621700,$60.00,Neighborhood highlights,2,1,1,1,5,2,https://www.airbnb.com/rooms/933990288742621736
933996916141089800,$495.00,Neighborhood highlights,2,1.5,3,3,5,1,https://www.airbnb.com/rooms/933996916141089802
934031903795021700,$175.00,NA,2,1,1,1,NA,0,https://www.airbnb.com/rooms/934031903795021680
934053688724269300,$600.00,Neighborhood highlights,4,2,2,3,NA,0,https://www.airbnb.com/rooms/934053688724269328
934097609926046e3,$175.00,Neighborhood highlights,4,2,2,2,NA,0,https://www.airbnb.com/rooms/934097609926046006
934100065088277600,$243.00,Neighborhood highlights,2,1,2,2,4.8,56,https://www.airbnb.com/rooms/934100065088277596
934107469692156400,$297.00,Neighborhood highlights,4,1,1,2,4.16,45,https://www.airbnb.com/rooms/934107469692156357
934126796819236700,$128.00,NA,4,1,2,2,3,2,https://www.airbnb.com/rooms/934126796819236738
934260446716517900,$94.00,Neighborhood highlights,1,1,1,1,NA,0,https://www.airbnb.com/rooms/934260446716517894
934303061471257200,$80.00,Neighborhood highlights,1,1,1,1,4.65,20,https://www.airbnb.com/rooms/934303061471257276
934319323648560100,$157.00,NA,1,1,1,1,NA,0,https://www.airbnb.com/rooms/934319323648560151
934473612721421400,$157.00,Neighborhood highlights,4,1,1,2,4.63,8,https://www.airbnb.com/rooms/934473612721421418
934508694446219100,$43.00,Neighborhood highlights,1,1,1,1,NA,0,https://www.airbnb.com/rooms/934508694446219093
934510271997172200,$385.00,Neighborhood highlights,2,1,1,1,NA,0,https://www.airbnb.com/rooms/934510271997172189
934510577919777800,$289.00,Neighborhood highlights,2,1,1,1,NA,0,https://www.airbnb.com/rooms/934510577919777737
934561155694601e3,NA,Neighborhood highlights,4,NA,NA,NA,5,4,https://www.airbnb.com/rooms/934561155694600927
934644132328153100,$336.00,NA,10,2,4,5,5,2,https://www.airbnb.com/rooms/934644132328153054
9.3471922045080794e+17,$350.00,NA,4,1,2,2,5,1,https://www.airbnb.com/rooms/934719220450807878
934762743705655800,"$4,320.00",NA,2,1,1,1,NA,0,https://www.airbnb.com/rooms/934762743705655820
934809591586055e3,NA,Neighborhood highlights,2,NA,1,NA,NA,0,https://www.airbnb.com/rooms/934809591586055035
934862979955950500,$170.00,Neighborhood highlights,2,1,1,1,5,2,https://www.airbnb.com/rooms/934862979955950523
934898083014847700,NA,NA,2,NA,1,NA,NA,0,https://www.airbnb.com/rooms/934898083014847747
934953511803867600,NA,NA,2,NA,1,NA,NA,0,https://www.airbnb.com/rooms/934953511803867621
935027213162316e3,$300.00,NA,7,3.5,3,5,5,3,https://www.airbnb.com/rooms/935027213162316016
935323497276063e3,$72.00,NA,1,2,1,1,NA,0,https://www.airbnb.com/rooms/935323497276063033
935495799688132900,$180.00,Neighborhood highlights,3,1,1,1,5,1,https://www.airbnb.com/rooms/935495799688132900
935522748480485600,$360.00,NA,4,1,1,2,NA,0,https://www.airbnb.com/rooms/935522748480485575
935524300755098400,$80.00,NA,2,1.5,1,1,NA,0,https://www.airbnb.com/rooms/935524300755098358
935537402485139200,$210.00,Neighborhood highlights,2,1,0,1,5,3,https://www.airbnb.com/rooms/935537402485139223
9.3555780709815206e+17,$222.00,NA,3,1,0,1,1,1,https://www.airbnb.com/rooms/935557807098152051
935561619919887500,$169.00,Neighborhood highlights,8,2,2,4,NA,0,https://www.airbnb.com/rooms/935561619919887468
935565021108534500,$135.00,Neighborhood highlights,8,2,2,4,NA,0,https://www.airbnb.com/rooms/935565021108534524
935632781765410300,$118.00,Neighborhood highlights,1,1,1,1,5,37,https://www.airbnb.com/rooms/935632781765410277
935641323037716500,$204.00,Neighborhood highlights,3,1,1,2,5,4,https://www.airbnb.com/rooms/935641323037716462
935839383979445800,$314.00,NA,2,1,1,1,4.94,31,https://www.airbnb.com/rooms/935839383979445801
935914641942789200,$200.00,NA,6,2,3,3,5,2,https://www.airbnb.com/rooms/935914641942789255
936124309654742e3,$106.00,NA,2,1,1,1,4.61,36,https://www.airbnb.com/rooms/936124309654742052
936130644061301e3,$102.00,NA,2,1,1,1,4.79,38,https://www.airbnb.com/rooms/936130644061300986
936138035059084500,$108.00,NA,2,1,1,1,4.77,35,https://www.airbnb.com/rooms/936138035059084534
936142626413916e3,$108.00,NA,2,1,1,1,4.72,32,https://www.airbnb.com/rooms/936142626413916074
936149904407881600,$150.00,Neighborhood highlights,6,2,3,4,4.84,32,https://www.airbnb.com/rooms/936149904407881578
936242589592828900,$120.00,Neighborhood highlights,1,1,1,1,NA,0,https://www.airbnb.com/rooms/936242589592828906
936314153892811300,$122.00,NA,1,1,1,1,NA,0,https://www.airbnb.com/rooms/936314153892811228
936379553880719200,$95.00,NA,1,1,1,1,NA,0,https://www.airbnb.com/rooms/936379553880719228
936752064031781800,$100.00,Neighborhood highlights,2,1,0,1,5,2,https://www.airbnb.com/rooms/936752064031781776
936835828064696600,$100.00,NA,2,1.5,1,1,5,11,https://www.airbnb.com/rooms/936835828064696598
936932084081844500,$60.00,Neighborhood highlights,1,1,5,1,3.67,9,https://www.airbnb.com/rooms/936932084081844458
936959756283937900,$641.00,NA,2,1,0,1,NA,0,https://www.airbnb.com/rooms/936959756283937973
936999803098368300,$100.00,NA,2,1.5,1,1,5,7,https://www.airbnb.com/rooms/936999803098368312
937020395675326800,$100.00,NA,2,1.5,1,1,4.92,13,https://www.airbnb.com/rooms/937020395675326839
937049149080505e3,$45.00,NA,2,2,1,1,5,1,https://www.airbnb.com/rooms/937049149080504982
93708827201389e4,$115.00,NA,2,1,1,1,5,1,https://www.airbnb.com/rooms/937088272013890054
937116425864902500,$120.00,NA,2,1,1,1,NA,0,https://www.airbnb.com/rooms/937116425864902491
937574445578039200,NA,Neighborhood highlights,2,NA,1,NA,NA,0,https://www.airbnb.com/rooms/937574445578039112
937613406225556600,$115.00,NA,4,1.5,1,2,5,4,https://www.airbnb.com/rooms/937613406225556655
937613487924208100,$799.00,Neighborhood highlights,6,3,3,3,NA,0,https://www.airbnb.com/rooms/937613487924208175
937671047490491800,$65.00,NA,1,1,1,1,4,2,https://www.airbnb.com/rooms/937671047490491835
937693878463193700,NA,NA,2,NA,NA,NA,NA,0,https://www.airbnb.com/rooms/937693878463193670
9.3770802493855206e+17,$654.00,Neighborhood highlights,8,2,2,4,4.6,40,https://www.airbnb.com/rooms/937708024938552088
937842682975806800,$175.00,Neighborhood highlights,2,1,1,3,4.89,28,https://www.airbnb.com/rooms/937842682975806831
937873431653897200,$250.00,NA,4,1,1,2,4.92,25,https://www.airbnb.com/rooms/937873431653897161
937880575429081500,$199.00,NA,8,1,1,4,NA,0,https://www.airbnb.com/rooms/937880575429081454
937952439512243300,$94.00,Neighborhood highlights,5,1,2,3,NA,0,https://www.airbnb.com/rooms/937952439512243290
938280108235737500,$78.00,Neighborhood highlights,2,1,1,1,NA,0,https://www.airbnb.com/rooms/938280108235737499
938426319639302700,$281.00,Neighborhood highlights,2,1,1,2,4.89,28,https://www.airbnb.com/rooms/938426319639302623
938455813355936600,$135.00,NA,2,1,0,1,5,1,https://www.airbnb.com/rooms/938455813355936637
938491885631573200,NA,Neighborhood highlights,1,NA,NA,NA,NA,0,https://www.airbnb.com/rooms/938491885631573200
938529516572780700,$117.00,NA,10,2.5,3,6,NA,0,https://www.airbnb.com/rooms/938529516572780694
938537786436830800,$78.00,NA,4,1,2,2,NA,0,https://www.airbnb.com/rooms/938537786436830864
938542600432469600,$399.00,Neighborhood highlights,5,1,2,3,3,2,https://www.airbnb.com/rooms/938542600432469649
938636712483095300,$106.00,Neighborhood highlights,2,1,1,1,NA,0,https://www.airbnb.com/rooms/938636712483095309
938652341400092900,$105.00,NA,2,1,3,1,5,3,https://www.airbnb.com/rooms/938652341400092973
938857402335841300,$419.00,Neighborhood highlights,4,2,2,2,NA,0,https://www.airbnb.com/rooms/938857402335841220
938959654340995200,$120.00,NA,2,1,1,1,NA,0,https://www.airbnb.com/rooms/938959654340995163
939004704300722800,NA,Neighborhood highlights,2,NA,1,NA,4.67,3,https://www.airbnb.com/rooms/939004704300722869
939052842960442e3,$114.00,Neighborhood highlights,2,1,1,1,NA,0,https://www.airbnb.com/rooms/939052842960441956
939074435097007600,$353.00,Neighborhood highlights,6,1,3,4,4.75,24,https://www.airbnb.com/rooms/939074435097007573
939093570322682500,$135.00,Neighborhood highlights,12,3,3,6,NA,0,https://www.airbnb.com/rooms/939093570322682514
939095508681280900,$135.00,Neighborhood highlights,12,3,3,6,NA,0,https://www.airbnb.com/rooms/939095508681280921
939096788299135500,$135.00,Neighborhood highlights,8,2,2,4,NA,0,https://www.airbnb.com/rooms/939096788299135432
939099210247604700,$135.00,Neighborhood highlights,12,3,3,6,NA,0,https://www.airbnb.com/rooms/939099210247604680
939110577314889600,NA,NA,3,NA,1,NA,5,1,https://www.airbnb.com/rooms/939110577314889642
939121148158704e3,$104.00,Neighborhood highlights,3,1,1,2,5,7,https://www.airbnb.com/rooms/939121148158704051
939153752933491100,$120.00,NA,2,1,1,0,5,2,https://www.airbnb.com/rooms/939153752933491126
939168695962387100,$551.00,NA,4,2,2,2,NA,0,https://www.airbnb.com/rooms/939168695962387020
939268446662227100,$51.00,NA,1,1,1,1,NA,0,https://www.airbnb.com/rooms/939268446662227135
939387800231178e3,$320.00,NA,4,2,2,3,5,1,https://www.airbnb.com/rooms/939387800231178042
939431170319588500,$150.00,NA,4,1,2,2,4,3,https://www.airbnb.com/rooms/939431170319588496
939707381622763e3,$290.00,Neighborhood highlights,4,1,0,2,4.6,5,https://www.airbnb.com/rooms/939707381622763018
939751910723746e3,$287.00,Neighborhood highlights,5,1,0,2,4.57,14,https://www.airbnb.com/rooms/939751910723746071
939756457237945e3,$155.00,NA,2,1,1,1,5,1,https://www.airbnb.com/rooms/939756457237944916
939782042054648700,$180.00,NA,5,1,1,2,4.86,14,https://www.airbnb.com/rooms/939782042054648737
939855407243622400,$70.00,Neighborhood highlights,2,1,1,1,4.83,6,https://www.airbnb.com/rooms/939855407243622389
939855522492183700,$62.00,NA,2,1,1,1,4.38,13,https://www.airbnb.com/rooms/939855522492183621
939887136280503200,NA,NA,2,NA,NA,NA,NA,0,https://www.airbnb.com/rooms/939887136280503228
939911859297240600,$150.00,NA,2,3,1,1,5,1,https://www.airbnb.com/rooms/939911859297240587
939986921648835800,$611.00,Neighborhood highlights,6,2,2,6,5,1,https://www.airbnb.com/rooms/939986921648835884
940156629413345700,$314.00,Neighborhood highlights,4,1,1,2,5,2,https://www.airbnb.com/rooms/940156629413345648
940279919668139e3,$85.00,Neighborhood highlights,1,1,1,1,4.33,33,https://www.airbnb.com/rooms/940279919668139029
940458538795223800,$270.00,NA,2,1,1,1,5,2,https://www.airbnb.com/rooms/940458538795223834
940503370317405300,$145.00,NA,3,1,1,2,5,1,https://www.airbnb.com/rooms/940503370317405352
940528776781272200,$440.00,Neighborhood highlights,8,2,4,4,NA,0,https://www.airbnb.com/rooms/940528776781272234
940626615274426500,$169.00,Neighborhood highlights,4,1,1,1,5,1,https://www.airbnb.com/rooms/940626615274426464
940643437829841900,$130.00,Neighborhood highlights,2,1,1,2,5,1,https://www.airbnb.com/rooms/940643437829841859
940702861177012700,$262.00,NA,6,1,1,10,NA,0,https://www.airbnb.com/rooms/940702861177012798
940756653452768400,$165.00,NA,2,1,1,1,NA,0,https://www.airbnb.com/rooms/940756653452768403
941135917318610200,$112.00,Neighborhood highlights,4,1,2,0,NA,0,https://www.airbnb.com/rooms/941135917318610188
941212639695756800,$145.00,Neighborhood highlights,3,1,0,1,3,1,https://www.airbnb.com/rooms/941212639695756797
941250501472266400,$99.00,NA,3,1,0,1,5,4,https://www.airbnb.com/rooms/941250501472266329
941267689993150300,$120.00,NA,2,1,1,1,NA,0,https://www.airbnb.com/rooms/941267689993150302
941268454474275700,$161.00,NA,4,1,1,1,4.81,27,https://www.airbnb.com/rooms/941268454474275765
941340717491101e3,$100.00,NA,2,1,2,2,4,1,https://www.airbnb.com/rooms/941340717491101017
941401018286124200,$199.00,NA,10,1,3,3,NA,0,https://www.airbnb.com/rooms/941401018286124164
9.4142586156749606e+17,$299.00,NA,6,2,3,3,NA,0,https://www.airbnb.com/rooms/941425861567496099
941524034279103e3,NA,NA,2,NA,NA,NA,5,1,https://www.airbnb.com/rooms/941524034279102973
941526822234794500,$43.00,Neighborhood highlights,2,1,1,1,NA,0,https://www.airbnb.com/rooms/941526822234794548
941557907167199200,NA,NA,3,NA,2,NA,NA,0,https://www.airbnb.com/rooms/941557907167199278
941905097912157200,$140.00,Neighborhood highlights,2,1,1,1,5,2,https://www.airbnb.com/rooms/941905097912157160
941984263243861e3,NA,Neighborhood highlights,2,NA,1,NA,NA,0,https://www.airbnb.com/rooms/941984263243860981
942015991579055200,$173.00,NA,3,1,0,1,5,1,https://www.airbnb.com/rooms/942015991579055232
942036670981097200,$35.00,NA,2,1.5,1,1,3.67,6,https://www.airbnb.com/rooms/942036670981097219
942039635983891500,$225.00,NA,4,1,2,2,5,2,https://www.airbnb.com/rooms/942039635983891486
942107749155144600,$303.00,NA,2,2.5,2,2,4.95,57,https://www.airbnb.com/rooms/942107749155144577
942119359731768400,$475.00,Neighborhood highlights,4,1,2,2,4.5,2,https://www.airbnb.com/rooms/942119359731768484
942183608740173400,$343.00,Neighborhood highlights,6,2,3,3,5,3,https://www.airbnb.com/rooms/942183608740173414
942191196511011200,NA,NA,6,NA,5,NA,3.33,3,https://www.airbnb.com/rooms/942191196511011206
942263483606516500,$73.00,Neighborhood highlights,2,1,1,1,NA,0,https://www.airbnb.com/rooms/942263483606516515
94239418670738e4,$46.00,NA,1,1,1,1,4.93,29,https://www.airbnb.com/rooms/942394186707379939
942404361014833900,$80.00,Neighborhood highlights,2,1,2,2,NA,0,https://www.airbnb.com/rooms/942404361014833950
942577089963887700,$222.00,Neighborhood highlights,2,1,2,1,4.83,6,https://www.airbnb.com/rooms/942577089963887749
942625772911401100,$469.00,NA,5,1,2,1,4.88,17,https://www.airbnb.com/rooms/942625772911401128
942634387818750300,$319.00,Neighborhood highlights,5,1,2,4,4.62,13,https://www.airbnb.com/rooms/942634387818750378
942635903441753200,$197.00,NA,8,1,1,4,4.44,27,https://www.airbnb.com/rooms/942635903441753168
942710768503037300,$80.00,NA,2,1,1,1,NA,0,https://www.airbnb.com/rooms/942710768503037353
942733581675934100,$130.00,NA,3,1,2,2,NA,0,https://www.airbnb.com/rooms/942733581675934093
942751602060214400,$75.00,Neighborhood highlights,2,2,4,1,5,2,https://www.airbnb.com/rooms/942751602060214384
942787222654669e3,$100.00,NA,2,1,1,1,5,2,https://www.airbnb.com/rooms/942787222654669024
942789916504865400,$259.00,NA,7,1,3,5,4.42,12,https://www.airbnb.com/rooms/942789916504865346
942805126931155700,$218.00,Neighborhood highlights,4,1,2,2,5,1,https://www.airbnb.com/rooms/942805126931155706
942840201196639e3,$56.00,NA,2,1,1,1,NA,0,https://www.airbnb.com/rooms/942840201196638992
942840241210009200,$39.00,NA,1,1,1,1,NA,0,https://www.airbnb.com/rooms/942840241210009215
942866549062627200,$74.00,NA,2,5,1,1,4.6,10,https://www.airbnb.com/rooms/942866549062627160
942884630065123e3,NA,NA,2,NA,1,NA,NA,0,https://www.airbnb.com/rooms/942884630065122977
942997215850557600,NA,NA,4,NA,1,NA,NA,0,https://www.airbnb.com/rooms/942997215850557584
943228744483186e3,$66.00,NA,1,1,1,1,NA,0,https://www.airbnb.com/rooms/943228744483186066
943299585469561500,$62.00,NA,2,3,3,1,NA,0,https://www.airbnb.com/rooms/943299585469561534
943339716195685800,$186.00,Neighborhood highlights,3,1,0,1,5,1,https://www.airbnb.com/rooms/943339716195685741
943355475316082700,$69.00,NA,1,1,1,1,NA,0,https://www.airbnb.com/rooms/943355475316082705
943355797386691200,$65.00,NA,2,1,1,1,3.8,5,https://www.airbnb.com/rooms/943355797386691170
943356414637179500,$43.00,NA,1,2,4,1,NA,0,https://www.airbnb.com/rooms/943356414637179490
943360194879720600,$44.00,NA,1,2,4,1,NA,0,https://www.airbnb.com/rooms/943360194879720562
943362804788497300,$44.00,NA,1,2,4,1,NA,0,https://www.airbnb.com/rooms/943362804788497217
943365600179372800,$41.00,NA,1,2,4,1,NA,0,https://www.airbnb.com/rooms/943365600179372764
943371238701435300,$353.00,NA,6,1,2,1,4.38,13,https://www.airbnb.com/rooms/943371238701435307
943385151076906100,$42.00,NA,2,1,1,1,5,1,https://www.airbnb.com/rooms/943385151076906123
943407090207252500,$230.00,NA,3,1,1,1,NA,0,https://www.airbnb.com/rooms/943407090207252431
943419084180379e3,$200.00,Neighborhood highlights,3,1,1,1,NA,0,https://www.airbnb.com/rooms/943419084180379025
943448404698310500,$200.00,NA,2,1,1,1,NA,0,https://www.airbnb.com/rooms/943448404698310515
943454489635225100,$245.00,NA,4,1,1,1,NA,0,https://www.airbnb.com/rooms/943454489635225050
943522101788911100,$117.00,Neighborhood highlights,2,1,1,2,4.93,27,https://www.airbnb.com/rooms/943522101788911058
943532117931729400,$111.00,NA,2,1,1,2,4.12,17,https://www.airbnb.com/rooms/943532117931729388
943544801089756800,NA,Neighborhood highlights,1,NA,2,NA,NA,0,https://www.airbnb.com/rooms/943544801089756841
943562811506042900,$403.00,Neighborhood highlights,4,2,2,2,5,3,https://www.airbnb.com/rooms/943562811506042858
943684563716718100,$142.00,NA,2,1,1,1,5,1,https://www.airbnb.com/rooms/943684563716718091
9.4370715328751194e+17,$85.00,NA,3,1,2,2,NA,0,https://www.airbnb.com/rooms/943707153287511998
943780020325684100,$44.00,NA,1,1,1,0,4.95,20,https://www.airbnb.com/rooms/943780020325684092
943789666349337700,$259.00,NA,6,2,3,4,5,1,https://www.airbnb.com/rooms/943789666349337789
944236621599209100,$49.00,NA,1,1,1,1,NA,0,https://www.airbnb.com/rooms/944236621599209077
944241745269749900,$286.00,Neighborhood highlights,4,1,2,3,4.72,50,https://www.airbnb.com/rooms/944241745269749895
944831938640547500,$120.00,Neighborhood highlights,2,2,1,1,4.86,63,https://www.airbnb.com/rooms/944831938640547421
944840863824995800,$330.00,NA,4,1,1,2,5,1,https://www.airbnb.com/rooms/944840863824995866
944898365098169e3,$325.00,Neighborhood highlights,2,1,1,1,5,3,https://www.airbnb.com/rooms/944898365098168917
944912791363398700,$384.00,Neighborhood highlights,4,2,2,2,5,1,https://www.airbnb.com/rooms/944912791363398658
944912962440670200,"$1,464.00",Neighborhood highlights,10,4.5,4,4,5,1,https://www.airbnb.com/rooms/944912962440670211
944920536775536600,$249.00,Neighborhood highlights,2,1,1,2,3,1,https://www.airbnb.com/rooms/944920536775536702
945007284377459500,$70.00,NA,3,1,1,1,5,2,https://www.airbnb.com/rooms/945007284377459483
945036621241359900,$297.00,Neighborhood highlights,2,1,0,1,5,2,https://www.airbnb.com/rooms/945036621241359838
945140514192291700,$230.00,NA,4,1,1,1,4,1,https://www.airbnb.com/rooms/945140514192291758
945143380838777300,$200.00,NA,3,1,1,1,NA,0,https://www.airbnb.com/rooms/945143380838777358
945201137880063700,$91.00,NA,2,1,1,1,1.5,2,https://www.airbnb.com/rooms/945201137880063700
945418448033609900,$40.00,Neighborhood highlights,2,1,1,1,NA,0,https://www.airbnb.com/rooms/945418448033609833
945433153175759e3,NA,Neighborhood highlights,2,NA,NA,NA,NA,0,https://www.airbnb.com/rooms/945433153175759001
945477271403119700,$237.00,Neighborhood highlights,3,1,1,1,NA,0,https://www.airbnb.com/rooms/945477271403119775
945577590097526500,NA,NA,1,NA,1,NA,5,1,https://www.airbnb.com/rooms/945577590097526499
945589888997232600,$280.00,NA,3,1,1,2,NA,0,https://www.airbnb.com/rooms/945589888997232644
945602409561819500,$84.00,NA,4,2,1,2,4.18,17,https://www.airbnb.com/rooms/945602409561819512
945617670376932600,NA,Neighborhood highlights,2,NA,1,NA,NA,0,https://www.airbnb.com/rooms/945617670376932546
945753993360829300,$165.00,NA,6,1,1,2,NA,0,https://www.airbnb.com/rooms/945753993360829251
945813659652955800,$181.00,Neighborhood highlights,5,1.5,3,4,NA,0,https://www.airbnb.com/rooms/945813659652955767
945823283305739600,$135.00,NA,4,1,2,4,5,5,https://www.airbnb.com/rooms/945823283305739634
945869533082985700,$250.00,NA,3,1,1,1,5,3,https://www.airbnb.com/rooms/945869533082985700
945943800810865200,$70.00,NA,2,1,1,1,5,7,https://www.airbnb.com/rooms/945943800810865099
945949175848923600,"$1,433.00",Neighborhood highlights,4,2.5,2,2,5,20,https://www.airbnb.com/rooms/945949175848923674
946012198720350100,$266.00,Neighborhood highlights,3,1,3,3,NA,0,https://www.airbnb.com/rooms/946012198720350125
946048819192983800,$267.00,Neighborhood highlights,3,1,3,3,NA,0,https://www.airbnb.com/rooms/946048819192983756
946057593303657200,$270.00,Neighborhood highlights,3,1,3,3,NA,0,https://www.airbnb.com/rooms/946057593303657174
946078110123918200,$143.00,Neighborhood highlights,2,1,1,1,NA,0,https://www.airbnb.com/rooms/946078110123918150
946095367566643600,$127.00,Neighborhood highlights,2,1,1,1,NA,0,https://www.airbnb.com/rooms/946095367566643543
946117459844792600,NA,Neighborhood highlights,2,NA,1,NA,NA,0,https://www.airbnb.com/rooms/946117459844792553
946125724471824900,$109.00,Neighborhood highlights,2,1,1,1,NA,0,https://www.airbnb.com/rooms/946125724471824877
946135690794019800,$99.00,Neighborhood highlights,1,1,1,1,NA,0,https://www.airbnb.com/rooms/946135690794019776
946144788291423700,$150.00,Neighborhood highlights,1,1,1,1,NA,0,https://www.airbnb.com/rooms/946144788291423736
946191121459066900,$65.00,NA,5,1.5,1,3,NA,0,https://www.airbnb.com/rooms/946191121459066867
946251498631212300,$57.00,NA,1,1,1,1,4,1,https://www.airbnb.com/rooms/946251498631212313
946447856386514e3,$185.00,NA,5,1,2,4,4.82,22,https://www.airbnb.com/rooms/946447856386514031
946454768901498100,$217.00,Neighborhood highlights,2,2,3,3,NA,0,https://www.airbnb.com/rooms/946454768901498105
946659621115338200,NA,Neighborhood highlights,2,NA,NA,NA,5,1,https://www.airbnb.com/rooms/946659621115338236
946755621252060500,NA,Neighborhood highlights,2,NA,1,NA,NA,0,https://www.airbnb.com/rooms/946755621252060578
946782331595211800,NA,NA,1,NA,1,NA,NA,0,https://www.airbnb.com/rooms/946782331595211757
946819777113900400,$141.00,Neighborhood highlights,2,1,1,1,NA,0,https://www.airbnb.com/rooms/946819777113900405
946835117805283800,$150.00,Neighborhood highlights,2,1,1,1,NA,0,https://www.airbnb.com/rooms/946835117805283885
946854895172504400,$141.00,Neighborhood highlights,2,1,1,1,NA,0,https://www.airbnb.com/rooms/946854895172504465
946862732547161200,NA,Neighborhood highlights,2,NA,1,NA,NA,0,https://www.airbnb.com/rooms/946862732547161213
946880387801023400,NA,Neighborhood highlights,2,NA,1,NA,NA,0,https://www.airbnb.com/rooms/946880387801023372
946950669940529700,NA,Neighborhood highlights,1,NA,1,NA,NA,0,https://www.airbnb.com/rooms/946950669940529641
946969750222713900,NA,NA,2,NA,1,NA,NA,0,https://www.airbnb.com/rooms/946969750222713877
947010818644834300,NA,NA,2,NA,1,NA,NA,0,https://www.airbnb.com/rooms/947010818644834364
947081553406544900,$300.00,Neighborhood highlights,2,1,1,1,5,1,https://www.airbnb.com/rooms/947081553406544914
94710107382319e4,$150.00,NA,2,1,2,2,NA,0,https://www.airbnb.com/rooms/947101073823190038
947184015001854600,$70.00,NA,2,1,1,1,5,7,https://www.airbnb.com/rooms/947184015001854560
947225543055638900,$249.00,Neighborhood highlights,2,1,1,1,5,1,https://www.airbnb.com/rooms/947225543055638970
94722724298259e4,$135.00,Neighborhood highlights,2,1,1,1,5,1,https://www.airbnb.com/rooms/947227242982589922
947298528931641200,NA,NA,2,NA,NA,NA,4.42,12,https://www.airbnb.com/rooms/947298528931641189
947312309893755500,$110.00,NA,2,1,1,2,NA,0,https://www.airbnb.com/rooms/947312309893755569
94733882474989e4,$85.00,NA,2,1,1,1,4.94,18,https://www.airbnb.com/rooms/947338824749890014
947357514213752300,$64.00,Neighborhood highlights,2,1,1,1,5,1,https://www.airbnb.com/rooms/947357514213752269
947382440952465500,$55.00,Neighborhood highlights,1,2,1,5,4.29,7,https://www.airbnb.com/rooms/947382440952465575
947406723156323e3,$85.00,Neighborhood highlights,2,1,1,1,5,10,https://www.airbnb.com/rooms/947406723156322893
947506677820065400,$70.00,NA,2,1,1,1,5,3,https://www.airbnb.com/rooms/947506677820065380
947563437840108300,$87.00,NA,1,1,1,1,1,1,https://www.airbnb.com/rooms/947563437840108318
947580763236433900,NA,NA,1,NA,NA,NA,NA,0,https://www.airbnb.com/rooms/947580763236433907
947651756626420100,$99.00,NA,2,1,1,1,5,2,https://www.airbnb.com/rooms/947651756626420093
947708237377082e3,$125.00,NA,4,1,1,2,NA,0,https://www.airbnb.com/rooms/947708237377081975
947748255892941800,$100.00,NA,1,1,1,1,5,8,https://www.airbnb.com/rooms/947748255892941763
947751330348815900,$65.00,NA,2,1,1,1,4.5,4,https://www.airbnb.com/rooms/947751330348815891
947814065586984200,$91.00,Neighborhood highlights,1,1,1,1,NA,0,https://www.airbnb.com/rooms/947814065586984234
947879359042775300,$100.00,Neighborhood highlights,1,1,1,1,5,2,https://www.airbnb.com/rooms/947879359042775324
947990637125132200,$240.00,Neighborhood highlights,2,1,1,2,NA,0,https://www.airbnb.com/rooms/947990637125132193
948040019948960600,$202.00,NA,4,1,1,1,NA,0,https://www.airbnb.com/rooms/948040019948960582
948047266462171500,$310.00,Neighborhood highlights,2,1,1,1,5,11,https://www.airbnb.com/rooms/948047266462171495
948073089435542800,$148.00,NA,5,1,1,3,4.11,18,https://www.airbnb.com/rooms/948073089435542820
948074897183249e3,$149.00,NA,4,1,1,2,NA,0,https://www.airbnb.com/rooms/948074897183249086
948154615971768300,$420.00,Neighborhood highlights,16,1,0,0,NA,0,https://www.airbnb.com/rooms/948154615971768276
948160046984994600,$107.00,NA,4,1,2,2,4.93,30,https://www.airbnb.com/rooms/948160046984994544
948380746612788e3,$106.00,Neighborhood highlights,2,1,1,1,5,24,https://www.airbnb.com/rooms/948380746612788025
948450238202608400,NA,NA,4,NA,2,NA,NA,0,https://www.airbnb.com/rooms/948450238202608385
948454620122891300,$65.00,NA,4,1,NA,1,NA,0,https://www.airbnb.com/rooms/948454620122891237
948462394579193700,$129.00,NA,2,1,1,1,4.97,29,https://www.airbnb.com/rooms/948462394579193682
948529812205693800,$50.00,Neighborhood highlights,1,2,5,1,4.83,6,https://www.airbnb.com/rooms/948529812205693771
948566915733303700,$169.00,NA,1,1,1,1,NA,0,https://www.airbnb.com/rooms/948566915733303630
948571500147013500,$226.00,NA,4,1,1,1,NA,0,https://www.airbnb.com/rooms/948571500147013460
948583956858487e3,$392.00,Neighborhood highlights,4,1.5,2,2,NA,0,https://www.airbnb.com/rooms/948583956858487097
948641738106703700,$390.00,Neighborhood highlights,8,2,4,4,5,2,https://www.airbnb.com/rooms/948641738106703685
948686702143302500,$200.00,NA,2,1,1,2,5,2,https://www.airbnb.com/rooms/948686702143302519
948695761285568300,$58.00,NA,2,1.5,1,1,4.7,10,https://www.airbnb.com/rooms/948695761285568227
948749715443063600,$210.00,Neighborhood highlights,4,1,1,1,NA,0,https://www.airbnb.com/rooms/948749715443063513
948825420401862100,$272.00,Neighborhood highlights,6,2,2,3,5,11,https://www.airbnb.com/rooms/948825420401862130
948965851476384800,$99.00,NA,2,1,1,1,4.67,6,https://www.airbnb.com/rooms/948965851476384808
949015083661627100,$55.00,Neighborhood highlights,2,1,1,1,NA,0,https://www.airbnb.com/rooms/949015083661627174
949156482153618600,$39.00,NA,1,1,1,1,NA,0,https://www.airbnb.com/rooms/949156482153618517
949203092352821200,$119.00,Neighborhood highlights,3,1,2,3,4.88,16,https://www.airbnb.com/rooms/949203092352821304
949211575885214100,$257.00,NA,2,1,2,2,4.43,7,https://www.airbnb.com/rooms/949211575885214022
949224321229264e3,$150.00,Neighborhood highlights,4,1,2,2,NA,0,https://www.airbnb.com/rooms/949224321229263998
949234336228113800,$61.00,Neighborhood highlights,2,1,1,1,5,3,https://www.airbnb.com/rooms/949234336228113845
949251364400329300,$375.00,NA,4,1.5,1,1,NA,0,https://www.airbnb.com/rooms/949251364400329401
949264702916929700,$80.00,Neighborhood highlights,1,1,1,1,4.88,16,https://www.airbnb.com/rooms/949264702916929713
949265372729570200,$236.00,NA,2,1,1,1,3.75,4,https://www.airbnb.com/rooms/949265372729570235
949268359066422900,$236.00,NA,2,1,1,1,3,1,https://www.airbnb.com/rooms/949268359066422850
949271464381845e3,$317.00,NA,4,1,1,2,NA,0,https://www.airbnb.com/rooms/949271464381844946
949274358936897800,$258.00,NA,2,1,1,1,3.5,4,https://www.airbnb.com/rooms/949274358936897763
949277070616892300,$293.00,NA,2,1,1,1,3.67,3,https://www.airbnb.com/rooms/949277070616892307
949280014906858900,$271.00,NA,2,1,1,1,1,1,https://www.airbnb.com/rooms/949280014906858915
949282062861822700,$352.00,NA,2,1,1,2,5,1,https://www.airbnb.com/rooms/949282062861822755
949284629071808500,$352.00,NA,3,1,1,2,NA,0,https://www.airbnb.com/rooms/949284629071808523
949286440152988700,$704.00,NA,3,1,1,2,NA,0,https://www.airbnb.com/rooms/949286440152988645
949288691549168e3,$754.00,NA,2,1,1,1,NA,0,https://www.airbnb.com/rooms/949288691549168003
949367265522383100,$200.00,NA,2,1,1,1,NA,0,https://www.airbnb.com/rooms/949367265522383150
949400303873290200,$600.00,Neighborhood highlights,4,2,2,2,5,4,https://www.airbnb.com/rooms/949400303873290231
949486536388006400,$119.00,Neighborhood highlights,2,1,1,2,4.92,26,https://www.airbnb.com/rooms/949486536388006369
949510865642320900,NA,NA,2,NA,NA,NA,4.71,7,https://www.airbnb.com/rooms/949510865642320935
949729555472891500,$495.00,Neighborhood highlights,2,1,1,1,NA,0,https://www.airbnb.com/rooms/949729555472891578
949902736506233e3,$320.00,NA,5,2,2,2,NA,0,https://www.airbnb.com/rooms/949902736506232978
949940706376643200,$120.00,NA,4,1,2,2,NA,0,https://www.airbnb.com/rooms/949940706376643143
949952554564699800,$170.00,NA,3,1,1,1,NA,0,https://www.airbnb.com/rooms/949952554564699761
949978635220844400,$100.00,NA,2,1,1,1,4.83,18,https://www.airbnb.com/rooms/949978635220844393
949980594228045200,$275.00,NA,4,2,2,2,5,19,https://www.airbnb.com/rooms/949980594228045197
950072365812022900,NA,Neighborhood highlights,2,NA,1,NA,NA,0,https://www.airbnb.com/rooms/950072365812022967
950088048554818600,$139.00,NA,3,1,1,2,4.29,14,https://www.airbnb.com/rooms/950088048554818503
950150663573223e3,$211.00,NA,2,1,0,1,1,1,https://www.airbnb.com/rooms/950150663573223073
950168592361022100,$95.00,Neighborhood highlights,2,1,1,2,NA,0,https://www.airbnb.com/rooms/950168592361022132
950316243638576100,$208.00,Neighborhood highlights,2,1,1,1,4.71,31,https://www.airbnb.com/rooms/950316243638576156
950567742914393200,$175.00,NA,2,0.5,1,1,4.5,16,https://www.airbnb.com/rooms/950567742914393153
950613063933116800,$75.00,NA,2,1,1,1,5,2,https://www.airbnb.com/rooms/950613063933116818
950633540058086900,$75.00,NA,2,1,1,1,5,2,https://www.airbnb.com/rooms/950633540058086852
950712569462157300,$285.00,NA,4,1,1,1,NA,0,https://www.airbnb.com/rooms/950712569462157331
950720884509520100,NA,NA,2,NA,1,NA,4,14,https://www.airbnb.com/rooms/950720884509520129
950722868212590700,NA,NA,2,NA,1,NA,NA,0,https://www.airbnb.com/rooms/950722868212590743
950723475007097100,NA,NA,2,NA,1,NA,2.5,2,https://www.airbnb.com/rooms/950723475007097062
950726818995939800,NA,NA,2,NA,1,NA,3,6,https://www.airbnb.com/rooms/950726818995939836
950760354634473e3,$90.00,NA,3,1,1,3,5,1,https://www.airbnb.com/rooms/950760354634472980
950848677535894900,$240.00,NA,2,1,0,1,NA,0,https://www.airbnb.com/rooms/950848677535894971
950857524230310400,$52.00,NA,1,1,1,1,4.74,19,https://www.airbnb.com/rooms/950857524230310407
950914270096000300,$37.00,Neighborhood highlights,1,2,1,2,NA,0,https://www.airbnb.com/rooms/950914270096000201
950945548518671200,$140.00,NA,2,1,1,1,5,2,https://www.airbnb.com/rooms/950945548518671288
950960023109020900,NA,NA,3,NA,NA,NA,NA,0,https://www.airbnb.com/rooms/950960023109020864
950977050079855200,$62.00,Neighborhood highlights,1,1,1,1,2,1,https://www.airbnb.com/rooms/950977050079855273
951283938469772300,$334.00,NA,4,1,2,1,NA,0,https://www.airbnb.com/rooms/951283938469772317
951290001212126600,$415.00,Neighborhood highlights,4,2,1,2,5,1,https://www.airbnb.com/rooms/951290001212126600
951320538131260900,$99.00,NA,2,1,1,1,4.67,3,https://www.airbnb.com/rooms/951320538131260952
951379563230528800,$127.00,NA,8,1,2,2,NA,0,https://www.airbnb.com/rooms/951379563230528793
951553196276318600,$207.00,Neighborhood highlights,4,1,2,2,1,1,https://www.airbnb.com/rooms/951553196276318579
951571743611145900,$170.00,NA,2,1,0,1,5,3,https://www.airbnb.com/rooms/951571743611145829
951693288132885800,$127.00,Neighborhood highlights,1,1,1,1,NA,0,https://www.airbnb.com/rooms/951693288132885714
952048903666898800,NA,NA,1,NA,1,NA,NA,0,https://www.airbnb.com/rooms/952048903666898866
952098224452259300,$71.00,NA,2,1,0,1,5,1,https://www.airbnb.com/rooms/952098224452259300
952106006942420500,$46.00,NA,1,1,4,1,NA,0,https://www.airbnb.com/rooms/952106006942420418
952108784311950100,$45.00,NA,1,1,4,1,NA,0,https://www.airbnb.com/rooms/952108784311950037
952253512112729100,$120.00,Neighborhood highlights,2,1,1,1,5,2,https://www.airbnb.com/rooms/952253512112729138
952394433494138800,$74.00,NA,2,2,1,1,4.28,29,https://www.airbnb.com/rooms/952394433494138725
952553287021138200,$349.00,Neighborhood highlights,5,2,3,3,5,3,https://www.airbnb.com/rooms/952553287021138165
952588298076845300,$37.00,Neighborhood highlights,1,2,1,1,NA,0,https://www.airbnb.com/rooms/952588298076845311
952770872245256200,NA,NA,2,NA,1,NA,3.88,8,https://www.airbnb.com/rooms/952770872245256198
952784702776622100,NA,NA,2,NA,1,NA,4.5,6,https://www.airbnb.com/rooms/952784702776622019
952788825521103100,NA,NA,2,NA,1,NA,4.53,15,https://www.airbnb.com/rooms/952788825521103091
952792704677899500,NA,NA,2,NA,1,NA,4.4,5,https://www.airbnb.com/rooms/952792704677899527
952798329936840200,NA,NA,3,NA,NA,NA,NA,0,https://www.airbnb.com/rooms/952798329936840147
952813465757068900,$251.00,NA,2,1,1,1,NA,0,https://www.airbnb.com/rooms/952813465757068948
952824969723825800,$125.00,NA,4,1,2,2,4.5,2,https://www.airbnb.com/rooms/952824969723825832
952878493728030100,$750.00,Neighborhood highlights,4,2,2,2,NA,0,https://www.airbnb.com/rooms/952878493728030140
952984142614272400,$840.00,NA,3,1,1,1,NA,0,https://www.airbnb.com/rooms/952984142614272420
953064134114502300,$65.00,NA,4,1,2,2,NA,0,https://www.airbnb.com/rooms/953064134114502305
953082621778685200,"$3,602.00",NA,10,4,5,5,4,2,https://www.airbnb.com/rooms/953082621778685235
953092713442237400,$45.00,NA,1,1,1,1,4,1,https://www.airbnb.com/rooms/953092713442237503
9.5310286527504806e+17,$147.00,NA,2,1,1,1,NA,0,https://www.airbnb.com/rooms/953102865275048099
953140945417902800,$88.00,NA,2,1,1,1,NA,0,https://www.airbnb.com/rooms/953140945417902805
953156373641215500,NA,NA,1,NA,1,NA,NA,0,https://www.airbnb.com/rooms/953156373641215451
953206229223459100,$95.00,NA,2,2,1,1,4.4,15,https://www.airbnb.com/rooms/953206229223459043
953274610384095400,$205.00,Neighborhood highlights,3,1,1,1,4.48,29,https://www.airbnb.com/rooms/953274610384095304
953374339819644800,$124.00,NA,1,1,0,2,NA,0,https://www.airbnb.com/rooms/953374339819644784
953391145939365100,$335.00,Neighborhood highlights,2,1,2,2,4.82,28,https://www.airbnb.com/rooms/953391145939365107
953551779964382500,$100.00,NA,1,1,1,1,NA,0,https://www.airbnb.com/rooms/953551779964382496
953609063229886500,NA,NA,4,NA,1,NA,5,1,https://www.airbnb.com/rooms/953609063229886500
953648370950219300,$97.00,Neighborhood highlights,3,1,1,3,NA,0,https://www.airbnb.com/rooms/953648370950219232
953676633258858900,$75.00,NA,2,2,1,1,4.25,20,https://www.airbnb.com/rooms/953676633258858896
953702877139617800,NA,Neighborhood highlights,2,NA,1,NA,NA,0,https://www.airbnb.com/rooms/953702877139617774
953709095771969500,NA,Neighborhood highlights,2,NA,1,NA,5,3,https://www.airbnb.com/rooms/953709095771969533
953709683318097200,$50.00,NA,1,1,1,1,5,1,https://www.airbnb.com/rooms/953709683318097157
953718369383289600,NA,Neighborhood highlights,1,NA,1,NA,4.88,8,https://www.airbnb.com/rooms/953718369383289539
953728610532190200,$121.00,NA,2,1,0,1,NA,0,https://www.airbnb.com/rooms/953728610532190232
953735437022019e3,NA,Neighborhood highlights,2,NA,1,NA,5,2,https://www.airbnb.com/rooms/953735437022018882
953749709894151300,$316.00,NA,8,2,3,4,4.5,2,https://www.airbnb.com/rooms/953749709894151239
953828756330090200,$758.00,NA,7,1,4,6,4.29,14,https://www.airbnb.com/rooms/953828756330090292
953831266529128700,$150.00,Neighborhood highlights,6,1,3,4,5,2,https://www.airbnb.com/rooms/953831266529128673
953835252170082600,$159.00,Neighborhood highlights,1,1,1,1,NA,0,https://www.airbnb.com/rooms/953835252170082499
953873085836036400,$189.00,Neighborhood highlights,3,1,0,1,NA,0,https://www.airbnb.com/rooms/953873085836036385
953884582009993e3,$207.00,Neighborhood highlights,3,1,0,1,4.59,27,https://www.airbnb.com/rooms/953884582009992940
954013635793717100,$38.00,Neighborhood highlights,2,1,1,1,4.91,22,https://www.airbnb.com/rooms/954013635793717147
954203854664822800,"$1,380.00",NA,2,1,1,1,NA,0,https://www.airbnb.com/rooms/954203854664822839
954215732943588e3,$137.00,NA,2,2,1,1,4.93,14,https://www.airbnb.com/rooms/954215732943587985
954239000010599e3,$951.00,Neighborhood highlights,4,1,2,2,NA,0,https://www.airbnb.com/rooms/954239000010599102
954245997599189200,NA,Neighborhood highlights,2,NA,1,NA,5,4,https://www.airbnb.com/rooms/954245997599189262
954247659556022300,NA,Neighborhood highlights,2,NA,1,NA,4.78,9,https://www.airbnb.com/rooms/954247659556022271
954249192603022700,NA,Neighborhood highlights,2,NA,1,NA,5,1,https://www.airbnb.com/rooms/954249192603022764
954259614319092600,$247.00,Neighborhood highlights,2,1,1,1,NA,0,https://www.airbnb.com/rooms/954259614319092625
954261448800847600,NA,Neighborhood highlights,2,NA,1,NA,3.8,5,https://www.airbnb.com/rooms/954261448800847606
954262881184956e3,NA,Neighborhood highlights,1,NA,1,NA,5,3,https://www.airbnb.com/rooms/954262881184956016
954264897023630800,NA,Neighborhood highlights,2,NA,1,NA,4.88,8,https://www.airbnb.com/rooms/954264897023630911
954283379414655e3,$255.00,Neighborhood highlights,2,1,1,1,4.93,14,https://www.airbnb.com/rooms/954283379414654919
954298098284771500,$243.00,Neighborhood highlights,2,1,1,1,4.9,10,https://www.airbnb.com/rooms/954298098284771504
954299772270320500,$258.00,Neighborhood highlights,2,1,1,1,4.88,24,https://www.airbnb.com/rooms/954299772270320483
954300903722087700,$50.00,NA,1,1,4,1,NA,0,https://www.airbnb.com/rooms/954300903722087645
954300939099227900,$192.00,Neighborhood highlights,2,1,1,1,5,1,https://www.airbnb.com/rooms/954300939099227966
954302001234661600,NA,Neighborhood highlights,2,NA,1,NA,NA,0,https://www.airbnb.com/rooms/954302001234661619
954305781860517800,$171.00,Neighborhood highlights,1,1,1,1,5,1,https://www.airbnb.com/rooms/954305781860517709
954307423551946e3,$200.00,Neighborhood highlights,2,1,1,1,4.93,15,https://www.airbnb.com/rooms/954307423551946038
954307563027422800,$80.00,NA,2,1,1,1,NA,0,https://www.airbnb.com/rooms/954307563027422794
954308498250671900,NA,Neighborhood highlights,2,NA,1,NA,5,6,https://www.airbnb.com/rooms/954308498250671904
954311555603628400,NA,Neighborhood highlights,2,NA,1,NA,5,3,https://www.airbnb.com/rooms/954311555603628429
954315080411891200,NA,Neighborhood highlights,2,NA,1,NA,4.86,7,https://www.airbnb.com/rooms/954315080411891200
954316845659524400,NA,Neighborhood highlights,2,NA,1,NA,4.75,8,https://www.airbnb.com/rooms/954316845659524406
954318044515252100,NA,Neighborhood highlights,2,NA,1,NA,5,6,https://www.airbnb.com/rooms/954318044515252114
954319135819679900,NA,Neighborhood highlights,1,NA,1,NA,4.6,5,https://www.airbnb.com/rooms/954319135819679907
95432061746373e4,NA,Neighborhood highlights,2,NA,1,NA,4.86,7,https://www.airbnb.com/rooms/954320617463730087
954322057643536400,$200.00,Neighborhood highlights,2,1,1,1,5,10,https://www.airbnb.com/rooms/954322057643536426
954330013939237900,$39.00,Neighborhood highlights,1,1.5,1,1,5,1,https://www.airbnb.com/rooms/954330013939237910
954338450548949100,$158.00,NA,3,1,2,2,5,1,https://www.airbnb.com/rooms/954338450548949071
954342608176688500,$60.00,NA,2,1,1,1,5,2,https://www.airbnb.com/rooms/954342608176688485
954345002932549500,$283.00,NA,4,1,2,2,5,3,https://www.airbnb.com/rooms/954345002932549539
954363583010781600,$52.00,Neighborhood highlights,2,1,1,1,5,1,https://www.airbnb.com/rooms/954363583010781575
954370470342174500,NA,Neighborhood highlights,2,NA,1,NA,NA,0,https://www.airbnb.com/rooms/954370470342174513
954370729256029400,$55.00,NA,1,1,1,1,5,3,https://www.airbnb.com/rooms/954370729256029436
954372724306908500,NA,Neighborhood highlights,4,NA,1,NA,NA,0,https://www.airbnb.com/rooms/954372724306908540
954376322754844300,$294.00,Neighborhood highlights,4,1,1,2,4.86,7,https://www.airbnb.com/rooms/954376322754844300
954379545728800400,NA,Neighborhood highlights,2,NA,1,NA,NA,0,https://www.airbnb.com/rooms/954379545728800438
954379950345813400,NA,Neighborhood highlights,2,NA,1,NA,NA,0,https://www.airbnb.com/rooms/954379950345813337
954380532204630100,NA,Neighborhood highlights,2,NA,1,NA,NA,0,https://www.airbnb.com/rooms/954380532204630113
954381365099198200,NA,Neighborhood highlights,2,NA,1,NA,NA,0,https://www.airbnb.com/rooms/954381365099198248
954382423997341e3,NA,Neighborhood highlights,2,NA,1,NA,NA,0,https://www.airbnb.com/rooms/954382423997341003
954390025320392800,NA,Neighborhood highlights,2,NA,1,NA,NA,0,https://www.airbnb.com/rooms/954390025320392863
954396377758433700,NA,Neighborhood highlights,2,NA,1,NA,NA,0,https://www.airbnb.com/rooms/954396377758433657
954398458034084900,NA,Neighborhood highlights,2,NA,1,NA,NA,0,https://www.airbnb.com/rooms/954398458034084921
954406794190854400,NA,Neighborhood highlights,8,NA,2,NA,NA,0,https://www.airbnb.com/rooms/954406794190854423
954407570314916200,NA,Neighborhood highlights,12,NA,3,NA,NA,0,https://www.airbnb.com/rooms/954407570314916224
954408474580810100,NA,Neighborhood highlights,16,NA,4,NA,NA,0,https://www.airbnb.com/rooms/954408474580810162
954409858822364500,$115.00,Neighborhood highlights,2,1,0,2,5,2,https://www.airbnb.com/rooms/954409858822364497
954416106078461600,$37.00,Neighborhood highlights,1,1.5,1,1,5,2,https://www.airbnb.com/rooms/954416106078461534
954431936531898500,NA,Neighborhood highlights,1,NA,5,NA,4.86,7,https://www.airbnb.com/rooms/954431936531898557
954473058461143e3,$50.00,Neighborhood highlights,2,1,1,1,5,1,https://www.airbnb.com/rooms/954473058461142988
954529486274639400,NA,Neighborhood highlights,10,NA,NA,NA,5,7,https://www.airbnb.com/rooms/954529486274639312
954811174828138800,$130.00,NA,4,1,2,2,5,1,https://www.airbnb.com/rooms/954811174828138756
954968669432641500,$42.00,Neighborhood highlights,1,1,1,1,4.33,3,https://www.airbnb.com/rooms/954968669432641550
955021520281902700,$71.00,NA,2,1,1,1,4.94,16,https://www.airbnb.com/rooms/955021520281902760
955034667956489700,$425.00,Neighborhood highlights,4,1,3,3,NA,0,https://www.airbnb.com/rooms/955034667956489782
955050227421369700,$53.00,Neighborhood highlights,2,2,1,1,5,2,https://www.airbnb.com/rooms/955050227421369755
955082203256591100,NA,Neighborhood highlights,2,NA,1,NA,NA,0,https://www.airbnb.com/rooms/955082203256591154
955102598808666600,$168.00,Neighborhood highlights,2,1,0,1,5,3,https://www.airbnb.com/rooms/955102598808666581
955168568146763300,$185.00,Neighborhood highlights,3,1,1,2,5,1,https://www.airbnb.com/rooms/955168568146763274
955352919327590700,$80.00,NA,2,3,3,2,NA,0,https://www.airbnb.com/rooms/955352919327590708
955412196250638100,$550.00,NA,4,1,1,1,NA,0,https://www.airbnb.com/rooms/955412196250638141
955583987026760200,$160.00,NA,4,1,2,3,NA,0,https://www.airbnb.com/rooms/955583987026760223
955641002931211400,"$1,706.00",Neighborhood highlights,6,3,3,3,NA,0,https://www.airbnb.com/rooms/955641002931211440
955641708252700400,$288.00,Neighborhood highlights,2,1,1,1,NA,0,https://www.airbnb.com/rooms/955641708252700384
955642047468711e3,$282.00,Neighborhood highlights,4,1.5,2,2,5,1,https://www.airbnb.com/rooms/955642047468711045
955648044181034800,$239.00,Neighborhood highlights,2,1,1,1,NA,0,https://www.airbnb.com/rooms/955648044181034713
955648648399082100,$255.00,Neighborhood highlights,2,1,1,1,NA,0,https://www.airbnb.com/rooms/955648648399082078
955696793185611800,$52.00,NA,1,1,1,1,5,2,https://www.airbnb.com/rooms/955696793185611740
955756851142935800,NA,Neighborhood highlights,4,NA,NA,NA,4.5,4,https://www.airbnb.com/rooms/955756851142935744
955757854520890100,$141.00,Neighborhood highlights,4,1,2,2,4.67,3,https://www.airbnb.com/rooms/955757854520890146
955770350166622200,$149.00,Neighborhood highlights,2,1,1,1,NA,0,https://www.airbnb.com/rooms/955770350166622194
955794046126735500,$600.00,Neighborhood highlights,2,2,2,3,5,1,https://www.airbnb.com/rooms/955794046126735510
955801266390516700,$120.00,Neighborhood highlights,2,1,1,1,NA,0,https://www.airbnb.com/rooms/955801266390516689
955842473362618100,$195.00,Neighborhood highlights,6,1,1,2,4.94,52,https://www.airbnb.com/rooms/955842473362618091
955899560315923100,$100.00,NA,1,1,1,1,4.67,9,https://www.airbnb.com/rooms/955899560315923046
955948129360697e3,$370.00,Neighborhood highlights,2,1,1,1,5,9,https://www.airbnb.com/rooms/955948129360696945
955982807488068500,$93.00,NA,4,1,1,1,NA,0,https://www.airbnb.com/rooms/955982807488068454
956000673813822300,$881.00,Neighborhood highlights,9,4,5,5,NA,0,https://www.airbnb.com/rooms/956000673813822312
956116282739680500,$178.00,NA,3,1,1,1,4.86,42,https://www.airbnb.com/rooms/956116282739680488
956130131575393300,$120.00,NA,2,1,3,3,4.5,8,https://www.airbnb.com/rooms/956130131575393269
956131476508603100,$419.00,NA,6,1,2,2,5,7,https://www.airbnb.com/rooms/956131476508603164
956277768932267300,$433.00,Neighborhood highlights,4,1,1,1,5,19,https://www.airbnb.com/rooms/956277768932267214
956315593100013800,$260.00,NA,6,2,2,3,NA,0,https://www.airbnb.com/rooms/956315593100013830
956572242219688800,$108.00,NA,1,1,1,1,5,12,https://www.airbnb.com/rooms/956572242219688781
956637921456579100,$109.00,NA,2,1,1,1,4.62,13,https://www.airbnb.com/rooms/956637921456579090
956673432204758400,$68.00,Neighborhood highlights,1,1,1,1,NA,0,https://www.airbnb.com/rooms/956673432204758423
956786526225638800,$80.00,NA,2,1.5,1,1,4.6,25,https://www.airbnb.com/rooms/956786526225638830
956821647206830800,NA,NA,4,NA,2,NA,NA,0,https://www.airbnb.com/rooms/956821647206830801
957076524269538800,$104.00,NA,4,1,2,2,NA,0,https://www.airbnb.com/rooms/957076524269538819
957121322858248400,$583.00,Neighborhood highlights,4,2,2,2,5,1,https://www.airbnb.com/rooms/957121322858248433
957180843002831e3,$70.00,Neighborhood highlights,2,1,1,1,5,1,https://www.airbnb.com/rooms/957180843002831029
957249427003547900,$252.00,NA,8,2,2,6,NA,0,https://www.airbnb.com/rooms/957249427003547844
9.5725622980579994e+17,$239.00,NA,6,1.5,2,3,NA,0,https://www.airbnb.com/rooms/957256229805799881
957270452215143e3,$486.00,Neighborhood highlights,7,2,2,2,4.95,20,https://www.airbnb.com/rooms/957270452215143039
957303156931207600,$57.00,NA,1,1,1,1,5,1,https://www.airbnb.com/rooms/957303156931207604
957324954611448200,$249.00,NA,2,1,1,1,NA,0,https://www.airbnb.com/rooms/957324954611448247
957362915117972500,$399.00,NA,4,1.5,2,2,5,19,https://www.airbnb.com/rooms/957362915117972428
957369002885396600,$279.00,NA,2,2,1,2,5,8,https://www.airbnb.com/rooms/957369002885396594
957378523681696600,$140.00,NA,4,1,2,2,5,1,https://www.airbnb.com/rooms/957378523681696644
957417213711131e3,$57.00,NA,1,1,1,1,5,1,https://www.airbnb.com/rooms/957417213711130957
957484574310360200,$341.00,Neighborhood highlights,4,1,2,3,4.88,17,https://www.airbnb.com/rooms/957484574310360183
957501947837634400,$258.00,NA,4,2,2,2,NA,0,https://www.airbnb.com/rooms/957501947837634491
957676613005958e3,NA,NA,5,NA,3,NA,5,1,https://www.airbnb.com/rooms/957676613005957974
957768545886397600,NA,NA,4,NA,2,NA,NA,0,https://www.airbnb.com/rooms/957768545886397531
957800009988299600,$40.00,Neighborhood highlights,1,1,1,1,NA,0,https://www.airbnb.com/rooms/957800009988299652
957818857975204900,$229.00,Neighborhood highlights,2,1,1,1,NA,0,https://www.airbnb.com/rooms/957818857975204814
957840105436009700,$528.00,Neighborhood highlights,5,2,2,2,5,4,https://www.airbnb.com/rooms/957840105436009773
957945358641843600,$91.00,NA,2,1,1,1,4.82,17,https://www.airbnb.com/rooms/957945358641843537
957946390155047400,$325.00,Neighborhood highlights,6,1,3,3,NA,0,https://www.airbnb.com/rooms/957946390155047482
957967655576972800,$366.00,NA,6,2,2,2,NA,0,https://www.airbnb.com/rooms/957967655576972781
957968867778010800,$280.00,NA,4,1,1,1,NA,0,https://www.airbnb.com/rooms/957968867778010709
957996076447116800,NA,Neighborhood highlights,1,NA,2,NA,5,1,https://www.airbnb.com/rooms/957996076447116793
957997561762518300,$356.00,Neighborhood highlights,8,1,3,4,4.63,38,https://www.airbnb.com/rooms/957997561762518256
958019510453136500,$539.00,Neighborhood highlights,2,1,0,1,5,8,https://www.airbnb.com/rooms/958019510453136553
958076669143568100,$199.00,Neighborhood highlights,2,1,1,1,5,2,https://www.airbnb.com/rooms/958076669143568111
958104790467411600,$85.00,NA,2,1,1,2,NA,0,https://www.airbnb.com/rooms/958104790467411599
958119013921571800,$115.00,NA,4,1,1,1,NA,0,https://www.airbnb.com/rooms/958119013921571791
958148812089033200,$85.00,NA,1,1,1,1,5,1,https://www.airbnb.com/rooms/958148812089033219
958171077713814800,$199.00,Neighborhood highlights,4,1,1,1,NA,0,https://www.airbnb.com/rooms/958171077713814822
958174385917394700,$150.00,NA,4,1,3,2,NA,0,https://www.airbnb.com/rooms/958174385917394679
958259665696602100,$135.00,NA,2,1,1,1,5,4,https://www.airbnb.com/rooms/958259665696602114
958430408164791800,$42.00,Neighborhood highlights,2,1,1,1,NA,0,https://www.airbnb.com/rooms/958430408164791754
958483783087820300,$200.00,NA,2,1,2,2,NA,0,https://www.airbnb.com/rooms/958483783087820252
958556618665753500,$215.00,Neighborhood highlights,2,1,1,1,4.2,30,https://www.airbnb.com/rooms/958556618665753499
9.5855812546983194e+17,$239.00,Neighborhood highlights,4,1,1,2,4.61,61,https://www.airbnb.com/rooms/958558125469831900
958601970505405400,NA,NA,2,NA,NA,NA,NA,0,https://www.airbnb.com/rooms/958601970505405380
958610073245716e3,$59.00,Neighborhood highlights,1,1,1,1,NA,0,https://www.airbnb.com/rooms/958610073245715978
958668457048548200,$157.00,Neighborhood highlights,2,1,0,1,NA,0,https://www.airbnb.com/rooms/958668457048548195
958668503625039200,$181.00,NA,3,1,1,1,NA,0,https://www.airbnb.com/rooms/958668503625039193
958668605542636e3,$204.00,Neighborhood highlights,3,1,1,1,4,1,https://www.airbnb.com/rooms/958668605542635977
958735792873026400,$250.00,Neighborhood highlights,5,1,2,3,NA,0,https://www.airbnb.com/rooms/958735792873026478
958743976967383200,NA,NA,4,NA,1,NA,5,1,https://www.airbnb.com/rooms/958743976967383188
958754072314344600,$399.00,NA,3,1,1,1,NA,0,https://www.airbnb.com/rooms/958754072314344623
958811805797319e3,$175.00,NA,2,1,1,1,4.83,36,https://www.airbnb.com/rooms/958811805797319026
958835117292862500,$170.00,NA,6,1,2,3,5,1,https://www.airbnb.com/rooms/958835117292862482
958891583704104600,$179.00,NA,2,1,2,2,4.95,22,https://www.airbnb.com/rooms/958891583704104591
958909593719491600,$113.00,NA,10,1,2,3,3.5,2,https://www.airbnb.com/rooms/958909593719491638
958940970927847600,$141.00,NA,2,1,1,1,5,5,https://www.airbnb.com/rooms/958940970927847507
958950632863486e3,$318.00,NA,3,1,1,1,NA,0,https://www.airbnb.com/rooms/958950632863485970
958972019916575200,$53.00,NA,1,1,1,1,5,2,https://www.airbnb.com/rooms/958972019916575251
959209642509325800,$150.00,Neighborhood highlights,2,1,1,1,5,12,https://www.airbnb.com/rooms/959209642509325824
959308487644032400,$79.00,NA,2,1,1,1,4.33,6,https://www.airbnb.com/rooms/959308487644032372
959341722717382700,NA,Neighborhood highlights,3,NA,2,NA,5,1,https://www.airbnb.com/rooms/959341722717382648
959344147221723600,$270.00,Neighborhood highlights,6,1,2,3,4.8,30,https://www.airbnb.com/rooms/959344147221723685
959359870617219200,$60.00,NA,2,1,1,1,5,1,https://www.airbnb.com/rooms/959359870617219142
959360376980857200,"$2,400.00",Neighborhood highlights,16,1,0,1,NA,0,https://www.airbnb.com/rooms/959360376980857230
959365096382233900,$93.00,NA,2,2,1,1,NA,0,https://www.airbnb.com/rooms/959365096382233879
959468230505362400,$79.00,NA,2,1,1,1,4.17,6,https://www.airbnb.com/rooms/959468230505362412
959483358389401100,$120.00,NA,4,1,2,2,NA,0,https://www.airbnb.com/rooms/959483358389401109
959487132458697e3,$367.00,Neighborhood highlights,2,1,2,2,4.88,25,https://www.airbnb.com/rooms/959487132458696940
95948729957343e4,$240.00,Neighborhood highlights,3,1,1,2,NA,0,https://www.airbnb.com/rooms/959487299573430055
959488755369970400,$306.00,Neighborhood highlights,4,1,2,2,NA,0,https://www.airbnb.com/rooms/959488755369970428
959516503105739600,"$2,500.00",NA,8,3,3,3,5,13,https://www.airbnb.com/rooms/959516503105739705
959516896569152300,$160.00,NA,3,1,1,1,NA,0,https://www.airbnb.com/rooms/959516896569152304
959526760678891400,$95.00,NA,2,1,1,1,4.83,6,https://www.airbnb.com/rooms/959526760678891421
959554192013407700,$280.00,NA,3,1,1,1,NA,0,https://www.airbnb.com/rooms/959554192013407753
959602807291281400,$400.00,NA,2,1,1,1,5,4,https://www.airbnb.com/rooms/959602807291281436
959603104962842e3,$283.00,NA,2,1,1,1,5,8,https://www.airbnb.com/rooms/959603104962841960
959667125949545700,$221.00,NA,2,1,1,1,4.94,36,https://www.airbnb.com/rooms/959667125949545689
959700743851454700,$131.00,NA,2,1,1,1,NA,0,https://www.airbnb.com/rooms/959700743851454721
959745656323099600,$38.00,Neighborhood highlights,1,1,1,1,NA,0,https://www.airbnb.com/rooms/959745656323099608
959946117705023900,$281.00,NA,6,1,2,2,4.33,6,https://www.airbnb.com/rooms/959946117705023825
960050848294787800,$170.00,NA,3,1,0,1,NA,0,https://www.airbnb.com/rooms/960050848294787839
960106439790909600,$65.00,NA,2,1,1,1,NA,0,https://www.airbnb.com/rooms/960106439790909562
960123989588215200,$163.00,Neighborhood highlights,3,1,1,1,5,1,https://www.airbnb.com/rooms/960123989588215141
960154921950427400,$430.00,NA,6,2,2,2,NA,0,https://www.airbnb.com/rooms/960154921950427355
960170192680619500,$219.00,NA,2,1,1,1,5,9,https://www.airbnb.com/rooms/960170192680619491
960193222343743500,$75.00,NA,2,1.5,1,1,NA,0,https://www.airbnb.com/rooms/960193222343743450
96020290846115e4,NA,NA,4,NA,2,NA,5,1,https://www.airbnb.com/rooms/960202908461149903
960222268070532200,$37.00,NA,1,1,0,2,4.6,5,https://www.airbnb.com/rooms/960222268070532240
960252148706511600,$145.00,NA,2,1,1,1,4.56,9,https://www.airbnb.com/rooms/960252148706511680
960258169135210600,$94.00,NA,2,1.5,1,1,4.93,75,https://www.airbnb.com/rooms/960258169135210648
960353377119642100,$172.00,NA,4,1,3,3,NA,0,https://www.airbnb.com/rooms/960353377119642101
960369879026294500,$140.00,NA,3,1,1,1,4.93,14,https://www.airbnb.com/rooms/960369879026294496
960483610886728700,$218.00,Neighborhood highlights,2,1,1,1,5,9,https://www.airbnb.com/rooms/960483610886728736
960565066505033600,$40.00,Neighborhood highlights,2,1,1,1,NA,0,https://www.airbnb.com/rooms/960565066505033598
960611235277298800,$505.00,Neighborhood highlights,6,2,3,3,NA,0,https://www.airbnb.com/rooms/960611235277298800
960786147586438500,NA,Neighborhood highlights,4,NA,1,NA,NA,0,https://www.airbnb.com/rooms/960786147586438542
960792992041170300,$831.00,Neighborhood highlights,6,2,3,4,NA,0,https://www.airbnb.com/rooms/960792992041170317
960802474144312700,$358.00,NA,2,1,1,1,5,1,https://www.airbnb.com/rooms/960802474144312739
960803210657433100,$358.00,NA,4,1,1,1,NA,0,https://www.airbnb.com/rooms/960803210657433132
960804652550437500,$470.00,NA,2,1,1,1,NA,0,https://www.airbnb.com/rooms/960804652550437543
960805353810541300,$433.00,NA,4,1,1,2,NA,0,https://www.airbnb.com/rooms/960805353810541341
960806463378408300,$657.00,NA,2,1,1,1,NA,0,https://www.airbnb.com/rooms/960806463378408324
960806774951498800,$470.00,NA,2,1,1,1,NA,0,https://www.airbnb.com/rooms/960806774951498739
960807174486368500,$797.00,NA,4,1,1,1,NA,0,https://www.airbnb.com/rooms/960807174486368490
960807923889705100,"$3,804.00",NA,4,1,1,1,NA,0,https://www.airbnb.com/rooms/960807923889705033
960808430254177700,"$1,298.00",NA,4,1,1,1,NA,0,https://www.airbnb.com/rooms/960808430254177727
960808465837278e3,"$1,298.00",NA,4,1,1,1,NA,0,https://www.airbnb.com/rooms/960808465837278006
9.6080892544483994e+17,"$1,423.00",NA,4,1.5,1,1,NA,0,https://www.airbnb.com/rooms/960808925444839986
960809504670641700,"$1,266.00",NA,4,1,1,2,NA,0,https://www.airbnb.com/rooms/960809504670641684
960810042194803800,"$1,173.00",NA,4,1,1,1,NA,0,https://www.airbnb.com/rooms/960810042194803796
960810722415414300,"$1,173.00",NA,2,1,1,1,NA,0,https://www.airbnb.com/rooms/960810722415414213
960811197364595200,$890.00,NA,4,1,1,1,NA,0,https://www.airbnb.com/rooms/960811197364595218
960813601139525400,"$1,173.00",NA,4,1,1,1,NA,0,https://www.airbnb.com/rooms/960813601139525414
960813984253928200,$358.00,NA,2,1,1,1,NA,0,https://www.airbnb.com/rooms/960813984253928172
960814393147089200,$358.00,NA,2,1,1,1,NA,0,https://www.airbnb.com/rooms/960814393147089142
960822410559368300,NA,NA,4,NA,NA,NA,NA,0,https://www.airbnb.com/rooms/960822410559368357
960863548264367e3,$304.00,Neighborhood highlights,10,3,5,5,NA,0,https://www.airbnb.com/rooms/960863548264366915
960863554272994800,$550.00,Neighborhood highlights,6,2,3,3,NA,0,https://www.airbnb.com/rooms/960863554272994859
960869046954167400,$749.00,NA,2,1,1,1,5,3,https://www.airbnb.com/rooms/960869046954167399
960870128916074600,$185.00,NA,2,1,1,1,4.5,6,https://www.airbnb.com/rooms/960870128916074588
960875317288334600,$175.00,NA,2,1,1,2,4.43,7,https://www.airbnb.com/rooms/960875317288334604
960883666210378500,$264.00,Neighborhood highlights,4,1,2,2,4.35,26,https://www.airbnb.com/rooms/960883666210378517
960901063510719900,$100.00,NA,2,1,1,1,NA,0,https://www.airbnb.com/rooms/960901063510719919
960909274055745800,$288.00,NA,8,2,2,2,NA,0,https://www.airbnb.com/rooms/960909274055745825
960910570883525500,$239.00,NA,2,1,0,1,NA,0,https://www.airbnb.com/rooms/960910570883525492
960955897399366e3,$70.00,NA,2,2,1,1,NA,0,https://www.airbnb.com/rooms/960955897399366037
960986775414264800,$120.00,NA,2,2,1,1,4,6,https://www.airbnb.com/rooms/960986775414264835
961033156841573800,$218.00,NA,4,1,1,2,5,3,https://www.airbnb.com/rooms/961033156841573782
961040467494189700,$299.00,NA,4,1,1,2,5,2,https://www.airbnb.com/rooms/961040467494189722
961102840821453200,$400.00,NA,3,1,1,1,NA,0,https://www.airbnb.com/rooms/961102840821453179
961219465029002500,$71.00,Neighborhood highlights,1,1,1,1,5,9,https://www.airbnb.com/rooms/961219465029002448
961525198039829600,$450.00,NA,4,1,2,2,4.5,4,https://www.airbnb.com/rooms/961525198039829694
961527622157301500,$274.00,Neighborhood highlights,2,1,2,2,4.94,17,https://www.airbnb.com/rooms/961527622157301522
961583712267369600,$55.00,Neighborhood highlights,2,2,1,1,4.5,4,https://www.airbnb.com/rooms/961583712267369586
961712378933765600,NA,NA,2,NA,NA,NA,NA,0,https://www.airbnb.com/rooms/961712378933765607
961734517987232e3,$48.00,NA,2,1,1,1,4.33,3,https://www.airbnb.com/rooms/961734517987231970
961818212559589200,$52.00,NA,1,1,1,1,5,2,https://www.airbnb.com/rooms/961818212559589191
961836418495370400,$85.00,NA,4,1,1,1,4.17,6,https://www.airbnb.com/rooms/961836418495370418
962189814042077800,$221.00,Neighborhood highlights,2,2,2,1,5,3,https://www.airbnb.com/rooms/962189814042077806
962231740179601e3,NA,NA,2,NA,NA,NA,NA,0,https://www.airbnb.com/rooms/962231740179601013
962283885210123500,NA,NA,2,NA,NA,NA,NA,0,https://www.airbnb.com/rooms/962283885210123463
962288502694719e3,$198.00,NA,2,1,2,3,4.86,14,https://www.airbnb.com/rooms/962288502694718934
962361429254113300,$100.00,NA,3,1,1,1,1,1,https://www.airbnb.com/rooms/962361429254113252
9.6248578668887194e+17,$220.00,Neighborhood highlights,4,1,2,3,NA,0,https://www.airbnb.com/rooms/962485786688871927
962535551214838800,$121.00,Neighborhood highlights,2,1,1,1,5,11,https://www.airbnb.com/rooms/962535551214838738
9.6254181230794394e+17,$500.00,NA,3,1,1,1,NA,0,https://www.airbnb.com/rooms/962541812307943926
962791720021643800,$99.00,NA,4,1,1,1,NA,0,https://www.airbnb.com/rooms/962791720021643770
962806116621078900,$245.00,NA,2,1,1,1,4.67,6,https://www.airbnb.com/rooms/962806116621078911
962939782996570400,$49.00,Neighborhood highlights,2,1,1,1,5,1,https://www.airbnb.com/rooms/962939782996570342
962941722185189200,$49.00,Neighborhood highlights,2,1,1,1,NA,0,https://www.airbnb.com/rooms/962941722185189247
962998923901128800,$188.00,NA,2,1,0,1,NA,0,https://www.airbnb.com/rooms/962998923901128884
963013022002239600,$49.00,Neighborhood highlights,2,1,1,1,NA,0,https://www.airbnb.com/rooms/963013022002239624
963014343927501800,$51.00,Neighborhood highlights,2,0,1,1,NA,0,https://www.airbnb.com/rooms/963014343927501774
963017194270461700,$51.00,Neighborhood highlights,2,1,1,1,NA,0,https://www.airbnb.com/rooms/963017194270461755
963018858907397900,$400.00,NA,5,2,2,2,NA,0,https://www.airbnb.com/rooms/963018858907397944
963035416697714200,$254.00,Neighborhood highlights,2,1,NA,1,4.53,68,https://www.airbnb.com/rooms/963035416697714200
963038831435657e3,$352.00,Neighborhood highlights,2,1,NA,1,4,3,https://www.airbnb.com/rooms/963038831435657022
963046100751973800,$188.00,Neighborhood highlights,2,1,NA,1,4.79,47,https://www.airbnb.com/rooms/963046100751973782
963048078029205900,$188.00,Neighborhood highlights,2,1,NA,1,4.8,69,https://www.airbnb.com/rooms/963048078029205948
963050321235273900,$255.00,Neighborhood highlights,2,1,0,1,3.8,5,https://www.airbnb.com/rooms/963050321235273887
963052675248418700,$188.00,Neighborhood highlights,2,1,NA,1,4.76,85,https://www.airbnb.com/rooms/963052675248418723
963066386070131200,$317.00,Neighborhood highlights,2,1,NA,1,4.14,58,https://www.airbnb.com/rooms/963066386070131161
963085620841841400,$323.00,Neighborhood highlights,2,1,NA,1,4.32,44,https://www.airbnb.com/rooms/963085620841841358
963116369097877600,$353.00,Neighborhood highlights,6,1,3,4,4.77,22,https://www.airbnb.com/rooms/963116369097877691
963125508354266200,$91.00,Neighborhood highlights,2,1,1,1,5,1,https://www.airbnb.com/rooms/963125508354266222
963153880177023e3,$80.00,Neighborhood highlights,2,1,1,1,NA,0,https://www.airbnb.com/rooms/963153880177022920
963159451615470100,$264.00,NA,2,1,1,1,4.92,12,https://www.airbnb.com/rooms/963159451615470070
963191518256529800,$145.00,NA,4,2,2,2,5,1,https://www.airbnb.com/rooms/963191518256529845
963197365256573200,$181.00,NA,8,2,3,4,4.67,3,https://www.airbnb.com/rooms/963197365256573159
963238208605906800,$68.00,Neighborhood highlights,2,1,1,1,NA,0,https://www.airbnb.com/rooms/963238208605906759
963300203673032600,$85.00,Neighborhood highlights,1,1,1,1,NA,0,https://www.airbnb.com/rooms/963300203673032613
963340164193366e3,NA,NA,2,NA,NA,NA,5,2,https://www.airbnb.com/rooms/963340164193366028
963369737715683300,$91.00,NA,2,1,1,2,3,1,https://www.airbnb.com/rooms/963369737715683373
963371797604061300,$141.00,Neighborhood highlights,2,1,1,1,5,8,https://www.airbnb.com/rooms/963371797604061344
963372648946817800,$86.00,Neighborhood highlights,1,1,1,1,5,1,https://www.airbnb.com/rooms/963372648946817841
963391602554817500,$86.00,Neighborhood highlights,2,1,1,1,5,1,https://www.airbnb.com/rooms/963391602554817546
963568680727420400,$250.00,NA,6,2,2,4,5,2,https://www.airbnb.com/rooms/963568680727420431
963627843672912900,$155.00,NA,2,1,0,1,4.5,2,https://www.airbnb.com/rooms/963627843672912854
963655641535413100,$37.00,NA,1,1,0,1,4,2,https://www.airbnb.com/rooms/963655641535413181
963657237152967e3,$550.00,NA,2,1,2,2,NA,0,https://www.airbnb.com/rooms/963657237152967055
963676412262803700,$209.00,NA,4,1,1,1,4.5,2,https://www.airbnb.com/rooms/963676412262803693
963696212258651500,$71.00,NA,3,2,1,2,4.31,13,https://www.airbnb.com/rooms/963696212258651543
963718776432286300,$48.00,Neighborhood highlights,1,1,1,1,5,2,https://www.airbnb.com/rooms/963718776432286371
963719859916841900,$64.00,NA,1,1,1,1,NA,0,https://www.airbnb.com/rooms/963719859916841872
963733623334681100,$92.00,NA,2,1,1,1,NA,0,https://www.airbnb.com/rooms/963733623334681051
963737226256710700,$112.00,NA,2,1,2,2,NA,0,https://www.airbnb.com/rooms/963737226256710668
963743118811741200,$45.00,NA,2,1,1,1,NA,0,https://www.airbnb.com/rooms/963743118811741225
963752814816201e3,$45.00,NA,2,0,1,1,NA,0,https://www.airbnb.com/rooms/963752814816200902
963753922876932900,$45.00,NA,2,1,1,1,NA,0,https://www.airbnb.com/rooms/963753922876932895
963771864938788100,$100.00,NA,2,1,1,1,NA,0,https://www.airbnb.com/rooms/963771864938788099
963775739081591200,$163.00,Neighborhood highlights,3,1,0,1,5,1,https://www.airbnb.com/rooms/963775739081591184
963782690020202600,$250.00,NA,2,1,1,3,NA,0,https://www.airbnb.com/rooms/963782690020202626
963789422666125e3,$166.00,Neighborhood highlights,3,1,0,1,5,1,https://www.airbnb.com/rooms/963789422666124992
963793427279139500,$90.00,Neighborhood highlights,1,1,1,1,5,1,https://www.airbnb.com/rooms/963793427279139462
963804208409308900,$360.00,NA,6,3,3,3,3,1,https://www.airbnb.com/rooms/963804208409308950
963806755084027400,$850.00,NA,8,2.5,3,5,5,2,https://www.airbnb.com/rooms/963806755084027377
963814714581341800,$180.00,NA,2,1,1,1,4.76,25,https://www.airbnb.com/rooms/963814714581341839
963816554240880900,$375.00,NA,2,1,1,1,NA,0,https://www.airbnb.com/rooms/963816554240880833
963876905178785900,$497.00,Neighborhood highlights,5,2,2,2,5,1,https://www.airbnb.com/rooms/963876905178785865
963880900259575600,$190.00,NA,4,1,2,2,4,1,https://www.airbnb.com/rooms/963880900259575583
963888047601554700,$300.00,NA,4,1,2,2,4.72,25,https://www.airbnb.com/rooms/963888047601554678
963889303393518100,$443.00,Neighborhood highlights,5,2,2,2,NA,0,https://www.airbnb.com/rooms/963889303393518087
963898358315701e3,$508.00,Neighborhood highlights,6,2,3,3,5,5,https://www.airbnb.com/rooms/963898358315700969
963914944993129500,$139.00,Neighborhood highlights,2,1,1,1,4.93,27,https://www.airbnb.com/rooms/963914944993129500
963924328426517800,$145.00,NA,4,1,1,2,3,2,https://www.airbnb.com/rooms/963924328426517775
963998015345188400,$543.00,NA,3,1,1,1,5,8,https://www.airbnb.com/rooms/963998015345188306
964235915747818e3,$96.00,Neighborhood highlights,2,1,1,1,NA,0,https://www.airbnb.com/rooms/964235915747817963
964283364413802900,$110.00,NA,1,1.5,2,2,5,1,https://www.airbnb.com/rooms/964283364413802877
964414276644648300,NA,NA,1,NA,NA,NA,NA,0,https://www.airbnb.com/rooms/964414276644648327
964420907082026100,$205.00,Neighborhood highlights,2,1,1,1,5,3,https://www.airbnb.com/rooms/964420907082026117
964428733563892700,$229.00,NA,6,1.5,3,3,NA,0,https://www.airbnb.com/rooms/964428733563892675
964438667689318100,$280.00,Neighborhood highlights,2,1,1,1,NA,0,https://www.airbnb.com/rooms/964438667689318197
964449748366461400,$300.00,NA,2,1,1,1,5,2,https://www.airbnb.com/rooms/964449748366461485
964490043156249700,$185.00,Neighborhood highlights,2,1,1,1,4.93,15,https://www.airbnb.com/rooms/964490043156249684
964580862175553300,$275.00,NA,3,1,2,2,5,2,https://www.airbnb.com/rooms/964580862175553321
964656628049694e3,$385.00,NA,16,1,0,2,4.88,8,https://www.airbnb.com/rooms/964656628049693996
964663362266512500,NA,Neighborhood highlights,1,NA,NA,NA,NA,0,https://www.airbnb.com/rooms/964663362266512518
964713117613579600,NA,Neighborhood highlights,1,NA,NA,NA,NA,0,https://www.airbnb.com/rooms/964713117613579704
964766056473184100,$45.00,Neighborhood highlights,1,0.5,1,1,NA,0,https://www.airbnb.com/rooms/964766056473184169
964768113671233e3,$200.00,NA,4,1,1,2,4.73,30,https://www.airbnb.com/rooms/964768113671233035
96480073208045e4,$44.00,NA,1,2,4,1,NA,0,https://www.airbnb.com/rooms/964800732080450026
964806866955396400,$37.00,NA,1,2,4,1,NA,0,https://www.airbnb.com/rooms/964806866955396349
964806889505886800,$37.00,NA,1,2,4,1,NA,0,https://www.airbnb.com/rooms/964806889505886796
964806952459028100,$41.00,NA,1,2,4,1,NA,0,https://www.airbnb.com/rooms/964806952459028089
964807043218214300,$40.00,NA,1,2,4,1,NA,0,https://www.airbnb.com/rooms/964807043218214324
964807066491586400,$43.00,NA,1,2,4,1,NA,0,https://www.airbnb.com/rooms/964807066491586408
964807089892954800,$41.00,NA,1,2,4,1,NA,0,https://www.airbnb.com/rooms/964807089892954701
964807132887001500,$44.00,NA,1,2,4,1,NA,0,https://www.airbnb.com/rooms/964807132887001526
964872115077685400,$194.00,Neighborhood highlights,5,2.5,3,3,NA,0,https://www.airbnb.com/rooms/964872115077685352
964872185290069100,$225.00,NA,2,1,1,1,NA,0,https://www.airbnb.com/rooms/964872185290069168
964981942801450100,$119.00,NA,2,1,1,1,NA,0,https://www.airbnb.com/rooms/964981942801450068
964997706706045e3,NA,Neighborhood highlights,4,NA,1,NA,NA,0,https://www.airbnb.com/rooms/964997706706045020
965002572701885700,NA,Neighborhood highlights,8,NA,2,NA,NA,0,https://www.airbnb.com/rooms/965002572701885749
965008395140109300,NA,Neighborhood highlights,2,NA,1,NA,NA,0,https://www.airbnb.com/rooms/965008395140109285
965033404639077e3,$169.00,Neighborhood highlights,2,1,1,1,NA,0,https://www.airbnb.com/rooms/965033404639076969
965038393842586600,NA,Neighborhood highlights,2,NA,NA,NA,NA,0,https://www.airbnb.com/rooms/965038393842586629
965041455177781e3,$655.00,Neighborhood highlights,2,0,0,1,NA,0,https://www.airbnb.com/rooms/965041455177780985
965042102745826e3,NA,Neighborhood highlights,2,NA,NA,NA,NA,0,https://www.airbnb.com/rooms/965042102745826014
965072157099213700,$353.00,Neighborhood highlights,2,1,1,1,NA,0,https://www.airbnb.com/rooms/965072157099213665
965075188819910400,$666.00,Neighborhood highlights,4,2,2,2,NA,0,https://www.airbnb.com/rooms/965075188819910365
965075551050725900,$589.00,Neighborhood highlights,4,2,2,2,NA,0,https://www.airbnb.com/rooms/965075551050725927
965075878880346900,NA,Neighborhood highlights,2,NA,1,NA,NA,0,https://www.airbnb.com/rooms/965075878880346855
965116437418404500,$268.00,Neighborhood highlights,2,1,1,1,NA,0,https://www.airbnb.com/rooms/965116437418404522
965160360662831100,$500.00,NA,6,2.5,3,4,5,3,https://www.airbnb.com/rooms/965160360662831113
965165179869785900,NA,NA,2,NA,2,NA,5,5,https://www.airbnb.com/rooms/965165179869785863
965241608913972400,$72.00,Neighborhood highlights,1,0,1,1,NA,0,https://www.airbnb.com/rooms/965241608913972408
965292515062423400,$242.00,Neighborhood highlights,4,1,0,1,4.48,29,https://www.airbnb.com/rooms/965292515062423473
965319537209564300,$160.00,Neighborhood highlights,1,1,1,2,5,3,https://www.airbnb.com/rooms/965319537209564235
965350569769330700,$75.00,Neighborhood highlights,3,1,1,2,NA,0,https://www.airbnb.com/rooms/965350569769330663
965409967534139400,$644.00,NA,7,1,3,4,NA,0,https://www.airbnb.com/rooms/965409967534139432
965435803071574400,$310.00,NA,4,1,2,2,NA,0,https://www.airbnb.com/rooms/965435803071574442
965474127659977200,$80.00,NA,1,1,1,1,NA,0,https://www.airbnb.com/rooms/965474127659977246
965505333713118600,$101.00,Neighborhood highlights,2,1,1,1,4.69,13,https://www.airbnb.com/rooms/965505333713118531
965519387874358700,$96.00,NA,2,1,1,1,NA,0,https://www.airbnb.com/rooms/965519387874358648
965519397068939800,$230.00,NA,5,1,2,3,NA,0,https://www.airbnb.com/rooms/965519397068939795
965700993532862800,NA,NA,4,NA,5,NA,NA,0,https://www.airbnb.com/rooms/965700993532862863
965706328966754e3,$370.00,Neighborhood highlights,2,1,1,1,NA,0,https://www.airbnb.com/rooms/965706328966754098
965709350570453200,$245.00,Neighborhood highlights,2,1,1,1,5,1,https://www.airbnb.com/rooms/965709350570453289
965709633075349e3,$280.00,Neighborhood highlights,2,1,1,1,NA,0,https://www.airbnb.com/rooms/965709633075349012
965709977898767400,$344.00,Neighborhood highlights,4,2,2,2,NA,0,https://www.airbnb.com/rooms/965709977898767387
965727058183819500,$576.00,NA,4,2,2,2,NA,0,https://www.airbnb.com/rooms/965727058183819555
965744313145019800,$37.00,NA,2,1,1,2,NA,0,https://www.airbnb.com/rooms/965744313145019742
965816156178565900,$313.00,NA,2,1,1,1,NA,0,https://www.airbnb.com/rooms/965816156178565916
965830246757892200,$159.00,NA,8,2,3,5,NA,0,https://www.airbnb.com/rooms/965830246757892252
965831407638620300,$206.00,NA,3,2,1,2,NA,0,https://www.airbnb.com/rooms/965831407638620348
965836734967050400,$140.00,Neighborhood highlights,2,1,1,1,5,14,https://www.airbnb.com/rooms/965836734967050413
965903065559481300,$275.00,Neighborhood highlights,5,1,2,2,NA,0,https://www.airbnb.com/rooms/965903065559481280
965972728839907800,$150.00,Neighborhood highlights,2,1,1,1,4.88,34,https://www.airbnb.com/rooms/965972728839907811
965992693591250800,$250.00,Neighborhood highlights,4,1,2,2,NA,0,https://www.airbnb.com/rooms/965992693591250810
965995992034673e3,$135.00,Neighborhood highlights,2,1,1,1,5,31,https://www.airbnb.com/rooms/965995992034672989
966015814531483500,$145.00,Neighborhood highlights,2,1,1,1,4.89,27,https://www.airbnb.com/rooms/966015814531483475
966021427249868800,$250.00,Neighborhood highlights,2,1,2,2,4.85,13,https://www.airbnb.com/rooms/966021427249868810
966053705670125300,$70.00,Neighborhood highlights,2,2,1,1,5,5,https://www.airbnb.com/rooms/966053705670125310
966075614879803600,$189.00,Neighborhood highlights,2,1,1,1,5,19,https://www.airbnb.com/rooms/966075614879803673
966077154092000300,$241.00,NA,2,1,1,1,4.6,10,https://www.airbnb.com/rooms/966077154092000207
966077910106063400,$70.00,Neighborhood highlights,2,2,1,1,5,3,https://www.airbnb.com/rooms/966077910106063326
966124811940099300,$55.00,Neighborhood highlights,2,2,1,1,5,2,https://www.airbnb.com/rooms/966124811940099266
966141894035636500,$299.00,NA,4,1,1,2,3.67,3,https://www.airbnb.com/rooms/966141894035636477
966526373755872900,$308.00,NA,4,2,3,3,NA,0,https://www.airbnb.com/rooms/966526373755872916
966639031314684800,$83.00,NA,2,3,1,1,5,3,https://www.airbnb.com/rooms/966639031314684792
966708656281258200,$169.00,NA,4,2,1,2,4.4,5,https://www.airbnb.com/rooms/966708656281258288
966740091055327500,$281.00,NA,7,2,3,4,5,1,https://www.airbnb.com/rooms/966740091055327436
966775673600386700,NA,NA,1,NA,NA,NA,5,2,https://www.airbnb.com/rooms/966775673600386645
966776877776043500,$704.00,Neighborhood highlights,12,4,4,6,4.5,14,https://www.airbnb.com/rooms/966776877776043465
966821144198085900,$199.00,Neighborhood highlights,3,1,1,1,5,2,https://www.airbnb.com/rooms/966821144198085863
966874541313648300,$53.00,NA,2,1,1,1,3.67,3,https://www.airbnb.com/rooms/966874541313648251
966887843478198100,$60.00,NA,1,1.5,1,1,NA,0,https://www.airbnb.com/rooms/966887843478198114
966917087282735400,$250.00,NA,4,2,2,3,NA,0,https://www.airbnb.com/rooms/966917087282735307
967311399248657900,$54.00,Neighborhood highlights,1,0,4,1,NA,0,https://www.airbnb.com/rooms/967311399248657953
967314574792420200,$58.00,NA,1,0,4,1,NA,0,https://www.airbnb.com/rooms/967314574792420218
967417239150226600,$170.00,Neighborhood highlights,4,1,1,2,4.81,57,https://www.airbnb.com/rooms/967417239150226565
967572040503577300,$139.00,NA,2,1,1,3,4.94,16,https://www.airbnb.com/rooms/967572040503577303
967637028883999700,$70.00,Neighborhood highlights,2,1,1,1,5,4,https://www.airbnb.com/rooms/967637028883999741
967653219763816400,$485.00,Neighborhood highlights,3,1,1,1,4.75,4,https://www.airbnb.com/rooms/967653219763816495
968043184639361800,$75.00,NA,2,1,1,1,NA,0,https://www.airbnb.com/rooms/968043184639361760
968044038797418600,$171.00,NA,2,1,0,1,5,1,https://www.airbnb.com/rooms/968044038797418645
968052518875387500,$347.00,Neighborhood highlights,4,1,1,2,5,12,https://www.airbnb.com/rooms/968052518875387461
968090367625068200,$211.00,NA,3,1,1,1,5,15,https://www.airbnb.com/rooms/968090367625068114
968117958661367200,$305.00,NA,2,1,1,1,4.91,35,https://www.airbnb.com/rooms/968117958661367161
968128744672720800,$350.00,Neighborhood highlights,2,1,1,2,5,2,https://www.airbnb.com/rooms/968128744672720784
968132719457085400,$402.00,NA,4,2,2,3,5,4,https://www.airbnb.com/rooms/968132719457085471
968138190116958700,$447.00,NA,5,1,3,3,3,1,https://www.airbnb.com/rooms/968138190116958758
968146040275203700,$225.00,NA,4,1,1,1,3.5,2,https://www.airbnb.com/rooms/968146040275203709
968158472503478e3,$263.00,NA,5,1,2,3,5,16,https://www.airbnb.com/rooms/968158472503477954
968165379716775e3,$115.00,NA,2,1,0,1,5,2,https://www.airbnb.com/rooms/968165379716775028
968174304865158300,$982.00,Neighborhood highlights,7,3.5,4,4,5,2,https://www.airbnb.com/rooms/968174304865158293
968232639190407300,$414.00,Neighborhood highlights,6,2.5,1,3,5,1,https://www.airbnb.com/rooms/968232639190407327
968246016505554400,$259.00,Neighborhood highlights,6,2.5,3,4,5,1,https://www.airbnb.com/rooms/968246016505554438
968278843988039200,$120.00,Neighborhood highlights,6,1,2,2,5,1,https://www.airbnb.com/rooms/968278843988039212
968356497739578800,$289.00,Neighborhood highlights,3,1,1,1,5,19,https://www.airbnb.com/rooms/968356497739578739
968479961934035e3,$150.00,NA,2,1,1,1,NA,0,https://www.airbnb.com/rooms/968479961934034963
968598106754507500,$390.00,Neighborhood highlights,1,1,1,1,4,1,https://www.airbnb.com/rooms/968598106754507577
968769826148951300,"$1,592.00",NA,10,2,4,6,NA,0,https://www.airbnb.com/rooms/968769826148951302
968796501661082800,$236.00,Neighborhood highlights,6,2,2,3,4.96,27,https://www.airbnb.com/rooms/968796501661082781
968819722669063400,$130.00,Neighborhood highlights,2,1,1,1,4.86,14,https://www.airbnb.com/rooms/968819722669063441
968830288719518300,$280.00,NA,1,2,NA,2,NA,0,https://www.airbnb.com/rooms/968830288719518320
968870682060443e3,$32.00,NA,1,1,1,1,NA,0,https://www.airbnb.com/rooms/968870682060442981
968888543324752400,$90.00,Neighborhood highlights,1,1,1,1,5,2,https://www.airbnb.com/rooms/968888543324752321
968909763063438e3,$90.00,Neighborhood highlights,1,1,1,1,5,3,https://www.airbnb.com/rooms/968909763063437946
968918209588155400,$40.00,NA,1,1,1,1,5,3,https://www.airbnb.com/rooms/968918209588155433
968921608892347800,$144.00,NA,2,1,1,1,NA,0,https://www.airbnb.com/rooms/968921608892347832
968922429264222500,$40.00,NA,1,1,1,1,4.67,3,https://www.airbnb.com/rooms/968922429264222420
968943326386341200,NA,NA,2,NA,1,NA,NA,0,https://www.airbnb.com/rooms/968943326386341222
968961111636531700,$421.00,Neighborhood highlights,8,3,4,4,NA,0,https://www.airbnb.com/rooms/968961111636531690
968982002561156200,$134.00,Neighborhood highlights,2,1,1,1,5,15,https://www.airbnb.com/rooms/968982002561156213
968991001405816300,$73.00,Neighborhood highlights,1,1,1,1,5,3,https://www.airbnb.com/rooms/968991001405816296
969020047281643900,$46.00,Neighborhood highlights,1,1,1,1,5,3,https://www.airbnb.com/rooms/969020047281643924
969035784970111400,$225.00,NA,4,1,2,3,5,5,https://www.airbnb.com/rooms/969035784970111373
969037168119525e3,$385.00,NA,7,1,3,3,4.91,11,https://www.airbnb.com/rooms/969037168119524983
969046191401523e3,$120.00,Neighborhood highlights,1,1,1,1,4.93,15,https://www.airbnb.com/rooms/969046191401522947
969083574093441700,$55.00,Neighborhood highlights,1,2,1,1,5,1,https://www.airbnb.com/rooms/969083574093441615
969127796395247400,$229.00,NA,2,1,2,2,4.75,8,https://www.airbnb.com/rooms/969127796395247392
969429540603462900,$54.00,NA,2,1,1,1,NA,0,https://www.airbnb.com/rooms/969429540603462926
969450944687841200,$132.00,NA,2,1,1,1,4.92,12,https://www.airbnb.com/rooms/969450944687841104
969458692398111500,$54.00,NA,2,1,1,1,NA,0,https://www.airbnb.com/rooms/969458692398111487
969461391626046800,$45.00,NA,2,0,1,1,NA,0,https://www.airbnb.com/rooms/969461391626046879
969462426603921300,$45.00,NA,2,1,1,0,NA,0,https://www.airbnb.com/rooms/969462426603921243
969463803755237500,$45.00,NA,2,0,1,1,NA,0,https://www.airbnb.com/rooms/969463803755237494
969471972225907600,$310.00,NA,4,2,2,2,4.67,3,https://www.airbnb.com/rooms/969471972225907553
969477419980535700,$375.00,NA,6,2,3,3,5,1,https://www.airbnb.com/rooms/969477419980535733
969514008107126400,$55.00,NA,1,1,1,1,NA,0,https://www.airbnb.com/rooms/969514008107126414
969521494667176700,$114.00,NA,2,1,1,1,4.43,7,https://www.airbnb.com/rooms/969521494667176747
969527055763631500,$80.00,NA,2,1,1,1,NA,0,https://www.airbnb.com/rooms/969527055763631540
969546377878285e3,$90.00,Neighborhood highlights,1,1,1,1,5,2,https://www.airbnb.com/rooms/969546377878285001
969557719896647600,NA,Neighborhood highlights,3,NA,1,NA,5,1,https://www.airbnb.com/rooms/969557719896647491
969558852641361700,$90.00,NA,2,4,1,1,5,1,https://www.airbnb.com/rooms/969558852641361621
969625326040173800,$436.00,Neighborhood highlights,4,1,1,2,4,3,https://www.airbnb.com/rooms/969625326040173764
969626098881522300,$451.00,Neighborhood highlights,4,1,1,2,5,5,https://www.airbnb.com/rooms/969626098881522361
969626917135027800,$493.00,Neighborhood highlights,4,1,1,2,NA,0,https://www.airbnb.com/rooms/969626917135027888
969639647663628900,$389.00,NA,2,1,0,1,5,4,https://www.airbnb.com/rooms/969639647663628867
969644867825232100,$125.00,NA,2,1,0,1,4.5,2,https://www.airbnb.com/rooms/969644867825232122
969672999368896500,$424.00,NA,3,1,2,2,4.91,11,https://www.airbnb.com/rooms/969672999368896556
969675031818823800,$222.00,Neighborhood highlights,2,1,1,1,5,2,https://www.airbnb.com/rooms/969675031818823854
969809809729461e3,$45.00,NA,1,2,4,1,NA,0,https://www.airbnb.com/rooms/969809809729460930
970069439690639100,"$2,000.00",NA,6,1,3,3,NA,0,https://www.airbnb.com/rooms/970069439690639161
970072934238390500,$666.00,NA,7,1,3,3,NA,0,https://www.airbnb.com/rooms/970072934238390539
970107108782228600,$200.00,NA,2,1,1,1,NA,0,https://www.airbnb.com/rooms/970107108782228634
970213432972312300,$136.00,NA,2,2,1,1,5,3,https://www.airbnb.com/rooms/970213432972312352
970248007829272600,$253.00,Neighborhood highlights,5,1,2,4,NA,0,https://www.airbnb.com/rooms/970248007829272555
970284645920052200,$56.00,NA,1,1,1,1,5,3,https://www.airbnb.com/rooms/970284645920052225
970314665699856900,$120.00,NA,2,1,1,1,5,2,https://www.airbnb.com/rooms/970314665699856874
970314946666010100,$60.00,NA,2,1,1,1,4.5,4,https://www.airbnb.com/rooms/970314946666010164
970318365895422200,$531.00,NA,2,0,1,1,NA,0,https://www.airbnb.com/rooms/970318365895422240
970364193542146300,$191.00,Neighborhood highlights,3,1,1,1,5,1,https://www.airbnb.com/rooms/970364193542146289
970394774041225100,$211.00,NA,4,1,1,1,4.9,10,https://www.airbnb.com/rooms/970394774041225066
970433469370775600,$55.00,NA,2,1,1,1,4,1,https://www.airbnb.com/rooms/970433469370775501
970497589664733200,$180.00,NA,4,1,3,3,5,9,https://www.airbnb.com/rooms/970497589664733128
970513355093049500,$449.00,Neighborhood highlights,2,1,1,1,5,6,https://www.airbnb.com/rooms/970513355093049469
970554818362587500,$65.00,Neighborhood highlights,1,1,1,2,NA,0,https://www.airbnb.com/rooms/970554818362587457
970653078127575400,$89.00,NA,3,1,2,1,4,1,https://www.airbnb.com/rooms/970653078127575418
970818556729760500,$131.00,Neighborhood highlights,2,1,1,1,4,2,https://www.airbnb.com/rooms/970818556729760468
970956880456551300,$121.00,Neighborhood highlights,2,1,1,1,4.78,9,https://www.airbnb.com/rooms/970956880456551340
970985894259455500,NA,Neighborhood highlights,2,NA,1,NA,5,1,https://www.airbnb.com/rooms/970985894259455550
971014919312107600,$105.00,NA,2,1,1,1,4.75,4,https://www.airbnb.com/rooms/971014919312107685
971017228077053700,$203.00,Neighborhood highlights,4,1,1,2,4.84,44,https://www.airbnb.com/rooms/971017228077053672
971101887044988400,$115.00,NA,2,1,1,1,NA,0,https://www.airbnb.com/rooms/971101887044988474
971248186527312100,$550.00,NA,6,1,3,3,NA,0,https://www.airbnb.com/rooms/971248186527312092
971269555409003e3,$89.00,Neighborhood highlights,2,0.5,1,1,3,1,https://www.airbnb.com/rooms/971269555409003026
97127225800358e4,$600.00,Neighborhood highlights,7,2,4,4,NA,0,https://www.airbnb.com/rooms/971272258003580018
971360163355697e3,$85.00,Neighborhood highlights,2,1,1,1,5,1,https://www.airbnb.com/rooms/971360163355697081
971369178667395100,$72.00,Neighborhood highlights,1,1,1,1,NA,0,https://www.airbnb.com/rooms/971369178667395068
971574348597854700,$135.00,NA,2,3,1,1,5,4,https://www.airbnb.com/rooms/971574348597854706
971594939474655700,NA,NA,4,NA,1,NA,5,2,https://www.airbnb.com/rooms/971594939474655781
971642509880947500,NA,NA,1,NA,NA,NA,5,5,https://www.airbnb.com/rooms/971642509880947430
971653733668334200,$79.00,NA,2,NA,1,1,5,1,https://www.airbnb.com/rooms/971653733668334227
971748602940958700,$485.00,NA,5,2,2,2,NA,0,https://www.airbnb.com/rooms/971748602940958727
971852833016548400,$95.00,NA,2,1,1,1,NA,0,https://www.airbnb.com/rooms/971852833016548288
971862308015568600,$174.00,NA,3,1,1,2,5,1,https://www.airbnb.com/rooms/971862308015568674
9.7190711194031194e+17,$100.00,NA,2,1,1,1,5,1,https://www.airbnb.com/rooms/971907111940311957
971912996917458e3,$80.00,NA,1,1,1,1,5,1,https://www.airbnb.com/rooms/971912996917458102
971930833189858200,$99.00,NA,1,1,1,1,4.72,47,https://www.airbnb.com/rooms/971930833189858191
971985344645165800,$335.00,NA,4,2,2,2,4.82,11,https://www.airbnb.com/rooms/971985344645165863
972008124482098400,$499.00,NA,6,1,3,3,4.9,21,https://www.airbnb.com/rooms/972008124482098468
972325698235775400,$240.00,NA,6,1,1,3,NA,0,https://www.airbnb.com/rooms/972325698235775364
972443650532062800,$480.00,NA,4,2,2,2,NA,0,https://www.airbnb.com/rooms/972443650532062896
972573127714248400,$349.00,NA,3,1,1,1,4.74,19,https://www.airbnb.com/rooms/972573127714248461
972690287530827e3,$208.00,NA,6,1,2,3,5,9,https://www.airbnb.com/rooms/972690287530826962
972740017700582800,$87.00,Neighborhood highlights,1,1,1,1,5,22,https://www.airbnb.com/rooms/972740017700582747
972778950351439200,$58.00,Neighborhood highlights,1,1,1,1,4.75,4,https://www.airbnb.com/rooms/972778950351439248
972805172969056800,$44.00,Neighborhood highlights,1,1,1,1,4.91,23,https://www.airbnb.com/rooms/972805172969056732
972841979416428300,$55.00,NA,2,1,1,1,5,1,https://www.airbnb.com/rooms/972841979416428333
972994895711627600,$200.00,NA,2,1,2,3,NA,0,https://www.airbnb.com/rooms/972994895711627601
973050743642447600,$914.00,NA,10,2,5,1,NA,0,https://www.airbnb.com/rooms/973050743642447559
973135953896860200,$56.00,Neighborhood highlights,1,1,1,1,5,1,https://www.airbnb.com/rooms/973135953896860179
973186910160545400,$170.00,Neighborhood highlights,4,1,1,2,4.84,38,https://www.airbnb.com/rooms/973186910160545391
973200600534337300,$185.00,NA,2,1,1,0,NA,0,https://www.airbnb.com/rooms/973200600534337339
973202272068906400,$156.00,Neighborhood highlights,1,1,1,2,NA,0,https://www.airbnb.com/rooms/973202272068906394
973238404538275300,$114.00,NA,6,1,3,3,NA,0,https://www.airbnb.com/rooms/973238404538275285
973282193462234500,NA,Neighborhood highlights,5,NA,4,NA,5,1,https://www.airbnb.com/rooms/973282193462234471
973323507723677e3,$100.00,Neighborhood highlights,2,1.5,1,1,5,2,https://www.airbnb.com/rooms/973323507723677110
973328245446103700,$107.00,Neighborhood highlights,2,1,1,1,3.8,5,https://www.airbnb.com/rooms/973328245446103672
973354135681593500,$52.00,NA,2,1,1,1,NA,0,https://www.airbnb.com/rooms/973354135681593503
973363318660197100,$114.00,NA,2,1,0,1,NA,0,https://www.airbnb.com/rooms/973363318660197175
973364593745899e3,$200.00,NA,2,1,1,2,NA,0,https://www.airbnb.com/rooms/973364593745898968
9.7337913671411994e+17,$45.00,NA,2,1,1,1,NA,0,https://www.airbnb.com/rooms/973379136714119879
973383462086039e3,$50.00,Neighborhood highlights,2,1,1,1,NA,0,https://www.airbnb.com/rooms/973383462086039008
973420624376646400,$130.00,Neighborhood highlights,2,1,2,2,5,1,https://www.airbnb.com/rooms/973420624376646378
973430263558977400,$52.00,NA,2,1,1,1,NA,0,https://www.airbnb.com/rooms/973430263558977428
973435848249028500,$120.00,Neighborhood highlights,2,1,1,1,NA,0,https://www.airbnb.com/rooms/973435848249028533
973460201660073600,$146.00,NA,2,1.5,1,1,5,1,https://www.airbnb.com/rooms/973460201660073637
973498059843152500,$84.00,NA,2,1,1,1,NA,0,https://www.airbnb.com/rooms/973498059843152493
973677543407116400,$91.00,NA,2,1,3,3,NA,0,https://www.airbnb.com/rooms/973677543407116406
973742322678721900,$985.00,NA,4,2,2,2,5,1,https://www.airbnb.com/rooms/973742322678721966
973877376052421500,NA,Neighborhood highlights,2,NA,1,NA,2,1,https://www.airbnb.com/rooms/973877376052421518
973880434381835500,$150.00,Neighborhood highlights,2,1,1,1,5,2,https://www.airbnb.com/rooms/973880434381835546
973899385540744700,$599.00,NA,4,1,1,1,NA,0,https://www.airbnb.com/rooms/973899385540744661
973926823669823700,$173.00,Neighborhood highlights,3,1,1,3,5,4,https://www.airbnb.com/rooms/973926823669823710
973954372095741e3,$225.00,NA,3,1,2,1,NA,0,https://www.airbnb.com/rooms/973954372095741069
974000330012339300,$95.00,NA,4,1,2,2,4.33,6,https://www.airbnb.com/rooms/974000330012339390
974046667971083300,$133.00,NA,2,1,0,1,5,2,https://www.airbnb.com/rooms/974046667971083306
974059099437963900,$80.00,NA,2,1,1,1,5,1,https://www.airbnb.com/rooms/974059099437963900
974067561235430300,$642.00,Neighborhood highlights,6,1,3,4,4.85,40,https://www.airbnb.com/rooms/974067561235430226
974085137535602600,$520.00,NA,12,4.5,7,7,NA,0,https://www.airbnb.com/rooms/974085137535602566
974103262186154800,$31.00,Neighborhood highlights,1,1,1,1,5,1,https://www.airbnb.com/rooms/974103262186154764
974106237995487100,$650.00,NA,4,1,2,2,5,7,https://www.airbnb.com/rooms/974106237995487073
974119318572120200,$424.00,NA,2,1,1,1,5,2,https://www.airbnb.com/rooms/974119318572120161
974121272902331400,$199.00,Neighborhood highlights,3,1,1,2,NA,0,https://www.airbnb.com/rooms/974121272902331394
974227248765395500,$250.00,NA,4,2,2,3,5,15,https://www.airbnb.com/rooms/974227248765395489
974333058451776800,$399.00,NA,6,1,2,2,4,1,https://www.airbnb.com/rooms/974333058451776793
974343863645928600,$44.00,NA,1,2,5,1,NA,0,https://www.airbnb.com/rooms/974343863645928526
974391601107624400,$125.00,NA,4,1,1,2,NA,0,https://www.airbnb.com/rooms/974391601107624428
974531942780843e3,$259.00,Neighborhood highlights,4,1,1,2,4.82,22,https://www.airbnb.com/rooms/974531942780843035
974559250469051e3,$236.00,NA,3,1,1,2,4.92,38,https://www.airbnb.com/rooms/974559250469050993
974595688545830500,$102.00,NA,2,2,1,1,4.69,36,https://www.airbnb.com/rooms/974595688545830503
974642991240708500,$145.00,NA,2,1,1,1,1,2,https://www.airbnb.com/rooms/974642991240708453
974686723924958300,$65.00,NA,2,1,1,1,NA,0,https://www.airbnb.com/rooms/974686723924958308
974767411203327600,"$1,248.00",NA,6,2,2,3,NA,0,https://www.airbnb.com/rooms/974767411203327628
974768925562616200,$680.00,NA,2,1,1,1,NA,0,https://www.airbnb.com/rooms/974768925562616199
974769196526089600,"$1,568.00",NA,6,2,2,3,NA,0,https://www.airbnb.com/rooms/974769196526089571
974770012012943900,"$1,730.00",NA,8,2,2,4,NA,0,https://www.airbnb.com/rooms/974770012012943865
974770300889213200,$195.00,NA,2,1,1,1,4.39,28,https://www.airbnb.com/rooms/974770300889213134
974811871625926500,$94.00,Neighborhood highlights,4,2,1,1,4.8,44,https://www.airbnb.com/rooms/974811871625926576
974969263001100500,NA,NA,1,NA,NA,NA,4.17,6,https://www.airbnb.com/rooms/974969263001100559
975104119329939600,$160.00,NA,2,1,1,1,NA,0,https://www.airbnb.com/rooms/975104119329939624
975138959448456400,$95.00,NA,1,1,1,1,NA,0,https://www.airbnb.com/rooms/975138959448456465
975257566572858400,$273.00,NA,4,1,1,2,4.95,20,https://www.airbnb.com/rooms/975257566572858370
975271247522709900,$527.00,Neighborhood highlights,4,1,1,2,5,17,https://www.airbnb.com/rooms/975271247522709915
975273537094295600,$386.00,Neighborhood highlights,4,1,0,2,4.73,11,https://www.airbnb.com/rooms/975273537094295498
975275249863511600,$260.00,NA,3,1,1,2,4.75,24,https://www.airbnb.com/rooms/975275249863511533
975282423991954600,$212.00,Neighborhood highlights,2,1.5,2,2,4.96,47,https://www.airbnb.com/rooms/975282423991954507
9.7539520329807206e+17,$162.00,NA,3,2,1,2,5,1,https://www.airbnb.com/rooms/975395203298072020
975423767784306400,$155.00,Neighborhood highlights,4,1,2,2,5,4,https://www.airbnb.com/rooms/975423767784306410
975443645021223e3,$66.00,NA,2,1,1,1,2,1,https://www.airbnb.com/rooms/975443645021222998
975444455891776e3,NA,NA,4,NA,1,NA,5,2,https://www.airbnb.com/rooms/975444455891775940
975446337136486700,$54.00,NA,2,1,1,1,NA,0,https://www.airbnb.com/rooms/975446337136486679
975528787109367e3,$148.00,NA,2,1,1,1,NA,0,https://www.airbnb.com/rooms/975528787109367099
975709423503449200,$130.00,NA,2,1,1,0,NA,0,https://www.airbnb.com/rooms/975709423503449198
975923866742134300,$170.00,NA,2,1,1,1,NA,0,https://www.airbnb.com/rooms/975923866742134317
975927585551558100,$131.00,Neighborhood highlights,2,1,1,1,NA,0,https://www.airbnb.com/rooms/975927585551558145
975957015628764e3,$113.00,Neighborhood highlights,2,1,1,1,NA,0,https://www.airbnb.com/rooms/975957015628764050
975964468561367600,$102.00,Neighborhood highlights,1,1,1,1,NA,0,https://www.airbnb.com/rooms/975964468561367530
976066638153850400,$320.00,NA,4,1,2,2,5,3,https://www.airbnb.com/rooms/976066638153850356
976134439875101400,$103.00,Neighborhood highlights,2,2,1,1,4.68,56,https://www.airbnb.com/rooms/976134439875101380
976147002498798100,$225.00,NA,2,1,1,1,5,1,https://www.airbnb.com/rooms/976147002498798097
976176076070339e3,$102.00,Neighborhood highlights,4,2,1,1,4.77,43,https://www.airbnb.com/rooms/976176076070338913
976190720830064800,$409.00,Neighborhood highlights,4,1,2,3,4.76,45,https://www.airbnb.com/rooms/976190720830064747
976213593216792400,$225.00,NA,2,1,0,1,5,1,https://www.airbnb.com/rooms/976213593216792398
976217039644227e3,$225.00,NA,2,1,0,1,NA,0,https://www.airbnb.com/rooms/976217039644226956
976288891069593300,$50.00,NA,1,1,1,1,4.78,23,https://www.airbnb.com/rooms/976288891069593330
976290086007012600,$551.00,Neighborhood highlights,6,1,3,4,4.81,43,https://www.airbnb.com/rooms/976290086007012652
976322625062679800,$90.00,NA,2,1,1,1,NA,0,https://www.airbnb.com/rooms/976322625062679774
976348873445171300,NA,Neighborhood highlights,2,NA,1,NA,NA,0,https://www.airbnb.com/rooms/976348873445171356
976362963064737200,NA,Neighborhood highlights,2,NA,1,NA,NA,0,https://www.airbnb.com/rooms/976362963064737214
976682170530405100,$150.00,Neighborhood highlights,4,1,2,3,NA,0,https://www.airbnb.com/rooms/976682170530405163
976723458918378900,$140.00,NA,2,1,0,1,NA,0,https://www.airbnb.com/rooms/976723458918378918
976766563716249200,$321.00,Neighborhood highlights,6,2,2,4,5,12,https://www.airbnb.com/rooms/976766563716249181
976778469941657200,NA,NA,2,NA,NA,NA,5,9,https://www.airbnb.com/rooms/976778469941657237
976784386743786600,$101.00,NA,4,2,1,1,4.79,53,https://www.airbnb.com/rooms/976784386743786662
976804722089315e3,$89.00,NA,3,2,1,1,4.63,49,https://www.airbnb.com/rooms/976804722089314968
976820446138859100,$59.00,NA,1,1,1,1,NA,0,https://www.airbnb.com/rooms/976820446138859128
976898757702361100,$102.00,NA,4,2,1,1,4.82,56,https://www.airbnb.com/rooms/976898757702361060
976932497784891e3,$225.00,NA,2,1,0,1,4,1,https://www.airbnb.com/rooms/976932497784891034
976934242941653e3,$225.00,NA,2,1,0,1,NA,0,https://www.airbnb.com/rooms/976934242941653044
976936772563493100,$225.00,NA,2,1,0,1,NA,0,https://www.airbnb.com/rooms/976936772563493164
976938289851058600,$225.00,NA,2,1,0,1,NA,0,https://www.airbnb.com/rooms/976938289851058532
976945254781698300,$150.00,NA,1,1,1,1,NA,0,https://www.airbnb.com/rooms/976945254781698342
977364998193974400,$100.00,NA,2,1,1,1,NA,0,https://www.airbnb.com/rooms/977364998193974394
977395984065981800,$45.00,NA,1,1,1,1,2,1,https://www.airbnb.com/rooms/977395984065981849
977455957209695600,"$4,000.00",NA,16,7.5,7,7,NA,0,https://www.airbnb.com/rooms/977455957209695568
977510333611168900,$320.00,Neighborhood highlights,4,1,1,1,NA,0,https://www.airbnb.com/rooms/977510333611168866
977566062648075900,$40.00,NA,2,1,1,1,NA,0,https://www.airbnb.com/rooms/977566062648075863
977575903579108700,$35.00,NA,1,1,1,1,5,1,https://www.airbnb.com/rooms/977575903579108702
977580929666714400,$64.00,NA,2,1,1,1,NA,0,https://www.airbnb.com/rooms/977580929666714335
977609305202606800,$89.00,NA,1,1,1,1,NA,0,https://www.airbnb.com/rooms/977609305202606808
977616206126385500,$80.00,NA,1,1,1,1,NA,0,https://www.airbnb.com/rooms/977616206126385574
977616731845565200,$70.00,NA,2,1,1,1,NA,0,https://www.airbnb.com/rooms/977616731845565164
977626278939345900,NA,NA,2,NA,1,NA,NA,0,https://www.airbnb.com/rooms/977626278939345924
977629654218303e3,$75.00,Neighborhood highlights,2,1,0,1,5,3,https://www.airbnb.com/rooms/977629654218303000
977653299500768400,$49.00,NA,2,1,1,1,5,4,https://www.airbnb.com/rooms/977653299500768416
977732692492896900,$281.00,Neighborhood highlights,6,1,2,3,4.89,19,https://www.airbnb.com/rooms/977732692492896948
977754993026073100,$292.00,Neighborhood highlights,2,1,0,1,4.59,17,https://www.airbnb.com/rooms/977754993026073103
977767444513453400,$300.00,NA,6,2,3,3,NA,0,https://www.airbnb.com/rooms/977767444513453396
977768568508704500,$108.00,NA,2,1,2,2,5,2,https://www.airbnb.com/rooms/977768568508704558
977788959206970800,$150.00,NA,2,1,1,1,NA,0,https://www.airbnb.com/rooms/977788959206970815
978012430499716e3,$329.00,Neighborhood highlights,4,1,2,2,NA,0,https://www.airbnb.com/rooms/978012430499715954
978045616265435600,NA,NA,2,NA,1,NA,NA,0,https://www.airbnb.com/rooms/978045616265435630
978171656202194400,"$1,760.00",NA,2,1,2,4,NA,0,https://www.airbnb.com/rooms/978171656202194399
978186823944588900,$240.00,NA,2,1,1,2,NA,0,https://www.airbnb.com/rooms/978186823944588985
978187771536597600,$73.00,Neighborhood highlights,3,1,1,2,5,1,https://www.airbnb.com/rooms/978187771536597634
978191817244397800,$220.00,NA,4,1,1,1,NA,0,https://www.airbnb.com/rooms/978191817244397875
978281778523334800,$161.00,NA,2,1,1,1,4.76,42,https://www.airbnb.com/rooms/978281778523334764
978360232982713200,$445.00,Neighborhood highlights,4,1,2,2,4.71,35,https://www.airbnb.com/rooms/978360232982713232
978390068201449100,$129.00,NA,2,1,1,1,4.77,35,https://www.airbnb.com/rooms/978390068201449135
978403972159622e3,$110.00,NA,2,1,1,2,4.83,46,https://www.airbnb.com/rooms/978403972159622065
978416401199367200,$185.00,NA,2,1,1,1,NA,0,https://www.airbnb.com/rooms/978416401199367195
978443139173660300,$118.00,NA,4,1,2,2,3,1,https://www.airbnb.com/rooms/978443139173660339
978506040990799400,$130.00,NA,2,1,1,1,NA,0,https://www.airbnb.com/rooms/978506040990799416
978561260920834200,$115.00,NA,2,1,1,1,NA,0,https://www.airbnb.com/rooms/978561260920834118
978647529811129600,$158.00,Neighborhood highlights,3,1,1,1,5,1,https://www.airbnb.com/rooms/978647529811129540
978674955187450200,"$2,143.00",Neighborhood highlights,4,2,1,2,5,1,https://www.airbnb.com/rooms/978674955187450263
978841387441830800,$89.00,NA,1,0,3,1,NA,0,https://www.airbnb.com/rooms/978841387441830843
978843554293050800,$83.00,NA,1,0,1,1,NA,0,https://www.airbnb.com/rooms/978843554293050807
978911600123510900,$225.00,NA,2,1,0,1,NA,0,https://www.airbnb.com/rooms/978911600123510961
978914250202570900,$300.00,Neighborhood highlights,6,2,2,2,NA,0,https://www.airbnb.com/rooms/978914250202570851
978925745429168300,$55.00,NA,1,1,1,1,5,4,https://www.airbnb.com/rooms/978925745429168294
978939555511615600,$180.00,NA,4,1,2,1,5,1,https://www.airbnb.com/rooms/978939555511615677
978946814387972100,$47.00,Neighborhood highlights,2,2.5,1,1,NA,0,https://www.airbnb.com/rooms/978946814387972153
978950134453137200,$353.00,NA,2,1,0,1,NA,0,https://www.airbnb.com/rooms/978950134453137205
978952552853914600,$47.00,Neighborhood highlights,2,2.5,1,1,NA,0,https://www.airbnb.com/rooms/978952552853914634
97895304820029e4,$224.00,NA,2,1,0,1,NA,0,https://www.airbnb.com/rooms/978953048200290110
978955364065426200,$359.00,NA,2,1,1,1,NA,0,https://www.airbnb.com/rooms/978955364065426169
978956682973924400,$224.00,NA,2,1,0,1,NA,0,https://www.airbnb.com/rooms/978956682973924369
978956928884556900,$47.00,Neighborhood highlights,2,2.5,1,1,NA,0,https://www.airbnb.com/rooms/978956928884556965
978958799208252300,$47.00,Neighborhood highlights,2,2.5,1,1,NA,0,https://www.airbnb.com/rooms/978958799208252331
978960020569385300,$224.00,NA,2,1,0,1,NA,0,https://www.airbnb.com/rooms/978960020569385321
978960715676297200,$47.00,Neighborhood highlights,2,2.5,1,1,NA,0,https://www.airbnb.com/rooms/978960715676297249
978961717573021300,$135.00,Neighborhood highlights,2,1,1,1,5,1,https://www.airbnb.com/rooms/978961717573021371
978962049375361400,$224.00,NA,2,1,0,1,NA,0,https://www.airbnb.com/rooms/978962049375361389
978962051986018e3,$99.00,NA,3,1,1,2,5,2,https://www.airbnb.com/rooms/978962051986018048
978962375539914200,$47.00,Neighborhood highlights,2,2.5,1,1,NA,0,https://www.airbnb.com/rooms/978962375539914191
978965116644913700,$47.00,Neighborhood highlights,2,2.5,1,1,NA,0,https://www.airbnb.com/rooms/978965116644913701
978968341543041400,$224.00,NA,2,1,0,1,NA,0,https://www.airbnb.com/rooms/978968341543041417
978973668995905800,$224.00,NA,2,1,0,1,NA,0,https://www.airbnb.com/rooms/978973668995905832
978979276292267400,$186.00,Neighborhood highlights,3,1,1,1,3,1,https://www.airbnb.com/rooms/978979276292267330
978981767053187200,$165.00,Neighborhood highlights,3,1,0,1,NA,0,https://www.airbnb.com/rooms/978981767053187155
978987017382878600,$80.00,Neighborhood highlights,2,1,1,1,5,4,https://www.airbnb.com/rooms/978987017382878565
978996864491722600,$264.00,Neighborhood highlights,2,1,2,2,5,20,https://www.airbnb.com/rooms/978996864491722615
979000835943861200,$47.00,Neighborhood highlights,2,2,1,1,4,1,https://www.airbnb.com/rooms/979000835943861278
979002417804366e3,$170.00,Neighborhood highlights,3,1,1,1,5,1,https://www.airbnb.com/rooms/979002417804365971
979002731170180400,NA,NA,2,NA,1,NA,NA,0,https://www.airbnb.com/rooms/979002731170180383
979005462869963e3,$47.00,Neighborhood highlights,2,2,1,1,5,1,https://www.airbnb.com/rooms/979005462869962985
979006571228615800,$400.00,NA,2,2,2,2,NA,0,https://www.airbnb.com/rooms/979006571228615807
979007107482059600,$47.00,Neighborhood highlights,2,2,1,1,NA,0,https://www.airbnb.com/rooms/979007107482059702
979007950925577100,$47.00,Neighborhood highlights,2,2,1,1,NA,0,https://www.airbnb.com/rooms/979007950925577135
979045197515800600,$47.00,Neighborhood highlights,2,2,1,1,5,3,https://www.airbnb.com/rooms/979045197515800591
979046337046011400,$47.00,Neighborhood highlights,2,2,1,1,4.67,3,https://www.airbnb.com/rooms/979046337046011452
979047140389966100,$47.00,Neighborhood highlights,2,2,1,1,NA,0,https://www.airbnb.com/rooms/979047140389966042
979047996638552400,$47.00,Neighborhood highlights,2,2,1,1,NA,0,https://www.airbnb.com/rooms/979047996638552491
979061108613895800,$90.00,Neighborhood highlights,1,1,1,1,4.75,4,https://www.airbnb.com/rooms/979061108613895849
979107606119428600,$160.00,NA,3,3,1,4,5,3,https://www.airbnb.com/rooms/979107606119428565
979172812932060700,$175.00,NA,1,1,2,2,NA,0,https://www.airbnb.com/rooms/979172812932060651
979452911734968200,$377.00,Neighborhood highlights,2,1,0,1,5,1,https://www.airbnb.com/rooms/979452911734968222
979453621750662100,$397.00,Neighborhood highlights,2,1,1,1,NA,0,https://www.airbnb.com/rooms/979453621750662155
979559714970976100,$395.00,Neighborhood highlights,7,1,0,4,4.64,11,https://www.airbnb.com/rooms/979559714970976139
979575159251278200,$100.00,NA,2,0.5,1,2,NA,0,https://www.airbnb.com/rooms/979575159251278222
979615360810242200,$285.00,NA,4,2.5,2,3,NA,0,https://www.airbnb.com/rooms/979615360810242119
979665436549588700,NA,NA,2,NA,NA,NA,NA,0,https://www.airbnb.com/rooms/979665436549588763
979673238990239200,$39.00,Neighborhood highlights,1,1,1,1,NA,0,https://www.airbnb.com/rooms/979673238990239197
979702194042540300,NA,Neighborhood highlights,2,NA,NA,NA,5,1,https://www.airbnb.com/rooms/979702194042540335
979755218088178200,$168.00,Neighborhood highlights,2,1,0,1,4.67,3,https://www.airbnb.com/rooms/979755218088178203
979784664536319700,NA,NA,2,NA,NA,NA,5,8,https://www.airbnb.com/rooms/979784664536319800
979806126336543900,NA,Neighborhood highlights,1,NA,NA,NA,NA,0,https://www.airbnb.com/rooms/979806126336543822
979809968248456600,$43.00,Neighborhood highlights,2,1,1,1,NA,0,https://www.airbnb.com/rooms/979809968248456618
979841425635125600,$135.00,Neighborhood highlights,3,1,0,1,5,2,https://www.airbnb.com/rooms/979841425635125625
979902979221942800,$197.00,Neighborhood highlights,4,1,2,2,4.83,12,https://www.airbnb.com/rooms/979902979221942739
979972287079085700,$140.00,Neighborhood highlights,2,1,0,1,NA,0,https://www.airbnb.com/rooms/979972287079085757
980015069757960200,$50.00,Neighborhood highlights,2,1,1,1,5,1,https://www.airbnb.com/rooms/980015069757960171
980043419994338400,$30.00,NA,1,1,1,1,NA,0,https://www.airbnb.com/rooms/980043419994338474
980227435509794700,$260.00,Neighborhood highlights,6,2,2,2,NA,0,https://www.airbnb.com/rooms/980227435509794627
980293803146704600,NA,Neighborhood highlights,2,NA,NA,NA,2,1,https://www.airbnb.com/rooms/980293803146704630
980408563480059100,$145.00,NA,1,1,1,1,4.92,50,https://www.airbnb.com/rooms/980408563480059112
980481734816658300,$90.00,NA,2,1.5,1,1,NA,0,https://www.airbnb.com/rooms/980481734816658340
980552600570794800,$42.00,Neighborhood highlights,2,1,1,1,NA,0,https://www.airbnb.com/rooms/980552600570794759
980567677086176400,$40.00,Neighborhood highlights,2,1,1,1,NA,0,https://www.airbnb.com/rooms/980567677086176387
980573611700193400,NA,NA,2,NA,NA,NA,4.78,9,https://www.airbnb.com/rooms/980573611700193360
980577632547485300,NA,Neighborhood highlights,2,NA,NA,NA,NA,0,https://www.airbnb.com/rooms/980577632547485272
980578515043030300,$41.00,Neighborhood highlights,2,1,1,1,NA,0,https://www.airbnb.com/rooms/980578515043030225
980579353755994900,NA,Neighborhood highlights,1,NA,NA,NA,NA,0,https://www.airbnb.com/rooms/980579353755994934
980581231424651400,$38.00,Neighborhood highlights,1,1,1,1,NA,0,https://www.airbnb.com/rooms/980581231424651455
980597457970566100,$733.00,Neighborhood highlights,6,2,2,2,4.88,16,https://www.airbnb.com/rooms/980597457970566165
980616260826796900,$834.00,Neighborhood highlights,8,2,3,3,4.86,36,https://www.airbnb.com/rooms/980616260826796990
980617449810787200,"$1,017.00",Neighborhood highlights,8,2,3,3,4.48,25,https://www.airbnb.com/rooms/980617449810787175
980619476220059100,$800.00,Neighborhood highlights,6,2,2,2,4.76,21,https://www.airbnb.com/rooms/980619476220059126
980619551933164500,$770.00,Neighborhood highlights,6,2,2,2,4.75,24,https://www.airbnb.com/rooms/980619551933164508
980619691545527e3,$762.00,Neighborhood highlights,6,2,2,2,5,26,https://www.airbnb.com/rooms/980619691545526997
980902455209107300,$532.00,Neighborhood highlights,4,2,2,2,NA,0,https://www.airbnb.com/rooms/980902455209107285
980902982129959e3,$302.00,Neighborhood highlights,4,1,2,2,NA,0,https://www.airbnb.com/rooms/980902982129959017
981022462655996300,$180.00,NA,2,1,0,1,NA,0,https://www.airbnb.com/rooms/981022462655996345
981023035444807600,$181.00,NA,2,1,1,1,NA,0,https://www.airbnb.com/rooms/981023035444807572
981054110042468600,$240.00,NA,6,1,3,3,NA,0,https://www.airbnb.com/rooms/981054110042468664
9.8106680882591194e+17,$220.00,NA,2,1,1,1,NA,0,https://www.airbnb.com/rooms/981066808825911979
981104669203817700,$52.00,NA,2,1,1,1,NA,0,https://www.airbnb.com/rooms/981104669203817777
981183733840544e3,$106.00,Neighborhood highlights,2,1,1,1,4.73,44,https://www.airbnb.com/rooms/981183733840544000
981215096714560400,$552.00,Neighborhood highlights,6,1,2,4,4.95,42,https://www.airbnb.com/rooms/981215096714560429
981238829775031300,$709.00,Neighborhood highlights,10,2,3,4,4.89,62,https://www.airbnb.com/rooms/981238829775031305
981244920997760300,$95.00,NA,2,1,1,1,NA,0,https://www.airbnb.com/rooms/981244920997760223
981373391931970600,$47.00,NA,1,1,1,1,NA,0,https://www.airbnb.com/rooms/981373391931970516
981390554747685200,$50.00,NA,1,1,1,1,5,2,https://www.airbnb.com/rooms/981390554747685223
981430516942515800,$211.00,Neighborhood highlights,2,1,0,1,5,3,https://www.airbnb.com/rooms/981430516942515827
981441743827441800,NA,NA,4,NA,2,NA,NA,0,https://www.airbnb.com/rooms/981441743827441827
981544700349077200,NA,Neighborhood highlights,1,NA,1,NA,NA,0,https://www.airbnb.com/rooms/981544700349077249
981559739281052900,$101.00,Neighborhood highlights,1,1,1,1,NA,0,https://www.airbnb.com/rooms/981559739281052915
981815080890800100,$132.00,NA,2,1,1,1,4.75,12,https://www.airbnb.com/rooms/981815080890800092
981872762549819900,$175.00,NA,2,1,1,1,2.5,2,https://www.airbnb.com/rooms/981872762549819929
981904996886257400,$557.00,Neighborhood highlights,2,1,1,1,NA,0,https://www.airbnb.com/rooms/981904996886257439
981917427096444800,$900.00,NA,4,2,2,2,NA,0,https://www.airbnb.com/rooms/981917427096444791
981936893723440800,$280.00,NA,4,1,2,3,NA,0,https://www.airbnb.com/rooms/981936893723440768
981978171961060400,$95.00,Neighborhood highlights,2,1,0,1,5,4,https://www.airbnb.com/rooms/981978171961060295
982059588292679400,$55.00,Neighborhood highlights,1,1,1,1,4,1,https://www.airbnb.com/rooms/982059588292679424
982108922740581900,$52.00,NA,2,0,1,1,5,1,https://www.airbnb.com/rooms/982108922740581855
982130899713091700,$595.00,NA,6,1,2,3,5,26,https://www.airbnb.com/rooms/982130899713091667
982172393543000700,$702.00,Neighborhood highlights,6,1,2,2,5,25,https://www.airbnb.com/rooms/982172393543000727
982341328200530300,$125.00,Neighborhood highlights,2,1,1,1,NA,0,https://www.airbnb.com/rooms/982341328200530294
982354702563001500,NA,Neighborhood highlights,2,NA,1,NA,NA,0,https://www.airbnb.com/rooms/982354702563001437
982364166005230600,NA,Neighborhood highlights,1,NA,1,NA,NA,0,https://www.airbnb.com/rooms/982364166005230532
982372728207541900,NA,Neighborhood highlights,1,NA,1,NA,NA,0,https://www.airbnb.com/rooms/982372728207541826
982399403004789800,NA,Neighborhood highlights,2,NA,1,NA,NA,0,https://www.airbnb.com/rooms/982399403004789793
982411705499481100,NA,Neighborhood highlights,2,NA,1,NA,NA,0,https://www.airbnb.com/rooms/982411705499481072
982436357686647600,NA,Neighborhood highlights,2,NA,1,NA,NA,0,https://www.airbnb.com/rooms/982436357686647588
982516022152861200,$175.00,NA,2,1,1,1,4.22,9,https://www.airbnb.com/rooms/982516022152861124
9.8252238309178406e+17,$175.00,NA,2,2,1,1,3.88,8,https://www.airbnb.com/rooms/982522383091784018
982528805826305700,$359.00,Neighborhood highlights,4,2,2,2,NA,0,https://www.airbnb.com/rooms/982528805826305708
982530616411930500,$200.00,NA,2,1,1,1,3.63,8,https://www.airbnb.com/rooms/982530616411930505
982532952222379e3,$812.00,Neighborhood highlights,5,1,2,3,5,17,https://www.airbnb.com/rooms/982532952222379015
982533015789519400,"$1,672.00",Neighborhood highlights,6,2,3,3,5,15,https://www.airbnb.com/rooms/982533015789519372
982538549794964500,$160.00,NA,2,2,1,1,3.67,12,https://www.airbnb.com/rooms/982538549794964539
982561581837225200,$124.00,Neighborhood highlights,2,1,1,1,4.93,14,https://www.airbnb.com/rooms/982561581837225233
982692088582914700,$45.00,Neighborhood highlights,1,1.5,1,1,NA,0,https://www.airbnb.com/rooms/982692088582914751
982774754418503700,$105.00,NA,2,1,2,2,NA,0,https://www.airbnb.com/rooms/982774754418503647
982781191690938100,$190.00,NA,3,1,1,2,NA,0,https://www.airbnb.com/rooms/982781191690938081
982787887777810300,$100.00,Neighborhood highlights,1,1,1,1,4.83,6,https://www.airbnb.com/rooms/982787887777810293
982809251824941300,$128.00,Neighborhood highlights,2,1,1,1,4.93,29,https://www.airbnb.com/rooms/982809251824941366
982812964885848800,$199.00,NA,2,1,1,1,NA,0,https://www.airbnb.com/rooms/982812964885848793
982829571535281300,$262.00,Neighborhood highlights,2,1,1,1,NA,0,https://www.airbnb.com/rooms/982829571535281244
982893705254038900,$302.00,Neighborhood highlights,4,1,1,2,4.17,6,https://www.airbnb.com/rooms/982893705254038962
982900189767439200,$110.00,Neighborhood highlights,3,1,1,2,4.91,67,https://www.airbnb.com/rooms/982900189767439245
983002451266329200,NA,Neighborhood highlights,2,NA,1,NA,NA,0,https://www.airbnb.com/rooms/983002451266329213
983009497238305800,$106.00,Neighborhood highlights,1,1,1,1,NA,0,https://www.airbnb.com/rooms/983009497238305804
983015315046769900,$126.00,Neighborhood highlights,2,1,1,1,NA,0,https://www.airbnb.com/rooms/983015315046769946
983020550753033900,NA,Neighborhood highlights,2,NA,1,NA,NA,0,https://www.airbnb.com/rooms/983020550753033898
983024712306305800,$106.00,Neighborhood highlights,1,1,1,1,NA,0,https://www.airbnb.com/rooms/983024712306305833
983071793486306300,NA,Neighborhood highlights,2,NA,1,NA,NA,0,https://www.airbnb.com/rooms/983071793486306335
983076988393029400,"$1,433.00",Neighborhood highlights,6,2,2,3,4.79,14,https://www.airbnb.com/rooms/983076988393029360
983165530364055800,NA,Neighborhood highlights,2,NA,1,NA,NA,0,https://www.airbnb.com/rooms/983165530364055871
983167691286254e3,$339.00,NA,2,1,0,0,5,6,https://www.airbnb.com/rooms/983167691286253890
983173007782736e3,NA,Neighborhood highlights,2,NA,1,NA,NA,0,https://www.airbnb.com/rooms/983173007782736042
983209951992687e3,NA,Neighborhood highlights,2,NA,1,NA,NA,0,https://www.airbnb.com/rooms/983209951992686918
983217534394144100,NA,Neighborhood highlights,1,NA,1,NA,NA,0,https://www.airbnb.com/rooms/983217534394144095
983222100068174300,$150.00,Neighborhood highlights,2,1,1,1,NA,0,https://www.airbnb.com/rooms/983222100068174377
983226761951308800,NA,NA,2,NA,1,NA,NA,0,https://www.airbnb.com/rooms/983226761951308769
983261804912264700,$233.00,Neighborhood highlights,2,1,1,1,NA,0,https://www.airbnb.com/rooms/983261804912264665
983263064441073400,$229.00,Neighborhood highlights,4,1,2,2,NA,0,https://www.airbnb.com/rooms/983263064441073410
983263497821159200,$201.00,Neighborhood highlights,4,1,2,2,NA,0,https://www.airbnb.com/rooms/983263497821159174
983323728565486e3,$812.00,Neighborhood highlights,6,2,2,3,4.81,16,https://www.airbnb.com/rooms/983323728565485928
983328825961116500,$128.00,NA,2,1,1,1,NA,0,https://www.airbnb.com/rooms/983328825961116508
983365571301361e3,$475.00,Neighborhood highlights,8,2,4,4,5,4,https://www.airbnb.com/rooms/983365571301360993
983391843602005500,$130.00,Neighborhood highlights,2,1,1,1,NA,0,https://www.airbnb.com/rooms/983391843602005533
983429000121858400,$620.00,Neighborhood highlights,8,3,4,5,NA,0,https://www.airbnb.com/rooms/983429000121858386
983463043413515300,$206.00,NA,3,1,1,1,5,2,https://www.airbnb.com/rooms/983463043413515218
983486077767415400,$66.00,NA,1,2,1,1,2,1,https://www.airbnb.com/rooms/983486077767415410
983622573849383200,$143.00,NA,2,1,1,1,NA,0,https://www.airbnb.com/rooms/983622573849383155
983667864695027e3,$260.00,NA,2,1,1,1,NA,0,https://www.airbnb.com/rooms/983667864695026909
98369693234375e4,$127.00,Neighborhood highlights,2,1,1,1,NA,0,https://www.airbnb.com/rooms/983696932343749957
983702906121083400,$125.00,Neighborhood highlights,2,1,1,1,NA,0,https://www.airbnb.com/rooms/983702906121083342
983709566755659300,$109.00,Neighborhood highlights,2,1,1,1,NA,0,https://www.airbnb.com/rooms/983709566755659248
983714260176010500,$99.00,Neighborhood highlights,1,1,1,1,NA,0,https://www.airbnb.com/rooms/983714260176010501
983721254906559700,$248.00,Neighborhood highlights,4,1,1,1,NA,0,https://www.airbnb.com/rooms/983721254906559771
983741725920450200,$126.00,Neighborhood highlights,2,1,1,1,NA,0,https://www.airbnb.com/rooms/983741725920450182
983759788197939100,$470.00,Neighborhood highlights,4,2,2,2,NA,0,https://www.airbnb.com/rooms/983759788197939068
983922315853342700,$174.00,Neighborhood highlights,3,1,0,1,NA,0,https://www.airbnb.com/rooms/983922315853342765
983946677656066400,$163.00,Neighborhood highlights,3,1,0,1,NA,0,https://www.airbnb.com/rooms/983946677656066462
983968243896757e3,$90.00,NA,2,1,1,1,NA,0,https://www.airbnb.com/rooms/983968243896756990
984117615632555e3,$305.00,NA,6,1,3,1,NA,0,https://www.airbnb.com/rooms/984117615632554961
984125807958212500,$60.00,NA,2,1,1,1,NA,0,https://www.airbnb.com/rooms/984125807958212444
984129653719198e3,$600.00,NA,5,2.5,2,4,NA,0,https://www.airbnb.com/rooms/984129653719197969
984129955873097200,$45.00,NA,2,1,1,1,4.5,2,https://www.airbnb.com/rooms/984129955873097270
984132532393018500,$45.00,NA,2,1,1,1,4.67,3,https://www.airbnb.com/rooms/984132532393018457
984134026721795200,NA,Neighborhood highlights,2,NA,NA,NA,NA,0,https://www.airbnb.com/rooms/984134026721795168
984145186333720600,$120.00,NA,2,1,1,1,4.64,36,https://www.airbnb.com/rooms/984145186333720539
984160359805858700,$721.00,Neighborhood highlights,16,4,4,7,4.64,22,https://www.airbnb.com/rooms/984160359805858722
984190096737619800,$70.00,Neighborhood highlights,2,1,1,1,5,2,https://www.airbnb.com/rooms/984190096737619872
984193535742296700,$125.00,Neighborhood highlights,1,1,1,1,NA,0,https://www.airbnb.com/rooms/984193535742296747
984206531397675100,$150.00,NA,1,1,1,1,5,8,https://www.airbnb.com/rooms/984206531397675136
984238787906897900,$282.00,Neighborhood highlights,2,1,1,1,NA,0,https://www.airbnb.com/rooms/984238787906897888
98425753743497e4,NA,Neighborhood highlights,1,NA,NA,NA,NA,0,https://www.airbnb.com/rooms/984257537434970040
984543466066489700,NA,Neighborhood highlights,2,NA,1,NA,NA,0,https://www.airbnb.com/rooms/984543466066489761
984544006571517300,$460.00,Neighborhood highlights,4,2,2,2,NA,0,https://www.airbnb.com/rooms/984544006571517301
984544319725518700,$231.00,Neighborhood highlights,2,1,1,1,NA,0,https://www.airbnb.com/rooms/984544319725518768
984544663293142400,$468.00,Neighborhood highlights,2,1,1,1,NA,0,https://www.airbnb.com/rooms/984544663293142439
984547070140734500,$450.00,NA,4,1,3,1,NA,0,https://www.airbnb.com/rooms/984547070140734431
984665381826134100,$54.00,NA,2,2,1,1,NA,0,https://www.airbnb.com/rooms/984665381826134150
984667555924799900,$475.00,Neighborhood highlights,2,1,1,1,5,5,https://www.airbnb.com/rooms/984667555924799835
984669584272464500,$45.00,NA,2,1,1,1,NA,0,https://www.airbnb.com/rooms/984669584272464560
984670477924074e3,$45.00,NA,2,1,1,1,NA,0,https://www.airbnb.com/rooms/984670477924074027
984671810028101800,$45.00,NA,2,1,1,1,NA,0,https://www.airbnb.com/rooms/984671810028101771
984673166695575600,$45.00,NA,2,1,1,1,NA,0,https://www.airbnb.com/rooms/984673166695575558
984675312100441300,$60.00,NA,2,1,1,1,NA,0,https://www.airbnb.com/rooms/984675312100441360
984676295568734e3,$45.00,NA,2,0,1,1,5,2,https://www.airbnb.com/rooms/984676295568733978
984694782799715700,$165.00,Neighborhood highlights,3,1,0,1,5,1,https://www.airbnb.com/rooms/984694782799715654
984700559098637600,$48.00,NA,1,1,1,1,5,1,https://www.airbnb.com/rooms/984700559098637622
984725303384646100,$305.00,NA,2,1,1,2,4.88,8,https://www.airbnb.com/rooms/984725303384646166
984789136625283700,$83.00,NA,1,1,1,1,NA,0,https://www.airbnb.com/rooms/984789136625283732
984842937537661200,$53.00,NA,2,1,1,1,NA,0,https://www.airbnb.com/rooms/984842937537661186
984843626459844200,$236.00,Neighborhood highlights,8,2.5,1,4,4.74,31,https://www.airbnb.com/rooms/984843626459844191
984847150980310800,$53.00,NA,2,1,1,1,NA,0,https://www.airbnb.com/rooms/984847150980310772
984848353756994800,$53.00,NA,2,1,1,1,NA,0,https://www.airbnb.com/rooms/984848353756994870
984849398855950500,$53.00,NA,2,1,1,1,NA,0,https://www.airbnb.com/rooms/984849398855950504
984866964862347100,NA,NA,1,NA,NA,NA,5,1,https://www.airbnb.com/rooms/984866964862347137
984877132975580700,$145.00,NA,4,1,1,1,5,2,https://www.airbnb.com/rooms/984877132975580649
984899538580270500,$70.00,NA,2,1,1,1,5,1,https://www.airbnb.com/rooms/984899538580270442
984905638210475300,$150.00,NA,4,1,1,1,NA,0,https://www.airbnb.com/rooms/984905638210475309
984921133567335200,$169.00,Neighborhood highlights,3,1,2,1,4.83,6,https://www.airbnb.com/rooms/984921133567335158
984942864285851e3,$190.00,NA,3,1,1,2,NA,0,https://www.airbnb.com/rooms/984942864285850958
984953691868171300,$78.00,NA,2,1,1,2,5,1,https://www.airbnb.com/rooms/984953691868171314
985018927664356200,$350.00,NA,2,1,1,1,NA,0,https://www.airbnb.com/rooms/985018927664356222
985020705862714500,$200.00,NA,3,1,1,2,4.67,6,https://www.airbnb.com/rooms/985020705862714485
985029421339482800,$330.00,NA,5,2,3,3,5,11,https://www.airbnb.com/rooms/985029421339482762
985044649773075600,$168.00,NA,2,1,1,1,4.86,7,https://www.airbnb.com/rooms/985044649773075580
985326372803136900,$218.00,Neighborhood highlights,1,1,1,1,NA,0,https://www.airbnb.com/rooms/985326372803136953
985398033818297200,$269.00,NA,4,1,1,1,4.43,14,https://www.airbnb.com/rooms/985398033818297264
985401916001732200,NA,NA,2,NA,1,NA,5,1,https://www.airbnb.com/rooms/985401916001732220
985419547082037200,$224.00,Neighborhood highlights,4,1,2,2,NA,0,https://www.airbnb.com/rooms/985419547082037217
985522671568178400,$160.00,Neighborhood highlights,2,1,1,1,4.88,16,https://www.airbnb.com/rooms/985522671568178417
985552887552298200,$148.00,Neighborhood highlights,2,1,1,1,4.93,14,https://www.airbnb.com/rooms/985552887552298229
985554373803596e3,$900.00,NA,4,2.5,2,2,NA,0,https://www.airbnb.com/rooms/985554373803596095
985596313208772700,$41.00,Neighborhood highlights,2,1,1,1,NA,0,https://www.airbnb.com/rooms/985596313208772777
985628208911468200,$42.00,Neighborhood highlights,2,1,1,1,NA,0,https://www.airbnb.com/rooms/985628208911468189
985630795755726800,$39.00,Neighborhood highlights,1,1,1,1,NA,0,https://www.airbnb.com/rooms/985630795755726806
985662110222623600,$111.00,Neighborhood highlights,2,1,1,1,4.77,47,https://www.airbnb.com/rooms/985662110222623555
985669478516380700,$104.00,NA,2,1.5,1,1,NA,0,https://www.airbnb.com/rooms/985669478516380608
985688634102569200,$151.00,NA,2,1,1,1,4.86,14,https://www.airbnb.com/rooms/985688634102569248
985751299211745700,$538.00,Neighborhood highlights,4,1,1,1,5,6,https://www.airbnb.com/rooms/985751299211745628
985759878286679700,$120.00,NA,4,1,2,2,NA,0,https://www.airbnb.com/rooms/985759878286679647
985784657564256600,$50.00,NA,1,1,1,1,NA,0,https://www.airbnb.com/rooms/985784657564256643
985787420600955600,$69.00,NA,4,1,1,2,NA,0,https://www.airbnb.com/rooms/985787420600955638
985788471270013400,$109.00,NA,2,1,1,1,4.33,12,https://www.airbnb.com/rooms/985788471270013441
985788761158310300,$123.00,NA,2,1,1,1,4.19,21,https://www.airbnb.com/rooms/985788761158310211
986037545160311600,"$1,239.00",Neighborhood highlights,2,1,1,1,4.58,19,https://www.airbnb.com/rooms/986037545160311597
986076857672094200,$743.00,NA,4,2,2,2,5,6,https://www.airbnb.com/rooms/986076857672094234
986263425862656500,$534.00,Neighborhood highlights,4,1,1,1,5,30,https://www.airbnb.com/rooms/986263425862656510
986267218100121600,$75.00,Neighborhood highlights,2,1,1,1,5,1,https://www.airbnb.com/rooms/986267218100121538
986288627356794100,NA,Neighborhood highlights,2,NA,NA,NA,NA,0,https://www.airbnb.com/rooms/986288627356794090
986289413069791100,$160.00,NA,4,1,2,2,NA,0,https://www.airbnb.com/rooms/986289413069791144
986306102123668400,NA,Neighborhood highlights,2,NA,NA,NA,NA,0,https://www.airbnb.com/rooms/986306102123668402
986312342198208e3,$39.00,Neighborhood highlights,1,1,1,1,NA,0,https://www.airbnb.com/rooms/986312342198208043
986317428628646e3,$158.00,NA,2,1,1,0,NA,0,https://www.airbnb.com/rooms/986317428628645989
986319763478565e3,$36.00,Neighborhood highlights,1,1,1,1,NA,0,https://www.airbnb.com/rooms/986319763478564950
986356192177709400,$199.00,NA,2,1,1,1,NA,0,https://www.airbnb.com/rooms/986356192177709501
986771708420366600,$337.00,NA,3,1,1,1,4.8,25,https://www.airbnb.com/rooms/986771708420366603
986777423260444e3,$247.00,Neighborhood highlights,4,1,1,2,4.96,27,https://www.airbnb.com/rooms/986777423260444075
986778683331694700,$461.00,NA,4,1,1,3,4.74,39,https://www.airbnb.com/rooms/986778683331694713
986816875695859e3,NA,Neighborhood highlights,4,NA,1,NA,5,2,https://www.airbnb.com/rooms/986816875695859005
986934194112064800,$136.00,NA,4,1,1,2,5,1,https://www.airbnb.com/rooms/986934194112064725
986960461220624100,$250.00,NA,2,1,1,1,NA,0,https://www.airbnb.com/rooms/986960461220624070
986964417175400400,$377.00,Neighborhood highlights,4,1,2,2,4.92,13,https://www.airbnb.com/rooms/986964417175400412
9.8703429279063206e+17,$75.00,NA,2,1,1,1,4,1,https://www.airbnb.com/rooms/987034292790632065
987053145441509400,$507.00,Neighborhood highlights,5,1,2,3,4.75,8,https://www.airbnb.com/rooms/987053145441509416
987082797213735400,$512.00,Neighborhood highlights,4,1,1,1,5,24,https://www.airbnb.com/rooms/987082797213735421
987157188477759500,$321.00,NA,4,1,0,1,4.94,34,https://www.airbnb.com/rooms/987157188477759486
987187424740523300,$36.00,NA,2,2,1,1,NA,0,https://www.airbnb.com/rooms/987187424740523287
987646006992782e3,$111.00,Neighborhood highlights,3,1,1,2,4.2,5,https://www.airbnb.com/rooms/987646006992781950
987646116404974500,$590.00,Neighborhood highlights,4,1,1,4,5,19,https://www.airbnb.com/rooms/987646116404974436
987654766003645e3,NA,NA,4,NA,1,NA,NA,0,https://www.airbnb.com/rooms/987654766003645089
987691107353734800,NA,Neighborhood highlights,1,NA,NA,NA,NA,0,https://www.airbnb.com/rooms/987691107353734787
987702490768274700,$43.00,Neighborhood highlights,2,1,1,1,NA,0,https://www.airbnb.com/rooms/987702490768274735
987711623534708200,$43.00,Neighborhood highlights,2,1,1,1,NA,0,https://www.airbnb.com/rooms/987711623534708163
987716283276855600,NA,NA,4,NA,2,NA,NA,0,https://www.airbnb.com/rooms/987716283276855584
987717105504020200,$43.00,Neighborhood highlights,2,1,1,1,NA,0,https://www.airbnb.com/rooms/987717105504020235
987725019122308500,$39.00,Neighborhood highlights,1,1,1,1,NA,0,https://www.airbnb.com/rooms/987725019122308477
987735186033425400,$36.00,Neighborhood highlights,1,1,1,1,NA,0,https://www.airbnb.com/rooms/987735186033425429
987739580449483100,$76.00,NA,2,1,1,1,NA,0,https://www.airbnb.com/rooms/987739580449483197
987744404359869300,$167.00,Neighborhood highlights,2,1,0,1,NA,0,https://www.airbnb.com/rooms/987744404359869281
987749282672916900,$489.00,Neighborhood highlights,8,2,3,5,4.13,8,https://www.airbnb.com/rooms/987749282672916874
987755360515824900,$225.00,NA,4,1,1,1,NA,0,https://www.airbnb.com/rooms/987755360515824960
987760982489385300,NA,Neighborhood highlights,2,NA,NA,NA,NA,0,https://www.airbnb.com/rooms/987760982489385340
987774238584422500,$57.00,Neighborhood highlights,2,1,1,1,5,1,https://www.airbnb.com/rooms/987774238584422591
987822447995244800,$150.00,Neighborhood highlights,4,1,2,3,NA,0,https://www.airbnb.com/rooms/987822447995244830
987852476398957400,$92.00,Neighborhood highlights,2,1,1,1,NA,0,https://www.airbnb.com/rooms/987852476398957432
987909203001078400,$309.00,NA,4,1,0,1,5,31,https://www.airbnb.com/rooms/987909203001078451
987935884787294500,$85.00,NA,2,1,1,1,NA,0,https://www.airbnb.com/rooms/987935884787294526
987993224753303800,$78.00,NA,2,1,1,1,4.5,2,https://www.airbnb.com/rooms/987993224753303867
988172595086476200,$116.00,Neighborhood highlights,1,1,1,1,NA,0,https://www.airbnb.com/rooms/988172595086476099
988177847208029600,$104.00,Neighborhood highlights,1,1,1,1,NA,0,https://www.airbnb.com/rooms/988177847208029506
988345754563311100,$146.00,NA,2,1,0,1,4.5,10,https://www.airbnb.com/rooms/988345754563311046
988395116139876700,$161.00,NA,2,1,1,1,NA,0,https://www.airbnb.com/rooms/988395116139876792
988399943121785e3,NA,NA,2,NA,1,NA,NA,0,https://www.airbnb.com/rooms/988399943121784926
988402769062836400,$113.00,NA,2,1,1,1,NA,0,https://www.airbnb.com/rooms/988402769062836337
988421679105576300,$320.00,NA,5,2,2,2,NA,0,https://www.airbnb.com/rooms/988421679105576353
988430419589767800,$124.00,NA,2,1,1,1,NA,0,https://www.airbnb.com/rooms/988430419589767756
988441125143566800,$295.00,NA,4,1,1,1,4.76,17,https://www.airbnb.com/rooms/988441125143566860
988491399450576900,$275.00,Neighborhood highlights,3,1,2,2,NA,0,https://www.airbnb.com/rooms/988491399450576867
988530577928351700,$459.00,Neighborhood highlights,6,2,3,3,4.9,31,https://www.airbnb.com/rooms/988530577928351800
988562668068145500,$183.00,NA,8,2,3,3,4.29,24,https://www.airbnb.com/rooms/988562668068145519
988565130972118900,$175.00,NA,2,1,1,1,5,8,https://www.airbnb.com/rooms/988565130972118914
98858805946118e4,$55.00,Neighborhood highlights,1,1,1,1,NA,0,https://www.airbnb.com/rooms/988588059461179985
988593784744831400,$40.00,NA,1,1.5,1,1,NA,0,https://www.airbnb.com/rooms/988593784744831395
988598692790659800,NA,Neighborhood highlights,1,NA,NA,NA,NA,0,https://www.airbnb.com/rooms/988598692790659887
988627190607740900,$618.00,NA,10,2,5,5,4.64,11,https://www.airbnb.com/rooms/988627190607740969
988687066020965200,$514.00,NA,8,2,4,4,4,2,https://www.airbnb.com/rooms/988687066020965190
988726158732291500,$146.00,NA,4,1,1,1,4.71,28,https://www.airbnb.com/rooms/988726158732291458
988727756822039300,$54.00,NA,1,2,5,1,NA,0,https://www.airbnb.com/rooms/988727756822039290
988742699629723500,$27.00,NA,1,1,0,0,NA,0,https://www.airbnb.com/rooms/988742699629723460
988749669169080600,$120.00,Neighborhood highlights,4,1,1,1,NA,0,https://www.airbnb.com/rooms/988749669169080603
988769713780158600,$48.00,NA,1,2,5,1,NA,0,https://www.airbnb.com/rooms/988769713780158558
988779195290030600,$46.00,NA,1,2,5,1,NA,0,https://www.airbnb.com/rooms/988779195290030594
988787058900567300,$35.00,NA,1,2,5,1,NA,0,https://www.airbnb.com/rooms/988787058900567282
988793135701046e3,$35.00,NA,1,2,5,1,NA,0,https://www.airbnb.com/rooms/988793135701045987
988965787466051200,$100.00,Neighborhood highlights,2,1,1,1,NA,0,https://www.airbnb.com/rooms/988965787466051180
989012589841358600,$169.00,Neighborhood highlights,3,1,2,2,NA,0,https://www.airbnb.com/rooms/989012589841358531
989037008922411500,$304.00,NA,8,2,2,3,4.81,64,https://www.airbnb.com/rooms/989037008922411531
989038927149794200,$95.00,Neighborhood highlights,2,1,1,2,5,3,https://www.airbnb.com/rooms/989038927149794222
989041394420392800,$550.00,NA,2,1,1,1,NA,0,https://www.airbnb.com/rooms/989041394420392868
989067965054662100,$100.00,Neighborhood highlights,2,2,1,1,NA,0,https://www.airbnb.com/rooms/989067965054662105
989075953790854e3,$150.00,Neighborhood highlights,4,1,1,0,NA,0,https://www.airbnb.com/rooms/989075953790854061
9.8907867734371994e+17,$98.00,NA,2,1,1,1,5,2,https://www.airbnb.com/rooms/989078677343719958
989080014313685600,NA,NA,5,NA,2,NA,NA,0,https://www.airbnb.com/rooms/989080014313685695
989145105968736300,$719.00,NA,9,2,3,4,4.84,25,https://www.airbnb.com/rooms/989145105968736289
989188722816855800,$304.00,NA,8,1,3,3,4.91,34,https://www.airbnb.com/rooms/989188722816855766
989225979064990300,$683.00,NA,14,4,6,7,4.5,2,https://www.airbnb.com/rooms/989225979064990280
989229659443295900,$436.00,NA,6,1,3,3,4.75,8,https://www.airbnb.com/rooms/989229659443295920
989238448217747100,$130.00,NA,2,1,1,1,NA,0,https://www.airbnb.com/rooms/989238448217747057
989273077282515800,$214.00,NA,2,1,1,1,5,7,https://www.airbnb.com/rooms/989273077282515810
989328318542771100,$461.00,NA,9,1,4,5,4.89,9,https://www.airbnb.com/rooms/989328318542771011
989334284225183200,$145.00,NA,3,1,1,1,5,3,https://www.airbnb.com/rooms/989334284225183279
989390687371386800,$443.00,NA,8,1,3,4,4.57,7,https://www.airbnb.com/rooms/989390687371386754
989413512272421400,$314.00,Neighborhood highlights,2,1,1,1,5,2,https://www.airbnb.com/rooms/989413512272421322
989441394547587300,$525.00,Neighborhood highlights,2,1,0,1,4.89,18,https://www.airbnb.com/rooms/989441394547587311
989455238513058600,$75.00,Neighborhood highlights,2,1,1,1,5,1,https://www.airbnb.com/rooms/989455238513058578
989507146968635300,$50.00,NA,4,1,2,2,3,1,https://www.airbnb.com/rooms/989507146968635287
989518516314586100,$82.00,Neighborhood highlights,1,1,1,1,NA,0,https://www.airbnb.com/rooms/989518516314586172
989523397297249900,$83.00,Neighborhood highlights,1,1,1,1,NA,0,https://www.airbnb.com/rooms/989523397297249859
989528336670685300,$95.00,Neighborhood highlights,2,1,1,1,NA,0,https://www.airbnb.com/rooms/989528336670685362
989535207510440400,$78.00,Neighborhood highlights,1,1,1,1,NA,0,https://www.airbnb.com/rooms/989535207510440428
989665866542597400,$76.00,Neighborhood highlights,1,1,1,1,NA,0,https://www.airbnb.com/rooms/989665866542597360
989670360329481300,$108.00,Neighborhood highlights,2,1.5,1,1,NA,0,https://www.airbnb.com/rooms/989670360329481315
989675138744237300,$94.00,Neighborhood highlights,1,1,1,1,NA,0,https://www.airbnb.com/rooms/989675138744237309
989693002901522e3,$85.00,Neighborhood highlights,1,1,1,1,NA,0,https://www.airbnb.com/rooms/989693002901522075
989716756428423700,$60.00,NA,2,2,1,1,4.07,14,https://www.airbnb.com/rooms/989716756428423660
989717022253649200,$350.00,Neighborhood highlights,2,1,1,1,4.91,11,https://www.airbnb.com/rooms/989717022253649125
989765508396698e3,NA,Neighborhood highlights,2,NA,1,NA,NA,0,https://www.airbnb.com/rooms/989765508396697932
989770518607950700,$48.00,Neighborhood highlights,2,1,1,1,NA,0,https://www.airbnb.com/rooms/989770518607950711
989774262575745e3,$48.00,Neighborhood highlights,2,1,1,1,1,1,https://www.airbnb.com/rooms/989774262575745021
989810820624097200,$75.00,NA,2,1,1,1,NA,0,https://www.airbnb.com/rooms/989810820624097194
989912074263222400,$190.00,NA,4,1,2,1,5,2,https://www.airbnb.com/rooms/989912074263222430
989918921976426600,$240.00,NA,4,1,1,1,NA,0,https://www.airbnb.com/rooms/989918921976426645
989939161066242700,$225.00,NA,2,1,1,1,5,14,https://www.airbnb.com/rooms/989939161066242708
990034714176173400,$155.00,NA,2,1,1,2,5,1,https://www.airbnb.com/rooms/990034714176173488
990051005387087500,$116.00,Neighborhood highlights,6,1,3,4,NA,0,https://www.airbnb.com/rooms/990051005387087434
990109588121547800,$445.00,NA,6,1,3,3,4.82,11,https://www.airbnb.com/rooms/990109588121547826
990134031876195600,$295.00,NA,6,1,2,3,4.57,7,https://www.airbnb.com/rooms/990134031876195574
990321527568171600,$423.00,Neighborhood highlights,4,1,2,2,NA,0,https://www.airbnb.com/rooms/990321527568171660
990321876462067600,$368.00,Neighborhood highlights,4,1,2,2,NA,0,https://www.airbnb.com/rooms/990321876462067634
990420260648778800,$306.00,Neighborhood highlights,4,1,1,2,4.95,22,https://www.airbnb.com/rooms/990420260648778710
990495697602094e3,NA,Neighborhood highlights,4,NA,2,NA,NA,0,https://www.airbnb.com/rooms/990495697602093913
990518462652857100,$55.00,NA,1,1,1,1,5,3,https://www.airbnb.com/rooms/990518462652857065
990528204399198800,$196.00,NA,2,1,1,1,5,6,https://www.airbnb.com/rooms/990528204399198792
990544420615365900,$320.00,NA,6,1,2,2,4.67,18,https://www.airbnb.com/rooms/990544420615365923
990592779149941100,$189.00,NA,3,1,0,1,NA,0,https://www.airbnb.com/rooms/990592779149941085
990612003882729500,$157.00,NA,4,1,3,3,NA,0,https://www.airbnb.com/rooms/990612003882729490
990686048687376500,$650.00,NA,5,1.5,3,3,5,17,https://www.airbnb.com/rooms/990686048687376526
990686461634169600,$309.00,NA,4,1,2,2,4.5,10,https://www.airbnb.com/rooms/990686461634169656
990703873253686e3,$110.00,NA,1,1.5,1,1,NA,0,https://www.airbnb.com/rooms/990703873253686034
990723330952862800,$308.00,NA,10,1.5,4,5,4.65,17,https://www.airbnb.com/rooms/990723330952862828
990723645034323100,$413.00,Neighborhood highlights,15,2,5,9,4.76,17,https://www.airbnb.com/rooms/990723645034323101
990743032897098e3,$190.00,NA,2,1,1,1,5,1,https://www.airbnb.com/rooms/990743032897097952
990746491630045800,$214.00,NA,2,1,1,1,4.67,9,https://www.airbnb.com/rooms/990746491630045838
990789068951129500,$428.00,NA,8,1,3,4,5,8,https://www.airbnb.com/rooms/990789068951129473
991236862659991700,$409.00,NA,8,1.5,3,7,4.84,31,https://www.airbnb.com/rooms/991236862659991689
991257665855152100,$165.00,NA,2,1,2,3,5,10,https://www.airbnb.com/rooms/991257665855152119
991297220927356300,$250.00,NA,1,1,1,1,4.93,27,https://www.airbnb.com/rooms/991297220927356270
991301559931083e3,$35.00,NA,1,1,1,1,NA,0,https://www.airbnb.com/rooms/991301559931083002
991327800721394600,$283.00,NA,6,1,2,5,4.88,25,https://www.airbnb.com/rooms/991327800721394622
991329695425304700,$171.00,NA,1,0,1,1,4.4,5,https://www.airbnb.com/rooms/991329695425304733
991331083909142900,$283.00,NA,6,1,2,5,4.76,25,https://www.airbnb.com/rooms/991331083909142924
991424612657080400,$96.00,Neighborhood highlights,2,1,1,1,4.78,32,https://www.airbnb.com/rooms/991424612657080439
991445007509446400,$63.00,NA,1,1,1,1,5,1,https://www.airbnb.com/rooms/991445007509446462
991447830817152900,"$1,128.00",Neighborhood highlights,14,2,6,6,4.85,13,https://www.airbnb.com/rooms/991447830817152957
991618199083891100,$49.00,NA,1,1,1,1,NA,0,https://www.airbnb.com/rooms/991618199083891050
991623222460717600,$130.00,Neighborhood highlights,3,1,1,2,NA,0,https://www.airbnb.com/rooms/991623222460717625
991634223943323100,$43.00,NA,1,1,4,1,NA,0,https://www.airbnb.com/rooms/991634223943323194
991650900538829600,$173.00,NA,2,1,1,1,NA,0,https://www.airbnb.com/rooms/991650900538829555
991765531007870700,NA,NA,2,NA,1,NA,NA,0,https://www.airbnb.com/rooms/991765531007870746
991935440389894400,$65.00,NA,1,1,1,1,5,1,https://www.airbnb.com/rooms/991935440389894408
991981287604308400,$62.00,NA,1,1,1,1,5,1,https://www.airbnb.com/rooms/991981287604308290
991991358246446500,$200.00,NA,4,2,2,2,NA,0,https://www.airbnb.com/rooms/991991358246446446
991996408319576800,$70.00,NA,1,1,1,1,NA,0,https://www.airbnb.com/rooms/991996408319576802
991997896317744600,$103.00,NA,2,1,1,1,4.79,47,https://www.airbnb.com/rooms/991997896317744699
992001643293387300,$70.00,NA,1,1,1,1,NA,0,https://www.airbnb.com/rooms/992001643293387249
992018520500411300,$37.00,NA,1,1,1,1,1,1,https://www.airbnb.com/rooms/992018520500411232
992033931066536300,$47.00,NA,1,1,1,1,5,2,https://www.airbnb.com/rooms/992033931066536338
992176423357355900,$77.00,NA,2,1,1,2,NA,0,https://www.airbnb.com/rooms/992176423357355870
992278702866776300,$149.00,NA,1,1,1,1,NA,0,https://www.airbnb.com/rooms/992278702866776325
992285225039563500,$55.00,NA,2,1,1,1,5,1,https://www.airbnb.com/rooms/992285225039563541
992288056003104900,$89.00,NA,4,1,1,1,NA,0,https://www.airbnb.com/rooms/992288056003104934
992667450881055600,$200.00,NA,3,1,1,1,NA,0,https://www.airbnb.com/rooms/992667450881055647
992729500548386700,$101.00,Neighborhood highlights,1,0,3,1,NA,0,https://www.airbnb.com/rooms/992729500548386711
992729607152835500,NA,NA,1,NA,3,NA,NA,0,https://www.airbnb.com/rooms/992729607152835499
992744414732436200,$240.00,NA,4,1,2,2,NA,0,https://www.airbnb.com/rooms/992744414732436266
992758163619203600,$240.00,NA,2,1,1,1,4.7,30,https://www.airbnb.com/rooms/992758163619203613
992814196429281700,NA,Neighborhood highlights,1,NA,1,NA,5,3,https://www.airbnb.com/rooms/992814196429281613
9.9283579773768806e+17,$80.00,Neighborhood highlights,1,1,1,1,5,5,https://www.airbnb.com/rooms/992835797737688121
992917500054796e3,$90.00,NA,2,1,1,1,NA,0,https://www.airbnb.com/rooms/992917500054796096
992946835451587e3,NA,NA,2,NA,1,NA,5,1,https://www.airbnb.com/rooms/992946835451587001
992958839309581400,$209.00,Neighborhood highlights,2,1,1,1,4.69,16,https://www.airbnb.com/rooms/992958839309581458
992970965790772600,$305.00,Neighborhood highlights,2,1,1,1,4.6,332,https://www.airbnb.com/rooms/992970965790772607
992974980287590400,$628.00,NA,10,3,4,6,4.81,31,https://www.airbnb.com/rooms/992974980287590415
992986905033951200,$370.00,Neighborhood highlights,5,1,3,3,4.58,19,https://www.airbnb.com/rooms/992986905033951226
992989780812562300,$515.00,NA,6,1,2,2,5,32,https://www.airbnb.com/rooms/992989780812562339
993345539227815600,"$2,500.00",NA,8,4.5,4,5,NA,0,https://www.airbnb.com/rooms/993345539227815562
993376816759109500,$132.00,Neighborhood highlights,2,1,1,1,4.67,18,https://www.airbnb.com/rooms/993376816759109537
993395477102033300,$275.00,NA,2,1,1,1,NA,0,https://www.airbnb.com/rooms/993395477102033230
993444139358865500,NA,Neighborhood highlights,2,NA,NA,NA,5,2,https://www.airbnb.com/rooms/993444139358865561
993465561394161400,$91.00,NA,2,1,0,1,4.83,30,https://www.airbnb.com/rooms/993465561394161427
9.9349432273792794e+17,$477.00,NA,2,1,1,1,4.91,11,https://www.airbnb.com/rooms/993494322737927981
993524822952613800,$89.00,NA,2,2,1,1,NA,0,https://www.airbnb.com/rooms/993524822952613739
993530015229616900,$89.00,NA,2,2,1,1,NA,0,https://www.airbnb.com/rooms/993530015229616900
993531470666901900,$89.00,NA,2,1,1,1,NA,0,https://www.airbnb.com/rooms/993531470666901837
993534425755322e3,NA,NA,2,NA,1,NA,3.5,2,https://www.airbnb.com/rooms/993534425755321958
993535856412256e3,NA,NA,2,NA,1,NA,NA,0,https://www.airbnb.com/rooms/993535856412256026
993537989352329200,$89.00,NA,2,1,1,1,NA,0,https://www.airbnb.com/rooms/993537989352329160
993539392518088700,$89.00,NA,2,1,1,1,5,1,https://www.airbnb.com/rooms/993539392518088768
993540230282587400,$98.00,NA,2,1,1,1,NA,0,https://www.airbnb.com/rooms/993540230282587422
993542457889639600,$92.00,Neighborhood highlights,2,1,1,2,5,1,https://www.airbnb.com/rooms/993542457889639564
993554226277677300,$82.00,NA,3,1,3,3,4,2,https://www.airbnb.com/rooms/993554226277677368
993563148062414100,$283.00,NA,6,1,2,5,4.82,22,https://www.airbnb.com/rooms/993563148062414056
993587808279005300,$292.00,NA,3,1,1,1,5,9,https://www.airbnb.com/rooms/993587808279005316
993602358246277e3,$79.00,Neighborhood highlights,1,1,1,1,NA,0,https://www.airbnb.com/rooms/993602358246276944
993647929569558300,$319.00,NA,7,1,2,6,4.87,23,https://www.airbnb.com/rooms/993647929569558279
993648905494124500,$86.00,Neighborhood highlights,2,1,1,1,4.78,18,https://www.airbnb.com/rooms/993648905494124506
993701958252290600,$134.00,NA,2,1,1,1,4.84,19,https://www.airbnb.com/rooms/993701958252290515
993709362454439600,NA,NA,2,NA,2,NA,NA,0,https://www.airbnb.com/rooms/993709362454439498
993740332378198800,$86.00,NA,2,1,1,1,4.46,28,https://www.airbnb.com/rooms/993740332378198800
993753874316344600,$86.00,Neighborhood highlights,2,1,1,1,4.38,29,https://www.airbnb.com/rooms/993753874316344578
993756480773418e3,$108.00,NA,2,1,1,1,4.53,19,https://www.airbnb.com/rooms/993756480773417948
993759176942173800,$180.00,Neighborhood highlights,2,1,1,1,5,33,https://www.airbnb.com/rooms/993759176942173865
993794008162433900,$300.00,Neighborhood highlights,4,1,1,1,NA,0,https://www.airbnb.com/rooms/993794008162433901
993815451535229200,$321.00,NA,3,1,1,1,5,1,https://www.airbnb.com/rooms/993815451535229138
993982960543391200,$183.00,NA,2,1,1,2,4.37,38,https://www.airbnb.com/rooms/993982960543391189
994008320109198800,$93.00,Neighborhood highlights,1,1.5,1,1,NA,0,https://www.airbnb.com/rooms/994008320109198874
994014806791432700,$82.00,Neighborhood highlights,1,1,1,1,NA,0,https://www.airbnb.com/rooms/994014806791432663
994050129358734600,$82.00,Neighborhood highlights,1,1,1,1,NA,0,https://www.airbnb.com/rooms/994050129358734540
994149040515763700,$180.00,Neighborhood highlights,2,1,1,2,4.54,26,https://www.airbnb.com/rooms/994149040515763700
994178688039529200,$333.00,NA,2,1,1,1,NA,0,https://www.airbnb.com/rooms/994178688039529274
994196156227828700,$160.00,NA,3,1,2,2,NA,0,https://www.airbnb.com/rooms/994196156227828711
994196359630313200,$240.00,Neighborhood highlights,2,1,0,2,4.75,4,https://www.airbnb.com/rooms/994196359630313253
994256092414108300,$100.00,Neighborhood highlights,1,1,1,1,NA,0,https://www.airbnb.com/rooms/994256092414108326
994256775060885400,$280.00,NA,2,1,1,1,NA,0,https://www.airbnb.com/rooms/994256775060885378
994275293119376300,$100.00,NA,1,1,1,1,NA,0,https://www.airbnb.com/rooms/994275293119376239
994343523615359200,$68.00,NA,2,1,1,1,NA,0,https://www.airbnb.com/rooms/994343523615359280
994345635201993900,$350.00,NA,4,2,2,2,NA,0,https://www.airbnb.com/rooms/994345635201993836
994348432541595100,$215.00,Neighborhood highlights,2,1,1,1,4.44,9,https://www.airbnb.com/rooms/994348432541595136
994482767079610500,$210.00,NA,2,NA,1,1,NA,0,https://www.airbnb.com/rooms/994482767079610455
994487707069650800,$195.00,NA,4,2,2,4,NA,0,https://www.airbnb.com/rooms/994487707069650877
994715718199221100,$76.00,Neighborhood highlights,1,1,1,1,NA,0,https://www.airbnb.com/rooms/994715718199221160
994724070587146500,$102.00,Neighborhood highlights,1,1.5,1,1,NA,0,https://www.airbnb.com/rooms/994724070587146507
994732969511679e3,$90.00,NA,1,1,1,1,NA,0,https://www.airbnb.com/rooms/994732969511679019
994767238822016400,$98.00,Neighborhood highlights,2,1,1,2,NA,0,https://www.airbnb.com/rooms/994767238822016447
994790963393975400,$365.00,Neighborhood highlights,2,1,1,1,NA,0,https://www.airbnb.com/rooms/994790963393975466
994791500371567500,$355.00,Neighborhood highlights,2,1,1,1,NA,0,https://www.airbnb.com/rooms/994791500371567444
994791843427497700,$330.00,Neighborhood highlights,2,1,1,1,NA,0,https://www.airbnb.com/rooms/994791843427497764
994795054239159300,$418.00,Neighborhood highlights,4,1,2,2,NA,0,https://www.airbnb.com/rooms/994795054239159286
994795378830070900,$294.00,Neighborhood highlights,4,1,2,2,NA,0,https://www.airbnb.com/rooms/994795378830070956
994795699457716600,$294.00,Neighborhood highlights,4,1,2,2,NA,0,https://www.airbnb.com/rooms/994795699457716646
994796226657434e3,$292.00,Neighborhood highlights,4,1,2,2,NA,0,https://www.airbnb.com/rooms/994796226657433970
994854380472617600,$995.00,NA,4,1,2,3,NA,0,https://www.airbnb.com/rooms/994854380472617594
994873849149042800,$250.00,NA,5,1,1,2,NA,0,https://www.airbnb.com/rooms/994873849149042851
994886545265513600,NA,NA,5,NA,4,NA,NA,0,https://www.airbnb.com/rooms/994886545265513661
994893884507627400,$543.00,Neighborhood highlights,4,1,1,2,5,9,https://www.airbnb.com/rooms/994893884507627446
994938351109778600,$142.00,NA,2,1,1,1,NA,0,https://www.airbnb.com/rooms/994938351109778536
994939729039225100,$215.00,NA,2,1,1,1,NA,0,https://www.airbnb.com/rooms/994939729039225130
995017187155167e3,$40.00,Neighborhood highlights,2,1,1,1,NA,0,https://www.airbnb.com/rooms/995017187155167022
995023832490126300,$37.00,Neighborhood highlights,1,1,1,1,NA,0,https://www.airbnb.com/rooms/995023832490126330
995095494292465e3,$45.00,Neighborhood highlights,2,1,1,1,NA,0,https://www.airbnb.com/rooms/995095494292465041
995132747994090200,$124.00,NA,5,1,2,2,NA,0,https://www.airbnb.com/rooms/995132747994090209
995134334362357900,$45.00,Neighborhood highlights,2,1,1,1,NA,0,https://www.airbnb.com/rooms/995134334362357919
995136216928863e3,$150.00,NA,6,1,2,3,NA,0,https://www.airbnb.com/rooms/995136216928862979
995245033664433700,$45.00,NA,1,1,1,1,NA,0,https://www.airbnb.com/rooms/995245033664433669
995258532592192100,$43.00,NA,1,1,4,1,5,1,https://www.airbnb.com/rooms/995258532592192096
995268785620684800,$44.00,NA,1,1,4,1,NA,0,https://www.airbnb.com/rooms/995268785620684770
995284415027882400,$41.00,NA,1,1,4,1,NA,0,https://www.airbnb.com/rooms/995284415027882382
995410298112048100,$45.00,Neighborhood highlights,1,1,1,1,5,1,https://www.airbnb.com/rooms/995410298112048144
995516149051503600,$185.00,NA,2,1,1,1,5,8,https://www.airbnb.com/rooms/995516149051503639
995541786379684900,$100.00,Neighborhood highlights,2,1,1,1,4.25,4,https://www.airbnb.com/rooms/995541786379684806
995546040518133900,$254.00,NA,2,1,1,1,NA,0,https://www.airbnb.com/rooms/995546040518133887
995683781967427700,$418.00,NA,6,1,3,3,5,23,https://www.airbnb.com/rooms/995683781967427706
995686208234684700,$58.00,NA,3,1,1,2,5,2,https://www.airbnb.com/rooms/995686208234684657
995731222790857900,$527.00,NA,13,3.5,5,9,4.75,12,https://www.airbnb.com/rooms/995731222790857879
995733260147443800,$672.00,Neighborhood highlights,2,1,1,1,NA,0,https://www.airbnb.com/rooms/995733260147443892
995733475171860700,$602.00,Neighborhood highlights,3,1,1,1,NA,0,https://www.airbnb.com/rooms/995733475171860730
995740917025925800,NA,Neighborhood highlights,3,NA,1,NA,NA,0,https://www.airbnb.com/rooms/995740917025925755
995750644114020200,$250.00,NA,7,1.5,3,4,4.86,14,https://www.airbnb.com/rooms/995750644114020164
995788755315788400,$150.00,Neighborhood highlights,1,1,1,1,NA,0,https://www.airbnb.com/rooms/995788755315788444
995884756639416800,$90.00,Neighborhood highlights,2,1,1,2,4,1,https://www.airbnb.com/rooms/995884756639416846
995890426819799e3,$475.00,Neighborhood highlights,5,1,1,2,NA,0,https://www.airbnb.com/rooms/995890426819799029
9.9594121262141606e+17,$109.00,NA,2,2,1,1,5,73,https://www.airbnb.com/rooms/995941212621416043
996246224969764700,$638.00,NA,12,4.5,5,8,NA,0,https://www.airbnb.com/rooms/996246224969764776
996348915145118600,NA,NA,2,NA,1,NA,NA,0,https://www.airbnb.com/rooms/996348915145118561
996349061926855300,$70.00,NA,3,2,1,2,4.2,5,https://www.airbnb.com/rooms/996349061926855284
996361712072302e3,$83.00,NA,4,2,1,2,4.71,7,https://www.airbnb.com/rooms/996361712072301966
996533474116075300,$55.00,NA,2,0,0,1,5,1,https://www.airbnb.com/rooms/996533474116075247
99665925135517e4,$144.00,Neighborhood highlights,5,1,2,2,5,1,https://www.airbnb.com/rooms/996659251355170013
996680149034679400,$37.00,Neighborhood highlights,1,1,1,1,4.5,2,https://www.airbnb.com/rooms/996680149034679444
996688489279727500,$510.00,Neighborhood highlights,2,1,0,1,4.91,11,https://www.airbnb.com/rooms/996688489279727538
996798640903775200,$89.00,Neighborhood highlights,1,1,1,1,NA,0,https://www.airbnb.com/rooms/996798640903775179
996818127746566300,$93.00,Neighborhood highlights,1,1,1,1,NA,0,https://www.airbnb.com/rooms/996818127746566281
996821943033044e3,$88.00,Neighborhood highlights,1,1,1,1,NA,0,https://www.airbnb.com/rooms/996821943033044013
996826316173735e3,$114.00,Neighborhood highlights,2,1,1,1,NA,0,https://www.airbnb.com/rooms/996826316173735098
996831503677675600,$108.00,Neighborhood highlights,2,1,1,1,NA,0,https://www.airbnb.com/rooms/996831503677675587
996835237211268100,$94.00,Neighborhood highlights,1,1,1,1,NA,0,https://www.airbnb.com/rooms/996835237211268061
996838929362412700,$90.00,Neighborhood highlights,1,1,1,1,NA,0,https://www.airbnb.com/rooms/996838929362412650
997093934680613e3,$63.00,Neighborhood highlights,2,2,1,1,5,3,https://www.airbnb.com/rooms/997093934680613043
997175010827752800,$643.00,NA,8,2,4,5,4.54,13,https://www.airbnb.com/rooms/997175010827752885
997293739861552100,$157.00,Neighborhood highlights,5,1,3,3,NA,0,https://www.airbnb.com/rooms/997293739861552181
997432199888717600,$418.00,NA,6,1,3,3,5,28,https://www.airbnb.com/rooms/997432199888717593
997434971292281900,$212.00,NA,4,1,2,2,NA,0,https://www.airbnb.com/rooms/997434971292281828
997658529843977100,$124.00,Neighborhood highlights,2,1,1,1,NA,0,https://www.airbnb.com/rooms/997658529843977081
997705730507242400,$46.00,NA,2,1,1,1,NA,0,https://www.airbnb.com/rooms/997705730507242413
997802618442437400,$100.00,NA,1,1,1,1,NA,0,https://www.airbnb.com/rooms/997802618442437334
997837698254182100,$103.00,NA,1,1,1,1,NA,0,https://www.airbnb.com/rooms/997837698254182166
997912097450161400,$141.00,NA,5,1,3,2,5,2,https://www.airbnb.com/rooms/997912097450161394
997925549638192900,$63.00,NA,2,2,1,1,NA,0,https://www.airbnb.com/rooms/997925549638192923
997986353932503200,$124.00,NA,1,1,1,1,4.71,17,https://www.airbnb.com/rooms/997986353932503170
998048498640584600,$100.00,NA,2,1,1,1,5,5,https://www.airbnb.com/rooms/998048498640584631
998131337513068500,$555.00,NA,7,1,2,3,4.97,32,https://www.airbnb.com/rooms/998131337513068593
998413730860234200,$181.00,NA,6,1,1,3,4.71,14,https://www.airbnb.com/rooms/998413730860234189
998643579317857e3,$329.00,Neighborhood highlights,4,1,1,2,5,3,https://www.airbnb.com/rooms/998643579317856973
998760962620102400,$55.00,Neighborhood highlights,2,1,1,1,4.5,2,https://www.airbnb.com/rooms/998760962620102444
998789259734857500,$140.00,NA,4,1,1,1,5,1,https://www.airbnb.com/rooms/998789259734857465
998902333701914400,$111.00,Neighborhood highlights,1,1,1,1,NA,0,https://www.airbnb.com/rooms/998902333701914397
998924378107477100,$101.00,Neighborhood highlights,1,1,1,1,NA,0,https://www.airbnb.com/rooms/998924378107477137
999162578538420100,$85.00,Neighborhood highlights,1,1,1,1,NA,0,https://www.airbnb.com/rooms/999162578538420037
999233353645584800,NA,NA,2,NA,1,NA,NA,0,https://www.airbnb.com/rooms/999233353645584830
999320189776206700,$40.00,Neighborhood highlights,2,2,1,2,NA,0,https://www.airbnb.com/rooms/999320189776206754
999324046363074200,$216.00,NA,4,1,2,4,NA,0,https://www.airbnb.com/rooms/999324046363074194
999334698986182900,$189.00,Neighborhood highlights,2,1,1,1,5,5,https://www.airbnb.com/rooms/999334698986182941
999369329537073700,$95.00,Neighborhood highlights,2,1.5,1,1,5,17,https://www.airbnb.com/rooms/999369329537073695
999443618811956e3,$211.00,NA,4,1.5,2,2,NA,0,https://www.airbnb.com/rooms/999443618811955972
999476398117566600,$140.00,NA,4,1,2,2,NA,0,https://www.airbnb.com/rooms/999476398117566543
999504545056832900,$272.00,Neighborhood highlights,6,1,3,4,5,3,https://www.airbnb.com/rooms/999504545056832839
999627702195973800,$281.00,NA,3,1,1,1,4.97,29,https://www.airbnb.com/rooms/999627702195973740
999629596552479400,$85.00,Neighborhood highlights,2,1,1,1,NA,0,https://www.airbnb.com/rooms/999629596552479356
999635806328259500,$111.00,Neighborhood highlights,1,1,1,1,NA,0,https://www.airbnb.com/rooms/999635806328259506
999642803976965100,$101.00,Neighborhood highlights,1,1,1,1,NA,0,https://www.airbnb.com/rooms/999642803976965152
999648421491896700,$124.00,Neighborhood highlights,2,1,1,1,NA,0,https://www.airbnb.com/rooms/999648421491896682
999662387673994600,$111.00,Neighborhood highlights,1,1,1,1,NA,0,https://www.airbnb.com/rooms/999662387673994588
999667556798832400,$101.00,Neighborhood highlights,1,1,1,1,NA,0,https://www.airbnb.com/rooms/999667556798832377
999668586599938800,$150.00,NA,2,1,1,0,NA,0,https://www.airbnb.com/rooms/999668586599938835
999672437902455300,$124.00,NA,2,1,1,1,NA,0,https://www.airbnb.com/rooms/999672437902455242
999677141398493200,$111.00,Neighborhood highlights,1,1,1,1,NA,0,https://www.airbnb.com/rooms/999677141398493128
999687207850619100,$101.00,Neighborhood highlights,1,1,1,1,NA,0,https://www.airbnb.com/rooms/999687207850619090
999722207524002700,$124.00,Neighborhood highlights,2,1,1,1,NA,0,https://www.airbnb.com/rooms/999722207524002712
999738168439302400,$111.00,Neighborhood highlights,1,1,1,1,NA,0,https://www.airbnb.com/rooms/999738168439302340
999746420427044600,$101.00,Neighborhood highlights,1,1,1,1,NA,0,https://www.airbnb.com/rooms/999746420427044613
999750970389972900,$110.00,Neighborhood highlights,2,1,1,1,NA,0,https://www.airbnb.com/rooms/999750970389972817
999760724342509300,$103.00,Neighborhood highlights,1,1,1,1,NA,0,https://www.airbnb.com/rooms/999760724342509292
999768477157284500,$110.00,Neighborhood highlights,1,1,1,1,NA,0,https://www.airbnb.com/rooms/999768477157284505
999768506146296200,$93.00,NA,1,1,1,1,NA,0,https://www.airbnb.com/rooms/999768506146296166
999770779083944200,$227.00,Neighborhood highlights,2,1,1,1,NA,0,https://www.airbnb.com/rooms/999770779083944221
999771308036502300,$240.00,Neighborhood highlights,2,1,0,1,NA,0,https://www.airbnb.com/rooms/999771308036502312
999771804203262100,$314.00,Neighborhood highlights,2,1,0,1,NA,0,https://www.airbnb.com/rooms/999771804203262022
999772274871964200,$288.00,Neighborhood highlights,2,1,0,1,NA,0,https://www.airbnb.com/rooms/999772274871964117
999772794962783200,$289.00,Neighborhood highlights,2,1,0,1,NA,0,https://www.airbnb.com/rooms/999772794962783206
999773287760551e3,$266.00,Neighborhood highlights,2,1,0,1,NA,0,https://www.airbnb.com/rooms/999773287760551066
999773762903306e3,$249.00,Neighborhood highlights,2,1,0,1,NA,0,https://www.airbnb.com/rooms/999773762903306032
999774263993715800,$261.00,Neighborhood highlights,2,1,0,1,NA,0,https://www.airbnb.com/rooms/999774263993715808
999774727861426800,$249.00,Neighborhood highlights,2,1,0,1,NA,0,https://www.airbnb.com/rooms/999774727861426844
999775215264479900,$266.00,Neighborhood highlights,2,1,0,1,NA,0,https://www.airbnb.com/rooms/999775215264479826
999804458467458300,$97.00,NA,1,1,1,1,NA,0,https://www.airbnb.com/rooms/999804458467458279
999820797694613500,$359.00,Neighborhood highlights,6,1,0,3,4.75,4,https://www.airbnb.com/rooms/999820797694613492
999826060391603e3,$91.00,Neighborhood highlights,1,1,1,1,NA,0,https://www.airbnb.com/rooms/999826060391602889
999838216919170600,$170.00,Neighborhood highlights,2,1,0,1,5,1,https://www.airbnb.com/rooms/999838216919170534
999858615652148400,NA,Neighborhood highlights,1,NA,1,NA,NA,0,https://www.airbnb.com/rooms/999858615652148405
999867862236982400,$50.00,Neighborhood highlights,1,1,1,1,NA,0,https://www.airbnb.com/rooms/999867862236982436
999889393447170600,NA,Neighborhood highlights,1,NA,1,NA,NA,0,https://www.airbnb.com/rooms/999889393447170560
999925730468942200,$101.00,NA,3,1,1,1,NA,0,https://www.airbnb.com/rooms/999925730468942227
99996446610208e4,$75.00,NA,3,2,1,2,4.42,12,https://www.airbnb.com/rooms/999964466102080007
1000023148920376300,$125.00,NA,2,1,1,1,5,1,https://www.airbnb.com/rooms/1000023148920376325
1000041661179181800,$239.00,Neighborhood highlights,3,1,1,2,4.65,31,https://www.airbnb.com/rooms/1000041661179181846
1000103124244468e3,$289.00,NA,4,1,2,2,5,1,https://www.airbnb.com/rooms/1000103124244467969
1000114407765528300,$62.00,NA,2,0.5,1,1,NA,0,https://www.airbnb.com/rooms/1000114407765528259
1000126313762418e3,$696.00,Neighborhood highlights,6,1,2,3,4.67,6,https://www.airbnb.com/rooms/1000126313762418098
1000128045386999700,$81.00,Neighborhood highlights,1,1,1,1,NA,0,https://www.airbnb.com/rooms/1000128045386999700
1000130916216446500,NA,Neighborhood highlights,1,NA,1,NA,NA,0,https://www.airbnb.com/rooms/1000130916216446376
1000133970639742700,$115.00,Neighborhood highlights,2,1,1,1,NA,0,https://www.airbnb.com/rooms/1000133970639742725
1000140168422601e3,$103.00,Neighborhood highlights,1,1,1,1,NA,0,https://www.airbnb.com/rooms/1000140168422601037
1000143742441964700,$93.00,Neighborhood highlights,1,1,1,1,NA,0,https://www.airbnb.com/rooms/1000143742441964631
1000159308811483500,$93.00,Neighborhood highlights,1,1,1,1,NA,0,https://www.airbnb.com/rooms/1000159308811483583
1000162837325701800,$93.00,Neighborhood highlights,1,1,1,1,NA,0,https://www.airbnb.com/rooms/1000162837325701733
1000190119235265400,$102.00,Neighborhood highlights,1,1.5,1,1,NA,0,https://www.airbnb.com/rooms/1000190119235265402
1000227133374812700,$95.00,Neighborhood highlights,1,1,1,1,NA,0,https://www.airbnb.com/rooms/1000227133374812622
1000230148497453800,$94.00,Neighborhood highlights,1,1,1,1,NA,0,https://www.airbnb.com/rooms/1000230148497453725
1000280166040727800,NA,NA,1,NA,NA,NA,NA,0,https://www.airbnb.com/rooms/1000280166040727910
1000315787817203200,$90.00,Neighborhood highlights,1,1,1,1,NA,0,https://www.airbnb.com/rooms/1000315787817203126
1000321909937207700,NA,Neighborhood highlights,1,NA,1,NA,NA,0,https://www.airbnb.com/rooms/1000321909937207752
1000329137658400600,NA,Neighborhood highlights,1,NA,1,NA,NA,0,https://www.airbnb.com/rooms/1000329137658400675
1000342028803764400,$88.00,Neighborhood highlights,1,1.5,1,1,NA,0,https://www.airbnb.com/rooms/1000342028803764294
1000350053844887e3,$86.00,NA,1,1.5,1,1,NA,0,https://www.airbnb.com/rooms/1000350053844887112
1000368307266195800,NA,Neighborhood highlights,1,NA,1,NA,NA,0,https://www.airbnb.com/rooms/1000368307266195832
1000404072212860800,NA,Neighborhood highlights,1,NA,1,NA,NA,0,https://www.airbnb.com/rooms/1000404072212860850
1000411091938812800,NA,Neighborhood highlights,1,NA,1,NA,NA,0,https://www.airbnb.com/rooms/1000411091938812803
1000420508753598600,NA,Neighborhood highlights,1,NA,1,NA,NA,0,https://www.airbnb.com/rooms/1000420508753598606
1000502155524296700,NA,Neighborhood highlights,2,NA,1,NA,NA,0,https://www.airbnb.com/rooms/1000502155524296674
1000514418015123200,NA,Neighborhood highlights,1,NA,1,NA,NA,0,https://www.airbnb.com/rooms/1000514418015123197
1000519595322426800,NA,Neighborhood highlights,1,NA,1,NA,NA,0,https://www.airbnb.com/rooms/1000519595322426776
1000523673636063200,NA,Neighborhood highlights,2,NA,1,NA,NA,0,https://www.airbnb.com/rooms/1000523673636063224
1000527402102579500,$97.00,Neighborhood highlights,1,1,1,1,NA,0,https://www.airbnb.com/rooms/1000527402102579471
1000534119786719900,$92.00,Neighborhood highlights,1,1,1,1,NA,0,https://www.airbnb.com/rooms/1000534119786719904
1000540737768726800,NA,Neighborhood highlights,1,NA,1,NA,NA,0,https://www.airbnb.com/rooms/1000540737768726673
1000611103131696800,$35.00,NA,1,2,1,1,4.2,5,https://www.airbnb.com/rooms/1000611103131696812
1000637485791641900,$266.00,Neighborhood highlights,2,1,0,1,NA,0,https://www.airbnb.com/rooms/1000637485791641900
1000637914058448e3,$383.00,NA,8,1.5,3,4,4.25,4,https://www.airbnb.com/rooms/1000637914058448005
1000691832643780500,$160.00,Neighborhood highlights,2,1,1,2,4.46,28,https://www.airbnb.com/rooms/1000691832643780415
1000697739867776e3,$399.00,NA,8,1.5,3,6,5,21,https://www.airbnb.com/rooms/1000697739867775924
1000705511867042300,NA,Neighborhood highlights,4,NA,2,NA,NA,0,https://www.airbnb.com/rooms/1000705511867042222
1000972009684425e3,$58.00,NA,1,1,1,1,5,1,https://www.airbnb.com/rooms/1000972009684425031
1001017141965922400,NA,Neighborhood highlights,2,NA,NA,NA,5,2,https://www.airbnb.com/rooms/1001017141965922396
1001166370551563600,$391.00,NA,8,1.5,3,5,5,21,https://www.airbnb.com/rooms/1001166370551563656
1001196188496667600,$445.00,Neighborhood highlights,4,1.5,2,2,NA,0,https://www.airbnb.com/rooms/1001196188496667612
1001196522969253100,$279.00,Neighborhood highlights,2,1,1,1,NA,0,https://www.airbnb.com/rooms/1001196522969253055
1001343758334590800,$245.00,Neighborhood highlights,4,1.5,1,2,4,1,https://www.airbnb.com/rooms/1001343758334590824
1001393648020126600,$220.00,NA,2,1,1,2,NA,0,https://www.airbnb.com/rooms/1001393648020126510
1001408288071274800,$135.00,Neighborhood highlights,2,1,1,1,NA,0,https://www.airbnb.com/rooms/1001408288071274711
1001442118570469900,$276.00,NA,6,1,2,3,4.87,23,https://www.airbnb.com/rooms/1001442118570469957
1001495090409402200,$62.00,NA,2,2,1,1,NA,0,https://www.airbnb.com/rooms/1001495090409402195
1001499819525418800,$53.00,NA,2,2,1,1,NA,0,https://www.airbnb.com/rooms/1001499819525418664
1001502515015239e3,NA,NA,2,NA,1,NA,1,1,https://www.airbnb.com/rooms/1001502515015239083
1001502896392928100,$275.00,NA,4,1,1,2,NA,0,https://www.airbnb.com/rooms/1001502896392928175
1001504295699017e3,$53.00,NA,2,2,1,1,NA,0,https://www.airbnb.com/rooms/1001504295699017046
1001507167604490900,$62.00,NA,2,2,1,1,4,1,https://www.airbnb.com/rooms/1001507167604490878
1001535719995297e3,$399.00,NA,6,2,3,3,4.8,5,https://www.airbnb.com/rooms/1001535719995297015
1001598392441206500,$95.00,Neighborhood highlights,2,1,1,2,4.88,26,https://www.airbnb.com/rooms/1001598392441206590
1001730138556048800,$239.00,NA,4,1,3,3,4.92,26,https://www.airbnb.com/rooms/1001730138556048837
1001737519563399200,$159.00,NA,4,1,1,2,5,3,https://www.airbnb.com/rooms/1001737519563399181
1001759466923816400,$356.00,Neighborhood highlights,8,2,2,2,5,4,https://www.airbnb.com/rooms/1001759466923816441
1002265134898404900,$206.00,NA,6,1,2,2,NA,0,https://www.airbnb.com/rooms/1002265134898404856
1002286074434442500,$105.00,NA,4,1,3,3,5,1,https://www.airbnb.com/rooms/1002286074434442493
1002338091891147600,$250.00,NA,4,0,2,3,5,2,https://www.airbnb.com/rooms/1002338091891147677
1002349284786587e3,$120.00,NA,4,1,3,3,5,1,https://www.airbnb.com/rooms/1002349284786586987
1002372308719939600,$225.00,Neighborhood highlights,2,1,1,1,5,3,https://www.airbnb.com/rooms/1002372308719939596
1002379682073037800,$159.00,NA,2,2,1,1,NA,0,https://www.airbnb.com/rooms/1002379682073037803
1002762231875704400,$50.00,NA,2,1,1,1,5,1,https://www.airbnb.com/rooms/1002762231875704553
1002808727964654700,$88.00,Neighborhood highlights,3,2,1,1,NA,0,https://www.airbnb.com/rooms/1002808727964654800
1002823881758639200,$103.00,NA,2,1,1,1,NA,0,https://www.airbnb.com/rooms/1002823881758639223
1002825899474348e3,$319.00,NA,7,1,2,6,4.59,17,https://www.airbnb.com/rooms/1002825899474348002
1002938301240121300,$194.00,NA,6,1,1,1,4.93,28,https://www.airbnb.com/rooms/1002938301240121368
1003007059776362800,$169.00,Neighborhood highlights,6,1,2,2,5,1,https://www.airbnb.com/rooms/1003007059776362718
1003063303947081200,$90.00,NA,2,1,1,1,NA,0,https://www.airbnb.com/rooms/1003063303947081301
1003185235835253100,$861.00,NA,4,2,2,6,4.83,6,https://www.airbnb.com/rooms/1003185235835253133
1003264500595523300,$44.00,NA,1,2,4,1,NA,0,https://www.airbnb.com/rooms/1003264500595523395
1003352849001222300,$42.00,NA,1,1,1,1,NA,0,https://www.airbnb.com/rooms/1003352849001222179
1003388069721002800,$175.00,NA,4,1,1,1,5,1,https://www.airbnb.com/rooms/1003388069721002744
1003437049851150200,$114.00,Neighborhood highlights,2,1,0,1,4.94,36,https://www.airbnb.com/rooms/1003437049851150279
100343886209265e4,$35.00,NA,2,1,1,1,5,3,https://www.airbnb.com/rooms/1003438862092649925
1003456391781395e3,$180.00,Neighborhood highlights,2,1,1,1,5,1,https://www.airbnb.com/rooms/1003456391781394928
1003512805422476300,$200.00,NA,2,1,0,1,NA,0,https://www.airbnb.com/rooms/1003512805422476365
1003603678526992900,$100.00,Neighborhood highlights,1,1,1,1,4.44,16,https://www.airbnb.com/rooms/1003603678526992890
1003605108747472600,$206.00,Neighborhood highlights,4,1.5,2,2,NA,0,https://www.airbnb.com/rooms/1003605108747472715
1003605509170725400,$215.00,Neighborhood highlights,5,1,3,4,NA,0,https://www.airbnb.com/rooms/1003605509170725526
100362305734758e4,$831.00,Neighborhood highlights,8,3.5,4,4,5,1,https://www.airbnb.com/rooms/1003623057347580030
1003627906971158900,$404.00,Neighborhood highlights,4,1.5,2,2,5,2,https://www.airbnb.com/rooms/1003627906971158899
1003628149571622300,$404.00,Neighborhood highlights,6,2,3,3,5,2,https://www.airbnb.com/rooms/1003628149571622270
1003631615633097200,$158.00,Neighborhood highlights,3,1,0,3,5,2,https://www.airbnb.com/rooms/1003631615633097311
1003665546182490800,$105.00,NA,2,1,0,1,5,4,https://www.airbnb.com/rooms/1003665546182490793
1003700405706338300,$38.00,Neighborhood highlights,2,1,1,1,3,3,https://www.airbnb.com/rooms/1003700405706338295
1003733132314788500,$170.00,NA,2,1,1,1,3,1,https://www.airbnb.com/rooms/1003733132314788523
1003755632152478500,$110.00,Neighborhood highlights,2,1,1,1,5,1,https://www.airbnb.com/rooms/1003755632152478397
1003840084389394200,$190.00,NA,2,1,1,1,NA,0,https://www.airbnb.com/rooms/1003840084389394300
1003874427745708900,$59.00,NA,2,1,1,1,NA,0,https://www.airbnb.com/rooms/1003874427745708958
1003903298252831700,$74.00,NA,2,1,1,1,4.67,3,https://www.airbnb.com/rooms/1003903298252831632
1004095772865729500,$299.00,Neighborhood highlights,2,1,1,1,NA,0,https://www.airbnb.com/rooms/1004095772865729525
1004126711970319600,$40.00,Neighborhood highlights,2,1,1,1,NA,0,https://www.airbnb.com/rooms/1004126711970319755
1004174935553287e3,NA,NA,1,NA,2,NA,NA,0,https://www.airbnb.com/rooms/1004174935553286961
1004249761260526300,$375.00,Neighborhood highlights,4,1,2,2,5,2,https://www.airbnb.com/rooms/1004249761260526414
1004250291069589600,$259.00,Neighborhood highlights,6,2,3,3,4.67,3,https://www.airbnb.com/rooms/1004250291069589609
1004293603040155500,$99.00,NA,4,1,2,1,5,1,https://www.airbnb.com/rooms/1004293603040155452
1004322349060364200,NA,Neighborhood highlights,4,NA,1,NA,NA,0,https://www.airbnb.com/rooms/1004322349060364205
1004328796940846700,$160.00,Neighborhood highlights,2,1,0,1,NA,0,https://www.airbnb.com/rooms/1004328796940846724
1004387321163585300,NA,NA,5,NA,2,NA,NA,0,https://www.airbnb.com/rooms/1004387321163585233
1004416200240866e3,"$12,452.00",NA,8,4,5,5,NA,0,https://www.airbnb.com/rooms/1004416200240866150
1004419004578789400,$653.00,NA,5,2,3,3,NA,0,https://www.airbnb.com/rooms/1004419004578789418
1004428776661057300,NA,NA,5,NA,2,NA,5,2,https://www.airbnb.com/rooms/1004428776661057322
1004436707360654300,NA,NA,2,NA,1,NA,NA,0,https://www.airbnb.com/rooms/1004436707360654479
1004442886221909200,$86.00,NA,2,1,1,1,4.33,3,https://www.airbnb.com/rooms/1004442886221909241
1004444046931824800,NA,NA,2,2,1,1,NA,0,https://www.airbnb.com/rooms/1004444046931824837
1004466409355496700,$105.00,NA,2,1,1,1,4.64,50,https://www.airbnb.com/rooms/1004466409355496588
1004507987284505300,NA,NA,1,NA,NA,NA,NA,0,https://www.airbnb.com/rooms/1004507987284505214
1004585445966518e3,$81.00,NA,4,1,0,2,5,3,https://www.airbnb.com/rooms/1004585445966518011
1004609802932390900,$512.00,NA,2,1,1,2,NA,0,https://www.airbnb.com/rooms/1004609802932390957
1004797911209762300,$297.00,Neighborhood highlights,2,1,1,1,NA,0,https://www.airbnb.com/rooms/1004797911209762220
1004933046061134800,$94.00,NA,2,1,1,1,4.92,13,https://www.airbnb.com/rooms/1004933046061134895
1004956180920728400,$560.00,NA,15,1,3,5,4,1,https://www.airbnb.com/rooms/1004956180920728506
1004960466960763500,$999.00,Neighborhood highlights,2,1,1,1,NA,0,https://www.airbnb.com/rooms/1004960466960763499
1004966777244088400,$999.00,Neighborhood highlights,2,1,1,1,4.68,69,https://www.airbnb.com/rooms/1004966777244088455
1004977759124184800,$999.00,Neighborhood highlights,4,1,1,2,5,3,https://www.airbnb.com/rooms/1004977759124184759
1004979479809147100,$46.00,NA,2,2,1,1,NA,0,https://www.airbnb.com/rooms/1004979479809147241
1004979528339732200,$999.00,Neighborhood highlights,8,2,2,4,NA,0,https://www.airbnb.com/rooms/1004979528339732090
1004981620649017700,$46.00,NA,2,2,1,1,NA,0,https://www.airbnb.com/rooms/1004981620649017708
1004983321950071200,NA,Neighborhood highlights,12,NA,3,NA,NA,0,https://www.airbnb.com/rooms/1004983321950071187
1004986421761369900,NA,Neighborhood highlights,16,NA,4,NA,NA,0,https://www.airbnb.com/rooms/1004986421761369903
1004989473921011500,$55.00,NA,2,1,1,1,NA,0,https://www.airbnb.com/rooms/1004989473921011547
1004990672744515700,$47.00,Neighborhood highlights,2,1,1,1,NA,0,https://www.airbnb.com/rooms/1004990672744515674
1004993904718985100,NA,Neighborhood highlights,2,1,1,1,NA,0,https://www.airbnb.com/rooms/1004993904718985186
1004994819197830300,$47.00,Neighborhood highlights,2,1,1,1,NA,0,https://www.airbnb.com/rooms/1004994819197830219
1004995995724745200,$47.00,Neighborhood highlights,2,1,1,1,NA,0,https://www.airbnb.com/rooms/1004995995724745222
1004996944604302200,NA,Neighborhood highlights,2,1,1,1,NA,0,https://www.airbnb.com/rooms/1004996944604302262
1005062851949008800,$260.00,NA,2,1.5,1,1,NA,0,https://www.airbnb.com/rooms/1005062851949008741
1005127317789120300,$46.00,NA,2,2,1,1,1,1,https://www.airbnb.com/rooms/1005127317789120377
1005129547168408300,$54.00,NA,2,2,1,1,NA,0,https://www.airbnb.com/rooms/1005129547168408245
1005170940682176e3,$111.00,Neighborhood highlights,2,1,1,1,4.7,30,https://www.airbnb.com/rooms/1005170940682176047
1005207590507549700,$142.00,NA,1,1,1,1,4.81,21,https://www.airbnb.com/rooms/1005207590507549831
1005227946414893600,$302.00,Neighborhood highlights,1,1,1,1,NA,0,https://www.airbnb.com/rooms/1005227946414893645
1005366083246511400,$100.00,NA,1,1,1,1,NA,0,https://www.airbnb.com/rooms/1005366083246511307
1005431398645506700,NA,Neighborhood highlights,1,NA,NA,NA,5,2,https://www.airbnb.com/rooms/1005431398645506735
1005455401581521900,$272.00,Neighborhood highlights,2,1,0,1,5,1,https://www.airbnb.com/rooms/1005455401581521842
1005472293004395500,$45.00,NA,1,2.5,5,1,NA,0,https://www.airbnb.com/rooms/1005472293004395476
1005670166131650300,$297.00,Neighborhood highlights,2,1,1,1,NA,0,https://www.airbnb.com/rooms/1005670166131650190
1005673684502420400,$387.00,Neighborhood highlights,4,1,2,2,NA,0,https://www.airbnb.com/rooms/1005673684502420287
1005674051567310800,$308.00,Neighborhood highlights,2,1,1,1,NA,0,https://www.airbnb.com/rooms/1005674051567310833
1005674353823959800,NA,Neighborhood highlights,2,NA,NA,NA,NA,0,https://www.airbnb.com/rooms/1005674353823959912
1005674692217308700,$260.00,Neighborhood highlights,2,1,0,1,NA,0,https://www.airbnb.com/rooms/1005674692217308716
1005680400003560200,$53.00,NA,2,2,1,1,NA,0,https://www.airbnb.com/rooms/1005680400003560176
1005699715476633e3,$340.00,Neighborhood highlights,6,2,3,3,NA,0,https://www.airbnb.com/rooms/1005699715476632962
1005718268391593e3,$95.00,Neighborhood highlights,1,1,1,1,NA,0,https://www.airbnb.com/rooms/1005718268391592996
1005727678268135700,$53.00,NA,2,2,1,1,NA,0,https://www.airbnb.com/rooms/1005727678268135675
1005733681802126100,NA,NA,3,NA,2,NA,NA,0,https://www.airbnb.com/rooms/1005733681802126103
1005738027556061700,$56.00,NA,1,2,4,1,NA,0,https://www.airbnb.com/rooms/1005738027556061705
1005753485016243200,$48.00,NA,1,2,4,1,NA,0,https://www.airbnb.com/rooms/1005753485016243270
1005760022125022100,NA,NA,3,1,1,2,5,4,https://www.airbnb.com/rooms/1005760022125022077
1005771779434387300,$87.00,NA,4,1,1,2,NA,0,https://www.airbnb.com/rooms/1005771779434387299
1005814235498714400,$53.00,NA,2,2,1,1,NA,0,https://www.airbnb.com/rooms/1005814235498714382
1005815475598371100,$53.00,NA,2,2,1,1,NA,0,https://www.airbnb.com/rooms/1005815475598371052
1005816756950762500,$53.00,NA,2,2,1,1,NA,0,https://www.airbnb.com/rooms/1005816756950762505
1005855590130004700,NA,NA,2,1,1,1,NA,0,https://www.airbnb.com/rooms/1005855590130004858
1005858289880106e3,NA,NA,2,1,1,1,NA,0,https://www.airbnb.com/rooms/1005858289880106003
1005859200165120800,$79.00,NA,2,1,1,1,NA,0,https://www.airbnb.com/rooms/1005859200165120748
1005860001940775200,NA,NA,2,0,1,1,NA,0,https://www.airbnb.com/rooms/1005860001940775198
1005860818389353e3,NA,NA,2,1,1,1,NA,0,https://www.airbnb.com/rooms/1005860818389353005
1005945620349053700,NA,NA,2,NA,1,NA,NA,0,https://www.airbnb.com/rooms/1005945620349053784
1005951481800512600,$225.00,NA,3,1,2,3,NA,0,https://www.airbnb.com/rooms/1005951481800512562
1006068540323632900,$119.00,Neighborhood highlights,2,1,1,1,4.9,21,https://www.airbnb.com/rooms/1006068540323632978
1006176129595167900,$47.00,NA,1,2,4,1,NA,0,https://www.airbnb.com/rooms/1006176129595167823
1006182788659329e3,$46.00,NA,1,2,4,1,NA,0,https://www.airbnb.com/rooms/1006182788659329021
1006382721623808800,$80.00,NA,1,1.5,1,1,NA,0,https://www.airbnb.com/rooms/1006382721623808863
1006408020334839300,$412.00,Neighborhood highlights,4,2,2,2,NA,0,https://www.airbnb.com/rooms/1006408020334839385
1006408371449823500,$393.00,Neighborhood highlights,4,2,2,2,1,1,https://www.airbnb.com/rooms/1006408371449823451
1006408710425030400,$330.00,Neighborhood highlights,4,1,2,2,NA,0,https://www.airbnb.com/rooms/1006408710425030358
1006414069902175500,$291.00,Neighborhood highlights,2,1,1,1,NA,0,https://www.airbnb.com/rooms/1006414069902175519
1006416060412152600,$250.00,Neighborhood highlights,2,1,1,2,NA,0,https://www.airbnb.com/rooms/1006416060412152707
1006454732303784800,$90.00,NA,1,1,1,1,NA,0,https://www.airbnb.com/rooms/1006454732303784817
1006487297634998400,$131.00,NA,4,1,1,2,4.54,24,https://www.airbnb.com/rooms/1006487297634998418
1006493433993270800,$100.00,NA,2,1,1,1,5,3,https://www.airbnb.com/rooms/1006493433993270690
1006526346791543600,$118.00,Neighborhood highlights,2,1,1,1,4.84,43,https://www.airbnb.com/rooms/1006526346791543478
1006527301056313900,$99.00,Neighborhood highlights,2,1,1,1,4.57,7,https://www.airbnb.com/rooms/1006527301056313841
1006538240180611700,$158.00,NA,2,1,1,1,3.33,6,https://www.airbnb.com/rooms/1006538240180611744
1006579966989927e3,$100.00,NA,1,1,1,1,NA,0,https://www.airbnb.com/rooms/1006579966989927059
1006602972028867200,NA,NA,2,NA,1,NA,NA,0,https://www.airbnb.com/rooms/1006602972028867133
1006681477271989900,$834.00,NA,7,2,3,5,4.89,9,https://www.airbnb.com/rooms/1006681477271989960
1006786464665372800,$149.00,Neighborhood highlights,2,1,1,1,4.79,24,https://www.airbnb.com/rooms/1006786464665372746
1007195302734513800,$224.00,Neighborhood highlights,4,1,2,2,NA,0,https://www.airbnb.com/rooms/1007195302734513815
1007199440000321800,$75.00,Neighborhood highlights,2,1,1,1,5,1,https://www.airbnb.com/rooms/1007199440000321831
1007225310288466200,$212.00,Neighborhood highlights,2,1,2,2,NA,0,https://www.airbnb.com/rooms/1007225310288466255
1007225552327203200,$222.00,Neighborhood highlights,4,1,2,2,4,1,https://www.airbnb.com/rooms/1007225552327203248
1007225844823503400,$217.00,Neighborhood highlights,4,1,2,2,NA,0,https://www.airbnb.com/rooms/1007225844823503320
1007250126684081200,$140.00,NA,2,1,1,1,NA,0,https://www.airbnb.com/rooms/1007250126684081182
1007269050220441300,$275.00,Neighborhood highlights,5,2,2,2,5,1,https://www.airbnb.com/rooms/1007269050220441363
1007300419126473e3,$250.00,NA,4,1.5,2,2,NA,0,https://www.airbnb.com/rooms/1007300419126472895
1007305742992789900,$88.00,NA,3,1,2,4,NA,0,https://www.airbnb.com/rooms/1007305742992789862
1007417751629640300,$566.00,NA,4,2.5,3,4,4.82,17,https://www.airbnb.com/rooms/1007417751629640278
1007421778971968600,$170.00,NA,6,2,3,3,5,1,https://www.airbnb.com/rooms/1007421778971968598
1007442859572150400,$46.00,NA,1,1,1,1,NA,0,https://www.airbnb.com/rooms/1007442859572150357
1007480104408240500,$160.00,NA,2,1,1,1,NA,0,https://www.airbnb.com/rooms/1007480104408240518
1007601556813394e3,$58.00,NA,1,2,4,1,5,1,https://www.airbnb.com/rooms/1007601556813394060
1007614130158371800,$53.00,NA,1,4,5,1,NA,0,https://www.airbnb.com/rooms/1007614130158371923
1007617181975356200,NA,Neighborhood highlights,2,NA,1,NA,5,8,https://www.airbnb.com/rooms/1007617181975356195
1007620700354927900,$51.00,NA,1,4,5,1,NA,0,https://www.airbnb.com/rooms/1007620700354927842
1007630444019527400,$51.00,NA,1,4,5,1,NA,0,https://www.airbnb.com/rooms/1007630444019527314
1007639900642674700,$51.00,NA,1,2,4,1,NA,0,https://www.airbnb.com/rooms/1007639900642674747
1007650908427825300,$56.00,NA,1,2,4,1,NA,0,https://www.airbnb.com/rooms/1007650908427825237
1007668452792896600,$49.00,NA,1,4,5,1,NA,0,https://www.airbnb.com/rooms/1007668452792896638
1007919885673112600,$90.00,Neighborhood highlights,2,1,1,1,NA,0,https://www.airbnb.com/rooms/1007919885673112663
1008044309422309200,$100.00,Neighborhood highlights,2,1,2,1,NA,0,https://www.airbnb.com/rooms/1008044309422309241
1008048068731473300,$88.00,NA,2,1,1,1,NA,0,https://www.airbnb.com/rooms/1008048068731473273
1008066503692428700,$60.00,NA,1,1,1,1,NA,0,https://www.airbnb.com/rooms/1008066503692428624
1008073352246997900,"$1,736.00",Neighborhood highlights,6,3,3,3,5,24,https://www.airbnb.com/rooms/1008073352246997879
1008157650770589400,NA,Neighborhood highlights,4,NA,1,NA,4.5,226,https://www.airbnb.com/rooms/1008157650770589470
1008246140374586600,$79.00,NA,1,1,1,1,NA,0,https://www.airbnb.com/rooms/1008246140374586613
1008301599260572200,$103.00,Neighborhood highlights,2,1,1,1,4.79,33,https://www.airbnb.com/rooms/1008301599260572123
1008315491855065300,$109.00,Neighborhood highlights,2,1,1,1,4.88,32,https://www.airbnb.com/rooms/1008315491855065333
1008466579349720200,$300.00,Neighborhood highlights,2,1,1,1,NA,0,https://www.airbnb.com/rooms/1008466579349720221
1008665044910527700,NA,Neighborhood highlights,1,NA,NA,NA,NA,0,https://www.airbnb.com/rooms/1008665044910527739
1008681402440530400,$232.00,NA,2,1,0,1,NA,0,https://www.airbnb.com/rooms/1008681402440530338
1008684865225089800,$138.00,Neighborhood highlights,2,1,1,2,5,47,https://www.airbnb.com/rooms/1008684865225089784
1008695241970793700,$496.00,Neighborhood highlights,6,1,4,5,4.55,22,https://www.airbnb.com/rooms/1008695241970793764
1008761034690239400,$95.00,NA,2,1,1,1,4.75,52,https://www.airbnb.com/rooms/1008761034690239341
1008769514216654e3,$66.00,NA,1,2,1,1,NA,0,https://www.airbnb.com/rooms/1008769514216653898
1008779929527637100,$361.00,Neighborhood highlights,4,1,2,2,5,1,https://www.airbnb.com/rooms/1008779929527637195
100878178183949e4,$75.00,NA,2,1,1,1,5,3,https://www.airbnb.com/rooms/1008781781839490021
1008782792044940900,$59.00,NA,2,1,1,1,NA,0,https://www.airbnb.com/rooms/1008782792044941009
1008785772699560400,$47.00,NA,2,1,1,1,NA,0,https://www.airbnb.com/rooms/1008785772699560452
1008787472768541400,$55.00,NA,2,1,1,1,5,1,https://www.airbnb.com/rooms/1008787472768541467
1008792826644151700,$250.00,NA,2,1,1,1,NA,0,https://www.airbnb.com/rooms/1008792826644151674
1008926567820593400,$120.00,Neighborhood highlights,2,1,1,1,NA,0,https://www.airbnb.com/rooms/1008926567820593504
1.0089570740790961e+18,$189.00,Neighborhood highlights,2,1,0,1,4.85,20,https://www.airbnb.com/rooms/1008957074079095931
1008987937555990400,$242.00,NA,2,1,0,1,4.82,22,https://www.airbnb.com/rooms/1008987937555990345
1009191381161092500,$374.00,Neighborhood highlights,2,1,1,1,NA,0,https://www.airbnb.com/rooms/1009191381161092468
1009191708524896e3,$195.00,Neighborhood highlights,2,1,0,1,NA,0,https://www.airbnb.com/rooms/1009191708524895971
1009234762958456400,$45.00,Neighborhood highlights,1,1,1,1,NA,0,https://www.airbnb.com/rooms/1009234762958456511
1009355300157306200,$135.00,Neighborhood highlights,2,1,1,1,NA,0,https://www.airbnb.com/rooms/1009355300157306237
1009466618053617400,NA,Neighborhood highlights,2,NA,NA,NA,5,1,https://www.airbnb.com/rooms/1009466618053617403
1009467365962615300,$127.00,NA,1,0,2,1,NA,0,https://www.airbnb.com/rooms/1009467365962615390
1009467369393433700,$99.00,NA,1,0,2,1,NA,0,https://www.airbnb.com/rooms/1009467369393433765
1009467369984606600,$102.00,NA,1,0,1,1,NA,0,https://www.airbnb.com/rooms/1009467369984606523
1009467377528070900,$85.00,NA,1,0,1,1,NA,0,https://www.airbnb.com/rooms/1009467377528070814
1009494971135126800,$40.00,NA,1,1,1,1,NA,0,https://www.airbnb.com/rooms/1009494971135126779
1009533504128936800,NA,NA,1,NA,1,NA,NA,0,https://www.airbnb.com/rooms/1009533504128936845
1009542110611743200,$309.00,NA,6,1,2,3,4.4,40,https://www.airbnb.com/rooms/1009542110611743262
1009556551598403300,$199.00,NA,5,1,2,2,NA,0,https://www.airbnb.com/rooms/1009556551598403395
1009579280107555200,$100.00,NA,1,1,1,1,NA,0,https://www.airbnb.com/rooms/1009579280107555192
1009592864410933100,$195.00,NA,2,1,1,2,NA,0,https://www.airbnb.com/rooms/1009592864410933065
1009597601673297400,$250.00,NA,2,1,1,2,NA,0,https://www.airbnb.com/rooms/1009597601673297416
1009699512413915600,$97.00,Neighborhood highlights,4,1,1,0,NA,0,https://www.airbnb.com/rooms/1009699512413915648
1009711786804563e3,$739.00,NA,16,4,7,9,4.83,12,https://www.airbnb.com/rooms/1009711786804562856
1009723858617949200,$43.00,NA,1,1,3,1,NA,0,https://www.airbnb.com/rooms/1009723858617949122
1009730300768284400,$43.00,NA,1,1,3,1,NA,0,https://www.airbnb.com/rooms/1009730300768284518
1009851356023226600,NA,NA,3,NA,1,NA,4.5,2,https://www.airbnb.com/rooms/1009851356023226507
1009862336718877300,$38.00,Neighborhood highlights,1,1,1,1,NA,0,https://www.airbnb.com/rooms/1009862336718877341
1009920147263076e3,$330.00,Neighborhood highlights,2,1,1,1,2,1,https://www.airbnb.com/rooms/1009920147263075999
1009920490255223600,$322.00,Neighborhood highlights,2,1,1,1,NA,0,https://www.airbnb.com/rooms/1009920490255223493
1010083125968738300,"$1,928.00",Neighborhood highlights,6,2,3,3,NA,0,https://www.airbnb.com/rooms/1010083125968738233
1010092233694522900,$51.00,NA,2,1,1,1,2,1,https://www.airbnb.com/rooms/1010092233694522877
1010122514884550300,$80.00,NA,1,2,1,1,NA,0,https://www.airbnb.com/rooms/1010122514884550235
1.0101778957727759e+18,$153.00,NA,4,1,1,1,5,1,https://www.airbnb.com/rooms/1010177895772776001
1010194712660417900,$51.00,NA,2,1,1,1,NA,0,https://www.airbnb.com/rooms/1010194712660417968
1010199392593288300,$49.00,NA,2,0,1,1,NA,0,https://www.airbnb.com/rooms/1010199392593288245
1010200773712690600,$51.00,NA,2,1,1,1,NA,0,https://www.airbnb.com/rooms/1010200773712690524
1010201807138185700,$60.00,NA,2,1,1,1,NA,0,https://www.airbnb.com/rooms/1010201807138185749
1010207517584844500,$150.00,NA,2,1,1,1,NA,0,https://www.airbnb.com/rooms/1010207517584844489
1010214247015268600,$150.00,NA,2,1,1,1,NA,0,https://www.airbnb.com/rooms/1010214247015268655
1010216381122564600,$200.00,Neighborhood highlights,2,1.5,1,2,NA,0,https://www.airbnb.com/rooms/1010216381122564701
1010218270134272100,$150.00,NA,2,1,1,1,5,1,https://www.airbnb.com/rooms/1010218270134272139
1010230391687402400,"$1,586.00",Neighborhood highlights,8,4.5,4,5,4.91,11,https://www.airbnb.com/rooms/1010230391687402450
1010237549953170600,$140.00,NA,2,1,1,1,5,4,https://www.airbnb.com/rooms/1010237549953170592
1010279287170639100,$181.00,Neighborhood highlights,2,1,0,1,4.85,26,https://www.airbnb.com/rooms/1010279287170639082
1010342863526711e3,$315.00,Neighborhood highlights,4,1.5,2,3,4.87,23,https://www.airbnb.com/rooms/1010342863526711067
1010398417049773800,$100.00,NA,2,1,1,1,4.67,3,https://www.airbnb.com/rooms/1010398417049773773
1010422330324095700,$300.00,NA,15,1,3,5,3.75,4,https://www.airbnb.com/rooms/1010422330324095738
1.0105039059291919e+18,$273.00,Neighborhood highlights,2,1,1,1,4.55,231,https://www.airbnb.com/rooms/1010503905929192028
1010613516018647200,$335.00,Neighborhood highlights,6,1,1,3,4.48,21,https://www.airbnb.com/rooms/1010613516018647134
1010631999598223200,$373.00,Neighborhood highlights,6,1,1,3,4.62,13,https://www.airbnb.com/rooms/1010631999598223279
1010673362514237700,$342.00,Neighborhood highlights,6,1,0,4,4.85,13,https://www.airbnb.com/rooms/1010673362514237824
1010694358109992700,$185.00,Neighborhood highlights,2,1,1,1,NA,0,https://www.airbnb.com/rooms/1010694358109992693
1010694868310783700,$139.00,NA,2,1,1,1,NA,0,https://www.airbnb.com/rooms/1010694868310783651
1010695467014112600,$176.00,NA,2,1,1,1,NA,0,https://www.airbnb.com/rooms/1010695467014112696
1010695687850547100,$156.00,Neighborhood highlights,2,1,1,1,NA,0,https://www.airbnb.com/rooms/1010695687850547070
1010695853870779600,$88.00,NA,2,1,0,1,NA,0,https://www.airbnb.com/rooms/1010695853870779745
1010695942882458400,$158.00,NA,2,1,0,1,NA,0,https://www.airbnb.com/rooms/1010695942882458445
1010696315306414700,NA,NA,2,NA,1,NA,NA,0,https://www.airbnb.com/rooms/1010696315306414661
1010696812364107600,$148.00,NA,2,1,0,1,5,1,https://www.airbnb.com/rooms/1010696812364107745
1010697141055254400,$134.00,NA,2,1,1,1,NA,0,https://www.airbnb.com/rooms/1010697141055254396
1010697569745388300,NA,Neighborhood highlights,2,NA,1,NA,NA,0,https://www.airbnb.com/rooms/1010697569745388391
1010697696354497200,$171.00,Neighborhood highlights,2,1,1,1,NA,0,https://www.airbnb.com/rooms/1010697696354497127
1010698130171630200,$126.00,Neighborhood highlights,2,1,1,1,NA,0,https://www.airbnb.com/rooms/1010698130171630204
1010698510084140500,$225.00,Neighborhood highlights,2,1,1,1,5,1,https://www.airbnb.com/rooms/1010698510084140429
1010698920414163100,$118.00,Neighborhood highlights,2,1,0,1,NA,0,https://www.airbnb.com/rooms/1010698920414163119
1010699358940032500,$113.00,Neighborhood highlights,2,1,1,1,NA,0,https://www.airbnb.com/rooms/1010699358940032431
1010699595236271400,$172.00,Neighborhood highlights,2,1,1,1,NA,0,https://www.airbnb.com/rooms/1010699595236271445
1010700231925464300,$186.00,Neighborhood highlights,2,1,1,1,2,2,https://www.airbnb.com/rooms/1010700231925464377
1010700368314723600,$169.00,Neighborhood highlights,2,1,1,1,NA,0,https://www.airbnb.com/rooms/1010700368314723605
1010701184173961500,$136.00,NA,2,1,0,1,NA,0,https://www.airbnb.com/rooms/1010701184173961463
1010701324261461500,$175.00,Neighborhood highlights,2,1,1,1,NA,0,https://www.airbnb.com/rooms/1010701324261461472
1010701383139974400,$137.00,Neighborhood highlights,2,1,0,1,4.5,2,https://www.airbnb.com/rooms/1010701383139974348
1.0107014797532559e+18,NA,NA,2,NA,1,NA,NA,0,https://www.airbnb.com/rooms/1010701479753255931
1010701819520561400,$139.00,NA,2,1,1,1,NA,0,https://www.airbnb.com/rooms/1010701819520561456
1010701992956234200,$131.00,NA,2,1,1,1,NA,0,https://www.airbnb.com/rooms/1010701992956234230
1010702360730358400,$133.00,NA,2,1,1,1,NA,0,https://www.airbnb.com/rooms/1010702360730358328
1010702711495351600,NA,NA,2,NA,1,NA,NA,0,https://www.airbnb.com/rooms/1010702711495351492
1010702906303832400,$127.00,NA,2,1,1,1,NA,0,https://www.airbnb.com/rooms/1010702906303832508
1010703174091044600,$130.00,NA,2,1,1,1,NA,0,https://www.airbnb.com/rooms/1010703174091044653
1010703402000304800,$99.00,NA,2,1,1,1,NA,0,https://www.airbnb.com/rooms/1010703402000304858
1010703830702570500,$161.00,NA,2,1,1,1,NA,0,https://www.airbnb.com/rooms/1010703830702570625
1010704786990165500,$143.00,NA,2,1,1,1,NA,0,https://www.airbnb.com/rooms/1010704786990165424
1010706207238028200,$178.00,NA,2,1,1,1,NA,0,https://www.airbnb.com/rooms/1010706207238028243
1010710743342845400,NA,NA,2,NA,1,NA,NA,0,https://www.airbnb.com/rooms/1010710743342845410
1010720099802848600,NA,NA,2,NA,1,NA,NA,0,https://www.airbnb.com/rooms/1010720099802848636
1010720661942382300,NA,Neighborhood highlights,2,NA,1,NA,5,6,https://www.airbnb.com/rooms/1010720661942382329
1010722076697865e3,$95.00,NA,2,1,1,1,NA,0,https://www.airbnb.com/rooms/1010722076697864938
1010722436523579400,$114.00,NA,2,1,1,1,NA,0,https://www.airbnb.com/rooms/1010722436523579299
1010742498604451100,$173.00,NA,2,1,0,1,4.5,8,https://www.airbnb.com/rooms/1010742498604451028
1010745940041144300,$140.00,Neighborhood highlights,2,1,1,1,NA,0,https://www.airbnb.com/rooms/1010745940041144245
1010768775628092200,$349.00,Neighborhood highlights,6,1,0,5,4.48,25,https://www.airbnb.com/rooms/1010768775628092224
1010816621788352600,$46.00,NA,2,2,1,1,NA,0,https://www.airbnb.com/rooms/1010816621788352605
1010826458206155400,$53.00,NA,2,2,1,1,NA,0,https://www.airbnb.com/rooms/1010826458206155334
1010874063701112800,$123.00,NA,2,2,1,1,5,59,https://www.airbnb.com/rooms/1010874063701112844
1010886192679452400,$113.00,Neighborhood highlights,2,2,1,1,4.89,47,https://www.airbnb.com/rooms/1010886192679452402
1010913037774463500,$53.00,NA,2,2,1,1,5,1,https://www.airbnb.com/rooms/1010913037774463492
1010914162758178400,$53.00,NA,2,2,1,1,NA,0,https://www.airbnb.com/rooms/1010914162758178420
1010915036478193400,$48.00,NA,2,2,1,1,NA,0,https://www.airbnb.com/rooms/1010915036478193431
1010915995314769900,$53.00,NA,2,2,1,1,NA,0,https://www.airbnb.com/rooms/1010915995314769921
1010934071108557e3,$92.00,Neighborhood highlights,2,1,1,1,4.57,14,https://www.airbnb.com/rooms/1010934071108557198
1010941533813299300,$46.00,NA,2,2,1,1,NA,0,https://www.airbnb.com/rooms/1010941533813299292
1010946872609750900,$46.00,NA,2,2,1,1,NA,0,https://www.airbnb.com/rooms/1010946872609750814
1010947700541318900,$46.00,NA,2,2,1,1,NA,0,https://www.airbnb.com/rooms/1010947700541318826
1011136401237659900,$72.00,NA,2,1,1,1,NA,0,https://www.airbnb.com/rooms/1011136401237659787
1011159735983596e3,$82.00,NA,4,1,1,1,NA,0,https://www.airbnb.com/rooms/1011159735983596022
1011187858986701800,$49.00,NA,1,4,5,1,4,1,https://www.airbnb.com/rooms/1011187858986701691
1011205237072667900,$125.00,NA,2,1,1,3,5,1,https://www.airbnb.com/rooms/1011205237072667883
1011212992622958300,$45.00,NA,1,1,3,1,4,1,https://www.airbnb.com/rooms/1011212992622958343
1011241980132225900,NA,NA,6,NA,2,NA,NA,0,https://www.airbnb.com/rooms/1011241980132225915
1011355228798158300,$55.00,NA,1,1,1,1,NA,0,https://www.airbnb.com/rooms/1011355228798158366
1011380639640712400,$60.00,NA,1,1,1,1,NA,0,https://www.airbnb.com/rooms/1011380639640712555
1011405381089614200,$50.00,NA,1,1,1,1,4,2,https://www.airbnb.com/rooms/1011405381089614284
1.0114652661993201e+18,$579.00,Neighborhood highlights,6,2,3,4,4.59,27,https://www.airbnb.com/rooms/1011465266199320007
1011479433844246300,$272.00,Neighborhood highlights,2,1,0,1,NA,0,https://www.airbnb.com/rooms/1011479433844246230
1011479899961696e3,$228.00,Neighborhood highlights,2,1,0,1,5,1,https://www.airbnb.com/rooms/1011479899961695926
1011480142170843900,$272.00,Neighborhood highlights,2,1,0,1,NA,0,https://www.airbnb.com/rooms/1011480142170843901
1011480382401571300,$238.00,Neighborhood highlights,2,1,0,1,NA,0,https://www.airbnb.com/rooms/1011480382401571385
1011480622702890400,$214.00,Neighborhood highlights,2,1,1,1,NA,0,https://www.airbnb.com/rooms/1011480622702890345
1011481145576039400,$213.00,Neighborhood highlights,2,1,1,1,NA,0,https://www.airbnb.com/rooms/1011481145576039394
1011581086786714400,$85.00,NA,2,1,0,1,3.38,9,https://www.airbnb.com/rooms/1011581086786714335
1011584648088715800,$340.00,Neighborhood highlights,4,1.5,2,2,NA,0,https://www.airbnb.com/rooms/1011584648088715923
10116208182872e5,$104.00,Neighborhood highlights,2,1,1,1,4.82,11,https://www.airbnb.com/rooms/1011620818287199945
1011621999180896600,NA,NA,1,NA,NA,NA,NA,0,https://www.airbnb.com/rooms/1011621999180896683
1011638967625287200,$100.00,NA,2,1,1,2,NA,0,https://www.airbnb.com/rooms/1011638967625287250
1011653407610821400,$103.00,Neighborhood highlights,2,2,1,1,4.5,32,https://www.airbnb.com/rooms/1011653407610821403
1011664069029780700,$106.00,Neighborhood highlights,4,2,1,2,4.71,38,https://www.airbnb.com/rooms/1011664069029780820
1011710391138551700,$181.00,Neighborhood highlights,3,1,1,1,5,3,https://www.airbnb.com/rooms/1011710391138551690
1011818562289610200,$263.00,NA,4,1,1,3,4.86,7,https://www.airbnb.com/rooms/1011818562289610219
1012289356920555600,$162.00,NA,3,1,1,2,5,3,https://www.airbnb.com/rooms/1012289356920555730
1012337632157511200,$270.00,Neighborhood highlights,5,2,3,3,4.63,19,https://www.airbnb.com/rooms/1012337632157511148
1012402188594012700,$103.00,Neighborhood highlights,4,1,2,2,NA,0,https://www.airbnb.com/rooms/1012402188594012680
1012456623342826900,$135.00,NA,2,1,1,1,NA,0,https://www.airbnb.com/rooms/1012456623342826878
1012463065092346200,$200.00,NA,4,1,2,2,NA,0,https://www.airbnb.com/rooms/1012463065092346250
1012482745524522200,$85.00,NA,2,1,1,1,3.67,6,https://www.airbnb.com/rooms/1012482745524522184
1012586192164871800,$384.00,NA,12,1,2,4,4.47,17,https://www.airbnb.com/rooms/1012586192164871851
1012691514995422700,$49.00,NA,1,2,4,1,NA,0,https://www.airbnb.com/rooms/1012691514995422663
1012904436227012400,$229.00,NA,2,1,1,1,NA,0,https://www.airbnb.com/rooms/1012904436227012265
1012933371188448100,$150.00,NA,3,1,1,1,5,1,https://www.airbnb.com/rooms/1012933371188448209
1012938239831892400,$456.00,NA,10,1,2,0,4.21,14,https://www.airbnb.com/rooms/1012938239831892328
1012988420019348400,$235.00,Neighborhood highlights,6,1,1,0,4.3,10,https://www.airbnb.com/rooms/1012988420019348258
1013058228781438700,$310.00,NA,4,1,2,2,NA,0,https://www.airbnb.com/rooms/1013058228781438750
1013106338310034200,$250.00,NA,2,1,0,1,4,1,https://www.airbnb.com/rooms/1013106338310034298
1013126854297515300,$180.00,Neighborhood highlights,2,1,1,1,5,5,https://www.airbnb.com/rooms/1013126854297515145
1013138671419296e3,$295.00,Neighborhood highlights,3,1,1,1,5,2,https://www.airbnb.com/rooms/1013138671419296074
1013254290806035800,$55.00,Neighborhood highlights,2,1,1,1,NA,0,https://www.airbnb.com/rooms/1013254290806035785
1013293137558770600,$460.00,NA,6,1,3,3,4.76,25,https://www.airbnb.com/rooms/1013293137558770633
1013319174207599600,$340.00,NA,4,2,2,2,NA,0,https://www.airbnb.com/rooms/1013319174207599722
1013320907450515700,$211.00,Neighborhood highlights,2,1,0,1,5,3,https://www.airbnb.com/rooms/1013320907450515752
1.0133234280802161e+18,$43.00,NA,1,1,1,1,4,2,https://www.airbnb.com/rooms/1013323428080216076
1013335305652454400,$240.00,NA,2,1,1,1,NA,0,https://www.airbnb.com/rooms/1013335305652454335
1013402113840724500,$856.00,Neighborhood highlights,9,1.5,4,5,4.84,31,https://www.airbnb.com/rooms/1013402113840724461
1013577737689075100,"$1,605.00",Neighborhood highlights,4,2.5,2,2,NA,0,https://www.airbnb.com/rooms/1013577737689075054
1013632155850220700,$322.00,Neighborhood highlights,5,1,0,3,4.33,12,https://www.airbnb.com/rooms/1013632155850220616
1013632380355599100,$71.00,NA,2,2,1,1,4.22,9,https://www.airbnb.com/rooms/1013632380355599044
1013651311908564700,$189.00,NA,8,1,1,4,4.13,15,https://www.airbnb.com/rooms/1013651311908564737
1013674864835065e3,$98.00,Neighborhood highlights,2,1.5,1,1,5,10,https://www.airbnb.com/rooms/1013674864835064998
1013680811545377500,$304.00,Neighborhood highlights,7,1,3,4,NA,0,https://www.airbnb.com/rooms/1013680811545377523
1013681196530708400,NA,Neighborhood highlights,6,NA,3,NA,NA,0,https://www.airbnb.com/rooms/1013681196530708307
1013681549867353500,$505.00,Neighborhood highlights,7,2.5,3,5,NA,0,https://www.airbnb.com/rooms/1013681549867353508
1013690490167347800,$213.00,Neighborhood highlights,2,1,1,1,4.85,13,https://www.airbnb.com/rooms/1013690490167347880
1013709156917167600,$348.00,Neighborhood highlights,5,1,0,3,4.63,16,https://www.airbnb.com/rooms/1013709156917167615
1013719008616614300,$199.00,NA,8,1,1,4,4.2,5,https://www.airbnb.com/rooms/1013719008616614306
1013745399413953e3,$358.00,Neighborhood highlights,5,1,0,3,4.47,17,https://www.airbnb.com/rooms/1013745399413953045
1013756338093524400,$113.00,NA,2,1,1,1,5,4,https://www.airbnb.com/rooms/1013756338093524354
1013758616332777600,$288.00,Neighborhood highlights,5,1,0,3,3.92,13,https://www.airbnb.com/rooms/1013758616332777599
1013766112876806500,$199.00,Neighborhood highlights,12,2,6,2,NA,0,https://www.airbnb.com/rooms/1013766112876806542
1013801582273815700,$80.00,NA,4,2,1,2,NA,0,https://www.airbnb.com/rooms/1013801582273815694
1013813949110105300,$186.00,Neighborhood highlights,2,1,0,1,NA,0,https://www.airbnb.com/rooms/1013813949110105351
1013814395680935700,$170.00,Neighborhood highlights,2,1,0,1,5,1,https://www.airbnb.com/rooms/1013814395680935624
1013814472023496700,$361.00,Neighborhood highlights,5,2,2,2,NA,0,https://www.airbnb.com/rooms/1013814472023496694
1013882388980738300,$179.00,Neighborhood highlights,2,2,2,2,5,1,https://www.airbnb.com/rooms/1013882388980738219
1013896503659054600,$125.00,NA,2,1,1,1,NA,0,https://www.airbnb.com/rooms/1013896503659054635
1013896771741699700,$68.00,NA,2,1,1,2,NA,0,https://www.airbnb.com/rooms/1013896771741699739
1013916207138137e3,$50.00,NA,1,1,1,1,NA,0,https://www.airbnb.com/rooms/1013916207138136945
1013933134833891700,$45.00,Neighborhood highlights,2,1,1,1,5,1,https://www.airbnb.com/rooms/1013933134833891698
1.0139333840206479e+18,$50.00,Neighborhood highlights,2,2,1,1,NA,0,https://www.airbnb.com/rooms/1013933384020647976
1013946326187929900,$50.00,Neighborhood highlights,2,2,1,1,5,1,https://www.airbnb.com/rooms/1013946326187929869
1013947795524141e3,$41.00,Neighborhood highlights,2,2,1,1,NA,0,https://www.airbnb.com/rooms/1013947795524141187
1013949597532297600,$48.00,Neighborhood highlights,2,1,1,1,5,2,https://www.airbnb.com/rooms/1013949597532297600
1013950908788847900,$39.00,Neighborhood highlights,2,2,1,1,5,1,https://www.airbnb.com/rooms/1013950908788847919
1013998581303573100,$100.00,NA,1,1,1,1,NA,0,https://www.airbnb.com/rooms/1013998581303573078
1014296846467270100,$427.00,Neighborhood highlights,6,1,0,4,4.54,13,https://www.airbnb.com/rooms/1014296846467270142
1014319983262481400,$319.00,Neighborhood highlights,5,1,0,3,4.67,15,https://www.airbnb.com/rooms/1014319983262481470
1014367358598054900,$163.00,NA,2,1,1,1,5,15,https://www.airbnb.com/rooms/1014367358598054830
1014371143776658200,$263.00,Neighborhood highlights,5,1,1,3,4.41,17,https://www.airbnb.com/rooms/1014371143776658286
1014379467430068500,$380.00,Neighborhood highlights,6,1,0,4,4.33,12,https://www.airbnb.com/rooms/1014379467430068432
1014408029120671700,$99.00,NA,1,1,1,1,5,2,https://www.airbnb.com/rooms/1014408029120671763
1014419760379929e3,$179.00,Neighborhood highlights,2,1,0,1,4.06,16,https://www.airbnb.com/rooms/1014419760379928931
1014451706512063500,$42.00,NA,1,3,6,1,NA,0,https://www.airbnb.com/rooms/1014451706512063588
1014461978634951700,$77.00,NA,1,0,4,1,NA,0,https://www.airbnb.com/rooms/1014461978634951750
1014462112871846500,$57.00,NA,1,0,4,1,NA,0,https://www.airbnb.com/rooms/1014462112871846511
1014462136213201700,$41.00,NA,1,3,6,1,NA,0,https://www.airbnb.com/rooms/1014462136213201548
1014464341709100500,$121.00,NA,2,1,1,1,5,11,https://www.airbnb.com/rooms/1014464341709100420
1014504410944581600,$120.00,NA,2,1,1,1,NA,0,https://www.airbnb.com/rooms/1014504410944581560
1014531478548592400,$150.00,NA,1,1,1,1,NA,0,https://www.airbnb.com/rooms/1014531478548592340
1014607070981548300,$250.00,NA,4,2,3,3,NA,0,https://www.airbnb.com/rooms/1014607070981548282
1014634140531499600,$700.00,NA,4,1,1,1,NA,0,https://www.airbnb.com/rooms/1014634140531499728
1014637467272403200,$239.00,NA,4,1,1,2,4.66,29,https://www.airbnb.com/rooms/1014637467272403256
1014657466592684300,$36.00,Neighborhood highlights,1,1,1,1,NA,0,https://www.airbnb.com/rooms/1014657466592684290
1014727494858416400,$138.00,NA,2,1,1,1,4.49,43,https://www.airbnb.com/rooms/1014727494858416304
101472919148483e4,$95.00,NA,2,1,1,1,NA,0,https://www.airbnb.com/rooms/1014729191484829933
1014762144431371600,$95.00,NA,2,1,1,1,5,4,https://www.airbnb.com/rooms/1014762144431371619
1014966591212919700,$49.00,Neighborhood highlights,2,1,1,1,5,1,https://www.airbnb.com/rooms/1014966591212919668
1015027293549591300,$316.00,Neighborhood highlights,2,1,1,1,NA,0,https://www.airbnb.com/rooms/1015027293549591335
1015027813525407400,$357.00,Neighborhood highlights,4,1,2,2,5,2,https://www.airbnb.com/rooms/1015027813525407338
1015028181966283300,$206.00,Neighborhood highlights,2,1,1,1,5,1,https://www.airbnb.com/rooms/1015028181966283124
1015054177333441900,$307.00,NA,5,1,2,3,4.55,33,https://www.airbnb.com/rooms/1015054177333441992
1015141909908447200,$643.00,NA,4,0,0,1,5,11,https://www.airbnb.com/rooms/1015141909908447145
1015168578871804200,$285.00,NA,4,2,4,4,5,1,https://www.airbnb.com/rooms/1015168578871804091
1015178551586505e3,$180.00,NA,3,1,2,2,NA,0,https://www.airbnb.com/rooms/1015178551586504919
1015203525260165900,$684.00,NA,4,2,2,3,NA,0,https://www.airbnb.com/rooms/1015203525260165853
1015236489718360400,$69.00,NA,1,2,1,1,NA,0,https://www.airbnb.com/rooms/1015236489718360455
1015297538502606300,$160.00,NA,4,1.5,1,2,NA,0,https://www.airbnb.com/rooms/1015297538502606345
1015357234838303200,$90.00,Neighborhood highlights,1,1,1,1,4.48,25,https://www.airbnb.com/rooms/1015357234838303151
1015390252345027700,$234.00,Neighborhood highlights,4,1,1,2,5,26,https://www.airbnb.com/rooms/1015390252345027742
1015423633415923100,$128.00,Neighborhood highlights,2,1,1,1,NA,0,https://www.airbnb.com/rooms/1015423633415923095
1015496467468773400,NA,NA,2,NA,1,NA,5,30,https://www.airbnb.com/rooms/1015496467468773487
1015496561428131200,$375.00,NA,6,2,3,3,4.94,18,https://www.airbnb.com/rooms/1015496561428131132
1015528234483152900,$62.00,NA,2,1,1,1,NA,0,https://www.airbnb.com/rooms/1015528234483152955
1015591225350693e3,$42.00,NA,1,3,6,1,5,1,https://www.airbnb.com/rooms/1015591225350693014
1015684145720433400,$312.00,Neighborhood highlights,2,1,1,1,NA,0,https://www.airbnb.com/rooms/1015684145720433401
1015684642970558700,$356.00,Neighborhood highlights,4,1,2,2,NA,0,https://www.airbnb.com/rooms/1015684642970558727
1015684977966771800,NA,Neighborhood highlights,2,NA,1,NA,NA,0,https://www.airbnb.com/rooms/1015684977966771762
1015744976125852700,$65.00,NA,4,1,1,2,NA,0,https://www.airbnb.com/rooms/1015744976125852571
1015757189408408800,$48.00,NA,2,1,1,1,5,2,https://www.airbnb.com/rooms/1015757189408408744
1015800351075669800,NA,NA,4,NA,2,NA,NA,0,https://www.airbnb.com/rooms/1015800351075669737
1015843750576959500,NA,NA,1,NA,NA,NA,NA,0,https://www.airbnb.com/rooms/1015843750576959483
1015855112270200600,$73.00,NA,1,0,4,1,NA,0,https://www.airbnb.com/rooms/1015855112270200649
1015858565969239600,$139.00,NA,2,1,1,2,4.96,27,https://www.airbnb.com/rooms/1015858565969239450
1015892340778002e3,$150.00,NA,6,2,3,3,5,1,https://www.airbnb.com/rooms/1015892340778002076
1015908303206440300,$348.00,NA,6,2,3,0,NA,0,https://www.airbnb.com/rooms/1015908303206440354
1015914743801328100,$90.00,NA,2,1,0,1,4.75,12,https://www.airbnb.com/rooms/1015914743801328168
1015918433589429200,$108.00,NA,3,1,1,1,NA,0,https://www.airbnb.com/rooms/1015918433589429214
1015958372468042100,$64.00,NA,2,1,1,1,NA,0,https://www.airbnb.com/rooms/1015958372468042115
1015973458192466200,$177.00,NA,2,1,1,1,5,9,https://www.airbnb.com/rooms/1015973458192466251
1015986583260729e3,$228.00,Neighborhood highlights,4,1,0,2,4.78,9,https://www.airbnb.com/rooms/1015986583260728991
1015992201072239100,$65.00,NA,1,1,1,1,NA,0,https://www.airbnb.com/rooms/1015992201072239066
1016004482042560100,$267.00,Neighborhood highlights,4,1,2,2,NA,0,https://www.airbnb.com/rooms/1016004482042560235
1016022731250285800,$199.00,NA,2,1,1,1,NA,0,https://www.airbnb.com/rooms/1016022731250285787
1016029637115266700,$45.00,Neighborhood highlights,2,1,1,2,4.5,2,https://www.airbnb.com/rooms/1016029637115266773
1016062872267819e3,$692.00,NA,6,2,3,4,5,5,https://www.airbnb.com/rooms/1016062872267819040
1016124375833661300,$196.00,Neighborhood highlights,2,1,1,2,5,10,https://www.airbnb.com/rooms/1016124375833661253
1016128177867060700,$65.00,NA,2,2.5,1,1,5,1,https://www.airbnb.com/rooms/1016128177867060823
1016151137833274900,$200.00,Neighborhood highlights,4,1,2,2,5,1,https://www.airbnb.com/rooms/1016151137833274828
1016155985925140400,$100.00,Neighborhood highlights,2,1.5,1,1,NA,0,https://www.airbnb.com/rooms/1016155985925140334
1016164672026561400,$149.00,Neighborhood highlights,2,1,1,1,5,2,https://www.airbnb.com/rooms/1016164672026561489
1016173712181326700,$367.00,Neighborhood highlights,6,1,2,2,5,2,https://www.airbnb.com/rooms/1016173712181326748
1016229130708200200,$90.00,Neighborhood highlights,2,1,1,1,4.28,46,https://www.airbnb.com/rooms/1016229130708200152
1016229140629515800,$90.00,Neighborhood highlights,2,1,1,1,4.27,26,https://www.airbnb.com/rooms/1016229140629515901
1016295447412845600,$171.00,Neighborhood highlights,2,1,1,1,4.7,30,https://www.airbnb.com/rooms/1016295447412845534
1016585125756842500,$100.00,NA,1,1,1,1,NA,0,https://www.airbnb.com/rooms/1016585125756842578
1016599683702806800,$90.00,NA,2,1,0,1,5,2,https://www.airbnb.com/rooms/1016599683702806669
1.0166189585260239e+18,$671.00,Neighborhood highlights,7,2,3,3,4.84,19,https://www.airbnb.com/rooms/1016618958526024089
1016657029340037e3,$120.00,NA,2,1,1,2,NA,0,https://www.airbnb.com/rooms/1016657029340036999
1016667809847252e3,$34.00,NA,1,1,1,1,NA,0,https://www.airbnb.com/rooms/1016667809847251975
1016707139766409500,$159.00,NA,2,1,1,2,NA,0,https://www.airbnb.com/rooms/1016707139766409388
1016713070307227400,$78.00,Neighborhood highlights,2,1,0,1,NA,0,https://www.airbnb.com/rooms/1016713070307227385
1016790707893219300,$132.00,NA,1,1,1,1,NA,0,https://www.airbnb.com/rooms/1016790707893219410
1016825148595065300,$157.00,Neighborhood highlights,7,2,3,5,NA,0,https://www.airbnb.com/rooms/1016825148595065353
1016858650638508200,$150.00,Neighborhood highlights,4,1,2,2,5,1,https://www.airbnb.com/rooms/1016858650638508129
1017073307219507500,$43.00,NA,1,3,6,1,NA,0,https://www.airbnb.com/rooms/1017073307219507479
1017079241660751200,$40.00,NA,1,3,6,1,NA,0,https://www.airbnb.com/rooms/1017079241660751266
1017206291946736e3,$90.00,NA,1,1,3,1,5,1,https://www.airbnb.com/rooms/1017206291946736077
1017429166814124300,$190.00,Neighborhood highlights,2,1,1,2,4.81,31,https://www.airbnb.com/rooms/1017429166814124250
1017430380242019200,$119.00,NA,4,1,2,2,NA,0,https://www.airbnb.com/rooms/1017430380242019274
1.0174571579592079e+18,$213.00,NA,4,1,2,2,NA,0,https://www.airbnb.com/rooms/1017457157959208051
1017535766542159400,$250.00,NA,5,2,1,1,NA,0,https://www.airbnb.com/rooms/1017535766542159357
1017605012880173e3,$401.00,NA,6,1,1,4,4.09,11,https://www.airbnb.com/rooms/1017605012880173045
1017650805773782e3,$326.00,NA,4,1,2,2,4.43,30,https://www.airbnb.com/rooms/1017650805773782165
1018042935230242e3,$629.00,Neighborhood highlights,4,1.5,1,2,4.97,32,https://www.airbnb.com/rooms/1018042935230242018
1018071550301392800,NA,NA,2,NA,1,NA,5,13,https://www.airbnb.com/rooms/1018071550301392794
1018143409510321800,$203.00,Neighborhood highlights,4,1,1,1,NA,0,https://www.airbnb.com/rooms/1018143409510321723
1018187128604089600,$80.00,NA,2,1,1,1,5,1,https://www.airbnb.com/rooms/1018187128604089650
1018267402066684800,NA,NA,3,NA,1,NA,NA,0,https://www.airbnb.com/rooms/1018267402066684725
1018274947599434e3,"$1,057.00",NA,6,1,2,2,5,7,https://www.airbnb.com/rooms/1018274947599434006
1018280359573877e3,$328.00,Neighborhood highlights,3,1,1,3,4.67,21,https://www.airbnb.com/rooms/1018280359573876973
1018326152232243800,$179.00,NA,2,1,1,1,NA,0,https://www.airbnb.com/rooms/1018326152232243866
1018328802597527300,$56.00,NA,2,1,1,1,NA,0,https://www.airbnb.com/rooms/1018328802597527290
1018374550875241600,$922.00,NA,15,2,2,5,4.12,17,https://www.airbnb.com/rooms/1018374550875241597
1018571674658016300,$373.00,Neighborhood highlights,4,2,2,2,3,1,https://www.airbnb.com/rooms/1018571674658016274
1018621838995252e3,$294.00,Neighborhood highlights,2,1,1,1,4.5,2,https://www.airbnb.com/rooms/1018621838995251978
1018730052478345100,$64.00,Neighborhood highlights,2,1,1,1,NA,0,https://www.airbnb.com/rooms/1018730052478345166
1018771987843520500,$283.00,NA,4,1,1,1,4.81,16,https://www.airbnb.com/rooms/1018771987843520425
1018806314810839700,$150.00,NA,3,1.5,1,1,5,1,https://www.airbnb.com/rooms/1018806314810839720
1018833092259385700,$335.00,NA,5,1,2,4,4.93,15,https://www.airbnb.com/rooms/1018833092259385834
1018896545155637100,$68.00,NA,2,2,1,1,4.43,7,https://www.airbnb.com/rooms/1018896545155637079
1018926777816576100,NA,Neighborhood highlights,2,NA,1,NA,NA,0,https://www.airbnb.com/rooms/1018926777816576165
1018933040911584100,$92.00,Neighborhood highlights,1,1,1,0,5,1,https://www.airbnb.com/rooms/1018933040911584133
1018935988138990800,$42.00,NA,1,1,5,1,NA,0,https://www.airbnb.com/rooms/1018935988138990863
1018960735667540500,$222.00,Neighborhood highlights,2,1,1,1,5,1,https://www.airbnb.com/rooms/1018960735667540431
1018960737976076900,$199.00,Neighborhood highlights,2,1,1,1,3,1,https://www.airbnb.com/rooms/1018960737976076961
1018961240481265900,$230.00,Neighborhood highlights,4,1,0,2,NA,0,https://www.airbnb.com/rooms/1018961240481265861
1018963765856272900,$191.00,Neighborhood highlights,3,1,1,1,4.55,11,https://www.airbnb.com/rooms/1018963765856272885
1018974231021734900,NA,NA,2,NA,1,NA,NA,0,https://www.airbnb.com/rooms/1018974231021734836
1018994351772627700,$320.00,NA,5,2,2,2,5,4,https://www.airbnb.com/rooms/1018994351772627655
1018995569750768400,$75.00,Neighborhood highlights,2,1,1,1,4.5,2,https://www.airbnb.com/rooms/1018995569750768262
1019091036096678900,$189.00,Neighborhood highlights,4,1,2,2,4.79,24,https://www.airbnb.com/rooms/1019091036096678857
1019262892323702900,$58.00,NA,1,2,4,1,5,1,https://www.airbnb.com/rooms/1019262892323702903
1019269535023539200,$56.00,NA,1,2,4,1,NA,0,https://www.airbnb.com/rooms/1019269535023539165
1019274864068294400,$54.00,NA,1,2,4,1,NA,0,https://www.airbnb.com/rooms/1019274864068294450
1019283702042155600,$49.00,NA,1,2,4,1,NA,0,https://www.airbnb.com/rooms/1019283702042155719
1019429690426278100,$319.00,NA,6,1,2,4,4.9,39,https://www.airbnb.com/rooms/1019429690426278080
1019483164293833200,$335.00,Neighborhood highlights,2,1,1,1,NA,0,https://www.airbnb.com/rooms/1019483164293833321
1019485190468014600,$268.00,Neighborhood highlights,2,1,1,1,NA,0,https://www.airbnb.com/rooms/1019485190468014621
1019485733692899800,$349.00,Neighborhood highlights,4,2,2,2,NA,0,https://www.airbnb.com/rooms/1019485733692899803
1019512606768129e3,NA,Neighborhood highlights,4,NA,1,NA,3,1,https://www.airbnb.com/rooms/1019512606768128885
1019512928446717400,$200.00,NA,2,1,1,1,NA,0,https://www.airbnb.com/rooms/1019512928446717493
1019554505167865600,$150.00,NA,4,1,2,2,5,1,https://www.airbnb.com/rooms/1019554505167865654
1019579688985727e3,$293.00,Neighborhood highlights,2,1,1,1,NA,0,https://www.airbnb.com/rooms/1019579688985727052
1019585668829442600,$205.00,NA,4,1,1,3,4.94,16,https://www.airbnb.com/rooms/1019585668829442554
101961856857138e4,$300.00,NA,9,2,3,3,5,7,https://www.airbnb.com/rooms/1019618568571379980
1019629533271481300,NA,NA,3,1,1,1,4.6,10,https://www.airbnb.com/rooms/1019629533271481308
1019640095376235800,$186.00,NA,6,1.5,1,3,4.84,43,https://www.airbnb.com/rooms/1019640095376235782
1019645060934557400,$174.00,NA,4,1,1,2,4.86,14,https://www.airbnb.com/rooms/1019645060934557521
1019653865784275100,$174.00,NA,3,1,1,2,5,16,https://www.airbnb.com/rooms/1019653865784274979
101966372195057e4,$137.00,NA,2,1,1,1,4.69,13,https://www.airbnb.com/rooms/1019663721950569974
1019679775919641e3,$147.00,NA,2,1.5,1,1,4.73,11,https://www.airbnb.com/rooms/1019679775919640933
1019700356152080400,$142.00,NA,3,1,1,1,4.4,5,https://www.airbnb.com/rooms/1019700356152080364
1019706374592304100,NA,Neighborhood highlights,1,NA,NA,NA,5,1,https://www.airbnb.com/rooms/1019706374592304172
101970753791731e4,$142.00,NA,2,1,1,1,4.91,11,https://www.airbnb.com/rooms/1019707537917309945
1019716240581980300,$257.00,NA,4,1,1,3,4.83,12,https://www.airbnb.com/rooms/1019716240581980266
1019720628472155900,$214.00,NA,2,1,1,2,4.95,22,https://www.airbnb.com/rooms/1019720628472155850
1019776497144844200,NA,Neighborhood highlights,2,NA,NA,NA,NA,0,https://www.airbnb.com/rooms/1019776497144844102
1019783210726896600,$65.00,NA,2,1,1,1,5,1,https://www.airbnb.com/rooms/1019783210726896643
1019797696036326500,$70.00,Neighborhood highlights,1,1,1,1,4.35,26,https://www.airbnb.com/rooms/1019797696036326620
1019825221357616100,$377.00,NA,4,2,2,2,4.68,19,https://www.airbnb.com/rooms/1019825221357616153
10202241784532e5,$49.00,NA,2,3,1,0,NA,0,https://www.airbnb.com/rooms/1020224178453200016
1020238807362460300,$49.00,NA,2,3,1,0,4.5,2,https://www.airbnb.com/rooms/1020238807362460254
1020278049478659300,$52.00,NA,2,1,1,1,NA,0,https://www.airbnb.com/rooms/1020278049478659352
1020280756370673200,$52.00,NA,2,1,1,1,NA,0,https://www.airbnb.com/rooms/1020280756370673164
1020282701018874400,$52.00,NA,2,1,1,1,NA,0,https://www.airbnb.com/rooms/1020282701018874374
1020283766470214900,NA,NA,2,NA,NA,NA,NA,0,https://www.airbnb.com/rooms/1020283766470214850
1020284567535553300,$52.00,NA,2,1,1,1,NA,0,https://www.airbnb.com/rooms/1020284567535553280
1020295972034520400,$47.00,NA,2,2,1,1,NA,0,https://www.airbnb.com/rooms/1020295972034520549
1020302460310494e3,$114.00,Neighborhood highlights,1,2.5,1,1,4.94,48,https://www.airbnb.com/rooms/1020302460310493937
1020317944680025300,$47.00,NA,2,2,1,1,NA,0,https://www.airbnb.com/rooms/1020317944680025325
1020318924718002600,$47.00,NA,2,2,1,1,NA,0,https://www.airbnb.com/rooms/1020318924718002541
1020325080427729200,$101.00,Neighborhood highlights,1,1.5,1,1,5,34,https://www.airbnb.com/rooms/1020325080427729176
1020325377096342400,$300.00,Neighborhood highlights,2,1,1,2,5,6,https://www.airbnb.com/rooms/1020325377096342358
1020338711341788200,NA,NA,2,NA,1,NA,NA,0,https://www.airbnb.com/rooms/1020338711341788113
1020340862401523800,$47.00,NA,2,0,1,1,3,1,https://www.airbnb.com/rooms/1020340862401523912
1020361297646295e3,$69.00,NA,2,NA,1,0,NA,0,https://www.airbnb.com/rooms/1020361297646295120
1020370671984833900,$120.00,NA,4,1,1,2,NA,0,https://www.airbnb.com/rooms/1020370671984833864
1020460695563997700,$225.00,Neighborhood highlights,6,1.5,3,3,5,1,https://www.airbnb.com/rooms/1020460695563997694
1020547495067825800,$220.00,Neighborhood highlights,2,1,3,3,NA,0,https://www.airbnb.com/rooms/1020547495067825829
1020660300348971300,$177.00,Neighborhood highlights,2,1,1,1,4.41,29,https://www.airbnb.com/rooms/1020660300348971167
1020696614069404300,$85.00,NA,2,1,1,1,NA,0,https://www.airbnb.com/rooms/1020696614069404268
1020785309512813800,$104.00,NA,1,1,NA,1,NA,0,https://www.airbnb.com/rooms/1020785309512813687
1020872183162118400,NA,NA,1,NA,1,NA,NA,0,https://www.airbnb.com/rooms/1020872183162118422
1020887053313575600,$167.00,NA,2,1,1,1,NA,0,https://www.airbnb.com/rooms/1020887053313575493
1020901025557783600,$246.00,Neighborhood highlights,2,1,1,1,NA,0,https://www.airbnb.com/rooms/1020901025557783580
1021005399623276500,NA,NA,4,NA,1,NA,NA,0,https://www.airbnb.com/rooms/1021005399623276527
1021010229409461500,$46.00,NA,2,0,1,1,NA,0,https://www.airbnb.com/rooms/1021010229409461460
1021013444959094300,$46.00,NA,2,2,1,1,1,1,https://www.airbnb.com/rooms/1021013444959094279
1021014944535778400,$279.00,NA,4,1,1,1,4.67,18,https://www.airbnb.com/rooms/1021014944535778418
1021015857801148300,$46.00,NA,2,2,1,1,NA,0,https://www.airbnb.com/rooms/1021015857801148328
1021016864155006100,$46.00,NA,2,2,1,1,NA,0,https://www.airbnb.com/rooms/1021016864155006010
1021017708022970900,$46.00,NA,2,2,1,1,NA,0,https://www.airbnb.com/rooms/1021017708022970945
1021027858055889400,$435.00,NA,4,2,2,2,4.5,2,https://www.airbnb.com/rooms/1021027858055889487
1021029468800329600,$160.00,NA,2,1,1,1,3.67,3,https://www.airbnb.com/rooms/1021029468800329673
1021030732947967e3,$145.00,NA,2,1,1,1,4.67,3,https://www.airbnb.com/rooms/1021030732947967100
1021032022417935500,$125.00,NA,2,1,1,1,3.6,5,https://www.airbnb.com/rooms/1021032022417935457
1021034423810277900,$180.00,Neighborhood highlights,3,1,1,2,4,2,https://www.airbnb.com/rooms/1021034423810277993
10210772590729e5,$590.00,NA,7,1,3,3,4.43,21,https://www.airbnb.com/rooms/1021077259072899973
1021120228485048400,$383.00,Neighborhood highlights,8,2.5,3,5,4.53,15,https://www.airbnb.com/rooms/1021120228485048462
1021164225327910400,$695.00,Neighborhood highlights,6,3.5,3,3,NA,0,https://www.airbnb.com/rooms/1021164225327910374
1021164485336480300,"$1,403.00",Neighborhood highlights,8,3.5,3,5,NA,0,https://www.airbnb.com/rooms/1021164485336480356
1021167820214545700,$291.00,NA,4,1,1,2,4.69,16,https://www.airbnb.com/rooms/1021167820214545600
1021168907230123600,$255.00,Neighborhood highlights,6,1.5,2,3,4.56,16,https://www.airbnb.com/rooms/1021168907230123692
1021209119661167600,$99.00,NA,1,1,1,1,5,1,https://www.airbnb.com/rooms/1021209119661167704
1021301450026541300,$140.00,Neighborhood highlights,6,1,2,3,NA,0,https://www.airbnb.com/rooms/1021301450026541227
1021522122859441800,$387.00,Neighborhood highlights,4,1,2,2,NA,0,https://www.airbnb.com/rooms/1021522122859441709
1021522461924875500,$417.00,Neighborhood highlights,4,1,2,2,NA,0,https://www.airbnb.com/rooms/1021522461924875539
102162892830561e4,$127.00,NA,2,1,1,2,4.75,12,https://www.airbnb.com/rooms/1021628928305609941
1021671515623364900,$275.00,NA,5,1,2,6,4.93,15,https://www.airbnb.com/rooms/1021671515623364753
1021673646288051500,$57.00,NA,2,1,1,1,NA,0,https://www.airbnb.com/rooms/1021673646288051448
1021683047607804700,$57.00,NA,2,1,1,1,NA,0,https://www.airbnb.com/rooms/1021683047607804659
1021683783582284800,$57.00,NA,2,1,1,1,NA,0,https://www.airbnb.com/rooms/1021683783582284732
1021684488830957600,$57.00,NA,2,1,1,1,NA,0,https://www.airbnb.com/rooms/1021684488830957679
1021689516734315600,$160.00,NA,2,1,1,1,5,1,https://www.airbnb.com/rooms/1021689516734315706
1021708598191342200,$600.00,NA,5,1,1,3,4.85,27,https://www.airbnb.com/rooms/1021708598191342294
1021718635843619700,$310.00,Neighborhood highlights,3,2,3,3,NA,0,https://www.airbnb.com/rooms/1021718635843619656
1021725640792380300,$71.00,Neighborhood highlights,2,1,1,1,4.83,29,https://www.airbnb.com/rooms/1021725640792380276
1021729100823789600,$38.00,Neighborhood highlights,1,2,1,1,NA,0,https://www.airbnb.com/rooms/1021729100823789599
1021738415510509e3,$500.00,NA,6,2,3,6,4.83,6,https://www.airbnb.com/rooms/1021738415510509168
1021745616382179800,$221.00,Neighborhood highlights,6,1.5,3,4,NA,0,https://www.airbnb.com/rooms/1021745616382179873
1021746513536127e3,NA,NA,5,NA,2,NA,5,1,https://www.airbnb.com/rooms/1021746513536126960
1021772550827129e3,$520.00,NA,6,1,3,3,NA,0,https://www.airbnb.com/rooms/1021772550827128957
1021780587264573200,$599.00,Neighborhood highlights,4,2.5,2,2,NA,0,https://www.airbnb.com/rooms/1021780587264573107
1021816341440151e3,$135.00,NA,2,1,1,1,4.45,22,https://www.airbnb.com/rooms/1021816341440151111
1021879545748729700,$152.00,Neighborhood highlights,2,1,1,1,4.86,21,https://www.airbnb.com/rooms/1021879545748729721
1021965378817390700,$116.00,Neighborhood highlights,2,2,1,1,4.96,46,https://www.airbnb.com/rooms/1021965378817390715
1022311659837669e3,$200.00,Neighborhood highlights,2,2,2,3,5,7,https://www.airbnb.com/rooms/1022311659837669027
1022466230508584300,$320.00,Neighborhood highlights,2,1,1,1,NA,0,https://www.airbnb.com/rooms/1022466230508584338
1022483965679358600,$429.00,NA,6,1.5,2,3,5,41,https://www.airbnb.com/rooms/1022483965679358547
1022570041168235800,$140.00,NA,2,1,0,1,5,1,https://www.airbnb.com/rooms/1022570041168235900
1022776149513448400,$599.00,NA,6,1,3,2,4.69,13,https://www.airbnb.com/rooms/1022776149513448453
1022845408225467900,$209.00,Neighborhood highlights,4,1,1,1,NA,0,https://www.airbnb.com/rooms/1022845408225467847
1023066352401171500,$243.00,NA,8,1,2,4,4.67,3,https://www.airbnb.com/rooms/1023066352401171529
1023120530500601600,$104.00,NA,1,1,1,1,5,25,https://www.airbnb.com/rooms/1023120530500601598
1023157172581342500,$262.00,NA,4,1,1,2,4.58,12,https://www.airbnb.com/rooms/1023157172581342378
1023162259211795300,$100.00,NA,2,1.5,1,1,NA,0,https://www.airbnb.com/rooms/1023162259211795310
1023168045825060900,$160.00,Neighborhood highlights,2,1,0,1,NA,0,https://www.airbnb.com/rooms/1023168045825060857
1023191737507626200,$120.00,NA,2,1,1,1,NA,0,https://www.airbnb.com/rooms/1023191737507626213
1023284107526996200,$57.00,NA,2,1,1,1,NA,0,https://www.airbnb.com/rooms/1023284107526996225
1023295385990042800,$304.00,NA,12,1,2,6,4.39,18,https://www.airbnb.com/rooms/1023295385990042732
1023307480793588600,$319.00,Neighborhood highlights,7,1,2,6,4.57,14,https://www.airbnb.com/rooms/1023307480793588649
1023371010670890200,$60.00,NA,1,1,1,1,NA,0,https://www.airbnb.com/rooms/1023371010670890196
1023372202789075e3,NA,NA,2,NA,1,NA,NA,0,https://www.airbnb.com/rooms/1023372202789074885
1023405001961912800,$49.00,NA,2,1,1,1,4.5,2,https://www.airbnb.com/rooms/1023405001961912877
1023417053729543600,$173.00,NA,4,1,2,3,5,16,https://www.airbnb.com/rooms/1023417053729543490
1023483102236733300,$164.00,NA,8,1,3,3,NA,0,https://www.airbnb.com/rooms/1023483102236733270
1023494946501931800,$116.00,NA,4,1,1,2,4.73,22,https://www.airbnb.com/rooms/1023494946501931856
1023496163912515300,$362.00,NA,11,1,2,6,4.63,16,https://www.airbnb.com/rooms/1023496163912515326
1023496167449097100,$292.00,NA,12,1,2,7,4.41,22,https://www.airbnb.com/rooms/1023496167449097130
1023505747100752900,$286.00,Neighborhood highlights,2,1,1,1,4.78,9,https://www.airbnb.com/rooms/1023505747100753005
1023540539129642500,$115.00,Neighborhood highlights,2,1,1,1,NA,0,https://www.airbnb.com/rooms/1023540539129642573
1023555479605761300,$70.00,NA,2,1,1,1,4.81,21,https://www.airbnb.com/rooms/1023555479605761306
1023765160868287900,$130.00,NA,4,1,1,2,NA,0,https://www.airbnb.com/rooms/1023765160868287919
1023812249195453700,$345.00,Neighborhood highlights,4,0,1,2,NA,0,https://www.airbnb.com/rooms/1023812249195453762
1023834133507187500,$971.00,NA,6,2,2,2,NA,0,https://www.airbnb.com/rooms/1023834133507187483
1023834671313491500,$48.00,Neighborhood highlights,2,2.5,1,1,NA,0,https://www.airbnb.com/rooms/1023834671313491590
1023838903538631400,$48.00,Neighborhood highlights,2,2.5,1,1,5,1,https://www.airbnb.com/rooms/1023838903538631419
1023839987843494900,$48.00,Neighborhood highlights,2,2.5,1,1,NA,0,https://www.airbnb.com/rooms/1023839987843494925
1023841242268441900,$48.00,Neighborhood highlights,2,2.5,1,1,NA,0,https://www.airbnb.com/rooms/1023841242268441877
1023852772552357200,$285.00,Neighborhood highlights,2,1,1,1,NA,0,https://www.airbnb.com/rooms/1023852772552357244
1023859305815065e3,$116.00,NA,2,1,1,1,NA,0,https://www.airbnb.com/rooms/1023859305815064970
1023860576551144200,$571.00,NA,4,2,2,2,4.89,9,https://www.airbnb.com/rooms/1023860576551144172
1023880033177692200,$275.00,NA,5,1.5,2,5,4.8,15,https://www.airbnb.com/rooms/1023880033177692143
1023952951086559400,$167.00,NA,3,1,1,2,NA,0,https://www.airbnb.com/rooms/1023952951086559282
1023970560866832100,NA,NA,2,NA,1,NA,NA,0,https://www.airbnb.com/rooms/1023970560866832180
1024021467538288400,$90.00,NA,2,1,1,1,3.4,5,https://www.airbnb.com/rooms/1024021467538288329
1024046024450319500,$105.00,NA,2,1,0,1,5,4,https://www.airbnb.com/rooms/1024046024450319524
1024051110082921e3,$165.00,Neighborhood highlights,3,1,0,1,NA,0,https://www.airbnb.com/rooms/1024051110082920917
1024174702886524400,$70.00,NA,1,1.5,0,1,NA,0,https://www.airbnb.com/rooms/1024174702886524540
1024218171809513500,$260.00,NA,2,1,1,1,5,1,https://www.airbnb.com/rooms/1024218171809513483
1024268859099351300,$682.00,Neighborhood highlights,6,2,2,3,5,14,https://www.airbnb.com/rooms/1024268859099351308
1024325781317907500,$50.00,NA,4,1.5,1,1,NA,0,https://www.airbnb.com/rooms/1024325781317907514
1024508060055852e3,$90.00,Neighborhood highlights,1,2,1,1,1,1,https://www.airbnb.com/rooms/1024508060055852074
1024579782143488100,$76.00,Neighborhood highlights,2,1,1,2,NA,0,https://www.airbnb.com/rooms/1024579782143488211
1024602367703591200,$76.00,NA,1,1,1,1,NA,0,https://www.airbnb.com/rooms/1024602367703591268
1024603235202613e3,$371.00,NA,4,1,2,2,4.4,20,https://www.airbnb.com/rooms/1024603235202612986
1024611102410531800,$358.00,Neighborhood highlights,4,1,1,2,4.91,32,https://www.airbnb.com/rooms/1024611102410531795
1024672422554632300,$136.00,NA,3,1,2,3,NA,0,https://www.airbnb.com/rooms/1024672422554632351
1024672576570777700,$140.00,NA,4,1,1,1,NA,0,https://www.airbnb.com/rooms/1024672576570777825
1024700532219546800,$200.00,NA,3,1,1,2,NA,0,https://www.airbnb.com/rooms/1024700532219546768
1024702216606434300,$186.00,Neighborhood highlights,6,1,3,3,NA,0,https://www.airbnb.com/rooms/1024702216606434206
1024757757438009100,$80.00,NA,2,2,1,1,NA,0,https://www.airbnb.com/rooms/1024757757438009060
1024825444447674600,$599.00,Neighborhood highlights,5,1,2,4,4.22,9,https://www.airbnb.com/rooms/1024825444447674626
1024830600054824800,$97.00,NA,2,1,0,2,5,2,https://www.airbnb.com/rooms/1024830600054824762
1024966183191386400,$148.00,Neighborhood highlights,2,1,1,1,NA,0,https://www.airbnb.com/rooms/1024966183191386359
1024974485982352400,$78.00,NA,2,1,1,1,4.68,28,https://www.airbnb.com/rooms/1024974485982352326
1025026416481258e3,$743.00,NA,5,1,2,4,4.79,14,https://www.airbnb.com/rooms/1025026416481257890
1025052039517645800,$800.00,Neighborhood highlights,10,2,6,6,NA,0,https://www.airbnb.com/rooms/1025052039517645726
1025073150483139600,$197.00,NA,3,1,2,2,NA,0,https://www.airbnb.com/rooms/1025073150483139603
1025163662145828900,$88.00,NA,2,1,1,1,NA,0,https://www.airbnb.com/rooms/1025163662145828866
1025174521706766800,NA,Neighborhood highlights,4,NA,1,NA,NA,0,https://www.airbnb.com/rooms/1025174521706766836
1025195563531352200,$248.00,NA,3,1,1,2,NA,0,https://www.airbnb.com/rooms/1025195563531352222
1025196908687141800,$210.00,Neighborhood highlights,2,1,1,1,5,24,https://www.airbnb.com/rooms/1025196908687141792
1025204455815288200,$300.00,NA,3,1,1,1,NA,0,https://www.airbnb.com/rooms/1025204455815288168
1025276529065060900,$92.00,NA,6,1,2,2,NA,0,https://www.airbnb.com/rooms/1025276529065060825
1025313635554997900,$742.00,Neighborhood highlights,12,4.5,6,6,4.27,15,https://www.airbnb.com/rooms/1025313635554997991
1025373250192922400,NA,NA,1,NA,1,NA,NA,0,https://www.airbnb.com/rooms/1025373250192922404
1025391402617508600,$265.00,Neighborhood highlights,8,3.5,5,5,NA,0,https://www.airbnb.com/rooms/1025391402617508678
1025424243538257200,$259.00,NA,3,1,1,2,5,5,https://www.airbnb.com/rooms/1025424243538257181
1025453475394605800,$220.00,Neighborhood highlights,2,1,1,2,NA,0,https://www.airbnb.com/rooms/1025453475394605796
1025562306847191800,$92.00,Neighborhood highlights,1,1.5,1,1,4.88,51,https://www.airbnb.com/rooms/1025562306847191878
1025666312048449e3,$59.00,NA,4,1,1,2,NA,0,https://www.airbnb.com/rooms/1025666312048448890
1025674753621522200,$321.00,Neighborhood highlights,6,1,3,5,4.93,29,https://www.airbnb.com/rooms/1025674753621522316
1025708276206544e3,$296.00,NA,2,0,0,1,NA,0,https://www.airbnb.com/rooms/1025708276206544089
1025708690580656e3,$175.00,Neighborhood highlights,2,1,1,1,NA,0,https://www.airbnb.com/rooms/1025708690580656012
1025734531838511600,$184.00,NA,4,1,2,2,4.86,21,https://www.airbnb.com/rooms/1025734531838511626
1025810367409475200,$336.00,Neighborhood highlights,3,1,1,1,NA,0,https://www.airbnb.com/rooms/1025810367409475200
1025933594037670900,$197.00,NA,2,1,1,1,NA,0,https://www.airbnb.com/rooms/1025933594037670856
1025965247830923500,$138.00,NA,2,1,1,1,4.18,22,https://www.airbnb.com/rooms/1025965247830923591
1025974706561308900,$350.00,NA,4,1,2,2,NA,0,https://www.airbnb.com/rooms/1025974706561308918
1026009299854219400,$150.00,NA,2,1,1,1,NA,0,https://www.airbnb.com/rooms/1026009299854219304
1026012162793219800,NA,NA,3,NA,1,NA,NA,0,https://www.airbnb.com/rooms/1026012162793219908
1026036978395609600,$540.00,NA,4,2,2,2,4.77,22,https://www.airbnb.com/rooms/1026036978395609640
1026093383801867600,$100.00,NA,2,1,1,1,NA,0,https://www.airbnb.com/rooms/1026093383801867727
1026103008412085800,$191.00,NA,3,1,1,2,4.5,2,https://www.airbnb.com/rooms/1026103008412085829
1026135119577143700,NA,NA,3,NA,1,NA,5,2,https://www.airbnb.com/rooms/1026135119577143745
1026171552511575e3,$306.00,Neighborhood highlights,2,1,2,2,5,12,https://www.airbnb.com/rooms/1026171552511575057
1026192661049073800,NA,NA,12,NA,5,NA,4.18,11,https://www.airbnb.com/rooms/1026192661049073759
1026197489511178800,$385.00,NA,5,2,3,3,NA,0,https://www.airbnb.com/rooms/1026197489511178742
1026222232281055700,$299.00,Neighborhood highlights,4,1,2,2,5,17,https://www.airbnb.com/rooms/1026222232281055628
1026374295595084700,$110.00,NA,3,1,1,3,5,3,https://www.airbnb.com/rooms/1026374295595084575
1026414843857482100,$213.00,Neighborhood highlights,2,1,1,1,4.36,154,https://www.airbnb.com/rooms/1026414843857482028
1026443970774362100,$170.00,Neighborhood highlights,2,1.5,1,1,4.88,17,https://www.airbnb.com/rooms/1026443970774362027
1026476003967845400,$79.00,NA,7,2,4,5,NA,0,https://www.airbnb.com/rooms/1026476003967845517
1026494883611436e3,$167.00,Neighborhood highlights,2,1.5,1,1,4.75,12,https://www.airbnb.com/rooms/1026494883611436012
1026501723048148600,$500.00,Neighborhood highlights,8,2,4,4,NA,0,https://www.airbnb.com/rooms/1026501723048148668
1026514914541986800,$400.00,NA,5,2,2,2,NA,0,https://www.airbnb.com/rooms/1026514914541986801
1026522391415824e3,$500.00,Neighborhood highlights,5,2,2,2,NA,0,https://www.airbnb.com/rooms/1026522391415823961
1026528372772135e3,$498.00,NA,6,2,3,3,NA,0,https://www.airbnb.com/rooms/1026528372772135054
1026535802424894100,$570.00,Neighborhood highlights,5,2,2,2,NA,0,https://www.airbnb.com/rooms/1026535802424894113
1026733759781898400,$207.00,NA,3,1,1,1,NA,0,https://www.airbnb.com/rooms/1026733759781898432
1026735701575995100,$244.00,NA,3,1,1,1,NA,0,https://www.airbnb.com/rooms/1026735701575995237
1026759746975641500,"$1,299.00",NA,4,2,1,2,4,1,https://www.airbnb.com/rooms/1026759746975641390
1026784114719919600,NA,Neighborhood highlights,5,NA,2,NA,NA,0,https://www.airbnb.com/rooms/1026784114719919750
1026784344288239100,"$2,000.00",Neighborhood highlights,6,4,3,3,NA,0,https://www.airbnb.com/rooms/1026784344288238995
102678955591085e4,NA,NA,1,NA,NA,NA,NA,0,https://www.airbnb.com/rooms/1026789555910850035
1026844802266255500,$100.00,Neighborhood highlights,2,1,1,1,4.29,7,https://www.airbnb.com/rooms/1026844802266255599
1026848786692197900,$100.00,Neighborhood highlights,4,1,1,2,NA,0,https://www.airbnb.com/rooms/1026848786692197990
1026930869517663700,$423.00,Neighborhood highlights,2,1,1,1,NA,0,https://www.airbnb.com/rooms/1026930869517663727
1026932842296933400,$84.00,Neighborhood highlights,4,1,2,2,5,1,https://www.airbnb.com/rooms/1026932842296933504
1.0269582004402801e+18,$387.00,NA,4,2,2,2,4.67,6,https://www.airbnb.com/rooms/1026958200440279982
1026958598499558300,$591.00,Neighborhood highlights,4,1,2,2,5,1,https://www.airbnb.com/rooms/1026958598499558284
1026977344432175100,$525.00,Neighborhood highlights,10,4,5,5,4.75,16,https://www.airbnb.com/rooms/1026977344432175035
1027032751654217100,$96.00,Neighborhood highlights,2,1,1,2,4,1,https://www.airbnb.com/rooms/1027032751654217105
1027191919081337500,$496.00,NA,7,2,5,5,5,35,https://www.airbnb.com/rooms/1027191919081337511
1027439086951798900,$400.00,NA,3,1,1,1,NA,0,https://www.airbnb.com/rooms/1027439086951798876
1027449598019724700,$42.00,NA,1,3,5,1,NA,0,https://www.airbnb.com/rooms/1027449598019724589
1027478448890543400,$135.00,NA,2,1,1,1,4.82,11,https://www.airbnb.com/rooms/1027478448890543432
1027509804398931300,$78.00,NA,2,1,1,1,NA,0,https://www.airbnb.com/rooms/1027509804398931423
1027510159674561200,$57.00,NA,2,1,1,1,5,5,https://www.airbnb.com/rooms/1027510159674561055
1027513163797598700,$450.00,NA,5,1,2,3,5,1,https://www.airbnb.com/rooms/1027513163797598666
1027518763993844200,$180.00,NA,2,1,2,1,NA,0,https://www.airbnb.com/rooms/1027518763993844240
1027584986416828e3,$74.00,Neighborhood highlights,2,1.5,1,1,4.72,29,https://www.airbnb.com/rooms/1027584986416827955
1027588197936425e3,$53.00,NA,2,1.5,3,1,4.67,3,https://www.airbnb.com/rooms/1027588197936424968
1027701615187934100,$193.00,Neighborhood highlights,4,1,1,2,4.5,34,https://www.airbnb.com/rooms/1027701615187934146
1027775162141297300,$349.00,NA,4,1,1,2,5,9,https://www.airbnb.com/rooms/1027775162141297216
1027900016272429400,$68.00,NA,1,1,1,1,NA,0,https://www.airbnb.com/rooms/1027900016272429450
1027914423042929700,NA,Neighborhood highlights,3,NA,1,NA,NA,0,https://www.airbnb.com/rooms/1027914423042929523
1028190903595145700,$350.00,NA,4,2,2,2,NA,0,https://www.airbnb.com/rooms/1028190903595145736
1028210591958989400,$169.00,NA,4,1,2,4,4.89,19,https://www.airbnb.com/rooms/1028210591958989521
1028322429577330200,$211.00,NA,2,1,2,2,5,1,https://www.airbnb.com/rooms/1028322429577330288
1028341381102136600,$127.00,NA,2,1,1,2,5,23,https://www.airbnb.com/rooms/1028341381102136591
1028405007295411700,$60.00,NA,2,1,1,1,NA,0,https://www.airbnb.com/rooms/1028405007295411708
1028415054810929900,$120.00,NA,3,1,2,2,NA,0,https://www.airbnb.com/rooms/1028415054810929922
1028470137032892800,$236.00,Neighborhood highlights,5,1,2,2,4.67,21,https://www.airbnb.com/rooms/1028470137032892866
1028641003993601900,$799.00,Neighborhood highlights,5,1,2,4,4.81,21,https://www.airbnb.com/rooms/1028641003993601924
1028809650440492500,NA,Neighborhood highlights,4,NA,2,NA,5,1,https://www.airbnb.com/rooms/1028809650440492488
1028813169737432200,$321.00,Neighborhood highlights,4,2,2,2,5,1,https://www.airbnb.com/rooms/1028813169737432170
1028813583299578800,$236.00,Neighborhood highlights,2,1,0,1,NA,0,https://www.airbnb.com/rooms/1028813583299578691
1028814409197583100,$246.00,Neighborhood highlights,2,1,0,1,NA,0,https://www.airbnb.com/rooms/1028814409197583111
1028815015986066700,$423.00,Neighborhood highlights,2,1,1,1,NA,0,https://www.airbnb.com/rooms/1028815015986066730
1028834725459414500,$330.00,NA,2,1,0,2,4,2,https://www.airbnb.com/rooms/1028834725459414626
1028910710718335500,$116.00,NA,2,1,0,1,5,1,https://www.airbnb.com/rooms/1028910710718335538
1028911317064514400,$78.00,NA,2,1,1,1,NA,0,https://www.airbnb.com/rooms/1028911317064514408
1028921718566728300,$94.00,NA,2,1,0,1,5,4,https://www.airbnb.com/rooms/1028921718566728320
1029014883885504100,$66.00,NA,1,1,1,1,NA,0,https://www.airbnb.com/rooms/1029014883885504130
1029019279588298800,$943.00,Neighborhood highlights,6,2,3,3,5,3,https://www.airbnb.com/rooms/1029019279588298736
1029024468197803800,"$1,000.00",NA,2,2,1,1,4.43,7,https://www.airbnb.com/rooms/1029024468197803771
1029047003692025900,$131.00,NA,4,1,1,2,4.75,12,https://www.airbnb.com/rooms/1029047003692025876
1029083325973056300,NA,NA,4,NA,2,NA,NA,0,https://www.airbnb.com/rooms/1029083325973056321
1029119321407305700,$439.00,Neighborhood highlights,2,1,1,1,NA,0,https://www.airbnb.com/rooms/1029119321407305746
1029125365022473600,$699.00,Neighborhood highlights,2,1,1,2,NA,0,https://www.airbnb.com/rooms/1029125365022473668
1029128244805089300,$482.00,Neighborhood highlights,2,1,1,1,NA,0,https://www.airbnb.com/rooms/1029128244805089224
1029145949717644e3,$262.00,Neighborhood highlights,2,1,1,1,5,1,https://www.airbnb.com/rooms/1029145949717644011
1029190475492733700,$115.00,NA,2,1,1,1,NA,0,https://www.airbnb.com/rooms/1029190475492733848
1029201521330186400,$180.00,Neighborhood highlights,4,1,1,1,NA,0,https://www.airbnb.com/rooms/1029201521330186475
1029225223078376700,$83.00,NA,2,2,1,1,5,1,https://www.airbnb.com/rooms/1029225223078376597
1029250569852928800,NA,NA,2,NA,1,NA,5,2,https://www.airbnb.com/rooms/1029250569852928766
1029256490418151600,$158.00,Neighborhood highlights,3,1,1,1,5,4,https://www.airbnb.com/rooms/1029256490418151453
1029295837063683200,$155.00,NA,4,1,2,2,NA,0,https://www.airbnb.com/rooms/1029295837063683276
1029317224873552500,$436.00,Neighborhood highlights,3,1,1,2,4.94,18,https://www.airbnb.com/rooms/1029317224873552477
1029345398151084500,$80.00,NA,2,1,1,1,NA,0,https://www.airbnb.com/rooms/1029345398151084401
1029490111259601400,$359.00,Neighborhood highlights,2,1,1,1,NA,0,https://www.airbnb.com/rooms/1029490111259601395
1029490519115427800,$410.00,Neighborhood highlights,2,1,1,1,NA,0,https://www.airbnb.com/rooms/1029490519115427865
1029490902663794400,$288.00,Neighborhood highlights,2,1.5,1,1,NA,0,https://www.airbnb.com/rooms/1029490902663794403
1029497609134512900,$160.00,Neighborhood highlights,8,1,1,4,4.42,31,https://www.airbnb.com/rooms/1029497609134512892
1029620198302153600,$114.00,NA,2,1,1,1,5,1,https://www.airbnb.com/rooms/1029620198302153579
1029666092532042200,$176.00,NA,4,1,2,3,NA,0,https://www.airbnb.com/rooms/1029666092532042199
1029667278109157200,$672.00,Neighborhood highlights,4,2,2,2,NA,0,https://www.airbnb.com/rooms/1029667278109157347
1029667664595611100,$469.00,Neighborhood highlights,4,2,2,2,5,1,https://www.airbnb.com/rooms/1029667664595611155
1029680267172423600,$546.00,NA,4,2,1,1,NA,0,https://www.airbnb.com/rooms/1029680267172423523
1029692543095350900,$699.00,NA,2,2,3,4,NA,0,https://www.airbnb.com/rooms/1029692543095350940
1029713156755566200,$366.00,Neighborhood highlights,2,1,1,1,NA,0,https://www.airbnb.com/rooms/1029713156755566284
1029718396636573600,$171.00,NA,2,1,1,1,4.88,16,https://www.airbnb.com/rooms/1029718396636573541
1029752862113650400,"$1,359.00",Neighborhood highlights,8,2,2,4,NA,0,https://www.airbnb.com/rooms/1029752862113650417
1029753759407075600,"$2,099.00",Neighborhood highlights,12,3,3,6,NA,0,https://www.airbnb.com/rooms/1029753759407075573
1029766290483905400,"$1,329.00",Neighborhood highlights,4,2,2,4,4,1,https://www.airbnb.com/rooms/1029766290483905399
1029768051755117300,NA,Neighborhood highlights,8,NA,2,NA,5,2,https://www.airbnb.com/rooms/1029768051755117319
1029768598914791e3,"$1,989.00",Neighborhood highlights,6,3,3,6,NA,0,https://www.airbnb.com/rooms/1029768598914791090
1029776177395261700,$608.00,Neighborhood highlights,4,1,1,2,5,14,https://www.airbnb.com/rooms/1029776177395261809
1029780342115548800,"$1,000.00",Neighborhood highlights,2,1,1,1,5,2,https://www.airbnb.com/rooms/1029780342115548841
1029782386124916200,NA,Neighborhood highlights,16,NA,4,NA,NA,0,https://www.airbnb.com/rooms/1029782386124916209
1029783191207154700,$999.00,Neighborhood highlights,4,1,1,2,NA,0,https://www.airbnb.com/rooms/1029783191207154739
1029784745310419100,NA,Neighborhood highlights,12,NA,3,NA,NA,0,https://www.airbnb.com/rooms/1029784745310419064
1029785704960687200,NA,Neighborhood highlights,8,NA,2,NA,NA,0,https://www.airbnb.com/rooms/1029785704960687132
1029786811859120900,$156.00,Neighborhood highlights,2,1,1,1,3.2,5,https://www.airbnb.com/rooms/1029786811859120909
1029788009072086900,NA,Neighborhood highlights,2,NA,1,NA,3.52,21,https://www.airbnb.com/rooms/1029788009072086826
1029788315391617e3,NA,Neighborhood highlights,4,NA,1,NA,NA,0,https://www.airbnb.com/rooms/1029788315391616960
1029788344197600600,"$1,999.00",Neighborhood highlights,8,2,2,4,NA,0,https://www.airbnb.com/rooms/1029788344197600674
1029788769268261600,NA,Neighborhood highlights,2,NA,1,NA,5,1,https://www.airbnb.com/rooms/1029788769268261570
1029791210554209500,"$1,999.00",Neighborhood highlights,12,3,3,6,NA,0,https://www.airbnb.com/rooms/1029791210554209668
1029806211924798600,$249.00,NA,4,1,2,3,5,2,https://www.airbnb.com/rooms/1029806211924798500
1029826470944994800,$262.00,Neighborhood highlights,3,1,1,3,4,1,https://www.airbnb.com/rooms/1029826470944994863
1029842578987641500,$98.00,Neighborhood highlights,3,1,1,1,NA,0,https://www.airbnb.com/rooms/1029842578987641473
1029872184146517600,$275.00,Neighborhood highlights,3,1,1,1,4.79,19,https://www.airbnb.com/rooms/1029872184146517556
1029872939778153200,$73.00,NA,1,1.5,1,1,NA,0,https://www.airbnb.com/rooms/1029872939778153250
1029976818835713800,$225.00,NA,6,1,2,3,NA,0,https://www.airbnb.com/rooms/1029976818835713765
1029993985161821300,$300.00,NA,10,1,3,5,NA,0,https://www.airbnb.com/rooms/1029993985161821317
1030004105389009400,$200.00,NA,6,1,2,3,NA,0,https://www.airbnb.com/rooms/1030004105389009501
1030038657520362200,$471.00,NA,6,1,3,4,4.94,16,https://www.airbnb.com/rooms/1030038657520362227
1030041934802208500,$697.00,NA,7,2,2,3,4.5,22,https://www.airbnb.com/rooms/1030041934802208436
1030200329635352800,"$1,455.00",Neighborhood highlights,6,2,3,4,4.88,8,https://www.airbnb.com/rooms/1030200329635352743
1030353300340142300,$268.00,Neighborhood highlights,2,1,1,1,NA,0,https://www.airbnb.com/rooms/1030353300340142449
1030353867053493800,$377.00,Neighborhood highlights,2,1,1,1,NA,0,https://www.airbnb.com/rooms/1030353867053493764
103039012731213e4,$60.00,NA,2,1,1,1,NA,0,https://www.airbnb.com/rooms/1030390127312130098
1030425415018545700,NA,Neighborhood highlights,4,NA,2,NA,NA,0,https://www.airbnb.com/rooms/1030425415018545602
1030425579171510500,$355.00,NA,3,1,1,1,NA,0,https://www.airbnb.com/rooms/1030425579171510616
1030471955409301e3,$111.00,Neighborhood highlights,3,1,1,2,4.89,46,https://www.airbnb.com/rooms/1030471955409301019
1030485845671429100,$950.00,Neighborhood highlights,8,2,3,5,4.93,14,https://www.airbnb.com/rooms/1030485845671429046
1030503494042831500,$225.00,NA,4,1,2,3,NA,0,https://www.airbnb.com/rooms/1030503494042831518
1030521032786848100,$679.00,Neighborhood highlights,4,1,1,2,NA,0,https://www.airbnb.com/rooms/1030521032786848110
1030582663901645300,$162.00,Neighborhood highlights,2,1,1,1,4,1,https://www.airbnb.com/rooms/1030582663901645263
1030583783320300200,$199.00,NA,3,1,2,2,NA,0,https://www.airbnb.com/rooms/1030583783320300121
1030599882030483e3,NA,Neighborhood highlights,4,NA,2,NA,NA,0,https://www.airbnb.com/rooms/1030599882030482842
1030617941912077300,$94.00,NA,3,2,1,2,4.51,35,https://www.airbnb.com/rooms/1030617941912077262
1030650922261003600,$56.00,NA,1,1,1,1,4.8,5,https://www.airbnb.com/rooms/1030650922261003754
1030672400790104600,$162.00,Neighborhood highlights,2,1,1,1,NA,0,https://www.airbnb.com/rooms/1030672400790104576
1030672401840244200,$187.00,Neighborhood highlights,2,1,1,1,NA,0,https://www.airbnb.com/rooms/1030672401840244130
1030672403793966700,$208.00,Neighborhood highlights,4,1,1,2,5,1,https://www.airbnb.com/rooms/1030672403793966731
1030672898968436500,$190.00,Neighborhood highlights,4,1,1,2,5,1,https://www.airbnb.com/rooms/1030672898968436435
1030683669627618400,NA,Neighborhood highlights,3,NA,1,NA,NA,0,https://www.airbnb.com/rooms/1030683669627618471
1030685267791772800,$42.00,NA,2,1,1,1,5,1,https://www.airbnb.com/rooms/1030685267791772863
103068568201874e4,$42.00,NA,2,1,1,1,NA,0,https://www.airbnb.com/rooms/1030685682018740063
1030694308611893600,$225.00,NA,2,1,1,1,4.18,11,https://www.airbnb.com/rooms/1030694308611893649
1031072658802970400,$210.00,NA,2,1,1,1,5,1,https://www.airbnb.com/rooms/1031072658802970399
1031098062491609900,NA,NA,4,NA,NA,NA,NA,0,https://www.airbnb.com/rooms/1031098062491609876
1031243845273593600,$173.00,NA,2,1,0,1,NA,0,https://www.airbnb.com/rooms/1031243845273593604
1031252846776033200,NA,Neighborhood highlights,2,NA,NA,NA,4.88,8,https://www.airbnb.com/rooms/1031252846776033127
1031292829310481900,$246.00,Neighborhood highlights,4,1,1,1,4.89,19,https://www.airbnb.com/rooms/1031292829310481951
1031358028061090300,$52.00,Neighborhood highlights,1,1,1,1,NA,0,https://www.airbnb.com/rooms/1031358028061090172
1031826486238321800,NA,Neighborhood highlights,2,NA,1,NA,NA,0,https://www.airbnb.com/rooms/1031826486238321728
1031826859936033400,$343.00,Neighborhood highlights,2,1,1,1,NA,0,https://www.airbnb.com/rooms/1031826859936033507
1031837294459610400,NA,Neighborhood highlights,2,NA,1,NA,NA,0,https://www.airbnb.com/rooms/1031837294459610415
1031916975423945500,$696.00,Neighborhood highlights,8,1.5,3,6,5,21,https://www.airbnb.com/rooms/1031916975423945485
1031939039066588900,$291.00,Neighborhood highlights,3,1,1,2,4.54,13,https://www.airbnb.com/rooms/1031939039066588901
1031946120767086300,$128.00,NA,3,1,1,3,5,3,https://www.airbnb.com/rooms/1031946120767086375
1032009395283146800,$206.00,NA,5,1,1,2,3.64,11,https://www.airbnb.com/rooms/1032009395283146719
1032050920306794e3,$625.00,NA,4,1,2,2,NA,0,https://www.airbnb.com/rooms/1032050920306793855
1032106564091058e3,$100.00,NA,2,1,1,1,NA,0,https://www.airbnb.com/rooms/1032106564091058063
1032147578502609900,$115.00,NA,1,1,1,1,NA,0,https://www.airbnb.com/rooms/1032147578502609870
1032256734634216800,$56.00,NA,1,1,1,1,NA,0,https://www.airbnb.com/rooms/1032256734634216859
1032513943516521500,$98.00,NA,2,2,1,2,NA,0,https://www.airbnb.com/rooms/1032513943516521434
1032521488757917600,$38.00,NA,1,2,1,1,4,1,https://www.airbnb.com/rooms/1032521488757917553
1032533524834002e3,$135.00,Neighborhood highlights,2,1,1,1,5,3,https://www.airbnb.com/rooms/1032533524834002025
1032588014995598200,$400.00,NA,4,1,3,3,NA,0,https://www.airbnb.com/rooms/1032588014995598223
1032595939060462100,$618.00,Neighborhood highlights,8,3,4,4,NA,0,https://www.airbnb.com/rooms/1032595939060462118
1032596032924282100,$289.00,Neighborhood highlights,6,2,3,3,NA,0,https://www.airbnb.com/rooms/1032596032924282144
1032596168777495e3,$178.00,Neighborhood highlights,3,1,0,1,NA,0,https://www.airbnb.com/rooms/1032596168777494960
1032596208836249100,$213.00,Neighborhood highlights,3,1,1,1,5,1,https://www.airbnb.com/rooms/1032596208836249157
1032727700749663500,$210.00,NA,4,1,2,2,NA,0,https://www.airbnb.com/rooms/1032727700749663580
1032770163786528e3,$104.00,Neighborhood highlights,3,1,0,1,4.09,23,https://www.airbnb.com/rooms/1032770163786528060
1032844645357836200,$70.00,NA,2,1,0,1,5,2,https://www.airbnb.com/rooms/1032844645357836115
1032875325263161100,$74.00,Neighborhood highlights,2,1.5,1,1,4.59,32,https://www.airbnb.com/rooms/1032875325263161073
1032905729887293400,$286.00,NA,5,1,0,2,4.9,10,https://www.airbnb.com/rooms/1032905729887293427
1032927026252673300,$71.00,NA,4,1,1,1,5,1,https://www.airbnb.com/rooms/1032927026252673202
1032976367040053800,$43.00,NA,1,3,1,6,NA,0,https://www.airbnb.com/rooms/1032976367040053791
1033019798667589200,$357.00,Neighborhood highlights,5,2,2,2,NA,0,https://www.airbnb.com/rooms/1033019798667589326
1033057963245388200,$660.00,NA,9,2,3,4,4.74,38,https://www.airbnb.com/rooms/1033057963245388126
1033249805311125200,$55.00,NA,1,1,1,1,4.75,4,https://www.airbnb.com/rooms/1033249805311125317
1033294176547081200,$199.00,Neighborhood highlights,2,1.5,1,1,5,1,https://www.airbnb.com/rooms/1033294176547081250
1033365539141147400,$288.00,Neighborhood highlights,6,1,3,4,4.91,23,https://www.airbnb.com/rooms/1033365539141147355
1033389540368464800,$282.00,NA,4,1,2,2,5,20,https://www.airbnb.com/rooms/1033389540368464794
1033389545711986e3,$524.00,Neighborhood highlights,7,2,3,3,4.67,6,https://www.airbnb.com/rooms/1033389545711986112
1033470915146859500,$174.00,Neighborhood highlights,2,1,1,2,NA,0,https://www.airbnb.com/rooms/1033470915146859463
1033527197628685e3,$130.00,NA,3,1,1,2,NA,0,https://www.airbnb.com/rooms/1033527197628685189
1033555318888190800,$280.00,Neighborhood highlights,4,2,2,2,NA,0,https://www.airbnb.com/rooms/1033555318888190858
1033563488863149600,$129.00,Neighborhood highlights,2,1,1,1,4.87,15,https://www.airbnb.com/rooms/1033563488863149569
1033569522990106100,"$1,015.00",Neighborhood highlights,5,2,2,2,4.64,11,https://www.airbnb.com/rooms/1033569522990106101
1033594152124762900,$110.00,NA,2,1,0,1,NA,0,https://www.airbnb.com/rooms/1033594152124762800
1033633370292103800,$128.00,NA,2,1,1,1,NA,0,https://www.airbnb.com/rooms/1033633370292103864
1033665025367277300,$611.00,Neighborhood highlights,5,1,2,4,4.81,16,https://www.airbnb.com/rooms/1033665025367277341
1033917283828287500,NA,Neighborhood highlights,2,NA,1,NA,NA,0,https://www.airbnb.com/rooms/1033917283828287582
1033917656236769900,NA,Neighborhood highlights,2,NA,1,NA,NA,0,https://www.airbnb.com/rooms/1033917656236769965
1033917984737819500,NA,Neighborhood highlights,2,NA,1,NA,NA,0,https://www.airbnb.com/rooms/1033917984737819474
1033918338174422500,$409.00,Neighborhood highlights,2,1,1,1,NA,0,https://www.airbnb.com/rooms/1033918338174422544
1033918654686101200,$414.00,Neighborhood highlights,2,1,1,1,NA,0,https://www.airbnb.com/rooms/1033918654686101310
1033928058346993800,$200.00,Neighborhood highlights,2,1,2,1,5,2,https://www.airbnb.com/rooms/1033928058346993729
1033953863075333400,$40.00,Neighborhood highlights,2,1,1,1,NA,0,https://www.airbnb.com/rooms/1033953863075333478
1033955559027329300,$323.00,Neighborhood highlights,2,1,1,1,NA,0,https://www.airbnb.com/rooms/1033955559027329334
1033965000448003100,$382.00,NA,3,1,1,1,NA,0,https://www.airbnb.com/rooms/1033965000448003107
1034015845992979200,$100.00,Neighborhood highlights,10,2.5,4,6,NA,0,https://www.airbnb.com/rooms/1034015845992979230
1034022739469997400,$306.00,NA,4,2,2,2,2,1,https://www.airbnb.com/rooms/1034022739469997420
1034100855619075100,$100.00,NA,2,1,1,1,4.38,24,https://www.airbnb.com/rooms/1034100855619075023
1034106373368010900,$300.00,NA,3,1,2,1,4.52,27,https://www.airbnb.com/rooms/1034106373368010940
1034113003712981800,$263.00,NA,3,1,2,3,4.87,31,https://www.airbnb.com/rooms/1034113003712981730
1034121875324577900,$156.00,Neighborhood highlights,2,1,1,1,4.5,4,https://www.airbnb.com/rooms/1034121875324577879
1034127602506575100,$350.00,NA,6,1.5,3,3,5,1,https://www.airbnb.com/rooms/1034127602506574999
1034128450049103100,$230.00,Neighborhood highlights,3,1,1,1,NA,0,https://www.airbnb.com/rooms/1034128450049103094
1034136403171388400,$81.00,NA,2,1,1,1,NA,0,https://www.airbnb.com/rooms/1034136403171388569
1034220186060069400,$108.00,NA,1,1,1,1,4.47,53,https://www.airbnb.com/rooms/1034220186060069422
1034235578841143800,$242.00,Neighborhood highlights,5,2,2,3,5,3,https://www.airbnb.com/rooms/1034235578841143848
1034266243065937300,$150.00,NA,4,1.5,2,0,NA,0,https://www.airbnb.com/rooms/1034266243065937291
1034300687284510200,NA,NA,2,NA,NA,NA,NA,0,https://www.airbnb.com/rooms/1034300687284510255
1034325119213422300,$109.00,Neighborhood highlights,2,1,1,1,4.5,4,https://www.airbnb.com/rooms/1034325119213422367
1034331064246329900,$109.00,Neighborhood highlights,2,1,1,1,5,6,https://www.airbnb.com/rooms/1034331064246329985
1034434505251215200,$189.00,Neighborhood highlights,3,1,1,1,NA,0,https://www.airbnb.com/rooms/1034434505251215260
1034533363706380700,$404.00,Neighborhood highlights,2,1,1,1,NA,0,https://www.airbnb.com/rooms/1034533363706380653
1034533673223544300,$235.00,Neighborhood highlights,2,1,0,1,NA,0,https://www.airbnb.com/rooms/1034533673223544322
1034533949807489500,$362.00,Neighborhood highlights,2,1,1,1,NA,0,https://www.airbnb.com/rooms/1034533949807489629
1034534236829242200,$393.00,Neighborhood highlights,2,1,1,1,NA,0,https://www.airbnb.com/rooms/1034534236829242309
1034541655179025400,$57.00,NA,2,1.5,1,1,5,1,https://www.airbnb.com/rooms/1034541655179025504
1034691698661457900,"$1,433.00",Neighborhood highlights,6,2,2,2,5,13,https://www.airbnb.com/rooms/1034691698661457882
1034736556236283400,$100.00,NA,2,1,1,1,NA,0,https://www.airbnb.com/rooms/1034736556236283340
1034749271994348900,NA,Neighborhood highlights,14,NA,7,NA,4.71,7,https://www.airbnb.com/rooms/1034749271994349012
1034752543782836400,$420.00,NA,4,2,2,2,NA,0,https://www.airbnb.com/rooms/1034752543782836355
1034758738622981100,$208.00,Neighborhood highlights,2,1,1,1,NA,0,https://www.airbnb.com/rooms/1034758738622981057
1034762851428251e3,$213.00,Neighborhood highlights,2,1,1,1,4.57,35,https://www.airbnb.com/rooms/1034762851428251097
1034780207806976600,$57.00,Neighborhood highlights,1,1,1,1,NA,0,https://www.airbnb.com/rooms/1034780207806976583
1034787269959098800,$92.00,NA,2,1,1,1,4.96,26,https://www.airbnb.com/rooms/1034787269959098719
1034798864409873300,"$1,672.00",Neighborhood highlights,5,2,3,3,4.71,7,https://www.airbnb.com/rooms/1034798864409873274
1034804598785667100,$70.00,NA,1,1,1,1,NA,0,https://www.airbnb.com/rooms/1034804598785667117
1034810015156631800,$121.00,NA,2,1,2,4,NA,0,https://www.airbnb.com/rooms/1034810015156631878
1034870717937153900,$237.00,Neighborhood highlights,5,1,2,2,5,1,https://www.airbnb.com/rooms/1034870717937153927
1034878442347631900,$551.00,Neighborhood highlights,12,2,6,6,5,6,https://www.airbnb.com/rooms/1034878442347631899
1034897833823176800,$499.00,NA,4,1,2,2,4.63,16,https://www.airbnb.com/rooms/1034897833823176761
1034915633546378100,$120.00,NA,2,1,0,1,NA,0,https://www.airbnb.com/rooms/1034915633546378150
1034962239819796400,$67.00,Neighborhood highlights,2,1,1,2,NA,0,https://www.airbnb.com/rooms/1034962239819796348
1034977854572102700,$50.00,NA,2,1,1,1,NA,0,https://www.airbnb.com/rooms/1034977854572102778
1035063789755603500,$130.00,NA,2,1,1,1,4.33,15,https://www.airbnb.com/rooms/1035063789755603504
1035076510299200100,$65.00,NA,2,1,1,1,NA,0,https://www.airbnb.com/rooms/1035076510299200218
1035243405969732600,$416.00,NA,8,2.5,3,5,4.97,29,https://www.airbnb.com/rooms/1035243405969732653
1035362823116379600,NA,Neighborhood highlights,2,NA,1,NA,NA,0,https://www.airbnb.com/rooms/1035362823116379718
1035363170136485800,$304.00,Neighborhood highlights,2,1,1,1,NA,0,https://www.airbnb.com/rooms/1035363170136485747
1035370368418119800,$306.00,Neighborhood highlights,2,1,1,1,1,1,https://www.airbnb.com/rooms/1035370368418119898
1035373871473298400,$242.00,Neighborhood highlights,2,1,0,1,NA,0,https://www.airbnb.com/rooms/1035373871473298400
1035374176350450400,$425.00,Neighborhood highlights,2,1,1,1,NA,0,https://www.airbnb.com/rooms/1035374176350450478
1035374494082987e3,$369.00,Neighborhood highlights,2,1,1,1,NA,0,https://www.airbnb.com/rooms/1035374494082986986
1035374774860667600,$326.00,Neighborhood highlights,2,1,1,1,NA,0,https://www.airbnb.com/rooms/1035374774860667619
1035375082790489e3,$387.00,Neighborhood highlights,2,1,1,1,NA,0,https://www.airbnb.com/rooms/1035375082790489047
1035375383695403e3,$326.00,Neighborhood highlights,2,1,1,1,NA,0,https://www.airbnb.com/rooms/1035375383695403072
1035433294591240300,$132.00,Neighborhood highlights,2,2.5,1,1,NA,0,https://www.airbnb.com/rooms/1035433294591240366
1035503974195948500,$851.00,NA,6,1,2,2,NA,0,https://www.airbnb.com/rooms/1035503974195948507
1035513445878037900,$657.00,Neighborhood highlights,6,2,3,4,4.91,22,https://www.airbnb.com/rooms/1035513445878037862
1035513737232864800,NA,Neighborhood highlights,2,NA,1,NA,NA,0,https://www.airbnb.com/rooms/1035513737232864814
1035516094065706400,$188.00,Neighborhood highlights,2,1,0,1,NA,0,https://www.airbnb.com/rooms/1035516094065706441
1035641818891250200,$651.00,NA,9,2,3,4,4.57,35,https://www.airbnb.com/rooms/1035641818891250209
1035678410792275e3,$349.00,NA,3,1,1,1,4.93,15,https://www.airbnb.com/rooms/1035678410792274896
1035743714651974300,$104.00,NA,1,1,1,1,4.84,37,https://www.airbnb.com/rooms/1035743714651974279
1035830390935280600,$158.00,NA,2,1,1,1,NA,0,https://www.airbnb.com/rooms/1035830390935280687
1035939598377691e3,$294.00,Neighborhood highlights,2,1,1,1,NA,0,https://www.airbnb.com/rooms/1035939598377691112
1035940332981870600,$263.00,Neighborhood highlights,2,1,1,1,NA,0,https://www.airbnb.com/rooms/1035940332981870594
1035940967027764700,$263.00,Neighborhood highlights,2,1,1,1,NA,0,https://www.airbnb.com/rooms/1035940967027764765
1035941494843178200,$328.00,Neighborhood highlights,2,1,1,1,NA,0,https://www.airbnb.com/rooms/1035941494843178212
1035961933887794e3,$499.00,Neighborhood highlights,6,2,2,2,4.79,29,https://www.airbnb.com/rooms/1035961933887794067
1035989311928410800,$80.00,NA,1,2,1,1,NA,0,https://www.airbnb.com/rooms/1035989311928410756
1036091192250653300,NA,Neighborhood highlights,2,NA,1,NA,NA,0,https://www.airbnb.com/rooms/1036091192250653304
1036133789600061700,$208.00,Neighborhood highlights,2,1,1,1,3.83,6,https://www.airbnb.com/rooms/1036133789600061839
1036173743599527600,$85.00,NA,2,1,1,1,3,4,https://www.airbnb.com/rooms/1036173743599527566
1036195335901188900,$228.00,Neighborhood highlights,2,1,1,1,3.67,3,https://www.airbnb.com/rooms/1036195335901188776
1036238302402382200,$37.00,NA,1,2,1,1,NA,0,https://www.airbnb.com/rooms/1036238302402382253
1036247718948083800,$41.00,Neighborhood highlights,2,2,1,2,4,1,https://www.airbnb.com/rooms/1036247718948083870
1036259745835736600,$54.00,Neighborhood highlights,2,1,1,1,NA,0,https://www.airbnb.com/rooms/1036259745835736631
1036273713121371100,$54.00,Neighborhood highlights,2,1,1,1,4,1,https://www.airbnb.com/rooms/1036273713121371144
1036276150421118800,$350.00,NA,5,1,2,2,NA,0,https://www.airbnb.com/rooms/1036276150421118929
1036276185860158700,$54.00,Neighborhood highlights,2,1,1,1,NA,0,https://www.airbnb.com/rooms/1036276185860158740
1036277325720061400,$53.00,Neighborhood highlights,2,1,1,1,5,1,https://www.airbnb.com/rooms/1036277325720061392
1036296705594223900,$689.00,Neighborhood highlights,5,1,2,2,4.88,8,https://www.airbnb.com/rooms/1036296705594223803
1036302925052852400,$515.00,Neighborhood highlights,6,1,3,4,4.79,14,https://www.airbnb.com/rooms/1036302925052852340
1036309838728178600,$124.00,NA,2,2,1,0,4.92,12,https://www.airbnb.com/rooms/1036309838728178575
1036309908989704800,$177.00,NA,2,1,1,1,4.82,11,https://www.airbnb.com/rooms/1036309908989704878
1036335300700752600,$139.00,NA,3,1,1,3,NA,0,https://www.airbnb.com/rooms/1036335300700752670
1036373982586690300,NA,Neighborhood highlights,4,NA,1,NA,NA,0,https://www.airbnb.com/rooms/1036373982586690237
1036408522173486700,NA,NA,4,NA,1,NA,NA,0,https://www.airbnb.com/rooms/1036408522173486682
1036438811938604900,$114.00,NA,2,1,1,1,NA,0,https://www.airbnb.com/rooms/1036438811938604998
1036494663880720100,$251.00,NA,4,1,2,2,5,3,https://www.airbnb.com/rooms/1036494663880720197
1036517080314588900,$102.00,NA,4,1.5,2,2,5,1,https://www.airbnb.com/rooms/1036517080314588976
1036687143634517800,NA,Neighborhood highlights,8,NA,2,NA,NA,0,https://www.airbnb.com/rooms/1036687143634517827
1036689087089859200,NA,Neighborhood highlights,6,NA,1,NA,NA,0,https://www.airbnb.com/rooms/1036689087089859225
1036690204658856700,NA,Neighborhood highlights,4,NA,1,NA,4,2,https://www.airbnb.com/rooms/1036690204658856641
1036691719092945200,$205.00,Neighborhood highlights,4,1,1,2,5,1,https://www.airbnb.com/rooms/1036691719092945072
1036692653697767200,$402.00,Neighborhood highlights,2,1,1,1,NA,0,https://www.airbnb.com/rooms/1036692653697767153
1036693686167816800,$156.00,Neighborhood highlights,2,1,1,1,5,1,https://www.airbnb.com/rooms/1036693686167816752
1036694394616474400,$125.00,Neighborhood highlights,2,1,1,1,NA,0,https://www.airbnb.com/rooms/1036694394616474383
1036695406847093200,$105.00,Neighborhood highlights,2,1,1,1,NA,0,https://www.airbnb.com/rooms/1036695406847093329
1036768045202636700,NA,Neighborhood highlights,6,NA,3,NA,NA,0,https://www.airbnb.com/rooms/1036768045202636661
1036901128219414900,$162.00,Neighborhood highlights,2,1,1,1,NA,0,https://www.airbnb.com/rooms/1036901128219414932
1036919697576123500,$70.00,NA,1,1,0,1,5,3,https://www.airbnb.com/rooms/1036919697576123604
1036945730394332300,$429.00,NA,4,1,2,2,4.96,23,https://www.airbnb.com/rooms/1036945730394332398
1036949890162559e3,$112.00,NA,3,1,1,1,NA,0,https://www.airbnb.com/rooms/1036949890162558963
1036950046809959700,$120.00,NA,2,1,0,0,NA,0,https://www.airbnb.com/rooms/1036950046809959706
1036950591465515300,$27.00,NA,1,1,NA,1,NA,0,https://www.airbnb.com/rooms/1036950591465515128
1036968899079873400,$349.00,NA,4,1,2,2,5,3,https://www.airbnb.com/rooms/1036968899079873494
1036991830904531100,$43.00,Neighborhood highlights,1,1,1,1,NA,0,https://www.airbnb.com/rooms/1036991830904531114
1037005208118845600,$165.00,Neighborhood highlights,7,1,3,5,2,1,https://www.airbnb.com/rooms/1037005208118845575
1037016964147348500,$35.00,NA,2,1,1,1,5,1,https://www.airbnb.com/rooms/1037016964147348514
1037084574043042300,$137.00,NA,2,1,1,1,5,1,https://www.airbnb.com/rooms/1037084574043042259
1037088700497416700,$300.00,NA,6,1,3,3,NA,0,https://www.airbnb.com/rooms/1037088700497416622
1037127195586794400,$755.00,NA,8,2,2,2,NA,0,https://www.airbnb.com/rooms/1037127195586794479
1037183306021585200,NA,NA,2,NA,NA,NA,4.55,11,https://www.airbnb.com/rooms/1037183306021585083
1037197830785216600,$295.00,NA,2,1,1,1,4.76,21,https://www.airbnb.com/rooms/1037197830785216680
1037314434052682500,$166.00,NA,3,2,1,1,4.71,24,https://www.airbnb.com/rooms/1037314434052682558
1037443481542584300,$158.00,NA,2,1,1,1,5,11,https://www.airbnb.com/rooms/1037443481542584282
1037532048961364700,$295.00,NA,2,1,1,1,NA,0,https://www.airbnb.com/rooms/1037532048961364881
1037695732080839600,$263.00,NA,4,1,2,3,4.53,15,https://www.airbnb.com/rooms/1037695732080839554
1037752289988422900,$377.00,NA,12,1.5,5,6,4,20,https://www.airbnb.com/rooms/1037752289988422879
1037816193689826e3,$69.00,NA,1,1,1,1,NA,0,https://www.airbnb.com/rooms/1037816193689826086
1037893954700010100,$164.00,NA,4,1,0,1,4.86,28,https://www.airbnb.com/rooms/1037893954700010142
1037979759518038400,$450.00,NA,4,1,1,1,NA,0,https://www.airbnb.com/rooms/1037979759518038341
1038394351457314600,NA,Neighborhood highlights,3,NA,1,NA,NA,0,https://www.airbnb.com/rooms/1038394351457314564
103841733299587e4,$79.00,Neighborhood highlights,1,1.5,1,1,4.82,39,https://www.airbnb.com/rooms/1038417332995869927
1038449927951605900,$120.00,Neighborhood highlights,4,1,2,2,NA,0,https://www.airbnb.com/rooms/1038449927951605913
1038500285792495200,$138.00,Neighborhood highlights,4,3,1,2,5,1,https://www.airbnb.com/rooms/1038500285792495171
1038500834823176800,$160.00,Neighborhood highlights,2,3,1,1,3.75,4,https://www.airbnb.com/rooms/1038500834823176760
1038503044950364300,NA,NA,5,NA,3,NA,NA,0,https://www.airbnb.com/rooms/1038503044950364268
1038546220836926700,$150.00,NA,6,2,2,4,NA,0,https://www.airbnb.com/rooms/1038546220836926685
1038567908768979200,$98.00,Neighborhood highlights,3,1,2,2,NA,0,https://www.airbnb.com/rooms/1038567908768979163
1038584688653893200,$349.00,NA,3,1,1,1,4.5,8,https://www.airbnb.com/rooms/1038584688653893262
1038594244657093200,$399.00,NA,4,1,2,2,4.57,7,https://www.airbnb.com/rooms/1038594244657093254
1038615845898550500,$269.00,NA,3,1,2,2,4.67,30,https://www.airbnb.com/rooms/1038615845898550577
1038634824206239700,$75.00,NA,2,1,NA,1,NA,0,https://www.airbnb.com/rooms/1038634824206239688
1038660306619140600,$75.00,NA,2,1,NA,1,NA,0,https://www.airbnb.com/rooms/1038660306619140632
1038664994563415300,$75.00,NA,2,1,NA,1,NA,0,https://www.airbnb.com/rooms/1038664994563415350
1038665958636533800,$400.00,Neighborhood highlights,5,1,2,2,NA,0,https://www.airbnb.com/rooms/1038665958636533760
1038693433297229400,$150.00,NA,2,1,1,1,NA,0,https://www.airbnb.com/rooms/1038693433297229435
1038724022208908900,$215.00,NA,4,2,2,2,NA,0,https://www.airbnb.com/rooms/1038724022208908962
1038725538099043800,$90.00,NA,2,1,1,1,4.26,31,https://www.airbnb.com/rooms/1038725538099043872
1038727420303893800,$200.00,NA,3,1,1,1,5,1,https://www.airbnb.com/rooms/1038727420303893707
1038730568076096300,$389.00,NA,8,2,4,5,NA,0,https://www.airbnb.com/rooms/1038730568076096320
1038790975859276900,$153.00,NA,2,2,1,1,4.73,22,https://www.airbnb.com/rooms/1038790975859277027
1039049849056743200,$165.00,Neighborhood highlights,2,1,1,1,NA,0,https://www.airbnb.com/rooms/1039049849056743202
1039053305366925800,$196.00,Neighborhood highlights,3,1,1,1,5,1,https://www.airbnb.com/rooms/1039053305366925702
1039057147878209300,$167.00,Neighborhood highlights,4,1,2,3,5,1,https://www.airbnb.com/rooms/1039057147878209266
1039093742248512e3,NA,NA,2,NA,1,NA,NA,0,https://www.airbnb.com/rooms/1039093742248512059
1039104317628299e3,$250.00,NA,2,1,1,NA,4,3,https://www.airbnb.com/rooms/1039104317628299034
1039123837014859800,$50.00,NA,1,1,1,1,NA,0,https://www.airbnb.com/rooms/1039123837014859838
1039133098605886700,NA,Neighborhood highlights,2,NA,1,NA,NA,0,https://www.airbnb.com/rooms/1039133098605886642
1039171553374045600,$725.00,NA,7,1.5,3,3,4.95,20,https://www.airbnb.com/rooms/1039171553374045533
1039199155693798300,$339.00,Neighborhood highlights,6,2,3,4,4.36,11,https://www.airbnb.com/rooms/1039199155693798265
1039210852147357200,$100.00,NA,3,1,1,1,NA,0,https://www.airbnb.com/rooms/1039210852147357061
1039216530959665300,$353.00,NA,3,1,1,2,4.96,24,https://www.airbnb.com/rooms/1039216530959665328
1039243266340853900,$171.00,NA,4,1,2,1,5,12,https://www.airbnb.com/rooms/1039243266340853872
1039303278183487500,$250.00,NA,2,0,0,1,NA,0,https://www.airbnb.com/rooms/1039303278183487476
1039363268805007400,$289.00,Neighborhood highlights,4,1,1,2,5,17,https://www.airbnb.com/rooms/1039363268805007296
1.0393878307040241e+18,$176.00,Neighborhood highlights,2,1.5,1,2,NA,0,https://www.airbnb.com/rooms/1039387830704024048
1039430638240901800,$55.00,Neighborhood highlights,2,1,1,1,NA,0,https://www.airbnb.com/rooms/1039430638240901840
1039441037561398800,$55.00,Neighborhood highlights,2,1,1,1,NA,0,https://www.airbnb.com/rooms/1039441037561398753
1039594478074281500,$88.00,NA,2,1,1,2,5,1,https://www.airbnb.com/rooms/1039594478074281488
1039719005706038800,$155.00,NA,2,1,1,1,5,1,https://www.airbnb.com/rooms/1039719005706038699
1039753101132672500,$145.00,NA,2,1,0,1,5,1,https://www.airbnb.com/rooms/1039753101132672547
1039756751753144400,$90.00,Neighborhood highlights,2,1,0,1,5,1,https://www.airbnb.com/rooms/1039756751753144559
1039775375347211e3,$268.00,Neighborhood highlights,2,1,1,1,NA,0,https://www.airbnb.com/rooms/1039775375347211052
1039776121808822500,$319.00,Neighborhood highlights,2,1,1,1,NA,0,https://www.airbnb.com/rooms/1039776121808822509
1039796249750010900,NA,Neighborhood highlights,2,NA,1,NA,NA,0,https://www.airbnb.com/rooms/1039796249750010876
1039797346411450600,$310.00,NA,3,1,3,3,NA,0,https://www.airbnb.com/rooms/1039797346411450491
1039876194157328400,$125.00,NA,2,1,1,1,4.67,3,https://www.airbnb.com/rooms/1039876194157328406
1039883001824482e3,$366.00,NA,2,1,1,1,NA,0,https://www.airbnb.com/rooms/1039883001824482041
1039883330806876e3,$276.00,NA,2,1,1,1,4.67,12,https://www.airbnb.com/rooms/1039883330806875972
1039883437066176e3,$344.00,NA,2,1,1,2,NA,0,https://www.airbnb.com/rooms/1039883437066176014
1039884405094161300,$317.00,NA,2,1,1,1,NA,0,https://www.airbnb.com/rooms/1039884405094161264
1039965089477166800,$80.00,NA,2,1,1,1,NA,0,https://www.airbnb.com/rooms/1039965089477166943
1039996973262353800,$59.00,NA,2,1,1,1,NA,0,https://www.airbnb.com/rooms/1039996973262353772
1040000537821867800,$74.00,NA,1,1,1,1,NA,0,https://www.airbnb.com/rooms/1040000537821867815
1040070660427872800,NA,Neighborhood highlights,1,NA,NA,NA,NA,0,https://www.airbnb.com/rooms/1040070660427872874
1040093349544593700,$56.00,NA,1,2,5,1,NA,0,https://www.airbnb.com/rooms/1040093349544593632
1.0401034985828721e+18,$53.00,NA,1,2,5,1,NA,0,https://www.airbnb.com/rooms/1040103498582872005
1040110154423119200,$53.00,NA,1,2,5,1,NA,0,https://www.airbnb.com/rooms/1040110154423119249
1040121441546604200,$53.00,NA,1,2,5,1,NA,0,https://www.airbnb.com/rooms/1040121441546604112
1040131205375805200,$47.00,NA,1,2,5,1,NA,0,https://www.airbnb.com/rooms/1040131205375805128
1040235625526445e3,$46.00,NA,1,1,4,1,NA,0,https://www.airbnb.com/rooms/1040235625526445150
1040242296889601500,NA,NA,4,NA,1,NA,5,1,https://www.airbnb.com/rooms/1040242296889601686
1040242422415734900,NA,NA,2,NA,1,NA,5,2,https://www.airbnb.com/rooms/1040242422415734863
1040242522938333400,$44.00,NA,1,1,4,1,NA,0,https://www.airbnb.com/rooms/1040242522938333428
1040243842203592800,$42.00,NA,1,1,4,1,NA,0,https://www.airbnb.com/rooms/1040243842203592745
1040251977534853100,$262.00,NA,2,1,1,1,4.33,3,https://www.airbnb.com/rooms/1040251977534853153
1040254120934937500,$42.00,NA,1,1,4,1,NA,0,https://www.airbnb.com/rooms/1040254120934937513
1040312141737673e3,$134.00,Neighborhood highlights,2,1,1,1,5,2,https://www.airbnb.com/rooms/1040312141737673004
1040340637425221200,$134.00,Neighborhood highlights,2,1,1,1,5,2,https://www.airbnb.com/rooms/1040340637425221274
1040340835012812700,NA,Neighborhood highlights,2,NA,1,NA,NA,0,https://www.airbnb.com/rooms/1040340835012812705
1040340947582044800,NA,Neighborhood highlights,2,NA,1,NA,NA,0,https://www.airbnb.com/rooms/1040340947582044727
1040414934125590800,NA,NA,2,NA,1,NA,4.83,30,https://www.airbnb.com/rooms/1040414934125590651
1.0405242576165839e+18,$125.00,Neighborhood highlights,6,2,3,3,NA,0,https://www.airbnb.com/rooms/1040524257616584068
1040556706074651400,$320.00,NA,5,2,2,2,NA,0,https://www.airbnb.com/rooms/1040556706074651340
1040577676963399400,$376.00,Neighborhood highlights,2,1,1,1,NA,0,https://www.airbnb.com/rooms/1040577676963399310
1040578352298673900,NA,Neighborhood highlights,2,NA,1,NA,NA,0,https://www.airbnb.com/rooms/1040578352298673922
1040578934356733700,$303.00,Neighborhood highlights,2,1,1,1,NA,0,https://www.airbnb.com/rooms/1040578934356733842
1040579615332825300,$281.00,Neighborhood highlights,2,1,1,1,NA,0,https://www.airbnb.com/rooms/1040579615332825317
1040580248552704800,$348.00,Neighborhood highlights,2,1,1,1,5,1,https://www.airbnb.com/rooms/1040580248552704861
1040580844273414500,$320.00,Neighborhood highlights,2,1,0,1,NA,0,https://www.airbnb.com/rooms/1040580844273414547
1040631383494755200,$290.00,NA,4,1,1,1,NA,0,https://www.airbnb.com/rooms/1040631383494755213
1040631615442446600,$290.00,NA,2,1,1,1,1,1,https://www.airbnb.com/rooms/1040631615442446563
1040632162395888600,$456.00,NA,2,1,1,2,NA,0,https://www.airbnb.com/rooms/1040632162395888647
1040635049962950700,$310.00,NA,4,1,1,1,NA,0,https://www.airbnb.com/rooms/1040635049962950760
1040635398308831400,$512.00,NA,4,1,1,3,NA,0,https://www.airbnb.com/rooms/1040635398308831290
1040635412705241300,$310.00,NA,4,1,1,2,4.75,8,https://www.airbnb.com/rooms/1040635412705241317
1040881808686726100,NA,Neighborhood highlights,1,NA,NA,NA,5,1,https://www.airbnb.com/rooms/1040881808686726095
1040898579729936100,$320.00,NA,5,2,2,2,NA,0,https://www.airbnb.com/rooms/1040898579729936133
1040901415934826200,$320.00,NA,5,2,2,2,NA,0,https://www.airbnb.com/rooms/1040901415934826162
1040902264726022900,$320.00,NA,5,2,2,2,NA,0,https://www.airbnb.com/rooms/1040902264726022958
1041248971426615300,$155.00,Neighborhood highlights,4,1,2,3,NA,0,https://www.airbnb.com/rooms/1041248971426615395
1041424936772937600,$120.00,Neighborhood highlights,2,1,1,0,5,2,https://www.airbnb.com/rooms/1041424936772937608
1041429771082732900,$99.00,NA,2,1,1,1,NA,0,https://www.airbnb.com/rooms/1041429771082732951
1041439960157186e3,"$1,237.00",Neighborhood highlights,6,2.5,2,2,5,1,https://www.airbnb.com/rooms/1041439960157186098
1041449989786816100,"$3,780.00",NA,9,7.5,5,5,5,1,https://www.airbnb.com/rooms/1041449989786816094
1041454034409617400,$120.00,Neighborhood highlights,4,1,0,2,NA,0,https://www.airbnb.com/rooms/1041454034409617409
1041529392391817700,$68.00,NA,1,1,1,1,NA,0,https://www.airbnb.com/rooms/1041529392391817714
1041621342095143200,$99.00,NA,2,1,1,1,NA,0,https://www.airbnb.com/rooms/1041621342095143169
1041669476938766200,$220.00,Neighborhood highlights,4,2,3,3,4.75,8,https://www.airbnb.com/rooms/1041669476938766278
1041907565910291800,$100.00,NA,2,1.5,3,3,NA,0,https://www.airbnb.com/rooms/1041907565910291824
1041908689559698600,$325.00,Neighborhood highlights,2,1,1,1,NA,0,https://www.airbnb.com/rooms/1041908689559698615
1041973249601151900,$188.00,NA,6,1,2,3,NA,0,https://www.airbnb.com/rooms/1041973249601151890
1041980408127081700,$190.00,NA,2,3,1,0,NA,0,https://www.airbnb.com/rooms/1041980408127081749
1042002912312009200,NA,NA,2,NA,1,NA,NA,0,https://www.airbnb.com/rooms/1042002912312009311
1042003399809643600,$120.00,NA,1,1,1,1,NA,0,https://www.airbnb.com/rooms/1042003399809643635
1042100010525986e3,$95.00,NA,1,1.5,1,1,4.83,6,https://www.airbnb.com/rooms/1042100010525986133
1042136838759782900,$209.00,Neighborhood highlights,3,1,1,1,NA,0,https://www.airbnb.com/rooms/1042136838759782915
1042137021674701e3,$176.00,Neighborhood highlights,3,1,1,1,NA,0,https://www.airbnb.com/rooms/1042137021674701046
1042218107096684e3,$40.00,NA,2,2,1,1,4,1,https://www.airbnb.com/rooms/1042218107096684067
1042247884743226800,$80.00,NA,2,1,0,1,4,1,https://www.airbnb.com/rooms/1042247884743226656
1042700758302312800,NA,NA,4,NA,2,NA,NA,0,https://www.airbnb.com/rooms/1042700758302312837
1042868490233358300,NA,NA,2,NA,NA,NA,NA,0,https://www.airbnb.com/rooms/1042868490233358336
1042877228869104800,NA,NA,8,NA,2,NA,NA,0,https://www.airbnb.com/rooms/1042877228869104772
1042899831256465900,NA,Neighborhood highlights,1,NA,1,NA,NA,0,https://www.airbnb.com/rooms/1042899831256465915
1043030167024241700,$150.00,NA,2,1,2,3,NA,0,https://www.airbnb.com/rooms/1043030167024241521
1043041856219811300,$210.00,NA,1,1,1,1,NA,0,https://www.airbnb.com/rooms/1043041856219811403
104342851212856e4,$225.00,NA,4,1,1,1,NA,0,https://www.airbnb.com/rooms/1043428512128559956
1043446269533438500,$150.00,NA,2,1,2,2,NA,0,https://www.airbnb.com/rooms/1043446269533438345
1043603895706682200,$267.00,NA,4,1,3,3,5,12,https://www.airbnb.com/rooms/1043603895706682262
1043635645246382200,$640.00,NA,6,2,4,0,4.78,18,https://www.airbnb.com/rooms/1043635645246382200
1043740556015342100,$60.00,NA,3,1,1,2,NA,0,https://www.airbnb.com/rooms/1043740556015342005
1043748005274694300,$798.00,NA,2,1,1,NA,NA,0,https://www.airbnb.com/rooms/1043748005274694200
1043748007895351200,"$1,098.00",NA,2,1,1,NA,NA,0,https://www.airbnb.com/rooms/1043748007895351234
1043748314335952e3,$386.00,NA,2,1,1,1,NA,0,https://www.airbnb.com/rooms/1043748314335952064
1043748319187785e3,$406.00,NA,2,1,1,NA,NA,0,https://www.airbnb.com/rooms/1043748319187784965
1043748544487298300,$537.00,NA,2,1,1,NA,NA,0,https://www.airbnb.com/rooms/1043748544487298189
1043748549960976100,$729.00,NA,2,1,1,NA,NA,0,https://www.airbnb.com/rooms/1043748549960976228
1043748746630664800,$446.00,NA,2,1,1,NA,NA,0,https://www.airbnb.com/rooms/1043748746630664860
1043748763612320500,$687.00,NA,2,1,1,NA,NA,0,https://www.airbnb.com/rooms/1043748763612320534
1043748971089757700,$473.00,NA,4,1,1,NA,NA,0,https://www.airbnb.com/rooms/1043748971089757702
1043748975652805400,$406.00,NA,2,1,1,NA,NA,0,https://www.airbnb.com/rooms/1043748975652805432
1043749180047374300,$473.00,NA,4,1,1,NA,NA,0,https://www.airbnb.com/rooms/1043749180047374433
1043749194049505300,$599.00,NA,2,1,1,NA,NA,0,https://www.airbnb.com/rooms/1043749194049505333
1043749403725113300,$627.00,NA,2,1,1,NA,NA,0,https://www.airbnb.com/rooms/1043749403725113229
1043749977199358e3,$659.00,NA,4,1,1,NA,NA,0,https://www.airbnb.com/rooms/1043749977199357931
1043990142732257400,NA,Neighborhood highlights,4,NA,2,NA,NA,0,https://www.airbnb.com/rooms/1043990142732257518
1043992168755579600,$365.00,Neighborhood highlights,4,2,2,2,NA,0,https://www.airbnb.com/rooms/1043992168755579759
1043992593024677600,$302.00,Neighborhood highlights,2,1,1,1,NA,0,https://www.airbnb.com/rooms/1043992593024677530
1043992946677121800,$300.00,Neighborhood highlights,2,1,1,1,NA,0,https://www.airbnb.com/rooms/1043992946677121772
1044109392284240900,$178.00,Neighborhood highlights,4,1,0,2,5,1,https://www.airbnb.com/rooms/1044109392284240901
1044130115392921700,NA,Neighborhood highlights,2,NA,NA,NA,5,1,https://www.airbnb.com/rooms/1044130115392921730
1044226337540626600,$119.00,NA,3,1,1,1,5,1,https://www.airbnb.com/rooms/1044226337540626550
1044292023316621300,$165.00,NA,2,1,0,1,5,1,https://www.airbnb.com/rooms/1044292023316621293
1044443602707098800,$60.00,Neighborhood highlights,1,1,1,1,5,2,https://www.airbnb.com/rooms/1044443602707098676
1044485172677898800,$559.00,Neighborhood highlights,4,1,1,1,5,13,https://www.airbnb.com/rooms/1044485172677898752
1044575475887434200,$96.00,NA,2,2,1,1,4.3,10,https://www.airbnb.com/rooms/1044575475887434204
1044579220248046300,$155.00,Neighborhood highlights,4,1,1,2,5,2,https://www.airbnb.com/rooms/1044579220248046362
1044596274975881e3,NA,NA,2,NA,1,NA,4.82,44,https://www.airbnb.com/rooms/1044596274975881034
1044697636830705700,$160.00,Neighborhood highlights,4,1,0,2,4.67,6,https://www.airbnb.com/rooms/1044697636830705546
1044737059771710600,$399.00,Neighborhood highlights,2,1,1,1,NA,0,https://www.airbnb.com/rooms/1044737059771710498
1044843272697480300,$320.00,NA,4,1,2,0,NA,0,https://www.airbnb.com/rooms/1044843272697480254
1044995463995747800,$165.00,Neighborhood highlights,4,1,2,3,5,2,https://www.airbnb.com/rooms/1044995463995747787
1045137924335303e3,$550.00,NA,4,1,2,2,NA,0,https://www.airbnb.com/rooms/1045137924335303116
1045147319385241900,NA,Neighborhood highlights,14,NA,5,NA,NA,0,https://www.airbnb.com/rooms/1045147319385241993
1045194532442460800,$471.00,NA,2,1,1,1,4.89,27,https://www.airbnb.com/rooms/1045194532442460803
1045264052858146700,$100.00,NA,4,1,2,2,5,4,https://www.airbnb.com/rooms/1045264052858146772
1045295519357305700,$213.00,Neighborhood highlights,2,1,1,1,NA,0,https://www.airbnb.com/rooms/1045295519357305795
1045422595038640100,$333.00,Neighborhood highlights,2,1,1,1,NA,0,https://www.airbnb.com/rooms/1045422595038640117
1045422932660606e3,$391.00,Neighborhood highlights,2,1,1,1,NA,0,https://www.airbnb.com/rooms/1045422932660605917
1045423353253422300,$368.00,Neighborhood highlights,4,1,2,2,NA,0,https://www.airbnb.com/rooms/1045423353253422323
1045577206367237200,$215.00,NA,4,1,1,1,5,1,https://www.airbnb.com/rooms/1045577206367237342
1045578678171608200,$131.00,NA,2,1.5,1,2,NA,0,https://www.airbnb.com/rooms/1045578678171608167
1045633770769948700,$500.00,NA,4,2,2,2,5,1,https://www.airbnb.com/rooms/1045633770769948605
1046002755308968300,NA,NA,2,NA,1,NA,3.6,5,https://www.airbnb.com/rooms/1046002755308968406
1046002771757196800,NA,NA,2,NA,1,NA,NA,0,https://www.airbnb.com/rooms/1046002771757196737
1046002958410573400,$285.00,Neighborhood highlights,2,1,1,NA,5,2,https://www.airbnb.com/rooms/1046002958410573473
1046238056539948200,$350.00,Neighborhood highlights,7,1,1,4,4.83,6,https://www.airbnb.com/rooms/1046238056539948194
1046255607076266800,$313.00,NA,16,2.5,4,0,5,1,https://www.airbnb.com/rooms/1046255607076266794
1.0462681600550479e+18,$351.00,Neighborhood highlights,4,1,2,2,NA,0,https://www.airbnb.com/rooms/1046268160055047946
1046268520067514900,$368.00,Neighborhood highlights,2,1,1,1,NA,0,https://www.airbnb.com/rooms/1046268520067514879
1046268856354547300,$276.00,Neighborhood highlights,2,1,0,1,NA,0,https://www.airbnb.com/rooms/1046268856354547357
1046269210177353100,$294.00,Neighborhood highlights,4,1,2,2,NA,0,https://www.airbnb.com/rooms/1046269210177353125
1046288984910404100,$191.00,NA,2,1,0,0,4.5,2,https://www.airbnb.com/rooms/1046288984910404214
1046312689185266400,NA,NA,3,NA,NA,NA,NA,0,https://www.airbnb.com/rooms/1046312689185266393
1046325012407828e3,$186.00,Neighborhood highlights,2,1,1,0,4.89,18,https://www.airbnb.com/rooms/1046325012407828041
1046352281440825e3,$136.00,NA,4,1,2,4,5,1,https://www.airbnb.com/rooms/1046352281440824954
1046357785587450900,$208.00,Neighborhood highlights,2,1,1,1,3,1,https://www.airbnb.com/rooms/1046357785587450908
1046365844124834700,$193.00,Neighborhood highlights,2,1,1,1,4.44,34,https://www.airbnb.com/rooms/1046365844124834792
1046372475682855600,$268.00,Neighborhood highlights,4,1,1,1,5,1,https://www.airbnb.com/rooms/1046372475682855523
1046374361837811200,$278.00,Neighborhood highlights,4,1,1,1,5,5,https://www.airbnb.com/rooms/1046374361837811283
1046418840278601600,$45.00,NA,2,0,1,1,5,3,https://www.airbnb.com/rooms/1046418840278601680
1046459231329684500,$103.00,NA,2,1,1,2,NA,0,https://www.airbnb.com/rooms/1046459231329684547
1046471044418633200,$45.00,NA,2,1,1,1,NA,0,https://www.airbnb.com/rooms/1046471044418633207
1046486764198506100,$45.00,NA,2,1,1,1,NA,0,https://www.airbnb.com/rooms/1046486764198506126
1046503081311194600,$45.00,NA,2,1,1,1,NA,0,https://www.airbnb.com/rooms/1046503081311194501
1046506049396401900,$45.00,NA,2,1,1,1,2,1,https://www.airbnb.com/rooms/1046506049396401899
1046506922921701100,$45.00,NA,2,1,1,1,NA,0,https://www.airbnb.com/rooms/1046506922921701131
1046508845139051800,NA,NA,2,NA,NA,NA,NA,0,https://www.airbnb.com/rooms/1046508845139051872
1046636086365120100,$96.00,NA,2,1,1,1,NA,0,https://www.airbnb.com/rooms/1046636086365120129
1046641371328359800,$44.00,NA,1,1,4,1,NA,0,https://www.airbnb.com/rooms/1046641371328359777
1046648578080339800,$41.00,NA,1,1,4,1,NA,0,https://www.airbnb.com/rooms/1046648578080339791
1046656287282687200,$449.00,NA,2,1,2,2,NA,0,https://www.airbnb.com/rooms/1046656287282687252
1046659383191935200,NA,NA,1,NA,5,NA,4,2,https://www.airbnb.com/rooms/1046659383191935172
1046659384494451e3,$35.00,NA,1,1,4,1,NA,0,https://www.airbnb.com/rooms/1046659384494450864
1046702439713793900,$57.00,NA,1,2,5,1,NA,0,https://www.airbnb.com/rooms/1046702439713793999
1046712788657524700,$206.00,Neighborhood highlights,2,1,1,1,4.48,75,https://www.airbnb.com/rooms/1046712788657524880
1046714278182956700,NA,NA,1,NA,5,NA,NA,0,https://www.airbnb.com/rooms/1046714278182956682
1046718023215934100,$43.00,NA,1,2,5,1,NA,0,https://www.airbnb.com/rooms/1046718023215934055
1046765851091797200,$125.00,NA,2,1,1,1,5,11,https://www.airbnb.com/rooms/1046765851091797326
1046881470236821e3,NA,NA,3,NA,2,NA,NA,0,https://www.airbnb.com/rooms/1046881470236820933
1046903352627025700,$259.00,Neighborhood highlights,2,1,0,1,NA,0,https://www.airbnb.com/rooms/1046903352627025663
1047045004200841e3,$42.00,NA,1,1,5,1,5,3,https://www.airbnb.com/rooms/1047045004200840969
1047110999128240100,$44.00,NA,2,2,1,1,4,1,https://www.airbnb.com/rooms/1047110999128240121
1047116194395779100,$45.00,NA,2,1,1,1,NA,0,https://www.airbnb.com/rooms/1047116194395779115
1047119789991154e3,$80.00,NA,1,1,1,1,NA,0,https://www.airbnb.com/rooms/1047119789991154052
104712411196954e4,$45.00,NA,2,1,1,1,NA,0,https://www.airbnb.com/rooms/1047124111969540022
1047134824286187500,$75.00,NA,2,1,1,1,5,1,https://www.airbnb.com/rooms/1047134824286187568
1047161955775369700,$70.00,Neighborhood highlights,1,1,1,1,NA,0,https://www.airbnb.com/rooms/1047161955775369775
1047168451401848600,$70.00,Neighborhood highlights,1,1,1,1,NA,0,https://www.airbnb.com/rooms/1047168451401848657
1047194632899116e3,$318.00,Neighborhood highlights,3,1,1,2,5,2,https://www.airbnb.com/rooms/1047194632899115974
1047203057332679800,NA,NA,2,NA,NA,NA,NA,0,https://www.airbnb.com/rooms/1047203057332679874
1047204349448574200,$229.00,NA,4,2,2,2,NA,0,https://www.airbnb.com/rooms/1047204349448574301
1047222024885820300,$479.00,Neighborhood highlights,3,1,1,1,5,1,https://www.airbnb.com/rooms/1047222024885820367
1047222127857993100,$72.00,NA,1,1,1,1,NA,0,https://www.airbnb.com/rooms/1047222127857993198
1047245552706540700,$399.00,Neighborhood highlights,3,1,1,1,5,2,https://www.airbnb.com/rooms/1047245552706540706
1047281007754161900,NA,NA,2,NA,2,NA,NA,0,https://www.airbnb.com/rooms/1047281007754161901
1047308210273620600,NA,NA,3,NA,2,NA,NA,0,https://www.airbnb.com/rooms/1047308210273620628
1047795790024691500,$60.00,Neighborhood highlights,1,1,NA,1,NA,0,https://www.airbnb.com/rooms/1047795790024691571
1047936827694607900,$54.00,NA,2,1,1,2,NA,0,https://www.airbnb.com/rooms/1047936827694607886
1048166471586307700,$88.00,NA,1,1,1,1,4.76,38,https://www.airbnb.com/rooms/1048166471586307693
1048474395349114600,$120.00,NA,4,1,1,1,5,2,https://www.airbnb.com/rooms/1048474395349114502
1048531890309084700,$47.00,Neighborhood highlights,1,1,1,1,NA,0,https://www.airbnb.com/rooms/1048531890309084613
1048551765973459200,NA,Neighborhood highlights,4,NA,1,NA,NA,0,https://www.airbnb.com/rooms/1048551765973459147
1048555737166264300,$112.00,NA,2,1,1,1,NA,0,https://www.airbnb.com/rooms/1048555737166264262
1048563563403000600,$78.00,NA,2,1,1,1,5,12,https://www.airbnb.com/rooms/1048563563403000625
1048595086959375900,$78.00,NA,2,1,1,1,4.68,19,https://www.airbnb.com/rooms/1048595086959375823
1048676268623841800,$176.00,NA,2,1,1,1,NA,0,https://www.airbnb.com/rooms/1048676268623841777
1048749148249520600,$89.00,NA,2,1,1,2,4.79,34,https://www.airbnb.com/rooms/1048749148249520661
1048922932805066400,$169.00,NA,2,1,1,NA,4.64,56,https://www.airbnb.com/rooms/1048922932805066353
1048925498408318500,$267.00,NA,2,1,1,NA,4.85,34,https://www.airbnb.com/rooms/1048925498408318395
1048925777158101900,NA,NA,2,NA,1,NA,NA,0,https://www.airbnb.com/rooms/1048925777158101907
1048925866005753900,$811.00,NA,2,1,1,NA,NA,0,https://www.airbnb.com/rooms/1048925866005753912
1048925934502620300,$663.00,NA,4,1,1,NA,NA,0,https://www.airbnb.com/rooms/1048925934502620255
1048926020815951600,$303.00,NA,2,1,1,NA,5,1,https://www.airbnb.com/rooms/1048926020815951658
1048926083719475800,$280.00,NA,2,1,1,NA,5,1,https://www.airbnb.com/rooms/1048926083719475820
1048926180068919300,$258.00,NA,2,1,1,NA,4.77,31,https://www.airbnb.com/rooms/1048926180068919406
1048926235825676700,$271.00,NA,2,1,1,NA,3,1,https://www.airbnb.com/rooms/1048926235825676635
1048926333274693200,$267.00,NA,2,1,1,NA,5,3,https://www.airbnb.com/rooms/1048926333274693328
1048926569524406300,$276.00,NA,2,1,1,NA,5,2,https://www.airbnb.com/rooms/1048926569524406196
1049095244575797900,NA,Neighborhood highlights,2,NA,1,NA,NA,0,https://www.airbnb.com/rooms/1049095244575797999
1049173777970027800,$175.00,Neighborhood highlights,2,3,1,1,4.67,3,https://www.airbnb.com/rooms/1049173777970027790
1049187653715329400,$190.00,Neighborhood highlights,2,3,1,1,4.6,5,https://www.airbnb.com/rooms/1049187653715329467
1049193842908498700,NA,Neighborhood highlights,2,1,1,1,NA,0,https://www.airbnb.com/rooms/1049193842908498689
1049222605474907e3,$94.00,NA,2,1,0,1,NA,0,https://www.airbnb.com/rooms/1049222605474907072
1049254546045977300,$216.00,NA,4,1,1,1,5,3,https://www.airbnb.com/rooms/1049254546045977301
1049282302817004e3,$105.00,Neighborhood highlights,6,2,2,2,NA,0,https://www.airbnb.com/rooms/1049282302817004028
1049318056495875300,$41.00,NA,2,2,1,1,NA,0,https://www.airbnb.com/rooms/1049318056495875404
1049369302862416100,$220.00,NA,3,1,1,1,5,1,https://www.airbnb.com/rooms/1049369302862416200
1049484215033550300,NA,Neighborhood highlights,2,NA,1,NA,NA,0,https://www.airbnb.com/rooms/1049484215033550460
1049486529058289900,$115.00,Neighborhood highlights,2,1,1,1,5,4,https://www.airbnb.com/rooms/1049486529058289967
1049493058375582700,$75.00,NA,1,1,1,1,NA,0,https://www.airbnb.com/rooms/1049493058375582756
1049504158130182500,NA,Neighborhood highlights,1,NA,NA,NA,5,1,https://www.airbnb.com/rooms/1049504158130182624
1049583121964349700,$210.00,NA,2,1,1,0,5,7,https://www.airbnb.com/rooms/1049583121964349719
1049631890775955100,$679.00,Neighborhood highlights,5,1,3,3,NA,0,https://www.airbnb.com/rooms/1049631890775955111
1049719900492224e3,$287.00,Neighborhood highlights,2,1,1,1,NA,0,https://www.airbnb.com/rooms/1049719900492224023
1049767521194794400,$142.00,NA,2,1,1,1,NA,0,https://www.airbnb.com/rooms/1049767521194794330
1049940767703198700,$450.00,NA,4,2,2,2,NA,0,https://www.airbnb.com/rooms/1049940767703198807
1049952793502900600,$275.00,NA,1,1,1,1,NA,0,https://www.airbnb.com/rooms/1049952793502900635
1050013204065045100,$87.00,NA,3,1,2,0,NA,0,https://www.airbnb.com/rooms/1050013204065045061
1050040320734521e3,NA,NA,2,NA,NA,NA,NA,0,https://www.airbnb.com/rooms/1050040320734520881
1050047563423667800,$142.00,NA,2,1,1,1,NA,0,https://www.airbnb.com/rooms/1050047563423667864
1050047659389461200,$142.00,NA,2,1,1,1,NA,0,https://www.airbnb.com/rooms/1050047659389461225
1050048796422516600,$142.00,NA,2,1,1,1,5,2,https://www.airbnb.com/rooms/1050048796422516580
1050067537509382400,$112.00,NA,2,1,1,1,4.25,4,https://www.airbnb.com/rooms/1050067537509382432
1050103047625170200,$249.00,Neighborhood highlights,4,1,1,2,NA,0,https://www.airbnb.com/rooms/1050103047625170204
1050113049648898400,$170.00,NA,4,1,1,0,NA,0,https://www.airbnb.com/rooms/1050113049648898330
1050115578412522400,$57.00,NA,5,2.5,1,1,5,1,https://www.airbnb.com/rooms/1050115578412522466
1050120817675342700,$325.00,Neighborhood highlights,6,3,3,3,NA,0,https://www.airbnb.com/rooms/1050120817675342661
1050164273938402800,$124.00,NA,2,1,1,1,NA,0,https://www.airbnb.com/rooms/1050164273938402843
1050183104143925100,NA,NA,2,NA,NA,NA,NA,0,https://www.airbnb.com/rooms/1050183104143925203
1050195982235343100,$250.00,Neighborhood highlights,5,1.5,2,2,NA,0,https://www.airbnb.com/rooms/1050195982235342963
1050254022973937700,$130.00,NA,2,1,1,1,NA,0,https://www.airbnb.com/rooms/1050254022973937596
1050438430162716e3,NA,Neighborhood highlights,1,NA,NA,NA,NA,0,https://www.airbnb.com/rooms/1050438430162716074
1050469840170584600,$379.00,Neighborhood highlights,2,1,1,1,NA,0,https://www.airbnb.com/rooms/1050469840170584622
1050470245746400500,$330.00,Neighborhood highlights,4,2,2,2,NA,0,https://www.airbnb.com/rooms/1050470245746400509
1050501084208979300,$449.00,NA,4,2,2,2,NA,0,https://www.airbnb.com/rooms/1050501084208979394
1050630854755429400,$121.00,NA,2,1,1,1,NA,0,https://www.airbnb.com/rooms/1050630854755429458
1050630866324327200,$182.00,NA,2,1,1,1,NA,0,https://www.airbnb.com/rooms/1050630866324327134
1050631287918839300,$144.00,NA,3,1,1,1,NA,0,https://www.airbnb.com/rooms/1050631287918839317
1050631290477104500,$142.00,NA,2,1,1,1,NA,0,https://www.airbnb.com/rooms/1050631290477104451
1050631388060331600,$93.00,NA,2,1,1,1,NA,0,https://www.airbnb.com/rooms/1050631388060331702
1050667017393639400,$174.00,NA,6,1,1,3,5,4,https://www.airbnb.com/rooms/1050667017393639309
1050770980329376300,$189.00,Neighborhood highlights,3,1,0,1,5,1,https://www.airbnb.com/rooms/1050770980329376346
1050771766607519900,$85.00,NA,2,1,2,0,NA,0,https://www.airbnb.com/rooms/1050771766607519903
1050807955203589e3,$528.00,Neighborhood highlights,4,1.5,2,2,5,2,https://www.airbnb.com/rooms/1050807955203588919
1050831980985744800,$326.00,Neighborhood highlights,4,1,0,2,4.7,10,https://www.airbnb.com/rooms/1050831980985744781
1050859703674581600,$100.00,NA,2,1,0,1,5,1,https://www.airbnb.com/rooms/1050859703674581568
1050905934694653200,NA,Neighborhood highlights,4,NA,NA,NA,NA,0,https://www.airbnb.com/rooms/1050905934694653086
105098055277531e4,$103.00,Neighborhood highlights,7,1,2,5,5,1,https://www.airbnb.com/rooms/1050980552775309940
1051266669019573500,$202.00,Neighborhood highlights,3,1,1,1,NA,0,https://www.airbnb.com/rooms/1051266669019573479
1051303514337719600,$267.00,NA,2,1,0,1,5,1,https://www.airbnb.com/rooms/1051303514337719594
1051317684074466300,$155.00,Neighborhood highlights,1,1,1,1,5,14,https://www.airbnb.com/rooms/1051317684074466195
1051365230377773300,$60.00,NA,2,1,1,0,NA,0,https://www.airbnb.com/rooms/1051365230377773278
1051404502211155800,$50.00,Neighborhood highlights,1,1,1,1,NA,0,https://www.airbnb.com/rooms/1051404502211155820
1051427357348578e3,$160.00,NA,4,1,2,3,NA,0,https://www.airbnb.com/rooms/1051427357348578117
1051473371332003800,NA,Neighborhood highlights,10,NA,4,NA,NA,0,https://www.airbnb.com/rooms/1051473371332003871
1051505442588448800,$316.00,NA,2,1,1,1,NA,0,https://www.airbnb.com/rooms/1051505442588448739
1051535956757013500,$232.00,NA,5,1,2,3,NA,0,https://www.airbnb.com/rooms/1051535956757013452
1051550984208024300,$240.00,NA,5,1,2,3,NA,0,https://www.airbnb.com/rooms/1051550984208024277
1051573882271962800,$143.00,NA,6,1,3,3,NA,0,https://www.airbnb.com/rooms/1051573882271962726
1051579778209424500,$143.00,NA,6,1,3,3,NA,0,https://www.airbnb.com/rooms/1051579778209424533
1051729639412992300,$300.00,Neighborhood highlights,2,1.5,1,1,NA,0,https://www.airbnb.com/rooms/1051729639412992248
1051730788488389100,NA,NA,1,3,7,6,NA,0,https://www.airbnb.com/rooms/1051730788488389156
1051954628020992600,$418.00,Neighborhood highlights,2,1,1,1,NA,0,https://www.airbnb.com/rooms/1051954628020992595
1052035760330432100,$327.00,Neighborhood highlights,4,1,2,2,NA,0,https://www.airbnb.com/rooms/1052035760330432152
1052183153542542600,$240.00,NA,10,2,5,5,NA,0,https://www.airbnb.com/rooms/1052183153542542593
1052202585325643300,$240.00,NA,10,2,5,5,NA,0,https://www.airbnb.com/rooms/1052202585325643259
1052214277849285e3,$194.00,NA,1,1,0,1,NA,0,https://www.airbnb.com/rooms/1052214277849284941
1052228327371048300,$85.00,NA,2,1.5,1,1,NA,0,https://www.airbnb.com/rooms/1052228327371048335
1052259410309987200,$321.00,NA,2,1,1,1,NA,0,https://www.airbnb.com/rooms/1052259410309987157
1052294182424144500,$344.00,NA,4,2,1,1,NA,0,https://www.airbnb.com/rooms/1052294182424144426
1052398712379279500,$99.00,NA,2,1,1,0,5,1,https://www.airbnb.com/rooms/1052398712379279599
1052411543964095400,$79.00,NA,2,1,1,0,4,1,https://www.airbnb.com/rooms/1052411543964095430
1052416664657267e3,$60.00,Neighborhood highlights,1,2,1,1,NA,0,https://www.airbnb.com/rooms/1052416664657266848
1052423620054435800,$93.00,NA,1,2,1,1,5,1,https://www.airbnb.com/rooms/1052423620054435856
1052426725775148500,$100.00,Neighborhood highlights,1,2,1,1,4,1,https://www.airbnb.com/rooms/1052426725775148454
1052429109888634400,$80.00,NA,1,2,1,1,NA,0,https://www.airbnb.com/rooms/1052429109888634414
1052767826783426e3,$275.00,NA,2,1,1,1,4.8,10,https://www.airbnb.com/rooms/1052767826783426157
1052888640324549400,$35.00,NA,1,2,1,1,5,1,https://www.airbnb.com/rooms/1052888640324549517
1052992405473875100,$201.00,NA,4,1,1,1,NA,0,https://www.airbnb.com/rooms/1052992405473874982
1053110011763035100,$128.00,NA,3,1,1,2,NA,0,https://www.airbnb.com/rooms/1053110011763035222
1053149499312087800,NA,Neighborhood highlights,1,NA,NA,NA,NA,0,https://www.airbnb.com/rooms/1053149499312087874
1053527589797193e3,$79.00,NA,2,1,1,1,NA,0,https://www.airbnb.com/rooms/1053527589797192977
1053591611410336500,$170.00,Neighborhood highlights,2,1,1,1,5,1,https://www.airbnb.com/rooms/1053591611410336431
1053652465790968400,$751.00,NA,8,2.5,3,4,5,1,https://www.airbnb.com/rooms/1053652465790968543
1053783422481390800,NA,NA,2,NA,1,NA,NA,0,https://www.airbnb.com/rooms/1053783422481390823
1053880450101691100,$109.00,NA,2,1.5,3,1,NA,0,https://www.airbnb.com/rooms/1053880450101691175
1053905812534942800,$178.00,NA,5,1,1,1,4.88,8,https://www.airbnb.com/rooms/1053905812534942894
1054367741027188600,$991.00,Neighborhood highlights,11,2,3,6,5,22,https://www.airbnb.com/rooms/1054367741027188589
1054375518474819600,$527.00,NA,6,1.5,2,3,4.88,17,https://www.airbnb.com/rooms/1054375518474819539
1054463012526523400,$130.00,Neighborhood highlights,2,1,2,3,4.9,10,https://www.airbnb.com/rooms/1054463012526523296
1054528883890923300,$39.00,NA,1,1,1,1,5,1,https://www.airbnb.com/rooms/1054528883890923211
1054695605777036900,$108.00,Neighborhood highlights,2,1,1,1,NA,0,https://www.airbnb.com/rooms/1054695605777036943
1054766423954233700,$60.00,NA,2,1,1,1,5,1,https://www.airbnb.com/rooms/1054766423954233739
1054922113127805700,$360.00,NA,3,1,1,2,5,1,https://www.airbnb.com/rooms/1054922113127805726
1055008778043705600,$195.00,NA,8,1,1,4,4,9,https://www.airbnb.com/rooms/1055008778043705675
1055010342351406100,$32.00,NA,1,3,7,3,NA,0,https://www.airbnb.com/rooms/1055010342351406141
1055037646560688900,$77.00,NA,4,2,1,2,3.67,3,https://www.airbnb.com/rooms/1055037646560689002
1055196671457778700,$228.00,Neighborhood highlights,4,1,2,2,4.25,8,https://www.airbnb.com/rooms/1055196671457778738
1055200488171983100,$93.00,NA,2,1,0,1,5,1,https://www.airbnb.com/rooms/1055200488171982996
1055243246139003e3,NA,Neighborhood highlights,2,NA,1,NA,4,1,https://www.airbnb.com/rooms/1055243246139003119
1055256186607175400,$134.00,NA,2,2,1,1,NA,0,https://www.airbnb.com/rooms/1055256186607175426
1055444597484933400,$209.00,NA,2,1,2,2,5,7,https://www.airbnb.com/rooms/1055444597484933368
1055653489529918100,$237.00,Neighborhood highlights,2,1,0,1,NA,0,https://www.airbnb.com/rooms/1055653489529918135
1055653820981064200,$320.00,Neighborhood highlights,2,1,1,1,NA,0,https://www.airbnb.com/rooms/1055653820981064193
1055685876065835500,$130.00,NA,6,2,3,3,NA,0,https://www.airbnb.com/rooms/1055685876065835505
1055695105896757800,$100.00,Neighborhood highlights,2,1,1,1,4,11,https://www.airbnb.com/rooms/1055695105896757829
1055696631138175900,NA,Neighborhood highlights,2,NA,1,NA,NA,0,https://www.airbnb.com/rooms/1055696631138175910
1055700311323338800,$100.00,Neighborhood highlights,6,1,1,4,5,1,https://www.airbnb.com/rooms/1055700311323338650
1055701746424555300,NA,Neighborhood highlights,12,NA,2,NA,NA,0,https://www.airbnb.com/rooms/1055701746424555120
1055702159389489800,NA,Neighborhood highlights,12,NA,2,NA,NA,0,https://www.airbnb.com/rooms/1055702159389489729
1055703362655251800,NA,Neighborhood highlights,6,NA,1,NA,NA,0,https://www.airbnb.com/rooms/1055703362655251908
1055704464756784600,$100.00,Neighborhood highlights,2,1,1,2,5,1,https://www.airbnb.com/rooms/1055704464756784705
1055715974330281e3,NA,Neighborhood highlights,16,NA,3,NA,NA,0,https://www.airbnb.com/rooms/1055715974330280991
1055716454042890100,NA,Neighborhood highlights,16,NA,3,NA,NA,0,https://www.airbnb.com/rooms/1055716454042890036
1055804351964620500,$175.00,NA,3,1,2,0,NA,0,https://www.airbnb.com/rooms/1055804351964620545
1055832641298532400,NA,Neighborhood highlights,12,NA,4,NA,NA,0,https://www.airbnb.com/rooms/1055832641298532286
1055855035131489400,$206.00,Neighborhood highlights,2,1,1,2,4,1,https://www.airbnb.com/rooms/1055855035131489398
1055872606335212e3,$200.00,Neighborhood highlights,2,1,1,1,5,1,https://www.airbnb.com/rooms/1055872606335212079
1055913854155555600,$78.00,NA,2,1,1,1,NA,0,https://www.airbnb.com/rooms/1055913854155555507
1056252450167069700,$270.00,Neighborhood highlights,2,1,1,1,NA,0,https://www.airbnb.com/rooms/1056252450167069770
1056258930247775500,NA,NA,1,NA,1,NA,5,2,https://www.airbnb.com/rooms/1056258930247775470
1056374752769445400,$114.00,NA,2,1,1,1,4.83,12,https://www.airbnb.com/rooms/1056374752769445510
1056376520439117800,$50.00,NA,1,1,1,1,5,1,https://www.airbnb.com/rooms/1056376520439117729
1056500213720193300,NA,NA,1,3,7,6,NA,0,https://www.airbnb.com/rooms/1056500213720193229
1056509899939593600,$200.00,NA,4,1,2,2,NA,0,https://www.airbnb.com/rooms/1056509899939593559
1056557930024047400,$195.00,NA,2,1,0,1,5,1,https://www.airbnb.com/rooms/1056557930024047301
1056564961383687e3,$153.00,Neighborhood highlights,2,1,1,1,NA,0,https://www.airbnb.com/rooms/1056564961383687067
1056610215623869200,$54.00,Neighborhood highlights,3,1,2,2,NA,0,https://www.airbnb.com/rooms/1056610215623869143
1056625840573715800,$238.00,NA,4,1,2,2,4.44,9,https://www.airbnb.com/rooms/1056625840573715781
1056650231082472300,$628.00,Neighborhood highlights,8,1,3,4,4.69,13,https://www.airbnb.com/rooms/1056650231082472276
1056755774413954800,$101.00,NA,2,1,1,1,4.81,31,https://www.airbnb.com/rooms/1056755774413954879
1056766544774419200,$42.00,NA,1,1,1,1,5,2,https://www.airbnb.com/rooms/1056766544774419122
1057034189595083e3,NA,NA,1,NA,1,NA,5,2,https://www.airbnb.com/rooms/1057034189595083082
1057127398484370700,$46.00,NA,1,2,1,5,NA,0,https://www.airbnb.com/rooms/1057127398484370730
1057188297903797600,$295.00,NA,3,1,1,1,NA,0,https://www.airbnb.com/rooms/1057188297903797644
1057206257573876400,$130.00,NA,2,1,1,0,5,1,https://www.airbnb.com/rooms/1057206257573876254
1057209058833637200,NA,Neighborhood highlights,5,NA,2,NA,NA,0,https://www.airbnb.com/rooms/1057209058833637348
1057214221545478500,NA,Neighborhood highlights,5,NA,2,NA,NA,0,https://www.airbnb.com/rooms/1057214221545478531
1057216474594061600,NA,NA,5,NA,2,NA,NA,0,https://www.airbnb.com/rooms/1057216474594061667
1057270663669889200,NA,NA,1,3,7,6,NA,0,https://www.airbnb.com/rooms/1057270663669889175
1057334480141363500,NA,NA,1,NA,NA,NA,5,2,https://www.airbnb.com/rooms/1057334480141363503
1057445646638119400,NA,Neighborhood highlights,7,NA,2,NA,NA,0,https://www.airbnb.com/rooms/1057445646638119292
1057471243701482500,NA,NA,4,NA,1,NA,NA,0,https://www.airbnb.com/rooms/1057471243701482536
1057481289449079700,$383.00,NA,15,2,2,5,NA,0,https://www.airbnb.com/rooms/1057481289449079676
1057562112593437700,$45.00,NA,1,1,1,1,NA,0,https://www.airbnb.com/rooms/1057562112593437794
1057775995368202500,NA,Neighborhood highlights,2,NA,NA,NA,NA,0,https://www.airbnb.com/rooms/1057775995368202634
1057797641064287900,$75.00,NA,2,1,1,1,NA,0,https://www.airbnb.com/rooms/1057797641064287773
1058006984071913700,$37.00,NA,1,1,1,4,NA,0,https://www.airbnb.com/rooms/1058006984071913718
1058132858802557400,$100.00,NA,4,1,1,1,NA,0,https://www.airbnb.com/rooms/1058132858802557396
1058181792327916700,$87.00,NA,2,1.5,1,1,NA,0,https://www.airbnb.com/rooms/1058181792327916615
1058203066420327700,$95.00,NA,2,1,1,0,NA,0,https://www.airbnb.com/rooms/1058203066420327663
1058226205265540400,$185.00,NA,2,1,0,1,NA,0,https://www.airbnb.com/rooms/1058226205265540273
1058226731205197300,$201.00,NA,6,1,3,0,NA,0,https://www.airbnb.com/rooms/1058226731205197288
1058338485248789800,$322.00,Neighborhood highlights,5,1.5,2,2,NA,0,https://www.airbnb.com/rooms/1058338485248789800
1058566703461266600,$116.00,NA,2,1,0,1,NA,0,https://www.airbnb.com/rooms/1058566703461266518
1058708346603333900,$40.00,NA,1,3,1,6,NA,0,https://www.airbnb.com/rooms/1058708346603333856
1058752711303934600,$49.00,Neighborhood highlights,1,1,1,1,4,1,https://www.airbnb.com/rooms/1058752711303934611
1058774385535415200,NA,NA,2,NA,1,NA,NA,0,https://www.airbnb.com/rooms/1058774385535415195
1058815379622089200,$49.00,Neighborhood highlights,1,1,0,1,5,1,https://www.airbnb.com/rooms/1058815379622089227
1059399783161257700,$400.00,NA,2,1,1,1,NA,0,https://www.airbnb.com/rooms/1059399783161257709
1059574884105026700,$189.00,NA,2,1.5,1,1,NA,0,https://www.airbnb.com/rooms/1059574884105026770
1059609886889535200,$104.00,Neighborhood highlights,3,1,1,3,5,1,https://www.airbnb.com/rooms/1059609886889535146
1059787657125734900,$199.00,NA,5,2,3,3,5,1,https://www.airbnb.com/rooms/1059787657125734957
1060067517230203e3,$53.00,Neighborhood highlights,1,1,1,1,5,1,https://www.airbnb.com/rooms/1060067517230203090
1060098314384850200,$120.00,NA,1,1,1,0,4.94,16,https://www.airbnb.com/rooms/1060098314384850325
1060109383371882900,$90.00,NA,3,1,1,2,NA,0,https://www.airbnb.com/rooms/1060109383371882968
1060138677215669200,$64.00,Neighborhood highlights,2,1,1,1,NA,0,https://www.airbnb.com/rooms/1060138677215669245
1060192371328219100,$53.00,Neighborhood highlights,1,1,0,1,5,3,https://www.airbnb.com/rooms/1060192371328219223
1060219201414893300,NA,NA,2,NA,1,NA,4.25,4,https://www.airbnb.com/rooms/1060219201414893345
1060226077198181400,$44.00,NA,2,1,1,1,NA,0,https://www.airbnb.com/rooms/1060226077198181394
1060239147534903300,$176.00,Neighborhood highlights,3,1,1,1,NA,0,https://www.airbnb.com/rooms/1060239147534903352
1060239215738679200,$74.00,Neighborhood highlights,1,1,0,1,5,2,https://www.airbnb.com/rooms/1060239215738679244
1060241871693461500,$110.00,NA,1,1,2,2,5,17,https://www.airbnb.com/rooms/1060241871693461480
1060249590176474900,"$2,000.00",NA,7,1,3,3,NA,0,https://www.airbnb.com/rooms/1060249590176474814
1060296342868207400,NA,NA,1,3,7,6,NA,0,https://www.airbnb.com/rooms/1060296342868207435
1060302258730794100,NA,Neighborhood highlights,1,NA,NA,NA,NA,0,https://www.airbnb.com/rooms/1060302258730794153
1060332913692335600,$44.00,NA,2,2,1,1,NA,0,https://www.airbnb.com/rooms/1060332913692335633
1060352217117589100,$56.00,Neighborhood highlights,1,1,1,1,NA,0,https://www.airbnb.com/rooms/1060352217117589168
1060380321196854800,$43.00,NA,1,1,1,4,NA,0,https://www.airbnb.com/rooms/1060380321196854746
1060400890327719800,$110.00,NA,4,1,2,2,NA,0,https://www.airbnb.com/rooms/1060400890327719821
1060468929556984600,$549.00,Neighborhood highlights,2,1,0,1,5,1,https://www.airbnb.com/rooms/1060468929556984574
1060477773287184500,$200.00,NA,2,1,1,1,NA,0,https://www.airbnb.com/rooms/1060477773287184489
1060540532486354600,$79.00,NA,2,1,1,1,NA,0,https://www.airbnb.com/rooms/1060540532486354515
1060638349590084400,$83.00,Neighborhood highlights,2,1,1,1,5,2,https://www.airbnb.com/rooms/1060638349590084347
1060639599206159500,NA,NA,1,3,7,6,NA,0,https://www.airbnb.com/rooms/1060639599206159555
1060678687948076700,NA,NA,1,NA,NA,NA,NA,0,https://www.airbnb.com/rooms/1060678687948076711
1060790025196109600,$450.00,NA,6,1,3,5,5,10,https://www.airbnb.com/rooms/1060790025196109539
1060848009618799600,NA,NA,2,NA,1,NA,NA,0,https://www.airbnb.com/rooms/1060848009618799743
1060848586268819100,NA,NA,2,NA,1,NA,NA,0,https://www.airbnb.com/rooms/1060848586268819027
1060849093204290700,NA,NA,2,NA,1,NA,NA,0,https://www.airbnb.com/rooms/1060849093204290693
1060877858830288400,$85.00,NA,3,1,1,2,NA,0,https://www.airbnb.com/rooms/1060877858830288320
1060887396442907500,$125.00,NA,2,1,2,2,NA,0,https://www.airbnb.com/rooms/1060887396442907526
1060893985249841300,$200.00,NA,2,1,0,1,4,1,https://www.airbnb.com/rooms/1060893985249841233
1060926963416227700,$144.00,NA,2,1,1,1,NA,0,https://www.airbnb.com/rooms/1060926963416227728
1060932484835901400,$60.00,NA,6,1,1,5,NA,0,https://www.airbnb.com/rooms/1060932484835901419
1060944599063379300,$173.00,NA,9,0.5,1,5,5,1,https://www.airbnb.com/rooms/1060944599063379425
1061001680165253100,$244.00,NA,5,1,2,2,NA,0,https://www.airbnb.com/rooms/1061001680165253060
1061049485781408800,$250.00,NA,8,1,2,0,4.63,8,https://www.airbnb.com/rooms/1061049485781408861
1061113702595817600,$685.00,Neighborhood highlights,10,4,5,5,5,2,https://www.airbnb.com/rooms/1061113702595817537
1061168197769342500,$140.00,NA,2,1,0,1,5,1,https://www.airbnb.com/rooms/1061168197769342394
1061218733836374300,$60.00,NA,1,1,0,0,NA,0,https://www.airbnb.com/rooms/1061218733836374194
1061461150709867800,$45.00,NA,3,1,1,1,NA,0,https://www.airbnb.com/rooms/1061461150709867848
1061470503176432600,$332.00,NA,5,1,0,3,4.5,2,https://www.airbnb.com/rooms/1061470503176432568
1061481461460001800,$397.00,NA,6,1,0,2,NA,0,https://www.airbnb.com/rooms/1061481461460001697
1061486628451281900,$236.00,NA,4,1,0,0,NA,0,https://www.airbnb.com/rooms/1061486628451281875
1061517681080659200,$273.00,NA,3,1,1,1,NA,0,https://www.airbnb.com/rooms/1061517681080659162
1061590807222944600,$97.00,NA,2,1,0,1,5,1,https://www.airbnb.com/rooms/1061590807222944654
1061632233644512500,$368.00,NA,2,1,1,NA,NA,0,https://www.airbnb.com/rooms/1061632233644512468
1061632299472282400,$441.00,NA,4,1,1,2,NA,0,https://www.airbnb.com/rooms/1061632299472282421
1061632564187993e3,$501.00,NA,2,1,1,1,NA,0,https://www.airbnb.com/rooms/1061632564187992922
1061632669312353300,$231.00,NA,4,1,1,2,NA,0,https://www.airbnb.com/rooms/1061632669312353240
1061632971843436300,$181.00,NA,2,1,1,1,4.76,34,https://www.airbnb.com/rooms/1061632971843436364
1061633025832291700,$240.00,NA,4,1,1,2,4.25,4,https://www.airbnb.com/rooms/1061633025832291732
1061633131713767700,$283.00,NA,4,1,1,2,NA,0,https://www.airbnb.com/rooms/1061633131713767733
1061722807664728300,$440.00,NA,4,1,1,1,NA,0,https://www.airbnb.com/rooms/1061722807664728309
1061778391842449400,$337.00,NA,2,1,1,NA,5,1,https://www.airbnb.com/rooms/1061778391842449513
1061949170995507500,$80.00,NA,1,1.5,1,2,NA,0,https://www.airbnb.com/rooms/1061949170995507464
1061995840557392600,$199.00,NA,4,1,2,3,NA,0,https://www.airbnb.com/rooms/1061995840557392701
1062145273744656900,$347.00,Neighborhood highlights,4,0,2,2,NA,0,https://www.airbnb.com/rooms/1062145273744656883
1062145777611999400,$257.00,Neighborhood highlights,2,1,1,1,NA,0,https://www.airbnb.com/rooms/1062145777611999441
1062148354797546200,$100.00,NA,2,1,1,1,NA,0,https://www.airbnb.com/rooms/1062148354797546178
1062204874827086300,$200.00,Neighborhood highlights,2,1,1,0,5,3,https://www.airbnb.com/rooms/1062204874827086403
1062225573804533900,$150.00,NA,2,1,1,1,NA,0,https://www.airbnb.com/rooms/1062225573804533925
1062375733204243100,$350.00,NA,4,2,1,0,NA,0,https://www.airbnb.com/rooms/1062375733204243034
1062459732279895200,$49.00,Neighborhood highlights,1,1,0,1,4,1,https://www.airbnb.com/rooms/1062459732279895233
1062478810779287e3,$49.00,Neighborhood highlights,1,1,0,1,5,1,https://www.airbnb.com/rooms/1062478810779287031
1062514888943930800,$75.00,NA,3,1,2,2,5,1,https://www.airbnb.com/rooms/1062514888943930705
1062524509478703100,$100.00,NA,4,1,2,3,NA,0,https://www.airbnb.com/rooms/1062524509478702982
1062633589528383700,$250.00,NA,4,1.5,2,2,NA,0,https://www.airbnb.com/rooms/1062633589528383767
1062680130461436400,NA,NA,2,NA,1,NA,NA,0,https://www.airbnb.com/rooms/1062680130461436449
1062741042263854600,NA,NA,2,NA,1,NA,NA,0,https://www.airbnb.com/rooms/1062741042263854555
1062774160479785100,$109.00,NA,3,1,1,3,3,1,https://www.airbnb.com/rooms/1062774160479785080
1062932916029042e3,NA,NA,4,NA,1,NA,4.33,3,https://www.airbnb.com/rooms/1062932916029042118
1063126161307363700,$88.00,NA,2,1,1,0,4.72,18,https://www.airbnb.com/rooms/1063126161307363729
1063136773468377500,$102.00,NA,4,1,2,2,NA,0,https://www.airbnb.com/rooms/1063136773468377411
1063154135278569100,$110.00,NA,1,1,1,1,NA,0,https://www.airbnb.com/rooms/1063154135278569157
1063191047212072400,NA,NA,2,NA,1,NA,5,2,https://www.airbnb.com/rooms/1063191047212072509
1063194940797778200,$189.00,NA,8,2,3,4,5,2,https://www.airbnb.com/rooms/1063194940797778218
1063195684205664500,NA,NA,2,NA,1,NA,NA,0,https://www.airbnb.com/rooms/1063195684205664500
1063244517755537800,$42.00,NA,1,1,1,1,NA,0,https://www.airbnb.com/rooms/1063244517755537780
1063420446715091200,$135.00,NA,2,1,1,0,5,1,https://www.airbnb.com/rooms/1063420446715091204
1063493783483626800,$100.00,NA,2,1.5,1,0,5,1,https://www.airbnb.com/rooms/1063493783483626662
1063769212897446900,$249.00,NA,8,2,3,4,NA,0,https://www.airbnb.com/rooms/1063769212897446946
1063810455189884400,$185.00,NA,2,1,1,0,5,6,https://www.airbnb.com/rooms/1063810455189884516
1063825151746184400,$219.00,NA,3,1,0,1,4.5,2,https://www.airbnb.com/rooms/1063825151746184557
1063875033923982e3,$160.00,NA,2,1,1,0,5,1,https://www.airbnb.com/rooms/1063875033923981857
1063887869836214500,$68.00,NA,1,1,1,1,NA,0,https://www.airbnb.com/rooms/1063887869836214561
1064006705607446e3,NA,NA,1,NA,1,NA,5,1,https://www.airbnb.com/rooms/1064006705607446101
1064014662356519400,$125.00,Neighborhood highlights,2,1,1,1,NA,0,https://www.airbnb.com/rooms/1064014662356519337
1064080500753874700,$52.00,Neighborhood highlights,2,1,1,1,NA,0,https://www.airbnb.com/rooms/1064080500753874700
1064300515053828500,$345.00,Neighborhood highlights,2,1,1,1,NA,0,https://www.airbnb.com/rooms/1064300515053828558
1064300827695462500,$459.00,Neighborhood highlights,4,2,2,2,NA,0,https://www.airbnb.com/rooms/1064300827695462584
1064301195892473900,$263.00,Neighborhood highlights,2,1,1,1,NA,0,https://www.airbnb.com/rooms/1064301195892473870
1064301503148118e3,$465.00,Neighborhood highlights,4,2,2,2,NA,0,https://www.airbnb.com/rooms/1064301503148118026
1064523868451932200,$250.00,NA,2,1,1,NA,4.87,15,https://www.airbnb.com/rooms/1064523868451932167
1064523931238623e3,$269.00,NA,4,1,1,2,4.57,7,https://www.airbnb.com/rooms/1064523931238623062
1064524315581918700,$395.00,NA,4,1,1,2,NA,0,https://www.airbnb.com/rooms/1064524315581918695
1064524524096641400,$266.00,NA,2,1,1,NA,NA,0,https://www.airbnb.com/rooms/1064524524096641494
1064527672941381800,NA,NA,12,NA,6,NA,4.56,16,https://www.airbnb.com/rooms/1064527672941381826
1064534988385813800,NA,NA,2,NA,1,NA,4,1,https://www.airbnb.com/rooms/1064534988385813770
1064543082617449200,$120.00,NA,4,1,2,1,NA,0,https://www.airbnb.com/rooms/1064543082617449258
1064590410286935200,$78.00,NA,2,2,1,1,NA,0,https://www.airbnb.com/rooms/1064590410286935175
1064598849643586400,$550.00,NA,2,1,1,1,NA,0,https://www.airbnb.com/rooms/1064598849643586435
1064600760303016400,NA,NA,4,NA,2,NA,NA,0,https://www.airbnb.com/rooms/1064600760303016412
1064724494450720800,$70.00,NA,2,1,1,1,NA,0,https://www.airbnb.com/rooms/1064724494450720877
1064778522188783500,$89.00,NA,2,1,0,1,NA,0,https://www.airbnb.com/rooms/1064778522188783515
1065009656872358400,$376.00,Neighborhood highlights,2,1,1,1,5,1,https://www.airbnb.com/rooms/1065009656872358442
1065123350709282800,$213.00,Neighborhood highlights,2,1,1,1,4.97,37,https://www.airbnb.com/rooms/1065123350709282894
1065170144620421600,$231.00,NA,4,1,1,1,5,1,https://www.airbnb.com/rooms/1065170144620421598
1065240416426347600,$361.00,Neighborhood highlights,10,2.5,4,4,4.88,16,https://www.airbnb.com/rooms/1065240416426347624
106526171496408e4,$218.00,NA,2,1,1,1,3.38,8,https://www.airbnb.com/rooms/1065261714964080001
1065262009290041900,$228.00,NA,2,1,1,1,3.75,4,https://www.airbnb.com/rooms/1065262009290041948
1065262056366021400,$280.00,NA,4,1,1,2,4.5,4,https://www.airbnb.com/rooms/1065262056366021513
1065262230258220500,$259.00,NA,2,1,1,1,5,1,https://www.airbnb.com/rooms/1065262230258220430
1065262230644399900,$270.00,NA,2,1,1,1,NA,0,https://www.airbnb.com/rooms/1065262230644399835
1065372627170730500,$195.00,NA,2,1,2,1,5,7,https://www.airbnb.com/rooms/1065372627170730644
1065403714551534e3,$280.00,NA,6,2,3,4,NA,0,https://www.airbnb.com/rooms/1065403714551533946
1065504615423832600,$40.00,NA,2,1,1,0,NA,0,https://www.airbnb.com/rooms/1065504615423832566
1065521273924596600,$104.00,NA,2,1,1,1,5,1,https://www.airbnb.com/rooms/1065521273924596622
1065533270328074200,$160.00,NA,1,1,1,1,NA,0,https://www.airbnb.com/rooms/1065533270328074193
1065716820074814500,$270.00,Neighborhood highlights,2,1,1,1,NA,0,https://www.airbnb.com/rooms/1065716820074814380
1065734338333399200,$999.00,Neighborhood highlights,2,1,1,1,5,1,https://www.airbnb.com/rooms/1065734338333399135
1065758362601303700,$999.00,Neighborhood highlights,4,1,1,2,3,1,https://www.airbnb.com/rooms/1065758362601303702
1065762399416234200,NA,Neighborhood highlights,8,NA,2,NA,NA,0,https://www.airbnb.com/rooms/1065762399416234253
1065769971445201300,$799.00,Neighborhood highlights,12,3,3,6,NA,0,https://www.airbnb.com/rooms/1065769971445201312
1065778832869908e3,NA,Neighborhood highlights,16,NA,4,NA,NA,0,https://www.airbnb.com/rooms/1065778832869908021
1065782226324337700,$999.00,Neighborhood highlights,2,1,1,1,4.33,3,https://www.airbnb.com/rooms/1065782226324337615
1065813715720697700,$178.00,NA,2,1,1,0,5,1,https://www.airbnb.com/rooms/1065813715720697691
1065852782503726e3,$143.00,NA,3,1,1,2,NA,0,https://www.airbnb.com/rooms/1065852782503725897
1.0658856559717839e+18,$154.00,NA,6,1,1,3,4.2,5,https://www.airbnb.com/rooms/1065885655971783937
1065947989578113500,$164.00,NA,2,2,1,1,NA,0,https://www.airbnb.com/rooms/1065947989578113636
1065962546886492e3,NA,NA,11,NA,4,NA,NA,0,https://www.airbnb.com/rooms/1065962546886491933
1065966988567974400,$234.00,Neighborhood highlights,3,1,1,2,4.4,15,https://www.airbnb.com/rooms/1065966988567974343
1065980676167303400,$171.00,NA,2,3,1,1,NA,0,https://www.airbnb.com/rooms/1065980676167303336
1066028196715633400,$160.00,NA,2,1,1,1,NA,0,https://www.airbnb.com/rooms/1066028196715633422
1066034452713537200,$51.00,NA,2,1,1,1,NA,0,https://www.airbnb.com/rooms/1066034452713537152
1066045572533268600,NA,Neighborhood highlights,6,NA,3,NA,NA,0,https://www.airbnb.com/rooms/1066045572533268679
1066102862445188100,$240.00,NA,5,2,3,3,NA,0,https://www.airbnb.com/rooms/1066102862445188127
1066168270350940900,$229.00,NA,6,2,3,0,5,13,https://www.airbnb.com/rooms/1066168270350940973
1066251806256864e3,NA,NA,4,NA,2,NA,5,5,https://www.airbnb.com/rooms/1066251806256864005
1066342455061283100,NA,NA,3,NA,NA,NA,4.5,2,https://www.airbnb.com/rooms/1066342455061282999
1066399901534117100,$113.00,Neighborhood highlights,2,1,1,1,4.63,8,https://www.airbnb.com/rooms/1066399901534117113
1066541695851150300,$100.00,NA,2,1,1,1,NA,0,https://www.airbnb.com/rooms/1066541695851150471
1066623888304208e3,$260.00,NA,2,1,1,1,4.56,64,https://www.airbnb.com/rooms/1066623888304208005
1066630837020823800,$434.00,Neighborhood highlights,4,2,2,2,NA,0,https://www.airbnb.com/rooms/1066630837020823893
1066631309788359600,$379.00,Neighborhood highlights,2,1,1,1,NA,0,https://www.airbnb.com/rooms/1066631309788359477
1066695576019565400,$59.00,Neighborhood highlights,2,2,1,1,NA,0,https://www.airbnb.com/rooms/1066695576019565389
1066759302211167900,$197.00,NA,2,1,1,1,NA,0,https://www.airbnb.com/rooms/1066759302211167850
1066759323819826400,$165.00,NA,2,1,1,1,NA,0,https://www.airbnb.com/rooms/1066759323819826424
1066763158569201700,$144.00,NA,2,1,1,1,NA,0,https://www.airbnb.com/rooms/1066763158569201601
1066796984919097900,NA,NA,2,NA,2,NA,NA,0,https://www.airbnb.com/rooms/1066796984919097998
1066837013767774800,$235.00,Neighborhood highlights,2,1,1,1,NA,0,https://www.airbnb.com/rooms/1066837013767774923
1066893742168662300,$174.00,Neighborhood highlights,2,1,1,1,5,1,https://www.airbnb.com/rooms/1066893742168662269
1067021529837978200,"$1,138.00",Neighborhood highlights,6,2,3,5,5,4,https://www.airbnb.com/rooms/1067021529837978290
1067179194621464200,$394.00,Neighborhood highlights,2,1,1,1,NA,0,https://www.airbnb.com/rooms/1067179194621464135
1067182008497377e3,$329.00,Neighborhood highlights,2,1,1,1,NA,0,https://www.airbnb.com/rooms/1067182008497376953
1067182484672958e3,$405.00,Neighborhood highlights,2,1,1,1,NA,0,https://www.airbnb.com/rooms/1067182484672957868
106718291456813e4,$237.00,Neighborhood highlights,2,1,1,1,NA,0,https://www.airbnb.com/rooms/1067182914568130128
1067183558456275800,$312.00,Neighborhood highlights,2,1,1,1,NA,0,https://www.airbnb.com/rooms/1067183558456275827
1067184029941781800,$402.00,Neighborhood highlights,2,1,1,1,NA,0,https://www.airbnb.com/rooms/1067184029941781832
1067184499812653300,$350.00,Neighborhood highlights,2,1,1,1,NA,0,https://www.airbnb.com/rooms/1067184499812653261
1067184953845495200,$435.00,Neighborhood highlights,2,1,1,1,NA,0,https://www.airbnb.com/rooms/1067184953845495160
1067185371259851800,$242.00,Neighborhood highlights,2,1,1,1,NA,0,https://www.airbnb.com/rooms/1067185371259851854
1067188561161716200,$305.00,Neighborhood highlights,2,1,1,1,NA,0,https://www.airbnb.com/rooms/1067188561161716172
1067188859061887900,$277.00,Neighborhood highlights,2,1,1,1,NA,0,https://www.airbnb.com/rooms/1067188859061887812
1067189169950924700,$376.00,Neighborhood highlights,2,1,1,1,NA,0,https://www.airbnb.com/rooms/1067189169950924679
1067189478788560100,$272.00,Neighborhood highlights,2,1,1,1,NA,0,https://www.airbnb.com/rooms/1067189478788560150
1067189792341741800,$340.00,Neighborhood highlights,2,1,1,1,NA,0,https://www.airbnb.com/rooms/1067189792341741759
1067190097579225900,$248.00,Neighborhood highlights,4,1,2,2,NA,0,https://www.airbnb.com/rooms/1067190097579226006
1067190412229603600,$260.00,Neighborhood highlights,2,1,1,1,NA,0,https://www.airbnb.com/rooms/1067190412229603502
1067190891801753500,$394.00,Neighborhood highlights,2,1,1,1,NA,0,https://www.airbnb.com/rooms/1067190891801753512
1067191358391431e3,$241.00,Neighborhood highlights,2,1,1,1,NA,0,https://www.airbnb.com/rooms/1067191358391431099
1067191873757227800,$290.00,Neighborhood highlights,4,1,2,2,NA,0,https://www.airbnb.com/rooms/1067191873757227843
1067192199643171600,$229.00,Neighborhood highlights,4,1,2,2,NA,0,https://www.airbnb.com/rooms/1067192199643171600
1067192794529998e3,$293.00,Neighborhood highlights,4,1,2,2,NA,0,https://www.airbnb.com/rooms/1067192794529997942
1067193164710472700,$323.00,Neighborhood highlights,4,1,2,2,NA,0,https://www.airbnb.com/rooms/1067193164710472623
1067193514859480300,$316.00,Neighborhood highlights,2,1,1,1,NA,0,https://www.airbnb.com/rooms/1067193514859480261
106719399900426e4,$303.00,Neighborhood highlights,2,1,1,1,NA,0,https://www.airbnb.com/rooms/1067193999004260048
106719710585265e4,$419.00,Neighborhood highlights,4,2,2,2,NA,0,https://www.airbnb.com/rooms/1067197105852649873
1067198515281843200,$222.00,Neighborhood highlights,2,1,1,1,NA,0,https://www.airbnb.com/rooms/1067198515281843241
1.0671988959924081e+18,$306.00,Neighborhood highlights,2,1,1,1,NA,0,https://www.airbnb.com/rooms/1067198895992407969
1067199614718841600,$306.00,Neighborhood highlights,2,1,1,1,NA,0,https://www.airbnb.com/rooms/1067199614718841566
1067200330555496200,$329.00,Neighborhood highlights,4,1,2,2,NA,0,https://www.airbnb.com/rooms/1067200330555496177
1067200736348365600,NA,Neighborhood highlights,2,NA,1,NA,NA,0,https://www.airbnb.com/rooms/1067200736348365568
1067201362028677600,$231.00,Neighborhood highlights,4,1,2,2,NA,0,https://www.airbnb.com/rooms/1067201362028677654
1067201740592807600,$297.00,Neighborhood highlights,2,1,1,1,NA,0,https://www.airbnb.com/rooms/1067201740592807516
1067203678034406100,$355.00,Neighborhood highlights,2,1,1,1,NA,0,https://www.airbnb.com/rooms/1067203678034406155
1067204367727150200,NA,Neighborhood highlights,2,NA,1,NA,NA,0,https://www.airbnb.com/rooms/1067204367727150172
1067205046140237800,$317.00,Neighborhood highlights,4,2,2,2,NA,0,https://www.airbnb.com/rooms/1067205046140237726
1067205773422410500,$370.00,Neighborhood highlights,2,1,1,1,NA,0,https://www.airbnb.com/rooms/1067205773422410606
1067206739656586800,$483.00,Neighborhood highlights,6,2,3,3,NA,0,https://www.airbnb.com/rooms/1067206739656586763
1067209647005946800,$480.00,Neighborhood highlights,4,1,2,2,NA,0,https://www.airbnb.com/rooms/1067209647005946753
1067212150616971800,$319.00,Neighborhood highlights,2,1,1,1,NA,0,https://www.airbnb.com/rooms/1067212150616971848
1067212478316421900,NA,Neighborhood highlights,4,NA,2,NA,NA,0,https://www.airbnb.com/rooms/1067212478316421989
1067256982577356700,$398.00,Neighborhood highlights,2,1,1,1,NA,0,https://www.airbnb.com/rooms/1067256982577356653
1067262240665667800,$305.00,Neighborhood highlights,2,1,1,1,NA,0,https://www.airbnb.com/rooms/1067262240665667762
1067265010588452100,$627.00,Neighborhood highlights,4,1.5,2,2,NA,0,https://www.airbnb.com/rooms/1067265010588452154
1067265534940003700,$418.00,Neighborhood highlights,4,1,2,2,NA,0,https://www.airbnb.com/rooms/1067265534940003691
1067266039568003200,$412.00,Neighborhood highlights,4,1,2,2,NA,0,https://www.airbnb.com/rooms/1067266039568003124
1067266357447762200,NA,Neighborhood highlights,4,NA,2,NA,NA,0,https://www.airbnb.com/rooms/1067266357447762257
1067266702530511200,NA,Neighborhood highlights,2,NA,1,NA,NA,0,https://www.airbnb.com/rooms/1067266702530511276
1067267217614341400,$269.00,Neighborhood highlights,2,1,1,1,5,1,https://www.airbnb.com/rooms/1067267217614341434
1067267769047454100,$393.00,Neighborhood highlights,2,1,1,1,NA,0,https://www.airbnb.com/rooms/1067267769047454084
1067268168915094800,$408.00,Neighborhood highlights,4,2,2,2,NA,0,https://www.airbnb.com/rooms/1067268168915094723
1067271045546379500,$381.00,Neighborhood highlights,2,1,1,1,NA,0,https://www.airbnb.com/rooms/1067271045546379464
1067275090408807400,$303.00,Neighborhood highlights,4,1,2,2,5,1,https://www.airbnb.com/rooms/1067275090408807419
1067275400639266e3,$508.00,Neighborhood highlights,4,2,2,2,NA,0,https://www.airbnb.com/rooms/1067275400639266158
1067276041750736100,NA,Neighborhood highlights,2,NA,1,NA,NA,0,https://www.airbnb.com/rooms/1067276041750736141
1067276571138900400,$240.00,Neighborhood highlights,2,1,1,1,NA,0,https://www.airbnb.com/rooms/1067276571138900398
1067277153030201100,NA,Neighborhood highlights,4,NA,2,NA,NA,0,https://www.airbnb.com/rooms/1067277153030201186
1067280121863878700,$431.00,Neighborhood highlights,4,1,2,2,NA,0,https://www.airbnb.com/rooms/1067280121863878692
1067280599818532e3,$357.00,Neighborhood highlights,2,1,1,1,NA,0,https://www.airbnb.com/rooms/1067280599818532034
1067281595536834700,$376.00,Neighborhood highlights,2,1,1,1,NA,0,https://www.airbnb.com/rooms/1067281595536834729
1067282381280768500,$359.00,Neighborhood highlights,2,1,1,1,NA,0,https://www.airbnb.com/rooms/1067282381280768555
1067282933172289300,$325.00,Neighborhood highlights,2,1,1,1,NA,0,https://www.airbnb.com/rooms/1067282933172289340
1067283409064361500,$722.00,Neighborhood highlights,4,2,2,2,NA,0,https://www.airbnb.com/rooms/1067283409064361441
1067283721763747800,$401.00,Neighborhood highlights,2,1,1,1,NA,0,https://www.airbnb.com/rooms/1067283721763747825
1067284201060865e3,$399.00,Neighborhood highlights,2,1,1,1,NA,0,https://www.airbnb.com/rooms/1067284201060864926
1067313865381582700,$346.00,Neighborhood highlights,4,1,2,2,NA,0,https://www.airbnb.com/rooms/1067313865381582788
1067317365627051400,NA,Neighborhood highlights,4,NA,2,NA,NA,0,https://www.airbnb.com/rooms/1067317365627051315
1067321001126892500,$269.00,Neighborhood highlights,2,1,1,1,NA,0,https://www.airbnb.com/rooms/1067321001126892421
1067321337872162800,$489.00,Neighborhood highlights,4,1,2,2,NA,0,https://www.airbnb.com/rooms/1067321337872162811
1067321734852931200,$325.00,Neighborhood highlights,2,1,1,1,NA,0,https://www.airbnb.com/rooms/1067321734852931233
1067322490487464400,$293.00,Neighborhood highlights,4,1,2,2,NA,0,https://www.airbnb.com/rooms/1067322490487464466
1067322793813822800,$281.00,Neighborhood highlights,4,1,2,2,NA,0,https://www.airbnb.com/rooms/1067322793813822917
1067323264117363e3,$296.00,Neighborhood highlights,6,2,3,3,NA,0,https://www.airbnb.com/rooms/1067323264117362911
1067326029022351400,$433.00,Neighborhood highlights,4,2,2,2,NA,0,https://www.airbnb.com/rooms/1067326029022351370
1067326290090101900,NA,Neighborhood highlights,16,NA,4,NA,NA,0,https://www.airbnb.com/rooms/1067326290090101851
1067326498814721500,"$1,056.00",Neighborhood highlights,4,1,2,2,NA,0,https://www.airbnb.com/rooms/1067326498814721642
1067326682565134e3,NA,Neighborhood highlights,16,NA,4,NA,NA,0,https://www.airbnb.com/rooms/1067326682565133945
1067326881507697300,$335.00,Neighborhood highlights,4,1,2,2,NA,0,https://www.airbnb.com/rooms/1067326881507697240
1067335526410187800,$485.00,Neighborhood highlights,2,1,1,1,NA,0,https://www.airbnb.com/rooms/1067335526410187895
1067336062126803500,$40.00,NA,2,1,1,1,NA,0,https://www.airbnb.com/rooms/1067336062126803505
1067339879599785100,NA,Neighborhood highlights,2,NA,1,NA,NA,0,https://www.airbnb.com/rooms/1067339879599785124
1067454194048938e3,NA,Neighborhood highlights,2,NA,1,NA,4.3,115,https://www.airbnb.com/rooms/1067454194048937963
1067455190329146600,$332.00,Neighborhood highlights,4,1,1,2,4.16,43,https://www.airbnb.com/rooms/1067455190329146593
1067481448238763600,NA,Neighborhood highlights,6,NA,3,NA,NA,0,https://www.airbnb.com/rooms/1067481448238763619
1067484164512158200,$316.00,Neighborhood highlights,3,1,1,2,4.5,68,https://www.airbnb.com/rooms/1067484164512158205
1067485803917467e3,$220.00,Neighborhood highlights,2,1,1,1,4.48,77,https://www.airbnb.com/rooms/1067485803917467012
1067487172334612200,$256.00,Neighborhood highlights,2,1,1,1,4.3,20,https://www.airbnb.com/rooms/1067487172334612088
1067492285421666300,$936.00,Neighborhood highlights,4,1,1,1,NA,0,https://www.airbnb.com/rooms/1067492285421666240
1067546821288390900,$280.00,Neighborhood highlights,2,1,1,1,4.33,6,https://www.airbnb.com/rooms/1067546821288390834
1067549353765757400,$318.00,Neighborhood highlights,4,1,1,2,5,4,https://www.airbnb.com/rooms/1067549353765757410
1067590275447169e3,$195.00,NA,2,1,0,1,5,2,https://www.airbnb.com/rooms/1067590275447169026
1067591227921878300,$113.00,NA,2,1,1,1,NA,0,https://www.airbnb.com/rooms/1067591227921878270
1067597917209822e3,$93.00,NA,2,1,1,0,4.9,10,https://www.airbnb.com/rooms/1067597917209821924
1067731688089235700,$79.00,NA,2,1.5,1,1,NA,0,https://www.airbnb.com/rooms/1067731688089235754
1067746487891672400,$155.00,Neighborhood highlights,2,1,0,0,5,1,https://www.airbnb.com/rooms/1067746487891672538
1068148956248609200,$119.00,NA,2,1,1,1,NA,0,https://www.airbnb.com/rooms/1068148956248609081
1068176016823650800,$100.00,NA,2,2,1,2,NA,0,https://www.airbnb.com/rooms/1068176016823650927
1068219915878365400,$96.00,Neighborhood highlights,2,1,1,1,5,1,https://www.airbnb.com/rooms/1068219915878365503
1068223272828774900,$369.00,Neighborhood highlights,2,1,1,1,4.73,11,https://www.airbnb.com/rooms/1068223272828774906
1068228716746876e3,$200.00,NA,2,1,0,1,4,1,https://www.airbnb.com/rooms/1068228716746876060
1068271865775109900,$431.00,NA,2,2,4,2,NA,0,https://www.airbnb.com/rooms/1068271865775109886
1068340630451313300,$182.00,NA,3,1,1,2,5,30,https://www.airbnb.com/rooms/1068340630451313320
1068368638122118300,$70.00,NA,1,1,1,1,5,1,https://www.airbnb.com/rooms/1068368638122118305
1068407150433353500,$120.00,NA,2,1.5,1,1,4.67,15,https://www.airbnb.com/rooms/1068407150433353514
1068537120626967800,$47.00,NA,2,3,1,1,5,2,https://www.airbnb.com/rooms/1068537120626967876
1068599774862743600,$38.00,NA,2,1,1,1,NA,0,https://www.airbnb.com/rooms/1068599774862743594
1068730297270620200,$80.00,NA,2,1,1,1,4.81,16,https://www.airbnb.com/rooms/1068730297270620086
1068741903107300600,$80.00,Neighborhood highlights,2,1,1,1,4.67,6,https://www.airbnb.com/rooms/1068741903107300651
1068910052601278600,$680.00,NA,16,1.5,0,1,NA,0,https://www.airbnb.com/rooms/1068910052601278603
1068912065584586500,$375.00,NA,8,1,4,4,5,9,https://www.airbnb.com/rooms/1068912065584586603
1068915561213789200,$560.00,NA,7,2,3,4,4.8,10,https://www.airbnb.com/rooms/1068915561213789077
1068935727360320100,$554.00,NA,6,1,3,4,4.64,14,https://www.airbnb.com/rooms/1068935727360320209
1068964032867039900,$121.00,NA,2,1,0,1,4.83,6,https://www.airbnb.com/rooms/1068964032867039816
1069085193397966600,$46.00,NA,1,2,1,6,NA,0,https://www.airbnb.com/rooms/1069085193397966592
1069105907558329100,$64.00,NA,4,3,1,1,5,1,https://www.airbnb.com/rooms/1069105907558329161
1069516393596899600,$299.00,Neighborhood highlights,4,1,1,2,4.5,2,https://www.airbnb.com/rooms/1069516393596899524
1069578477394124200,$60.00,NA,1,2,1,1,5,1,https://www.airbnb.com/rooms/1069578477394124208
1069580354212412400,$226.00,Neighborhood highlights,2,1,0,1,4.76,41,https://www.airbnb.com/rooms/1069580354212412517
1069581505361098200,$287.00,Neighborhood highlights,4,1,0,2,4.56,18,https://www.airbnb.com/rooms/1069581505361098170
1069587960830987300,$68.00,NA,1,1,1,1,4,3,https://www.airbnb.com/rooms/1069587960830987188
1069602174891041500,$499.00,Neighborhood highlights,2,1,1,1,5,4,https://www.airbnb.com/rooms/1069602174891041534
1069618889356272600,$350.00,Neighborhood highlights,6,1,3,3,NA,0,https://www.airbnb.com/rooms/1069618889356272594
1069632244080963200,$80.00,NA,1,1,1,0,NA,0,https://www.airbnb.com/rooms/1069632244080963141
1069660706506079200,$245.00,Neighborhood highlights,4,1,2,2,NA,0,https://www.airbnb.com/rooms/1069660706506079136
1069721161305728300,$180.00,Neighborhood highlights,2,1,1,0,5,1,https://www.airbnb.com/rooms/1069721161305728281
1069721784412153600,$43.00,NA,1,1,1,1,NA,0,https://www.airbnb.com/rooms/1069721784412153589
1069735226096219600,$41.00,NA,2,1,1,1,NA,0,https://www.airbnb.com/rooms/1069735226096219731
1069736400348119200,$220.00,NA,5,1,2,2,NA,0,https://www.airbnb.com/rooms/1069736400348119133
1069775825692003200,$550.00,NA,3,1,2,2,5,1,https://www.airbnb.com/rooms/1069775825692003208
1069810574319843600,$731.00,NA,7,2,3,3,4.63,8,https://www.airbnb.com/rooms/1069810574319843523
1069863128400977900,$80.00,NA,2,1,1,0,NA,0,https://www.airbnb.com/rooms/1069863128400977938
1070035825653944300,$250.00,Neighborhood highlights,6,2,2,2,NA,0,https://www.airbnb.com/rooms/1070035825653944261
1070151758129815600,$297.00,Neighborhood highlights,4,2,2,3,5,1,https://www.airbnb.com/rooms/1070151758129815454
1070231131306779e3,$269.00,NA,4,1,2,2,5,8,https://www.airbnb.com/rooms/1070231131306779107
1070270537377163400,$275.00,Neighborhood highlights,2,1,1,1,4.86,70,https://www.airbnb.com/rooms/1070270537377163305
1070271021848012200,$283.00,Neighborhood highlights,4,1,1,2,4.83,63,https://www.airbnb.com/rooms/1070271021848012165
1070272052169818800,$332.00,Neighborhood highlights,2,1,1,1,4.54,54,https://www.airbnb.com/rooms/1070272052169818710
1070272637247149800,$362.00,Neighborhood highlights,4,1,1,2,4,18,https://www.airbnb.com/rooms/1070272637247149842
1070288096436919200,$180.00,Neighborhood highlights,3,1,1,1,5,1,https://www.airbnb.com/rooms/1070288096436919169
1070292150676551800,$152.00,NA,2,1,2,0,4.86,7,https://www.airbnb.com/rooms/1070292150676551812
1070303317706928600,$40.00,NA,1,2,1,1,NA,0,https://www.airbnb.com/rooms/1070303317706928641
1070312662525454300,$40.00,NA,1,2,1,1,NA,0,https://www.airbnb.com/rooms/1070312662525454388
1070327706166386400,$76.00,NA,3,1,1,2,4,8,https://www.airbnb.com/rooms/1070327706166386414
1070366659961101600,$180.00,NA,3,1,0,1,NA,0,https://www.airbnb.com/rooms/1070366659961101671
1070382902215466800,$41.00,NA,1,2,1,1,NA,0,https://www.airbnb.com/rooms/1070382902215466684
1070385146027468e3,$208.00,NA,2,1,1,1,5,7,https://www.airbnb.com/rooms/1070385146027468023
1070398579281953400,$170.00,NA,3,1,1,1,NA,0,https://www.airbnb.com/rooms/1070398579281953495
1070404237930007300,$43.00,NA,2,2,1,1,NA,0,https://www.airbnb.com/rooms/1070404237930007307
1070450891681156600,"$1,136.00",Neighborhood highlights,4,1,1,3,NA,0,https://www.airbnb.com/rooms/1070450891681156687
1070455000815882900,$36.00,NA,1,2,1,1,1,1,https://www.airbnb.com/rooms/1070455000815882807
1070486254756941600,$44.00,NA,1,2,1,1,5,1,https://www.airbnb.com/rooms/1070486254756941611
1070493140523217300,NA,NA,1,NA,NA,NA,NA,0,https://www.airbnb.com/rooms/1070493140523217364
1.0704933853236721e+18,$60.00,NA,1,2,1,1,5,1,https://www.airbnb.com/rooms/1070493385323671933
1070513361665260500,$185.00,NA,3,1,1,1,NA,0,https://www.airbnb.com/rooms/1070513361665260516
1070531707221095400,$190.00,NA,6,1,2,2,5,4,https://www.airbnb.com/rooms/1070531707221095417
1070606709809466400,$56.00,NA,1,1,1,1,NA,0,https://www.airbnb.com/rooms/1070606709809466357
1070829705357248500,$199.00,NA,3,1,1,1,NA,0,https://www.airbnb.com/rooms/1070829705357248519
1070859096976599200,$416.00,NA,6,2,3,3,NA,0,https://www.airbnb.com/rooms/1070859096976599259
1070896722752075400,NA,NA,2,NA,1,NA,5,1,https://www.airbnb.com/rooms/1070896722752075290
1070901052420848500,$255.00,NA,2,1,2,2,5,6,https://www.airbnb.com/rooms/1070901052420848550
1070903584139947400,NA,NA,1,NA,1,NA,NA,0,https://www.airbnb.com/rooms/1070903584139947319
1070922025863329300,$269.00,NA,2,1,1,1,NA,0,https://www.airbnb.com/rooms/1070922025863329329
1070928457910719700,$188.00,Neighborhood highlights,1,1,1,1,5,3,https://www.airbnb.com/rooms/1070928457910719744
1070953454554049900,$361.00,Neighborhood highlights,4,1,2,2,NA,0,https://www.airbnb.com/rooms/1070953454554049877
1071016550690235900,$300.00,NA,5,1,3,3,4,3,https://www.airbnb.com/rooms/1071016550690235899
1071030828381555700,NA,NA,5,NA,3,NA,NA,0,https://www.airbnb.com/rooms/1071030828381555733
1071034758733407700,$38.00,Neighborhood highlights,2,2,1,1,NA,0,https://www.airbnb.com/rooms/1071034758733407760
10710381392496e5,$139.00,Neighborhood highlights,4,1,2,2,4.3,20,https://www.airbnb.com/rooms/1071038139249600042
1071051978115920100,$44.00,Neighborhood highlights,2,1,1,1,NA,0,https://www.airbnb.com/rooms/1071051978115920209
1071065733869462800,$46.00,Neighborhood highlights,2,1,1,1,NA,0,https://www.airbnb.com/rooms/1071065733869462689
1071083738326573600,$46.00,NA,2,1,1,1,5,1,https://www.airbnb.com/rooms/1071083738326573629
1071085232599196800,$190.00,Neighborhood highlights,3,1,0,2,NA,0,https://www.airbnb.com/rooms/1071085232599196862
1071097470129706500,$195.00,NA,4,2,2,3,5,1,https://www.airbnb.com/rooms/1071097470129706565
1071196506401916900,NA,NA,2,NA,1,NA,NA,0,https://www.airbnb.com/rooms/1071196506401916948
1071230531368875600,$52.00,NA,1,2,1,1,4,1,https://www.airbnb.com/rooms/1071230531368875750
1071271840978087800,$260.00,NA,4,2,2,2,NA,0,https://www.airbnb.com/rooms/1071271840978087834
1071310943345107800,$60.00,NA,2,1.5,1,2,NA,0,https://www.airbnb.com/rooms/1071310943345107809
1071333400427167500,$200.00,NA,1,1,1,2,4.5,6,https://www.airbnb.com/rooms/1071333400427167471
1071419963016698600,NA,NA,3,NA,3,NA,NA,0,https://www.airbnb.com/rooms/1071419963016698498
1071606997626297600,$115.00,Neighborhood highlights,3,1,2,2,NA,0,https://www.airbnb.com/rooms/1071606997626297526
1071633422134710400,$145.00,NA,2,1,1,0,NA,0,https://www.airbnb.com/rooms/1071633422134710346
1071688769658832400,$45.00,NA,1,1,1,1,NA,0,https://www.airbnb.com/rooms/1071688769658832375
1071703160614211200,$340.00,NA,4,1,2,3,4.6,15,https://www.airbnb.com/rooms/1071703160614211263
1071712108811245600,$60.00,NA,2,1,1,1,4.5,8,https://www.airbnb.com/rooms/1071712108811245554
1071731861726122200,$195.00,NA,2,1,0,1,5,2,https://www.airbnb.com/rooms/1071731861726122320
1071774511414610700,$87.00,NA,2,1,1,1,NA,0,https://www.airbnb.com/rooms/1071774511414610793
1071779724860363800,$156.00,NA,4,1.5,2,2,NA,0,https://www.airbnb.com/rooms/1071779724860363888
10718725002393e5,$256.00,NA,4,1,1,2,5,26,https://www.airbnb.com/rooms/1071872500239300078
1071884763878558800,$100.00,NA,2,2,1,2,NA,0,https://www.airbnb.com/rooms/1071884763878558867
1071902008681152300,$250.00,Neighborhood highlights,3,1,1,1,5,1,https://www.airbnb.com/rooms/1071902008681152334
1072089744850191500,$550.00,NA,5,1,1,2,5,10,https://www.airbnb.com/rooms/1072089744850191566
1072416905292439800,$167.00,Neighborhood highlights,4,1,2,3,NA,0,https://www.airbnb.com/rooms/1072416905292439778
1072422929427482900,$184.00,NA,2,1,1,1,NA,0,https://www.airbnb.com/rooms/1072422929427482902
1072438872838139100,$215.00,Neighborhood highlights,2,1,1,1,5,8,https://www.airbnb.com/rooms/1072438872838139128
1072441340307274100,$240.00,Neighborhood highlights,4,1,2,2,NA,0,https://www.airbnb.com/rooms/1072441340307274036
1072441700199654900,$104.00,NA,2,1,3,0,NA,0,https://www.airbnb.com/rooms/1072441700199654943
1072469216310675700,$198.00,NA,2,1,1,NA,NA,0,https://www.airbnb.com/rooms/1072469216310675630
1072469216331771e3,NA,NA,2,1,1,NA,4.71,31,https://www.airbnb.com/rooms/1072469216331771002
1072469407115663400,$205.00,NA,2,1,1,1,4.7,10,https://www.airbnb.com/rooms/1072469407115663434
1072469435240272900,NA,NA,2,NA,1,NA,4.92,12,https://www.airbnb.com/rooms/1072469435240273047
1072469451774666200,$306.00,NA,4,1,1,NA,5,1,https://www.airbnb.com/rooms/1072469451774666223
1072469613386836500,$207.00,NA,3,1,1,NA,5,3,https://www.airbnb.com/rooms/1072469613386836466
1072490292073582300,$130.00,NA,6,1,1,3,5,9,https://www.airbnb.com/rooms/1072490292073582343
1072521783407315700,$300.00,NA,6,2,3,5,NA,0,https://www.airbnb.com/rooms/1072521783407315734
1072539443769246500,$182.00,NA,4,1,1,2,5,29,https://www.airbnb.com/rooms/1072539443769246406
1072604583533985300,$84.00,NA,2,1,1,1,4.67,21,https://www.airbnb.com/rooms/1072604583533985335
1072622791437897100,$58.00,NA,1,2,1,1,NA,0,https://www.airbnb.com/rooms/1072622791437897100
1072666397777078e3,$57.00,NA,1,2,1,1,5,1,https://www.airbnb.com/rooms/1072666397777078123
1072684527538110500,NA,NA,1,NA,1,NA,NA,0,https://www.airbnb.com/rooms/1072684527538110393
1072748663391133200,$63.00,NA,4,3,1,1,4,1,https://www.airbnb.com/rooms/1072748663391133153
1072791604624422900,$72.00,NA,1,1,1,1,5,1,https://www.airbnb.com/rooms/1072791604624422872
1072820049144501900,$45.00,NA,1,5,1,1,NA,0,https://www.airbnb.com/rooms/1072820049144501891
1072821907394094600,$373.00,Neighborhood highlights,2,1,1,1,5,1,https://www.airbnb.com/rooms/1072821907394094556
1073157396308686800,$86.00,NA,10,2,4,4,NA,0,https://www.airbnb.com/rooms/1073157396308686926
1073159651324057600,$290.00,NA,4,2,2,2,NA,0,https://www.airbnb.com/rooms/1073159651324057568
1073179448074357200,NA,NA,3,NA,1,NA,5,1,https://www.airbnb.com/rooms/1073179448074357226
1073243377727789400,$230.00,NA,3,1,0,1,NA,0,https://www.airbnb.com/rooms/1073243377727789422
1073248926573553200,$445.00,NA,4,2,3,3,NA,0,https://www.airbnb.com/rooms/1073248926573553100
1073746988444955e3,$67.00,NA,2,1,1,2,NA,0,https://www.airbnb.com/rooms/1073746988444955064
1073895646862858900,$119.00,NA,2,1,1,2,NA,0,https://www.airbnb.com/rooms/1073895646862858847
1073976914212097300,NA,NA,8,NA,4,NA,5,8,https://www.airbnb.com/rooms/1073976914212097232
1073999228524160100,$120.00,NA,1,1,1,0,5,1,https://www.airbnb.com/rooms/1073999228524160138
1074177249739756900,$90.00,NA,2,1,1,1,5,1,https://www.airbnb.com/rooms/1074177249739756939
1074301885957315300,$488.00,NA,5,1.5,2,3,4.86,14,https://www.airbnb.com/rooms/1074301885957315439
1074599184000313600,$49.00,NA,2,4,1,1,NA,0,https://www.airbnb.com/rooms/1074599184000313679
1074601780362934900,$49.00,NA,2,3,1,1,5,1,https://www.airbnb.com/rooms/1074601780362934953
1074612153952472800,$49.00,NA,2,3,1,1,NA,0,https://www.airbnb.com/rooms/1074612153952472755
1074617829677961e3,$199.00,NA,4,1,2,2,NA,0,https://www.airbnb.com/rooms/1074617829677960916
1074619417150921600,$49.00,NA,2,3,1,1,NA,0,https://www.airbnb.com/rooms/1074619417150921676
1074629997234868200,$49.00,NA,2,3,1,1,NA,0,https://www.airbnb.com/rooms/1074629997234868119
1074677066373263600,$49.00,NA,2,3,1,1,NA,0,https://www.airbnb.com/rooms/1074677066373263744
1074678923619676800,$49.00,NA,2,3,1,1,NA,0,https://www.airbnb.com/rooms/1074678923619676874
1074679697760252700,$49.00,NA,2,3,1,1,NA,0,https://www.airbnb.com/rooms/1074679697760252620
1074760466136368500,$198.00,NA,2,1,1,1,4.96,23,https://www.airbnb.com/rooms/1074760466136368472
1074814461898120400,$175.00,NA,1,2,2,4,NA,0,https://www.airbnb.com/rooms/1074814461898120554
1074824222599384800,$833.00,Neighborhood highlights,8,3,5,4,5,1,https://www.airbnb.com/rooms/1074824222599384771
1074849421491993e3,$79.00,NA,6,1,1,2,NA,0,https://www.airbnb.com/rooms/1074849421491993038
1074873319881210200,$134.00,NA,2,1,1,1,NA,0,https://www.airbnb.com/rooms/1074873319881210325
1074960104715575200,NA,NA,1,NA,NA,NA,5,1,https://www.airbnb.com/rooms/1074960104715575212
1075007993820343700,$55.00,NA,1,1,1,1,NA,0,https://www.airbnb.com/rooms/1075007993820343602
1075015944222402700,NA,NA,2,NA,NA,NA,NA,0,https://www.airbnb.com/rooms/1075015944222402785
1075056454421698300,$800.00,NA,7,1,3,4,4.89,18,https://www.airbnb.com/rooms/1075056454421698316
1075121994400859e3,$39.00,NA,1,1.5,1,2,NA,0,https://www.airbnb.com/rooms/1075121994400859003
1075227292383892400,$129.00,NA,3,1,0,1,NA,0,https://www.airbnb.com/rooms/1075227292383892324
107534260050159e4,$110.00,NA,2,1,1,1,NA,0,https://www.airbnb.com/rooms/1075342600501590104
1075385397510278100,$280.00,NA,2,1,1,NA,NA,0,https://www.airbnb.com/rooms/1075385397510278017
1075385949180314900,$308.00,NA,2,1,1,NA,NA,0,https://www.airbnb.com/rooms/1075385949180314816
1075385949662033800,NA,NA,2,NA,1,NA,NA,0,https://www.airbnb.com/rooms/1075385949662033735
1075386065938547700,NA,NA,2,NA,1,NA,NA,0,https://www.airbnb.com/rooms/1075386065938547691
1075439252135899600,$200.00,NA,3,1,1,2,5,1,https://www.airbnb.com/rooms/1075439252135899720
1075439438887826700,$190.00,Neighborhood highlights,5,1,2,3,5,1,https://www.airbnb.com/rooms/1075439438887826725
1075472992489211e3,$699.00,NA,7,2,3,3,4.2,5,https://www.airbnb.com/rooms/1075472992489210989
1075473924997288200,$68.00,NA,1,2,1,1,NA,0,https://www.airbnb.com/rooms/1075473924997288121
1075492199979189500,$68.00,NA,2,2,1,1,NA,0,https://www.airbnb.com/rooms/1075492199979189364
1075503942306453900,$68.00,NA,1,2,1,1,NA,0,https://www.airbnb.com/rooms/1075503942306453897
1075508827303644900,$53.00,Neighborhood highlights,1,1,0,1,5,1,https://www.airbnb.com/rooms/1075508827303644927
1075520409605219100,$68.00,NA,1,2,1,1,NA,0,https://www.airbnb.com/rooms/1075520409605219067
1075541594512550700,$53.00,Neighborhood highlights,1,1,0,1,5,1,https://www.airbnb.com/rooms/1075541594512550784
1075693579028892300,"$1,042.00",NA,7,2.5,3,3,5,7,https://www.airbnb.com/rooms/1075693579028892349
1075906713750679e3,$107.00,Neighborhood highlights,4,1.5,2,2,NA,0,https://www.airbnb.com/rooms/1075906713750679075
1075942303137960400,$102.00,Neighborhood highlights,2,1,1,1,NA,0,https://www.airbnb.com/rooms/1075942303137960461
1075959810647692800,NA,NA,4,NA,NA,NA,5,1,https://www.airbnb.com/rooms/1075959810647692862
1075973073963279500,NA,NA,2,NA,NA,NA,NA,0,https://www.airbnb.com/rooms/1075973073963279494
1075997821413424800,$38.00,NA,1,2,1,1,NA,0,https://www.airbnb.com/rooms/1075997821413424834
1076002620052074900,$518.00,Neighborhood highlights,4,2,2,2,NA,0,https://www.airbnb.com/rooms/1076002620052074926
1.0760030449989519e+18,$423.00,Neighborhood highlights,4,1,2,2,NA,0,https://www.airbnb.com/rooms/1076003044998951982
1076020923987011300,$160.00,NA,3,1,1,1,5,1,https://www.airbnb.com/rooms/1076020923987011399
1076022471489541600,$38.00,NA,1,2,1,1,NA,0,https://www.airbnb.com/rooms/1076022471489541673
1076087081895237100,NA,Neighborhood highlights,2,NA,1,NA,NA,0,https://www.airbnb.com/rooms/1076087081895237203
1076090494277276800,$139.00,NA,2,1,2,2,5,1,https://www.airbnb.com/rooms/1076090494277276878
1076099247250886100,NA,Neighborhood highlights,4,NA,2,NA,3,1,https://www.airbnb.com/rooms/1076099247250886021
1076142065979754800,$627.00,NA,5,2,2,3,4.9,10,https://www.airbnb.com/rooms/1076142065979754658
1076198597758014e3,NA,NA,4,NA,1,NA,NA,0,https://www.airbnb.com/rooms/1076198597758013985
1076200416856487e3,$120.00,Neighborhood highlights,2,1,1,1,NA,0,https://www.airbnb.com/rooms/1076200416856487057
1076202541738635800,$185.00,NA,2,1,1,1,NA,0,https://www.airbnb.com/rooms/1076202541738635891
1076202555026024700,NA,Neighborhood highlights,8,NA,2,NA,2,3,https://www.airbnb.com/rooms/1076202555026024674
1076203283111188500,NA,Neighborhood highlights,12,NA,3,NA,2,1,https://www.airbnb.com/rooms/1076203283111188540
1076207371486603400,$38.00,NA,1,2,1,1,NA,0,https://www.airbnb.com/rooms/1076207371486603336
1076228492130705800,$68.00,NA,1,2,1,1,NA,0,https://www.airbnb.com/rooms/1076228492130705779
1076241336406618600,$68.00,NA,1,2,1,1,NA,0,https://www.airbnb.com/rooms/1076241336406618524
1076251965570121100,NA,NA,1,NA,NA,NA,NA,0,https://www.airbnb.com/rooms/1076251965570121161
1076257348266131200,NA,NA,1,NA,NA,NA,NA,0,https://www.airbnb.com/rooms/1076257348266131120
1076294427267406700,$68.00,NA,1,2,1,1,4,1,https://www.airbnb.com/rooms/1076294427267406758
1076304991439445100,$350.00,NA,6,2,2,2,5,1,https://www.airbnb.com/rooms/1076304991439445196
1076313962143054e3,$400.00,NA,5,2,2,2,NA,0,https://www.airbnb.com/rooms/1076313962143053879
1076338656499211500,$96.00,NA,2,1,1,1,NA,0,https://www.airbnb.com/rooms/1076338656499211571
1076493058706485600,NA,NA,1,NA,NA,NA,5,2,https://www.airbnb.com/rooms/1076493058706485569
1076589970079589800,$313.00,Neighborhood highlights,2,1,1,1,NA,0,https://www.airbnb.com/rooms/1076589970079589810
1076771511706305200,$660.00,NA,6,3,3,3,5,6,https://www.airbnb.com/rooms/1076771511706305143
1076809641847517300,$194.00,NA,2,1,0,1,NA,0,https://www.airbnb.com/rooms/1076809641847517288
1076824544318788e3,NA,NA,2,NA,NA,NA,NA,0,https://www.airbnb.com/rooms/1076824544318787993
1076826477174986100,$116.00,NA,2,1,1,1,4,1,https://www.airbnb.com/rooms/1076826477174986073
1076901960949481600,$192.00,Neighborhood highlights,2,1,0,1,NA,0,https://www.airbnb.com/rooms/1076901960949481562
1076912523623540700,$521.00,NA,4,1,2,2,5,4,https://www.airbnb.com/rooms/1076912523623540812
1076951289493106600,$174.00,NA,3,1,0,1,NA,0,https://www.airbnb.com/rooms/1076951289493106487
1076963862671622100,$149.00,NA,2,1,1,2,4.29,7,https://www.airbnb.com/rooms/1076963862671622156
1076971713700684500,$85.00,NA,1,2,1,1,4.5,2,https://www.airbnb.com/rooms/1076971713700684447
1076991778701346e3,$72.00,NA,1,2,1,1,4,1,https://www.airbnb.com/rooms/1076991778701346144
1076997502152421e3,$68.00,NA,1,2,1,1,NA,0,https://www.airbnb.com/rooms/1076997502152420940
1076997582730997600,$68.00,NA,1,2,1,1,4,1,https://www.airbnb.com/rooms/1076997582730997566
1077291587779409400,"$1,072.00",Neighborhood highlights,4,2.5,2,2,NA,0,https://www.airbnb.com/rooms/1077291587779409400
1077292045029557500,$703.00,Neighborhood highlights,4,2,2,2,NA,0,https://www.airbnb.com/rooms/1077292045029557363
1077433267729271300,$120.00,Neighborhood highlights,2,1,1,1,5,1,https://www.airbnb.com/rooms/1077433267729271369
1077467056881355300,$260.00,NA,2,1,1,0,NA,0,https://www.airbnb.com/rooms/1077467056881355147
1077534747756179100,$160.00,NA,3,1,1,2,2,1,https://www.airbnb.com/rooms/1077534747756179116
1077537721962654200,$120.00,NA,2,1,1,1,NA,0,https://www.airbnb.com/rooms/1077537721962654260
1077609889483335600,$346.00,NA,7,1,3,0,4.9,10,https://www.airbnb.com/rooms/1077609889483335534
107766208743409e4,$566.00,Neighborhood highlights,8,1,4,4,5,2,https://www.airbnb.com/rooms/1077662087434089930
1077670079766597100,$68.00,NA,1,2,1,1,4,1,https://www.airbnb.com/rooms/1077670079766597099
1077688710430515200,$39.00,NA,1,2,1,1,NA,0,https://www.airbnb.com/rooms/1077688710430515261
1077855441244601500,$92.00,NA,4,1,2,2,NA,0,https://www.airbnb.com/rooms/1077855441244601453
1078234828396528900,$76.00,NA,1,1,1,1,5,2,https://www.airbnb.com/rooms/1078234828396528911
1078278007455687600,NA,NA,1,NA,NA,NA,NA,0,https://www.airbnb.com/rooms/1078278007455687493
1078295487634551700,$180.00,NA,2,1,1,1,NA,0,https://www.airbnb.com/rooms/1078295487634551725
1078297302096888300,$271.00,NA,3,1,1,1,4.63,8,https://www.airbnb.com/rooms/1078297302096888327
1078336770127529200,$889.00,NA,8,2,4,4,4.83,12,https://www.airbnb.com/rooms/1078336770127529285
1078375400012566300,$249.00,NA,2,1,1,1,NA,0,https://www.airbnb.com/rooms/1078375400012566259
1078466069601745800,$158.00,NA,2,1,1,1,NA,0,https://www.airbnb.com/rooms/1078466069601745693
1078542524356506600,$77.00,NA,2,1,1,1,NA,0,https://www.airbnb.com/rooms/1078542524356506599
1078601786069705e3,NA,NA,2,NA,1,NA,NA,0,https://www.airbnb.com/rooms/1078601786069704935
1078615004033084700,$150.00,NA,2,1,1,1,NA,0,https://www.airbnb.com/rooms/1078615004033084660
1078923644639661600,$464.00,NA,6,3,3,0,4.88,8,https://www.airbnb.com/rooms/1078923644639661537
1078970250684682900,$81.00,NA,3,1,1,1,4.85,26,https://www.airbnb.com/rooms/1078970250684682908
1079002319295560400,$207.00,NA,4,1,1,1,4.91,11,https://www.airbnb.com/rooms/1079002319295560537
1079055928537511e3,$164.00,NA,4,1,2,2,5,1,https://www.airbnb.com/rooms/1079055928537511033
1079061115884416800,$90.00,NA,2,1,1,1,4.88,43,https://www.airbnb.com/rooms/1079061115884416812
1079093999350541e3,$150.00,NA,2,1,1,1,4,1,https://www.airbnb.com/rooms/1079093999350541176
1079110643206382e3,$75.00,NA,1,1,1,1,4.9,42,https://www.airbnb.com/rooms/1079110643206381992
1079152229019153700,$165.00,NA,2,1,1,1,5,3,https://www.airbnb.com/rooms/1079152229019153537
1079176033625590400,$405.00,NA,5,1,2,3,4.83,24,https://www.airbnb.com/rooms/1079176033625590431
1079228480751488600,NA,Neighborhood highlights,5,NA,3,NA,NA,0,https://www.airbnb.com/rooms/1079228480751488618
1079279590712988700,$40.00,NA,1,1,1,1,NA,0,https://www.airbnb.com/rooms/1079279590712988717
1079281610989843800,$49.00,Neighborhood highlights,2,1,1,1,NA,0,https://www.airbnb.com/rooms/1079281610989843902
1079681043834051700,$100.00,NA,6,1.5,3,0,5,1,https://www.airbnb.com/rooms/1079681043834051748
1079774068488815100,$165.00,NA,4,1,1,0,NA,0,https://www.airbnb.com/rooms/1079774068488815107
1079776280274419700,NA,Neighborhood highlights,2,NA,NA,NA,5,2,https://www.airbnb.com/rooms/1079776280274419721
1079830240077699600,$80.00,NA,2,1,1,1,4.48,46,https://www.airbnb.com/rooms/1079830240077699463
1079879404053614100,NA,NA,1,NA,NA,NA,NA,0,https://www.airbnb.com/rooms/1079879404053614131
1079890729260576e3,"$1,507.00",NA,9,2.5,3,0,5,3,https://www.airbnb.com/rooms/1079890729260575946
1079896407529546200,$70.00,NA,1,1.5,1,1,NA,0,https://www.airbnb.com/rooms/1079896407529546282
1079910993717982500,$114.00,NA,7,1,2,4,5,1,https://www.airbnb.com/rooms/1079910993717982400
1079944901034204800,$110.00,NA,3,1,1,2,NA,0,https://www.airbnb.com/rooms/1079944901034204777
1079980032666336300,$41.00,NA,1,1,1,4,NA,0,https://www.airbnb.com/rooms/1079980032666336377
1079995154639151200,$196.00,Neighborhood highlights,2,1,1,1,NA,0,https://www.airbnb.com/rooms/1079995154639151276
1080256644381495300,$389.00,Neighborhood highlights,4,2,2,2,NA,0,https://www.airbnb.com/rooms/1080256644381495310
1080257145132881700,$359.00,Neighborhood highlights,2,1,1,1,NA,0,https://www.airbnb.com/rooms/1080257145132881627
1080315979108217e3,NA,NA,1,NA,NA,NA,NA,0,https://www.airbnb.com/rooms/1080315979108216938
1080332270027681200,$113.00,Neighborhood highlights,2,1,1,1,4.2,5,https://www.airbnb.com/rooms/1080332270027681110
1080397066127126300,$93.00,NA,2,1,0,1,NA,0,https://www.airbnb.com/rooms/1080397066127126288
1080413276408130600,$199.00,NA,2,2,3,3,NA,0,https://www.airbnb.com/rooms/1080413276408130595
1080435805579214200,$116.00,NA,2,1,1,1,NA,0,https://www.airbnb.com/rooms/1080435805579214180
1080453335264829700,$712.00,Neighborhood highlights,4,2,2,2,5,1,https://www.airbnb.com/rooms/1080453335264829723
1080462560309052700,$201.00,Neighborhood highlights,2,1,1,1,NA,0,https://www.airbnb.com/rooms/1080462560309052603
1080462674336399200,$950.00,Neighborhood highlights,6,3,3,3,NA,0,https://www.airbnb.com/rooms/1080462674336399167
1080495790493155300,$37.00,NA,1,2,1,1,NA,0,https://www.airbnb.com/rooms/1080495790493155426
1080524247229234400,$117.00,NA,2,1,1,1,5,1,https://www.airbnb.com/rooms/1080524247229234431
1080563234569887500,NA,NA,1,2,1,1,NA,0,https://www.airbnb.com/rooms/1080563234569887520
1080615169929014800,$181.00,NA,2,1,NA,2,NA,0,https://www.airbnb.com/rooms/1080615169929014643
1080670869604350600,$199.00,NA,2,1,1,1,NA,0,https://www.airbnb.com/rooms/1080670869604350580
1080769743669960700,$165.00,Neighborhood highlights,2,1,1,1,5,2,https://www.airbnb.com/rooms/1080769743669960618
1081124181956231700,$132.00,Neighborhood highlights,2,1,1,0,4.94,16,https://www.airbnb.com/rooms/1081124181956231759
1081153334878873900,$265.00,NA,5,2.5,2,2,5,1,https://www.airbnb.com/rooms/1081153334878873969
1081179600643255300,$250.00,NA,2,1,1,1,NA,0,https://www.airbnb.com/rooms/1081179600643255424
1081185973600372700,$150.00,NA,2,1,0,1,NA,0,https://www.airbnb.com/rooms/1081185973600372871
1081244305969128700,$185.00,NA,2,1,1,1,5,1,https://www.airbnb.com/rooms/1081244305969128620
1081266736098131300,$280.00,Neighborhood highlights,4,2,2,2,NA,0,https://www.airbnb.com/rooms/1081266736098131414
1081270921702774300,$225.00,NA,4,1.5,2,0,NA,0,https://www.airbnb.com/rooms/1081270921702774205
1081325911262510800,$323.00,NA,6,2,4,4,4.25,12,https://www.airbnb.com/rooms/1081325911262510863
1081329204523525200,$465.00,Neighborhood highlights,4,1,1,2,4.79,24,https://www.airbnb.com/rooms/1081329204523525342
1081331112442286600,$393.00,Neighborhood highlights,4,1,1,2,4.88,8,https://www.airbnb.com/rooms/1081331112442286544
1081332555917799600,$387.00,Neighborhood highlights,2,1,1,1,4.51,41,https://www.airbnb.com/rooms/1081332555917799456
1081333701175123200,$806.00,Neighborhood highlights,4,1,1,2,5,1,https://www.airbnb.com/rooms/1081333701175123215
1081334909423823900,$420.00,Neighborhood highlights,4,1,1,2,4.87,15,https://www.airbnb.com/rooms/1081334909423823810
1081337617525702400,$346.00,Neighborhood highlights,2,1,1,1,4.58,43,https://www.airbnb.com/rooms/1081337617525702444
1081383290292932900,NA,NA,1,NA,1,NA,NA,0,https://www.airbnb.com/rooms/1081383290292932887
1081449253104266800,$324.00,NA,2,1,1,2,4.86,14,https://www.airbnb.com/rooms/1081449253104266697
1081507139395912300,$55.00,NA,1,1,1,1,NA,0,https://www.airbnb.com/rooms/1081507139395912406
1081530683168113800,$50.00,NA,1,1,1,1,5,1,https://www.airbnb.com/rooms/1081530683168113812
1081688074862046700,$285.00,Neighborhood highlights,2,1,1,1,NA,0,https://www.airbnb.com/rooms/1081688074862046736
1081688478179193600,$379.00,Neighborhood highlights,4,2,2,2,NA,0,https://www.airbnb.com/rooms/1081688478179193530
1081752668837474800,$79.00,Neighborhood highlights,2,2,1,1,4,1,https://www.airbnb.com/rooms/1081752668837474884
1081761700670315600,$215.00,NA,4,1,1,1,NA,0,https://www.airbnb.com/rooms/1081761700670315735
1081774764145429100,$81.00,Neighborhood highlights,2,2,1,1,NA,0,https://www.airbnb.com/rooms/1081774764145429147
1081941463780204500,$67.00,NA,1,2,1,1,NA,0,https://www.airbnb.com/rooms/1081941463780204485
1081962213151884800,$68.00,NA,1,2,1,1,NA,0,https://www.airbnb.com/rooms/1081962213151884751
1081971812474517800,$110.00,NA,2,1,1,1,NA,0,https://www.airbnb.com/rooms/1081971812474517820
1081977194515794400,$194.00,NA,3,1,1,1,5,2,https://www.airbnb.com/rooms/1081977194515794377
1082000170765426600,NA,NA,1,NA,NA,NA,5,2,https://www.airbnb.com/rooms/1082000170765426636
1082041638958874100,$38.00,NA,1,1,4,1,NA,0,https://www.airbnb.com/rooms/1082041638958874074
1082049386895627500,$85.00,NA,2,2,1,1,NA,0,https://www.airbnb.com/rooms/1082049386895627511
1082086330509967400,$37.00,NA,1,2,1,1,3,2,https://www.airbnb.com/rooms/1082086330509967304
1082177486445094100,$159.00,NA,2,1,1,1,NA,0,https://www.airbnb.com/rooms/1082177486445094065
1082180956465751600,$499.00,Neighborhood highlights,2,1,1,1,4.47,119,https://www.airbnb.com/rooms/1082180956465751596
1082257491305122400,$48.00,NA,2,1,1,0,NA,0,https://www.airbnb.com/rooms/1082257491305122419
1082300585235338900,$175.00,NA,2,1,1,1,NA,0,https://www.airbnb.com/rooms/1082300585235338849
1082456808583651200,$100.00,NA,2,1,1,1,5,4,https://www.airbnb.com/rooms/1082456808583651240
1082657949191521800,$718.00,Neighborhood highlights,4,2,2,2,NA,0,https://www.airbnb.com/rooms/1082657949191521796
1082660771919358e3,$375.00,NA,5,2.5,4,4,NA,0,https://www.airbnb.com/rooms/1082660771919357919
1082734770312717800,$291.00,Neighborhood highlights,3,2,1,3,5,2,https://www.airbnb.com/rooms/1082734770312717710
1082846840608354600,$143.00,NA,2,1,1,1,NA,0,https://www.airbnb.com/rooms/1082846840608354586
1083103814000174200,NA,NA,6,NA,3,NA,NA,0,https://www.airbnb.com/rooms/1083103814000174217
1083232309817492600,$58.00,NA,1,1,1,1,NA,0,https://www.airbnb.com/rooms/1083232309817492677
1.0832552565783439e+18,$35.00,NA,1,1,1,1,NA,0,https://www.airbnb.com/rooms/1083255256578343934
1083354516854663e3,$135.00,NA,3,1,1,2,5,2,https://www.airbnb.com/rooms/1083354516854663093
1083369496555924700,$250.00,NA,4,1,3,3,NA,0,https://www.airbnb.com/rooms/1083369496555924750
1083396985265703800,$119.00,NA,2,1,1,1,5,2,https://www.airbnb.com/rooms/1083396985265703852
1083413347114647800,$150.00,NA,3,1,1,2,NA,0,https://www.airbnb.com/rooms/1083413347114647900
1083457132325313300,$417.00,NA,5,1,3,3,5,9,https://www.airbnb.com/rooms/1083457132325313315
1083518709410866200,$403.00,NA,6,2,2,3,4.47,15,https://www.airbnb.com/rooms/1083518709410866232
1083548110917142e3,$84.00,Neighborhood highlights,2,1,2,2,NA,0,https://www.airbnb.com/rooms/1083548110917142090
108360510971334e4,$118.00,Neighborhood highlights,2,1,1,1,4.85,13,https://www.airbnb.com/rooms/1083605109713339980
1083669144649813200,$433.00,NA,4,1,1,2,4,5,https://www.airbnb.com/rooms/1083669144649813223
1084024890622936600,$50.00,NA,1,1.5,1,1,4,1,https://www.airbnb.com/rooms/1084024890622936681
1084025560242946300,NA,NA,2,NA,1,NA,NA,0,https://www.airbnb.com/rooms/1084025560242946299
1084034578432808300,$119.00,NA,4,1,1,1,5,1,https://www.airbnb.com/rooms/1084034578432808404
1084121726692781400,NA,Neighborhood highlights,2,NA,1,NA,5,1,https://www.airbnb.com/rooms/1084121726692781496
1084205649822413300,$146.00,Neighborhood highlights,3,1,1,1,2,1,https://www.airbnb.com/rooms/1084205649822413286
1084273676586833900,$63.00,Neighborhood highlights,3,1,1,1,4.72,54,https://www.airbnb.com/rooms/1084273676586833841
1084314858874629400,$192.00,NA,4,1,1,0,NA,0,https://www.airbnb.com/rooms/1084314858874629365
1084339111065922400,$120.00,Neighborhood highlights,2,1,1,1,5,5,https://www.airbnb.com/rooms/1084339111065922406
1084394044812218100,$145.00,Neighborhood highlights,2,1,1,1,NA,0,https://www.airbnb.com/rooms/1084394044812218151
1084674420406657400,NA,NA,1,NA,NA,NA,4.83,6,https://www.airbnb.com/rooms/1084674420406657460
1084681359373913600,$92.00,NA,2,1,1,1,NA,0,https://www.airbnb.com/rooms/1084681359373913660
1084768769972494200,$260.00,NA,5,1.5,2,2,4.75,12,https://www.airbnb.com/rooms/1084768769972494316
1084778547408123600,$65.00,NA,10,1,1,10,4.25,4,https://www.airbnb.com/rooms/1084778547408123665
1084827854461923700,$216.00,NA,4,1,2,2,5,2,https://www.airbnb.com/rooms/1084827854461923721
1084828217755385900,$128.00,Neighborhood highlights,2,1,1,1,4.83,6,https://www.airbnb.com/rooms/1084828217755386005
1084833456394644700,$230.00,NA,6,1,3,3,NA,0,https://www.airbnb.com/rooms/1084833456394644733
1084837678155303200,$105.00,NA,2,1,1,1,5,1,https://www.airbnb.com/rooms/1084837678155303157
1084860834274231600,NA,NA,2,NA,NA,NA,NA,0,https://www.airbnb.com/rooms/1084860834274231591
1084890303361819100,NA,Neighborhood highlights,2,NA,1,NA,NA,0,https://www.airbnb.com/rooms/1084890303361819260
1084908341243246100,NA,NA,1,NA,NA,NA,NA,0,https://www.airbnb.com/rooms/1084908341243246150
1084916332687431400,$36.00,Neighborhood highlights,1,1,1,1,5,1,https://www.airbnb.com/rooms/1084916332687431367
1084918400705457800,NA,Neighborhood highlights,1,NA,NA,NA,5,1,https://www.airbnb.com/rooms/1084918400705457819
1084942063521972400,$68.00,NA,1,2,1,1,5,2,https://www.airbnb.com/rooms/1084942063521972337
1084952868185704300,$38.00,Neighborhood highlights,1,1,1,1,NA,0,https://www.airbnb.com/rooms/1084952868185704372
1084959621038613100,$71.00,NA,1,2,1,1,NA,0,https://www.airbnb.com/rooms/1084959621038613144
1084972747484392400,$250.00,NA,2,1.5,2,2,NA,0,https://www.airbnb.com/rooms/1084972747484392455
1084995562728014300,$73.00,NA,1,1.5,1,1,NA,0,https://www.airbnb.com/rooms/1084995562728014471
1085013918699988500,$91.00,NA,2,1,1,0,4.65,43,https://www.airbnb.com/rooms/1085013918699988412
1085122041734203900,$47.00,Neighborhood highlights,2,1,1,1,5,1,https://www.airbnb.com/rooms/1085122041734203848
1085361995151784200,$88.00,Neighborhood highlights,1,0,5,1,NA,0,https://www.airbnb.com/rooms/1085361995151784149
1085364407279610400,$91.00,Neighborhood highlights,1,0,4,1,NA,0,https://www.airbnb.com/rooms/1085364407279610458
1085364464626256100,$96.00,NA,1,0,2,1,NA,0,https://www.airbnb.com/rooms/1085364464626256215
1085440595092984300,$150.00,NA,4,2,2,3,NA,0,https://www.airbnb.com/rooms/1085440595092984404
1085480444132277600,$80.00,NA,2,1,1,2,4.25,24,https://www.airbnb.com/rooms/1085480444132277590
1085490627017416300,$80.00,NA,6,1,1,6,4.08,12,https://www.airbnb.com/rooms/1085490627017416295
1085497818059473800,$80.00,Neighborhood highlights,6,1,1,6,4.76,42,https://www.airbnb.com/rooms/1085497818059473797
1085512179598447100,$80.00,NA,6,1,1,6,4.8,5,https://www.airbnb.com/rooms/1085512179598447019
108560819866317e4,$81.00,Neighborhood highlights,1,0,4,1,NA,0,https://www.airbnb.com/rooms/1085608198663170147
1085608400158135e3,$92.00,NA,1,0,1,1,NA,0,https://www.airbnb.com/rooms/1085608400158135031
1085608458061115400,$77.00,NA,1,0,4,1,NA,0,https://www.airbnb.com/rooms/1085608458061115414
1085615582962787600,$102.00,Neighborhood highlights,1,0,5,1,NA,0,https://www.airbnb.com/rooms/1085615582962787474
1085615712727396600,$103.00,Neighborhood highlights,1,0,4,1,NA,0,https://www.airbnb.com/rooms/1085615712727396602
1085617865241915400,$65.00,NA,1,0,4,1,NA,0,https://www.airbnb.com/rooms/1085617865241915345
1085617865664396500,$98.00,Neighborhood highlights,1,0,3,1,NA,0,https://www.airbnb.com/rooms/1085617865664396412
1085617873507953400,$74.00,Neighborhood highlights,1,0,3,1,NA,0,https://www.airbnb.com/rooms/1085617873507953427
1085652974861396400,$195.00,NA,2,1,0,1,5,1,https://www.airbnb.com/rooms/1085652974861396322
1085701489988730900,$35.00,NA,1,2,1,1,NA,0,https://www.airbnb.com/rooms/1085701489988730860
1085711159982729700,$35.00,NA,1,2,1,1,1,1,https://www.airbnb.com/rooms/1085711159982729739
1085774261317139300,$107.00,NA,3,1,1,1,4.95,20,https://www.airbnb.com/rooms/1085774261317139329
1085844334621444500,$242.00,NA,2,1,1,1,NA,0,https://www.airbnb.com/rooms/1085844334621444450
1085875030307918300,$183.00,NA,4,1,2,2,NA,0,https://www.airbnb.com/rooms/1085875030307918408
1085937308268288500,$174.00,NA,2,1,1,1,NA,0,https://www.airbnb.com/rooms/1085937308268288540
1085960626660223e3,$156.00,NA,2,1,1,1,NA,0,https://www.airbnb.com/rooms/1085960626660222968
1085963093998404600,$156.00,NA,2,1,1,1,NA,0,https://www.airbnb.com/rooms/1085963093998404590
1086082438509839200,$39.00,NA,2,1,1,1,NA,0,https://www.airbnb.com/rooms/1086082438509839176
1086158686226201900,$324.00,Neighborhood highlights,3,1,1,1,4.5,10,https://www.airbnb.com/rooms/1086158686226201877
1086162992623121900,$120.00,NA,1,1,1,0,NA,0,https://www.airbnb.com/rooms/1086162992623122009
1086180783004444400,$466.00,NA,6,3,3,3,5,1,https://www.airbnb.com/rooms/1086180783004444508
1086200276891664900,$120.00,NA,3,2,1,1,NA,0,https://www.airbnb.com/rooms/1086200276891664933
1086222374352784500,$40.00,NA,2,2,1,1,NA,0,https://www.airbnb.com/rooms/1086222374352784470
1086223966113652500,$110.00,Neighborhood highlights,4,1,1,2,4.29,7,https://www.airbnb.com/rooms/1086223966113652436
1086240698716306600,$47.00,NA,1,2,5,1,NA,0,https://www.airbnb.com/rooms/1086240698716306571
1086252238011627800,$148.00,Neighborhood highlights,6,1,2,4,NA,0,https://www.airbnb.com/rooms/1086252238011627855
1086260209854681600,$100.00,Neighborhood highlights,2,1,0,1,NA,0,https://www.airbnb.com/rooms/1086260209854681581
108627547331605e4,$68.00,NA,2,1,1,1,3,2,https://www.airbnb.com/rooms/1086275473316050017
1086275767738818400,$55.00,NA,2,1,1,1,1,1,https://www.airbnb.com/rooms/1086275767738818379
1086275884139658500,$64.00,NA,2,1,1,1,NA,0,https://www.airbnb.com/rooms/1086275884139658538
1086276027766371600,$44.00,NA,2,1,1,1,NA,0,https://www.airbnb.com/rooms/1086276027766371466
1086276094929218400,$62.00,NA,2,1,1,1,NA,0,https://www.airbnb.com/rooms/1086276094929218455
1086297495834546200,$130.00,NA,2,1,1,2,NA,0,https://www.airbnb.com/rooms/1086297495834546281
1086319559710656300,$131.00,NA,2,1,1,1,4.67,12,https://www.airbnb.com/rooms/1086319559710656328
1086326694885207800,NA,NA,1,NA,NA,NA,NA,0,https://www.airbnb.com/rooms/1086326694885207878
1086339114654189600,$62.00,NA,2,1,1,1,NA,0,https://www.airbnb.com/rooms/1086339114654189624
1086339181913768400,NA,NA,2,NA,1,NA,NA,0,https://www.airbnb.com/rooms/1086339181913768505
1086339247892038700,$72.00,NA,2,1,1,1,NA,0,https://www.airbnb.com/rooms/1086339247892038745
1086339339871879600,$81.00,NA,2,1,1,1,NA,0,https://www.airbnb.com/rooms/1086339339871879470
1086349465074257900,$150.00,NA,2,1,1,0,NA,0,https://www.airbnb.com/rooms/1086349465074257953
1086357613808814600,$111.00,NA,2,1.5,1,1,5,8,https://www.airbnb.com/rooms/1086357613808814524
1086373655299408e3,$110.00,NA,3,1,0,4,4.86,7,https://www.airbnb.com/rooms/1086373655299407944
1086379650709474e3,$60.00,NA,1,2,1,1,NA,0,https://www.airbnb.com/rooms/1086379650709474075
1086394938118286700,$75.00,NA,1,2,1,1,4,1,https://www.airbnb.com/rooms/1086394938118286708
1086423366623329e3,$58.00,NA,1,2,1,1,NA,0,https://www.airbnb.com/rooms/1086423366623328981
1086477644140534900,NA,NA,12,NA,4,NA,NA,0,https://www.airbnb.com/rooms/1086477644140534878
1086512748640361500,NA,NA,4,NA,3,NA,NA,0,https://www.airbnb.com/rooms/1086512748640361465
1086523201857001200,NA,NA,2,NA,NA,NA,NA,0,https://www.airbnb.com/rooms/1086523201857001367
1086566160611105500,$140.00,Neighborhood highlights,4,1,2,3,NA,0,https://www.airbnb.com/rooms/1086566160611105600
1086857934528282600,$112.00,NA,2,1,1,1,5,10,https://www.airbnb.com/rooms/1086857934528282644
1086871715782143e3,$74.00,Neighborhood highlights,2,1,0,1,NA,0,https://www.airbnb.com/rooms/1086871715782143028
1086887827070401e3,$378.00,Neighborhood highlights,2,1,1,1,NA,0,https://www.airbnb.com/rooms/1086887827070400937
1086888066183068e3,$74.00,Neighborhood highlights,2,1,0,1,NA,0,https://www.airbnb.com/rooms/1086888066183067947
1086957723918342500,$150.00,NA,2,1,1,1,4,2,https://www.airbnb.com/rooms/1086957723918342538
108703628614606e4,$59.00,NA,2,1,1,1,NA,0,https://www.airbnb.com/rooms/1087036286146060057
1087094198290625400,$154.00,NA,4,1,1,1,4.94,18,https://www.airbnb.com/rooms/1087094198290625423
1087136782736252900,$155.00,NA,2,1,1,1,4.53,15,https://www.airbnb.com/rooms/1087136782736252981
1087139137702855700,$120.00,NA,1,1,1,0,4.8,5,https://www.airbnb.com/rooms/1087139137702855655
1087144595237396700,$150.00,Neighborhood highlights,2,1,1,0,5,10,https://www.airbnb.com/rooms/1087144595237396840
1087165768251308500,"$4,950.00",Neighborhood highlights,2,1,1,2,NA,0,https://www.airbnb.com/rooms/1087165768251308424
1087385956162294900,$829.00,NA,8,1,3,3,4.87,15,https://www.airbnb.com/rooms/1087385956162294812
1087478093366283400,$55.00,NA,2,1,1,1,5,1,https://www.airbnb.com/rooms/1087478093366283374
1087559244367558500,$311.00,Neighborhood highlights,2,1,0,1,NA,0,https://www.airbnb.com/rooms/1087559244367558497
1087566793571484700,$326.00,Neighborhood highlights,2,1,1,1,NA,0,https://www.airbnb.com/rooms/1087566793571484662
1087580351979698700,$250.00,NA,1,1,1,2,NA,0,https://www.airbnb.com/rooms/1087580351979698682
1087580640421984800,$250.00,Neighborhood highlights,1,1,1,1,NA,0,https://www.airbnb.com/rooms/1087580640421984763
1087588544639499800,$195.00,NA,1,1,1,1,NA,0,https://www.airbnb.com/rooms/1087588544639499882
1087597996562719e3,$242.00,Neighborhood highlights,2,1,0,1,NA,0,https://www.airbnb.com/rooms/1087597996562719101
1087598300394911e3,$249.00,Neighborhood highlights,2,1,0,1,NA,0,https://www.airbnb.com/rooms/1087598300394910991
1087700560787605900,$349.00,Neighborhood highlights,4,1,2,2,NA,0,https://www.airbnb.com/rooms/1087700560787605864
1087711057756763500,$160.00,NA,2,1,1,1,5,1,https://www.airbnb.com/rooms/1087711057756763454
1087744017636472200,$52.00,NA,1,1,1,1,NA,0,https://www.airbnb.com/rooms/1087744017636472154
1087757731838889600,$150.00,NA,1,1,5,1,NA,0,https://www.airbnb.com/rooms/1087757731838889684
1087766440336121600,$75.00,NA,1,1,1,0,5,1,https://www.airbnb.com/rooms/1087766440336121612
1087797016521732500,$95.00,NA,1,1,3,0,NA,0,https://www.airbnb.com/rooms/1087797016521732530
1087798431786089100,NA,Neighborhood highlights,2,NA,NA,NA,NA,0,https://www.airbnb.com/rooms/1087798431786089199
1087800217989122e3,$999.00,Neighborhood highlights,3,1,1,2,NA,0,https://www.airbnb.com/rooms/1087800217989122112
1087800916009051500,$999.00,Neighborhood highlights,3,1,1,2,NA,0,https://www.airbnb.com/rooms/1087800916009051587
1087899933601287600,$475.00,NA,4,1,1,2,NA,0,https://www.airbnb.com/rooms/1087899933601287528
1087901565405749800,$68.00,NA,1,2,1,1,NA,0,https://www.airbnb.com/rooms/1087901565405749798
1087931058584862200,$999.00,Neighborhood highlights,2,1,1,1,4.22,9,https://www.airbnb.com/rooms/1087931058584862187
1088028431891766900,$200.00,NA,3,1,1,1,4.96,23,https://www.airbnb.com/rooms/1088028431891766930
1088440249735667e3,$295.00,Neighborhood highlights,4,3,1,2,4.5,2,https://www.airbnb.com/rooms/1088440249735666904
1088448586790398600,$100.00,NA,1,1,1,0,NA,0,https://www.airbnb.com/rooms/1088448586790398597
1088458482112063700,$100.00,NA,1,1,5,1,NA,0,https://www.airbnb.com/rooms/1088458482112063683
1088462354138947200,$100.00,NA,1,1,1,1,NA,0,https://www.airbnb.com/rooms/1088462354138947183
1088571171068902100,NA,NA,1,NA,4,NA,NA,0,https://www.airbnb.com/rooms/1088571171068902160
1088828497990492700,$159.00,Neighborhood highlights,2,3,1,1,5,10,https://www.airbnb.com/rooms/1088828497990492714
1088995864090222700,$49.00,Neighborhood highlights,1,1,0,1,4,1,https://www.airbnb.com/rooms/1088995864090222713
1089089128041463600,$134.00,Neighborhood highlights,2,3,1,1,4.67,6,https://www.airbnb.com/rooms/1089089128041463550
1089113738080022e3,$249.00,Neighborhood highlights,3,3,1,2,NA,0,https://www.airbnb.com/rooms/1089113738080022020
1089142602415929900,$50.00,NA,2,1,1,1,NA,0,https://www.airbnb.com/rooms/1089142602415929917
1089153316731719400,$125.00,Neighborhood highlights,2,1,1,1,5,9,https://www.airbnb.com/rooms/1089153316731719359
1089185458346740500,$190.00,Neighborhood highlights,2,1,1,2,4.8,5,https://www.airbnb.com/rooms/1089185458346740440
1089290609745517600,$60.00,Neighborhood highlights,1,1,0,1,5,1,https://www.airbnb.com/rooms/1089290609745517673
1089296002453052700,$95.00,NA,1,1,2,1,NA,0,https://www.airbnb.com/rooms/1089296002453052696
1089389121482319100,$34.00,NA,1,1,4,1,NA,0,https://www.airbnb.com/rooms/1089389121482319029
1089413171661165e3,$95.00,NA,2,1,1,1,NA,0,https://www.airbnb.com/rooms/1089413171661165083
1089444943150097400,$299.00,Neighborhood highlights,2,2,1,1,NA,0,https://www.airbnb.com/rooms/1089444943150097467
1089451266670163800,$90.00,NA,2,1,1,1,4,1,https://www.airbnb.com/rooms/1089451266670163868
1089460318686076e3,$671.00,NA,7,2,3,3,4.64,14,https://www.airbnb.com/rooms/1089460318686076007
1089725892764328400,$48.00,NA,2,1,1,1,NA,0,https://www.airbnb.com/rooms/1089725892764328452
1089729246192794900,$58.00,NA,2,1,1,1,NA,0,https://www.airbnb.com/rooms/1089729246192794843
1089766702290849900,$225.00,Neighborhood highlights,2,1,1,2,5,5,https://www.airbnb.com/rooms/1089766702290849908
1089799002538865300,$126.00,NA,2,1,1,1,NA,0,https://www.airbnb.com/rooms/1089799002538865369
1089816470431705100,$287.00,NA,5,2,2,2,NA,0,https://www.airbnb.com/rooms/1089816470431705091
1089849330286362200,$81.00,NA,2,1,1,1,NA,0,https://www.airbnb.com/rooms/1089849330286362160
1089912037059935700,$120.00,NA,2,1,0,1,4,1,https://www.airbnb.com/rooms/1089912037059935747
1089929370227826400,$80.00,NA,2,1,0,2,NA,0,https://www.airbnb.com/rooms/1089929370227826369
1089948791141811e3,NA,NA,2,NA,1,NA,NA,0,https://www.airbnb.com/rooms/1089948791141810827
1089953656398804700,NA,NA,2,NA,1,NA,NA,0,https://www.airbnb.com/rooms/1089953656398804792
1089954536362095600,NA,NA,2,NA,1,NA,NA,0,https://www.airbnb.com/rooms/1089954536362095672
1089955449713193700,$620.00,NA,6,1.5,3,3,4.75,12,https://www.airbnb.com/rooms/1089955449713193738
1089956776638771500,NA,NA,2,NA,1,NA,NA,0,https://www.airbnb.com/rooms/1089956776638771588
1089958346682556200,NA,NA,2,NA,1,NA,NA,0,https://www.airbnb.com/rooms/1089958346682556248
1090028270316624400,NA,NA,1,NA,NA,NA,NA,0,https://www.airbnb.com/rooms/1090028270316624297
1090041604677130100,$65.00,Neighborhood highlights,3,1.5,1,1,4.71,17,https://www.airbnb.com/rooms/1090041604677130047
1090058212987498400,$119.00,NA,3,1,2,0,5,1,https://www.airbnb.com/rooms/1090058212987498404
1090074721464732900,$200.00,NA,10,2,5,6,NA,0,https://www.airbnb.com/rooms/1090074721464733025
1090118807511157e3,$50.00,NA,2,1,1,1,NA,0,https://www.airbnb.com/rooms/1090118807511156994
1090287138945435e3,$636.00,NA,6,1,3,3,5,12,https://www.airbnb.com/rooms/1090287138945435080
1090500245655948900,$47.00,NA,1,1,1,1,5,1,https://www.airbnb.com/rooms/1090500245655949038
1090541400037539300,$357.00,Neighborhood highlights,2,1,1,1,NA,0,https://www.airbnb.com/rooms/1090541400037539368
1090541906381461600,$378.00,Neighborhood highlights,2,1,1,1,NA,0,https://www.airbnb.com/rooms/1090541906381461567
1090553830200685e3,$89.00,NA,1,1,1,1,4.86,28,https://www.airbnb.com/rooms/1090553830200685087
1090603260122215200,$300.00,NA,2,1,1,0,5,1,https://www.airbnb.com/rooms/1090603260122215169
1090617582725521800,$158.00,Neighborhood highlights,3,1,1,2,5,1,https://www.airbnb.com/rooms/1090617582725521721
1090618073492478600,$165.00,NA,4,1.5,2,2,5,1,https://www.airbnb.com/rooms/1090618073492478623
1090638611066390400,$72.00,NA,1,1.5,1,1,NA,0,https://www.airbnb.com/rooms/1090638611066390408
1090653054954567200,$157.00,NA,2,1,1,1,4.25,4,https://www.airbnb.com/rooms/1090653054954567241
1090682600184117100,$35.00,NA,1,2,1,1,NA,0,https://www.airbnb.com/rooms/1090682600184117160
1090705492468371800,$35.00,NA,1,2,1,1,NA,0,https://www.airbnb.com/rooms/1090705492468371849
1090713696580310400,$261.00,Neighborhood highlights,6,1.5,2,4,4.33,3,https://www.airbnb.com/rooms/1090713696580310351
1090719722431358700,$125.00,NA,6,1.5,3,2,5,1,https://www.airbnb.com/rooms/1090719722431358808
1090796650803365600,$70.00,NA,1,2,1,1,5,1,https://www.airbnb.com/rooms/1090796650803365546
1090799379091084200,NA,Neighborhood highlights,2,NA,NA,NA,5,1,https://www.airbnb.com/rooms/1090799379091084184
1090829533298182400,$80.00,NA,2,1,1,1,NA,0,https://www.airbnb.com/rooms/1090829533298182424
1090894126706891400,$85.00,Neighborhood highlights,1,1.5,1,1,5,1,https://www.airbnb.com/rooms/1090894126706891382
1090925801241106600,$56.00,NA,1,1,1,1,5,1,https://www.airbnb.com/rooms/1090925801241106637
1091245575223347500,$190.00,Neighborhood highlights,4,1,2,2,NA,0,https://www.airbnb.com/rooms/1091245575223347519
1091299935203308700,$500.00,NA,3,2,2,2,5,1,https://www.airbnb.com/rooms/1091299935203308643
1091367866089351400,$250.00,Neighborhood highlights,6,1,3,3,NA,0,https://www.airbnb.com/rooms/1091367866089351329
1091375314734782700,$616.00,Neighborhood highlights,6,1,1,1,NA,0,https://www.airbnb.com/rooms/1091375314734782672
1091379299934446800,$60.00,NA,1,1.5,1,3,5,1,https://www.airbnb.com/rooms/1091379299934446815
1091417367556486500,$785.00,Neighborhood highlights,6,1,2,2,NA,0,https://www.airbnb.com/rooms/1091417367556486556
1091433054357686400,$230.00,Neighborhood highlights,2,1.5,1,2,NA,0,https://www.airbnb.com/rooms/1091433054357686356
1091436668167043100,$352.00,Neighborhood highlights,8,2,3,3,NA,0,https://www.airbnb.com/rooms/1091436668167043005
1091802018768802600,NA,NA,4,NA,2,NA,NA,0,https://www.airbnb.com/rooms/1091802018768802489
1091870427187250400,$199.00,NA,4,1,2,2,NA,0,https://www.airbnb.com/rooms/1091870427187250351
1091914240452213600,"$1,000.00",NA,8,2,5,5,NA,0,https://www.airbnb.com/rooms/1091914240452213678
1091941800510801800,$215.00,Neighborhood highlights,4,1,1,2,NA,0,https://www.airbnb.com/rooms/1091941800510801822
1091956529067117e3,$190.00,Neighborhood highlights,2,1,1,1,NA,0,https://www.airbnb.com/rooms/1091956529067117133
1091978336906268900,$80.00,NA,1,1,0,1,NA,0,https://www.airbnb.com/rooms/1091978336906268918
1091998427751796400,$89.00,NA,1,1,1,1,4.56,16,https://www.airbnb.com/rooms/1091998427751796380
1092072336012573200,$375.00,Neighborhood highlights,4,1,0,2,NA,0,https://www.airbnb.com/rooms/1092072336012573142
1092086093913368300,$50.00,NA,2,2,1,1,NA,0,https://www.airbnb.com/rooms/1092086093913368347
1092089558587883400,$50.00,NA,2,2,1,0,5,1,https://www.airbnb.com/rooms/1092089558587883407
1092101241348661800,$289.00,Neighborhood highlights,2,1,1,NA,5,2,https://www.airbnb.com/rooms/1092101241348661767
1092139254709553700,"$2,005.00",NA,6,2,4,4,5,7,https://www.airbnb.com/rooms/1092139254709553655
1092225727659758300,$275.00,NA,5,2,3,3,NA,0,https://www.airbnb.com/rooms/1092225727659758476
1092280833430415500,$190.00,NA,2,1,1,1,4.5,2,https://www.airbnb.com/rooms/1092280833430415586
1092293064803917600,$75.00,NA,1,2,1,1,NA,0,https://www.airbnb.com/rooms/1092293064803917599
1092581244045250600,$139.00,Neighborhood highlights,2,3,1,1,4,1,https://www.airbnb.com/rooms/1092581244045250595
1092764040708555400,$60.00,Neighborhood highlights,1,1,0,1,5,2,https://www.airbnb.com/rooms/1092764040708555355
1092764922849525900,$250.00,NA,6,1,3,3,5,1,https://www.airbnb.com/rooms/1092764922849525879
1092801249343488e3,$268.00,Neighborhood highlights,2,1,1,1,4.63,48,https://www.airbnb.com/rooms/1092801249343488052
1092801822152327700,$331.00,Neighborhood highlights,4,1,1,2,3.2,5,https://www.airbnb.com/rooms/1092801822152327660
1092821257448313700,$39.00,NA,1,2,1,1,5,1,https://www.airbnb.com/rooms/1092821257448313786
1092927557165898200,$76.00,Neighborhood highlights,4,1,2,2,5,2,https://www.airbnb.com/rooms/1092927557165898276
1092928294708580400,$260.00,Neighborhood highlights,2,1,1,1,4.6,35,https://www.airbnb.com/rooms/1092928294708580275
1092933798132160300,$220.00,NA,4,2.5,2,3,NA,0,https://www.airbnb.com/rooms/1092933798132160371
1092943663244701600,$240.00,NA,2,1,1,1,NA,0,https://www.airbnb.com/rooms/1092943663244701628
1092950423832012800,$273.00,Neighborhood highlights,4,1,1,2,4.55,22,https://www.airbnb.com/rooms/1092950423832012772
1092951641472377500,$343.00,Neighborhood highlights,2,1,1,1,5,1,https://www.airbnb.com/rooms/1092951641472377416
1092954036179575800,$263.00,Neighborhood highlights,4,1,1,2,4.52,67,https://www.airbnb.com/rooms/1092954036179575901
1.0929554448831921e+18,$767.00,Neighborhood highlights,2,1,1,2,NA,0,https://www.airbnb.com/rooms/1092955444883191996
1093107122428443600,$80.00,NA,2,1,1,0,NA,0,https://www.airbnb.com/rooms/1093107122428443631
1093528784858965100,$200.00,NA,4,1,2,2,4,1,https://www.airbnb.com/rooms/1093528784858965151
1093615036600977800,$133.00,NA,2,1,1,1,4.85,20,https://www.airbnb.com/rooms/1093615036600977781
1093627832142540200,$140.00,Neighborhood highlights,3,1,1,1,5,1,https://www.airbnb.com/rooms/1093627832142540212
1093637322687475500,$270.00,NA,6,1,3,3,NA,0,https://www.airbnb.com/rooms/1093637322687475492
1093648989560593700,$125.00,NA,1,1,1,1,NA,0,https://www.airbnb.com/rooms/1093648989560593539
1093677108223598800,$100.00,NA,1,1,1,1,NA,0,https://www.airbnb.com/rooms/1093677108223598854
1093766110632416500,$240.00,NA,2,1,1,1,NA,0,https://www.airbnb.com/rooms/1093766110632416502
1093849935002945800,$48.00,NA,1,2,4,1,NA,0,https://www.airbnb.com/rooms/1093849935002945757
1094010528655760600,$300.00,Neighborhood highlights,10,3,4,4,4.17,6,https://www.airbnb.com/rooms/1094010528655760689
1094196118765850100,$240.00,NA,2,1,1,1,NA,0,https://www.airbnb.com/rooms/1094196118765850038
1094202291670785800,$176.00,NA,5,2,3,2,NA,0,https://www.airbnb.com/rooms/1094202291670785749
1094209990280368e3,$240.00,NA,2,1,1,1,NA,0,https://www.airbnb.com/rooms/1094209990280368044
1094210796645116300,$240.00,NA,2,1,1,1,NA,0,https://www.airbnb.com/rooms/1094210796645116323
1094241915446241e3,$124.00,NA,4,1,1,2,NA,0,https://www.airbnb.com/rooms/1094241915446241027
1094248768330564e3,$70.00,NA,2,2.5,5,1,NA,0,https://www.airbnb.com/rooms/1094248768330564027
1094266816874777300,$215.00,Neighborhood highlights,2,1.5,1,1,NA,0,https://www.airbnb.com/rooms/1094266816874777232
1094338015491551400,$50.00,NA,1,1,0,1,5,2,https://www.airbnb.com/rooms/1094338015491551388
1094455766433039100,$165.00,NA,6,1,2,3,NA,0,https://www.airbnb.com/rooms/1094455766433039056
1094581406003955700,$110.00,NA,2,1,2,2,5,2,https://www.airbnb.com/rooms/1094581406003955735
1094761010140633600,$196.00,Neighborhood highlights,2,1,1,1,NA,0,https://www.airbnb.com/rooms/1094761010140633632
1094762151844094e3,$196.00,Neighborhood highlights,2,1,1,1,NA,0,https://www.airbnb.com/rooms/1094762151844093977
1094764389824490200,$316.00,Neighborhood highlights,4,1,1,2,NA,0,https://www.airbnb.com/rooms/1094764389824490264
1094765911844541600,$316.00,Neighborhood highlights,4,1,1,2,NA,0,https://www.airbnb.com/rooms/1094765911844541646
1094767436963006600,$348.00,Neighborhood highlights,2,1,1,1,NA,0,https://www.airbnb.com/rooms/1094767436963006514
1094768575810425e3,$348.00,Neighborhood highlights,2,1,1,1,NA,0,https://www.airbnb.com/rooms/1094768575810425003
1094771527480877e3,$372.00,Neighborhood highlights,4,1,1,2,NA,0,https://www.airbnb.com/rooms/1094771527480877085
1094773469623443500,$372.00,Neighborhood highlights,4,1,1,2,NA,0,https://www.airbnb.com/rooms/1094773469623443535
1094775082583002100,$292.00,Neighborhood highlights,2,1,1,1,NA,0,https://www.airbnb.com/rooms/1094775082583002100
1094777151341930900,$292.00,Neighborhood highlights,4,1,1,2,NA,0,https://www.airbnb.com/rooms/1094777151341930866
1094778509948613400,$292.00,Neighborhood highlights,4,1,1,2,NA,0,https://www.airbnb.com/rooms/1094778509948613457
1094797239366835100,NA,Neighborhood highlights,2,NA,NA,NA,NA,0,https://www.airbnb.com/rooms/1094797239366835045
1094797804470209300,$40.00,Neighborhood highlights,2,1,1,1,NA,0,https://www.airbnb.com/rooms/1094797804470209350
1094798050183949600,$42.00,Neighborhood highlights,2,1,1,1,NA,0,https://www.airbnb.com/rooms/1094798050183949653
1094806998523731700,$392.00,Neighborhood highlights,4,2,2,2,NA,0,https://www.airbnb.com/rooms/1094806998523731750
1094808192959006200,$392.00,Neighborhood highlights,4,2,2,2,NA,0,https://www.airbnb.com/rooms/1094808192959006232
1094817105402046200,$632.00,Neighborhood highlights,8,2,2,4,NA,0,https://www.airbnb.com/rooms/1094817105402046178
1094819456089419600,$632.00,Neighborhood highlights,8,2,2,4,NA,0,https://www.airbnb.com/rooms/1094819456089419636
1094821863189646800,$348.00,Neighborhood highlights,4,2,2,2,NA,0,https://www.airbnb.com/rooms/1094821863189646828
1094825145022408300,$348.00,Neighborhood highlights,4,2,2,2,NA,0,https://www.airbnb.com/rooms/1094825145022408348
1.0948277608111119e+18,$372.00,Neighborhood highlights,8,2,2,4,NA,0,https://www.airbnb.com/rooms/1094827760811111927
1094828974462390400,$372.00,Neighborhood highlights,8,2,2,4,NA,0,https://www.airbnb.com/rooms/1094828974462390323
1094830279649231500,$180.00,NA,4,1,1,1,NA,0,https://www.airbnb.com/rooms/1094830279649231470
1094834246619155700,$292.00,Neighborhood highlights,4,2,2,2,NA,0,https://www.airbnb.com/rooms/1094834246619155716
1094845169526287100,$292.00,Neighborhood highlights,8,2,2,4,NA,0,https://www.airbnb.com/rooms/1094845169526286962
1094846910093881600,$292.00,Neighborhood highlights,8,2,2,4,NA,0,https://www.airbnb.com/rooms/1094846910093881527
1094848592248598500,$588.00,Neighborhood highlights,6,3,3,3,NA,0,https://www.airbnb.com/rooms/1094848592248598541
1094850740859468200,$588.00,Neighborhood highlights,6,3,3,3,NA,0,https://www.airbnb.com/rooms/1094850740859468109
1094852250821907800,$49.00,Neighborhood highlights,1,1,0,1,5,2,https://www.airbnb.com/rooms/1094852250821907788
1094854129910468900,"$1,185.00",Neighborhood highlights,12,3,3,6,NA,0,https://www.airbnb.com/rooms/1094854129910468799
1094856719742290200,$948.00,Neighborhood highlights,12,3,3,6,NA,0,https://www.airbnb.com/rooms/1094856719742290170
1094860088554764500,$784.00,Neighborhood highlights,8,4,4,4,NA,0,https://www.airbnb.com/rooms/1094860088554764411
1094862441728384e3,$784.00,Neighborhood highlights,8,4,4,4,NA,0,https://www.airbnb.com/rooms/1094862441728384049
1094864191677112300,"$1,264.00",Neighborhood highlights,16,4,4,8,NA,0,https://www.airbnb.com/rooms/1094864191677112358
1094865520021826400,"$1,264.00",Neighborhood highlights,16,4,4,8,NA,0,https://www.airbnb.com/rooms/1094865520021826431
1094895605343224400,$271.00,NA,6,2,3,3,NA,0,https://www.airbnb.com/rooms/1094895605343224424
1094917594745443300,$70.00,NA,2,1,0,1,5,1,https://www.airbnb.com/rooms/1094917594745443433
1094934420597099600,$34.00,NA,1,2,1,1,NA,0,https://www.airbnb.com/rooms/1094934420597099681
1094956373198363500,"$1,031.00",Neighborhood highlights,16,3,6,7,4.63,16,https://www.airbnb.com/rooms/1094956373198363498
1094962298078258200,NA,NA,1,NA,NA,NA,NA,0,https://www.airbnb.com/rooms/1094962298078258250
1094973250036740500,$78.00,NA,2,1,1,1,NA,0,https://www.airbnb.com/rooms/1094973250036740569
1095003644154224600,$398.00,Neighborhood highlights,4,1,0,2,5,4,https://www.airbnb.com/rooms/1095003644154224670
1095008099179477600,$375.00,Neighborhood highlights,2,1,0,1,NA,0,https://www.airbnb.com/rooms/1095008099179477611
1095008385366874800,NA,NA,16,NA,16,NA,NA,0,https://www.airbnb.com/rooms/1095008385366874794
1095010137780365e3,$69.00,NA,1,2,1,1,1,1,https://www.airbnb.com/rooms/1095010137780365162
1095016556426393900,$253.00,Neighborhood highlights,2,1,0,1,5,2,https://www.airbnb.com/rooms/1095016556426393939
1095018491084238600,$312.00,Neighborhood highlights,4,1,0,2,4.62,21,https://www.airbnb.com/rooms/1095018491084238599
1095034111907244700,$320.00,NA,7,1.5,2,2,NA,0,https://www.airbnb.com/rooms/1095034111907244676
1095064373785059700,$57.00,NA,1,2,1,1,NA,0,https://www.airbnb.com/rooms/1095064373785059700
1095067625806122800,$240.00,NA,4,1,2,2,NA,0,https://www.airbnb.com/rooms/1095067625806122686
1095104848494207e3,$36.00,NA,1,2,1,1,NA,0,https://www.airbnb.com/rooms/1095104848494207001
1095142607572110700,$338.00,NA,4,1,2,2,5,5,https://www.airbnb.com/rooms/1095142607572110710
1095170294926054500,$245.00,NA,2,1,1,2,5,1,https://www.airbnb.com/rooms/1095170294926054525
1095201205113554700,$66.00,NA,2,1,1,0,NA,0,https://www.airbnb.com/rooms/1095201205113554701
1095303457850517600,$471.00,NA,5,1,2,2,4.83,6,https://www.airbnb.com/rooms/1095303457850517678
1095552825883381900,NA,Neighborhood highlights,2,NA,NA,NA,NA,0,https://www.airbnb.com/rooms/1095552825883381859
1095553040711152600,NA,Neighborhood highlights,2,NA,NA,NA,NA,0,https://www.airbnb.com/rooms/1095553040711152680
1095553256623190800,NA,Neighborhood highlights,2,NA,NA,NA,NA,0,https://www.airbnb.com/rooms/1095553256623190741
1095582600306510100,NA,Neighborhood highlights,1,NA,NA,NA,NA,0,https://www.airbnb.com/rooms/1095582600306510167
1095582745389771e3,$39.00,Neighborhood highlights,1,1,1,1,NA,0,https://www.airbnb.com/rooms/1095582745389771049
1095582942084666800,$38.00,Neighborhood highlights,1,1,1,1,NA,0,https://www.airbnb.com/rooms/1095582942084666709
1095596928406310300,NA,Neighborhood highlights,3,NA,1,NA,NA,0,https://www.airbnb.com/rooms/1095596928406310226
1095596936556486400,NA,Neighborhood highlights,3,NA,1,NA,NA,0,https://www.airbnb.com/rooms/1095596936556486476
1095596959834637800,NA,Neighborhood highlights,3,NA,1,NA,NA,0,https://www.airbnb.com/rooms/1095596959834637731
1095596968248992600,NA,Neighborhood highlights,3,NA,1,NA,NA,0,https://www.airbnb.com/rooms/1095596968248992651
1095599632079330400,NA,Neighborhood highlights,1,NA,NA,NA,NA,0,https://www.airbnb.com/rooms/1095599632079330447
1095599916245109800,$43.00,Neighborhood highlights,1,1,1,1,5,1,https://www.airbnb.com/rooms/1095599916245109812
1095600062834174700,$42.00,Neighborhood highlights,1,1,1,1,NA,0,https://www.airbnb.com/rooms/1095600062834174789
1095611372784317400,NA,NA,2,NA,1,NA,4.39,18,https://www.airbnb.com/rooms/1095611372784317486
1095622155895088100,NA,Neighborhood highlights,2,NA,1,NA,NA,0,https://www.airbnb.com/rooms/1095622155895088093
1095622374147611500,NA,Neighborhood highlights,2,NA,1,NA,NA,0,https://www.airbnb.com/rooms/1095622374147611563
1095625586961263400,NA,Neighborhood highlights,2,NA,1,NA,NA,0,https://www.airbnb.com/rooms/1095625586961263397
1095631633664131100,NA,Neighborhood highlights,2,NA,1,NA,NA,0,https://www.airbnb.com/rooms/1095631633664131095
1095632351915962100,NA,Neighborhood highlights,2,NA,1,NA,NA,0,https://www.airbnb.com/rooms/1095632351915962087
1095641486721475200,NA,Neighborhood highlights,2,NA,1,NA,NA,0,https://www.airbnb.com/rooms/1095641486721475266
1095642526311759600,NA,Neighborhood highlights,2,NA,1,NA,NA,0,https://www.airbnb.com/rooms/1095642526311759724
1095642703918966e3,$545.00,Neighborhood highlights,3,1,1,1,NA,0,https://www.airbnb.com/rooms/1095642703918966024
1095642735472915e3,NA,Neighborhood highlights,3,NA,1,NA,NA,0,https://www.airbnb.com/rooms/1095642735472914877
1095643937701178900,NA,Neighborhood highlights,2,NA,1,NA,NA,0,https://www.airbnb.com/rooms/1095643937701178901
1095644811035564800,NA,Neighborhood highlights,2,NA,1,NA,NA,0,https://www.airbnb.com/rooms/1095644811035564848
1095645314924974600,NA,Neighborhood highlights,2,NA,1,NA,NA,0,https://www.airbnb.com/rooms/1095645314924974569
1095646668147768200,NA,NA,2,NA,1,NA,NA,0,https://www.airbnb.com/rooms/1095646668147768174
1095659484067592200,$290.00,Neighborhood highlights,2,1,1,1,4.47,19,https://www.airbnb.com/rooms/1095659484067592190
1095662642480703200,$475.00,Neighborhood highlights,2,1,1,1,NA,0,https://www.airbnb.com/rooms/1095662642480703205
1095664658251936500,$550.00,Neighborhood highlights,2,1,1,1,NA,0,https://www.airbnb.com/rooms/1095664658251936454
1095691878848758800,$225.00,NA,2,1,1,1,NA,0,https://www.airbnb.com/rooms/1095691878848758661
1095695440568083500,$315.00,NA,8,1,2,2,NA,0,https://www.airbnb.com/rooms/1095695440568083578
1095722215565367800,$35.00,NA,1,1,1,1,NA,0,https://www.airbnb.com/rooms/1095722215565367839
1095731526084120600,$37.00,NA,1,2,1,1,NA,0,https://www.airbnb.com/rooms/1095731526084120638
1095737290006810600,$257.00,NA,4,1,2,0,4.67,3,https://www.airbnb.com/rooms/1095737290006810489
1095746267737750800,$47.00,Neighborhood highlights,1,1,0,1,NA,0,https://www.airbnb.com/rooms/1095746267737750809
1095749669669702100,$35.00,NA,1,1,1,1,NA,0,https://www.airbnb.com/rooms/1095749669669702093
1095750796260734600,$175.00,NA,2,1,1,2,4.93,15,https://www.airbnb.com/rooms/1095750796260734534
1095762511256499e3,$27.00,NA,1,1,1,1,NA,0,https://www.airbnb.com/rooms/1095762511256498837
1095774717737239e3,$123.00,Neighborhood highlights,3,1.5,1,2,5,8,https://www.airbnb.com/rooms/1095774717737238981
1095791212418437800,$36.00,NA,1,1,1,1,NA,0,https://www.airbnb.com/rooms/1095791212418437838
1095800302938829e3,$35.00,NA,1,1,1,1,NA,0,https://www.airbnb.com/rooms/1095800302938829085
1095820793880058400,$35.00,NA,1,2,1,1,NA,0,https://www.airbnb.com/rooms/1095820793880058376
1095839144810126800,NA,NA,2,NA,2,NA,NA,0,https://www.airbnb.com/rooms/1095839144810126915
1095880289260844e3,$120.00,NA,2,1,1,1,NA,0,https://www.airbnb.com/rooms/1095880289260844020
1095903383946887200,$159.00,NA,2,1,0,1,4.5,2,https://www.airbnb.com/rooms/1095903383946887262
1095951904084383500,NA,Neighborhood highlights,3,NA,1,NA,NA,0,https://www.airbnb.com/rooms/1095951904084383488
1095951911359785200,NA,Neighborhood highlights,3,NA,1,NA,NA,0,https://www.airbnb.com/rooms/1095951911359785202
1095951952041477800,NA,Neighborhood highlights,3,NA,1,NA,NA,0,https://www.airbnb.com/rooms/1095951952041477808
1095951959879136300,NA,Neighborhood highlights,3,NA,1,NA,NA,0,https://www.airbnb.com/rooms/1095951959879136315
1095952035979803400,NA,Neighborhood highlights,3,NA,1,NA,NA,0,https://www.airbnb.com/rooms/1095952035979803377
1095994766368910600,NA,Neighborhood highlights,3,NA,1,NA,NA,0,https://www.airbnb.com/rooms/1095994766368910524
1095994775516206700,NA,Neighborhood highlights,3,NA,1,NA,NA,0,https://www.airbnb.com/rooms/1095994775516206781
1095997440761674400,NA,Neighborhood highlights,3,NA,1,NA,NA,0,https://www.airbnb.com/rooms/1095997440761674453
1095997449016092e3,NA,Neighborhood highlights,3,NA,1,NA,NA,0,https://www.airbnb.com/rooms/1095997449016091938
1096015826578780400,$76.00,NA,2,2,1,1,4.5,4,https://www.airbnb.com/rooms/1096015826578780464
1096017409956478100,NA,Neighborhood highlights,5,NA,2,NA,NA,0,https://www.airbnb.com/rooms/1096017409956478034
1096017417658513200,NA,Neighborhood highlights,5,NA,2,NA,NA,0,https://www.airbnb.com/rooms/1096017417658513107
1096017456848714400,NA,Neighborhood highlights,3,NA,1,NA,NA,0,https://www.airbnb.com/rooms/1096017456848714365
1096019631674588900,NA,Neighborhood highlights,3,NA,1,NA,NA,0,https://www.airbnb.com/rooms/1096019631674589030
1096019667553006200,$545.00,Neighborhood highlights,3,1,1,1,NA,0,https://www.airbnb.com/rooms/1096019667553006176
1096019691977818200,NA,Neighborhood highlights,3,NA,1,NA,NA,0,https://www.airbnb.com/rooms/1096019691977818162
1096022144534948600,NA,Neighborhood highlights,3,NA,1,NA,NA,0,https://www.airbnb.com/rooms/1096022144534948575
1096026449962984300,$76.00,NA,2,2,1,1,4.56,9,https://www.airbnb.com/rooms/1096026449962984362
1096075188237136500,$469.00,Neighborhood highlights,3,1,1,1,NA,0,https://www.airbnb.com/rooms/1096075188237136545
1096075195783923200,$469.00,Neighborhood highlights,3,1,1,1,NA,0,https://www.airbnb.com/rooms/1096075195783923130
1096075217296992300,NA,Neighborhood highlights,3,NA,1,NA,NA,0,https://www.airbnb.com/rooms/1096075217296992348
1096075225409069300,NA,Neighborhood highlights,3,NA,1,NA,NA,0,https://www.airbnb.com/rooms/1096075225409069236
1096075249975969900,NA,Neighborhood highlights,3,NA,1,NA,NA,0,https://www.airbnb.com/rooms/1096075249975969944
1096075258625346e3,NA,Neighborhood highlights,3,NA,1,NA,NA,0,https://www.airbnb.com/rooms/1096075258625346129
1096269283569822500,$220.00,NA,4,1,1,0,NA,0,https://www.airbnb.com/rooms/1096269283569822329
1096304392988080900,$93.00,NA,2,1,1,1,NA,0,https://www.airbnb.com/rooms/1096304392988080939
1096316325060629800,NA,Neighborhood highlights,2,NA,1,NA,NA,0,https://www.airbnb.com/rooms/1096316325060629841
1096316419456937700,NA,Neighborhood highlights,2,NA,1,NA,NA,0,https://www.airbnb.com/rooms/1096316419456937719
1096316862149152500,NA,Neighborhood highlights,2,NA,1,NA,NA,0,https://www.airbnb.com/rooms/1096316862149152416
1096434482421931e3,$71.00,NA,1,2,1,1,NA,0,https://www.airbnb.com/rooms/1096434482421931061
1096450069997473500,$34.00,NA,1,1,1,1,NA,0,https://www.airbnb.com/rooms/1096450069997473598
1096458753806309100,$39.00,NA,1,2,1,1,NA,0,https://www.airbnb.com/rooms/1096458753806309063
1096468933798069200,$214.00,NA,2,1,1,0,5,1,https://www.airbnb.com/rooms/1096468933798069284
1096472331595557200,$33.00,NA,1,1,1,1,NA,0,https://www.airbnb.com/rooms/1096472331595557358
1096486041200031200,$64.00,NA,2,1,1,1,NA,0,https://www.airbnb.com/rooms/1096486041200031130
1096488968245433700,NA,NA,1,NA,NA,NA,NA,0,https://www.airbnb.com/rooms/1096488968245433716
1096492708718540300,$70.00,NA,1,2,1,1,NA,0,https://www.airbnb.com/rooms/1096492708718540311
1096497378189892400,$64.00,NA,2,1,1,1,NA,0,https://www.airbnb.com/rooms/1096497378189892283
1096515047509672300,NA,NA,1,2,1,1,NA,0,https://www.airbnb.com/rooms/1096515047509672363
1096523837052030600,$35.00,NA,1,2,1,1,NA,0,https://www.airbnb.com/rooms/1096523837052030631
1096536087254342400,$40.00,NA,1,1,1,1,5,1,https://www.airbnb.com/rooms/1096536087254342431
1096546616661029200,$215.00,NA,2,1,0,1,NA,0,https://www.airbnb.com/rooms/1096546616661029299
1096549532530211800,$50.00,NA,1,1,1,1,NA,0,https://www.airbnb.com/rooms/1096549532530211832
1096563621072621e3,$35.00,NA,1,2,1,1,NA,0,https://www.airbnb.com/rooms/1096563621072621125
1096576774883071900,$35.00,NA,1,3,1,1,NA,0,https://www.airbnb.com/rooms/1096576774883071883
1096583187139156600,$140.00,Neighborhood highlights,2,1,1,1,5,2,https://www.airbnb.com/rooms/1096583187139156674
1096592978406112300,$38.00,NA,1,1,1,1,NA,0,https://www.airbnb.com/rooms/1096592978406112252
10966049256897e5,$36.00,NA,1,2,1,1,NA,0,https://www.airbnb.com/rooms/1096604925689700051
1096644441308147100,NA,NA,2,NA,1,NA,NA,0,https://www.airbnb.com/rooms/1096644441308147113
1096645148736507100,$350.00,NA,2,1,2,2,NA,0,https://www.airbnb.com/rooms/1096645148736507234
1096985087300676600,$230.00,NA,7,2,1,1,NA,0,https://www.airbnb.com/rooms/1096985087300676690
1097010415717726e3,$120.00,NA,2,1,1,1,NA,0,https://www.airbnb.com/rooms/1097010415717725941
1097030119523190900,$105.00,NA,2,1,1,1,NA,0,https://www.airbnb.com/rooms/1097030119523190924
1097075517686404900,$66.00,Neighborhood highlights,2,2,1,0,4,1,https://www.airbnb.com/rooms/1097075517686404851
1097081328081903200,$67.00,Neighborhood highlights,2,2,1,1,NA,0,https://www.airbnb.com/rooms/1097081328081903192
1097087501647496800,$65.00,Neighborhood highlights,2,2,1,1,NA,0,https://www.airbnb.com/rooms/1097087501647496816
1097103380023407100,$65.00,Neighborhood highlights,2,2,1,0,NA,0,https://www.airbnb.com/rooms/1097103380023407028
1097113965212046700,$65.00,Neighborhood highlights,2,2,1,0,NA,0,https://www.airbnb.com/rooms/1097113965212046724
1097114648699103900,NA,NA,2,NA,1,NA,NA,0,https://www.airbnb.com/rooms/1097114648699103890
1097114648877714e3,$158.00,NA,2,1,1,NA,4.46,192,https://www.airbnb.com/rooms/1097114648877714131
1097115172878535600,NA,NA,2,NA,1,NA,NA,0,https://www.airbnb.com/rooms/1097115172878535509
109711553356507e4,NA,NA,2,NA,1,NA,NA,0,https://www.airbnb.com/rooms/1097115533565069953
1097115534172650100,NA,NA,2,NA,1,NA,NA,0,https://www.airbnb.com/rooms/1097115534172650110
1097116277933722600,NA,NA,4,NA,1,NA,NA,0,https://www.airbnb.com/rooms/1097116277933722529
1097116310359705900,NA,NA,2,NA,1,NA,NA,0,https://www.airbnb.com/rooms/1097116310359705988
1097116605119315e3,NA,NA,2,NA,1,NA,NA,0,https://www.airbnb.com/rooms/1097116605119314932
1097118273217792100,$65.00,Neighborhood highlights,2,2,1,0,NA,0,https://www.airbnb.com/rooms/1097118273217792095
1097125455525075800,$183.00,NA,2,1,1,NA,4.25,20,https://www.airbnb.com/rooms/1097125455525075775
1097125456307217700,$173.00,NA,2,1,1,NA,5,1,https://www.airbnb.com/rooms/1097125456307217681
1097125624434587e3,$190.00,NA,2,1,1,NA,4.08,13,https://www.airbnb.com/rooms/1097125624434587092
1097125628839778700,$190.00,NA,2,1,1,NA,NA,0,https://www.airbnb.com/rooms/1097125628839778676
1097125751143859300,$184.00,NA,2,1,1,NA,3,1,https://www.airbnb.com/rooms/1097125751143859409
1097127613661681400,$65.00,Neighborhood highlights,2,2,1,0,NA,0,https://www.airbnb.com/rooms/1097127613661681409
1097128400576202500,$66.00,Neighborhood highlights,2,2,1,0,NA,0,https://www.airbnb.com/rooms/1097128400576202625
1097129270356869100,$95.00,NA,2,2,1,1,NA,0,https://www.airbnb.com/rooms/1097129270356869111
1097130161811082100,$67.00,Neighborhood highlights,2,2,1,0,NA,0,https://www.airbnb.com/rooms/1097130161811082073
1097136143131541e3,$271.00,Neighborhood highlights,8,2,4,0,NA,0,https://www.airbnb.com/rooms/1097136143131540989
1097138273704394100,$207.00,NA,2,1,1,0,NA,0,https://www.airbnb.com/rooms/1097138273704394049
1097146191048191700,NA,NA,1,NA,NA,NA,NA,0,https://www.airbnb.com/rooms/1097146191048191638
1097146402872824300,$338.00,Neighborhood highlights,5,1,2,4,5,8,https://www.airbnb.com/rooms/1097146402872824283
1097151505146018600,$44.00,NA,1,2,1,1,4.5,2,https://www.airbnb.com/rooms/1097151505146018523
1097164181186372600,NA,NA,1,NA,NA,NA,NA,0,https://www.airbnb.com/rooms/1097164181186372662
1097164653715180900,$43.00,NA,2,1,1,1,NA,0,https://www.airbnb.com/rooms/1097164653715181033
1097164750741381800,$562.00,Neighborhood highlights,8,2,3,5,4.92,24,https://www.airbnb.com/rooms/1097164750741381817
1097167349412197900,$53.00,Neighborhood highlights,1,1,0,1,5,2,https://www.airbnb.com/rooms/1097167349412197953
1097176520785786600,$183.00,NA,2,1,1,NA,NA,0,https://www.airbnb.com/rooms/1097176520785786614
1097176953656037200,NA,NA,1,NA,NA,NA,NA,0,https://www.airbnb.com/rooms/1097176953656037239
1097184321336434400,$41.00,NA,1,2,1,1,NA,0,https://www.airbnb.com/rooms/1097184321336434383
1097184698580722400,$35.00,NA,1,2,1,1,4,1,https://www.airbnb.com/rooms/1097184698580722388
1097189476704714e3,$50.00,NA,1,2,1,1,NA,0,https://www.airbnb.com/rooms/1097189476704713904
1097191727073296600,$45.00,NA,1,2,1,1,NA,0,https://www.airbnb.com/rooms/1097191727073296605
1097200753942102400,$41.00,NA,1,2,1,1,NA,0,https://www.airbnb.com/rooms/1097200753942102443
1097218520087313700,$43.00,NA,1,1,1,1,NA,0,https://www.airbnb.com/rooms/1097218520087313643
1097224211313304800,$86.00,NA,1,1,1,1,NA,0,https://www.airbnb.com/rooms/1097224211313304798
1097266893958266200,$200.00,NA,2,1,1,1,NA,0,https://www.airbnb.com/rooms/1097266893958266284
1097303268172426200,$58.00,NA,1,2,1,1,NA,0,https://www.airbnb.com/rooms/1097303268172426209
1097321035472565600,$52.00,NA,1,2,1,1,NA,0,https://www.airbnb.com/rooms/1097321035472565545
1097418298061181200,$73.00,NA,1,1,0,1,5,1,https://www.airbnb.com/rooms/1097418298061181114
1097428200625674200,$77.00,NA,1,1,0,1,5,1,https://www.airbnb.com/rooms/1097428200625674167
1097697203605630200,$195.00,NA,3,1,1,1,NA,0,https://www.airbnb.com/rooms/1097697203605630282
1097714446468754400,$205.00,NA,4,1,0,2,NA,0,https://www.airbnb.com/rooms/1097714446468754357
1097775567343357200,$136.00,Neighborhood highlights,2,1,1,1,NA,0,https://www.airbnb.com/rooms/1097775567343357168
1097804268016705400,$332.00,Neighborhood highlights,2,1,1,1,NA,0,https://www.airbnb.com/rooms/1097804268016705494
1097817640272268300,$208.00,NA,3,2,3,4,NA,0,https://www.airbnb.com/rooms/1097817640272268339
1097839645000161e3,NA,Neighborhood highlights,3,NA,1,NA,NA,0,https://www.airbnb.com/rooms/1097839645000161044
1097839701892291600,NA,Neighborhood highlights,3,NA,1,NA,NA,0,https://www.airbnb.com/rooms/1097839701892291460
1097839710310084500,NA,Neighborhood highlights,3,NA,1,NA,NA,0,https://www.airbnb.com/rooms/1097839710310084556
1097841807190794500,NA,Neighborhood highlights,3,NA,1,NA,NA,0,https://www.airbnb.com/rooms/1097841807190794518
1097841814747229700,NA,Neighborhood highlights,3,NA,1,NA,NA,0,https://www.airbnb.com/rooms/1097841814747229716
1097848686671488e3,$64.00,NA,2,1,1,1,NA,0,https://www.airbnb.com/rooms/1097848686671487952
1097851403485558500,$64.00,NA,2,1,1,1,NA,0,https://www.airbnb.com/rooms/1097851403485558562
1097852292327166500,$64.00,NA,2,1,1,1,NA,0,https://www.airbnb.com/rooms/1097852292327166400
1097862263564063700,$100.00,NA,2,1,1,1,NA,0,https://www.airbnb.com/rooms/1097862263564063749
1097867998728778200,$64.00,NA,2,1,1,1,5,1,https://www.airbnb.com/rooms/1097867998728778169
1.0978717707340721e+18,$98.00,NA,2,1,0,1,NA,0,https://www.airbnb.com/rooms/1097871770734072043
1.0978750690769359e+18,$55.00,NA,1,1,0,1,4.5,2,https://www.airbnb.com/rooms/1097875069076935985
1.0978757315767439e+18,$98.00,NA,2,1,0,1,NA,0,https://www.airbnb.com/rooms/1097875731576744055
1097895081984963700,$126.00,NA,2,1,1,1,5,7,https://www.airbnb.com/rooms/1097895081984963736
1097912244707462100,"$1,299.00",Neighborhood highlights,3,4,4,4,NA,0,https://www.airbnb.com/rooms/1097912244707462003
1097961844061495800,$90.00,NA,2,1,1,1,NA,0,https://www.airbnb.com/rooms/1097961844061495864
1097989140191924700,$63.00,NA,1,1.5,1,1,NA,0,https://www.airbnb.com/rooms/1097989140191924730
1097994319431722800,$72.00,NA,1,2,1,1,NA,0,https://www.airbnb.com/rooms/1097994319431722674
1098002690058105e3,$300.00,NA,2,1,1,1,NA,0,https://www.airbnb.com/rooms/1098002690058104972
1098016572818291700,$66.00,NA,1,2,1,1,NA,0,https://www.airbnb.com/rooms/1098016572818291672
1098026408985873700,NA,NA,2,NA,1,NA,5,1,https://www.airbnb.com/rooms/1098026408985873683
1098834972663701900,$621.00,NA,10,2,5,10,5,6,https://www.airbnb.com/rooms/1098834972663701875
1098949197514944100,NA,Neighborhood highlights,3,NA,1,NA,NA,0,https://www.airbnb.com/rooms/1098949197514944107
1098949221354425600,NA,Neighborhood highlights,3,NA,1,NA,NA,0,https://www.airbnb.com/rooms/1098949221354425598
1098949230625027200,NA,Neighborhood highlights,5,NA,2,NA,NA,0,https://www.airbnb.com/rooms/1098949230625027222
1098949293862677600,NA,Neighborhood highlights,3,NA,1,NA,NA,0,https://www.airbnb.com/rooms/1098949293862677557
1098949301030465500,$545.00,Neighborhood highlights,3,1,1,1,NA,0,https://www.airbnb.com/rooms/1098949301030465597
1098951402871598700,NA,Neighborhood highlights,3,NA,1,NA,NA,0,https://www.airbnb.com/rooms/1098951402871598700
1098951427329512700,NA,Neighborhood highlights,5,NA,2,NA,NA,0,https://www.airbnb.com/rooms/1098951427329512664
1098974577563885e3,NA,Neighborhood highlights,3,NA,1,NA,NA,0,https://www.airbnb.com/rooms/1098974577563885156
1098974594744798200,NA,Neighborhood highlights,3,NA,1,NA,NA,0,https://www.airbnb.com/rooms/1098974594744798227
1098974634865898500,NA,Neighborhood highlights,5,NA,2,NA,NA,0,https://www.airbnb.com/rooms/1098974634865898578
1098974667149777300,$469.00,Neighborhood highlights,3,1,1,1,NA,0,https://www.airbnb.com/rooms/1098974667149777229
1098974693249326300,NA,Neighborhood highlights,3,NA,1,NA,NA,0,https://www.airbnb.com/rooms/1098974693249326403
1098974701286896600,NA,Neighborhood highlights,5,NA,2,NA,NA,0,https://www.airbnb.com/rooms/1098974701286896723
1099233228880778200,$165.00,NA,2,1,0,1,NA,0,https://www.airbnb.com/rooms/1099233228880778191
1099239174570025e3,$250.00,NA,4,1,1,2,NA,0,https://www.airbnb.com/rooms/1099239174570024881
1099280878716032300,$375.00,Neighborhood highlights,6,2,2,2,5,1,https://www.airbnb.com/rooms/1099280878716032408
1099724818228646300,$250.00,NA,4,1,2,3,4.14,7,https://www.airbnb.com/rooms/1099724818228646300
1099950340302270200,$83.00,NA,1,1,1,0,NA,0,https://www.airbnb.com/rooms/1099950340302270299
1099961724205695700,$306.00,NA,2,1,1,NA,4,1,https://www.airbnb.com/rooms/1099961724205695709
1099961726090293900,$333.00,NA,2,1,1,NA,5,1,https://www.airbnb.com/rooms/1099961726090293970
1099962155448616300,$307.00,NA,4,1,1,NA,5,1,https://www.airbnb.com/rooms/1099962155448616356
1099962159962629e3,$230.00,NA,2,1,1,NA,4.63,49,https://www.airbnb.com/rooms/1099962159962628941
1099962765515361e3,$638.00,NA,2,1,1,NA,NA,0,https://www.airbnb.com/rooms/1099962765515360934
1099962767379522600,$183.00,NA,2,1,1,NA,4.55,78,https://www.airbnb.com/rooms/1099962767379522575
1099966473288006300,$215.00,Neighborhood highlights,4,1,2,2,NA,0,https://www.airbnb.com/rooms/1099966473288006253
1099996333103547100,$116.00,NA,2,1,0,1,5,1,https://www.airbnb.com/rooms/1099996333103547177
1100017091124262100,$172.00,Neighborhood highlights,2,1,0,1,NA,0,https://www.airbnb.com/rooms/1100017091124262104
1100032472759143400,$180.00,Neighborhood highlights,2,1,0,1,NA,0,https://www.airbnb.com/rooms/1100032472759143437
1100037283310543100,$53.00,Neighborhood highlights,1,1,1,1,4.67,3,https://www.airbnb.com/rooms/1100037283310543012
1100077166930373400,$150.00,NA,2,1,1,1,NA,0,https://www.airbnb.com/rooms/1100077166930373426
1100098194411375900,$54.00,NA,1,2,1,1,NA,0,https://www.airbnb.com/rooms/1100098194411375781
1100113573480833200,"$1,033.00",Neighborhood highlights,6,2.5,3,3,5,1,https://www.airbnb.com/rooms/1100113573480833195
1100113731225813600,$993.00,Neighborhood highlights,6,2.5,3,3,5,1,https://www.airbnb.com/rooms/1100113731225813586
1100113903778815400,"$1,398.00",Neighborhood highlights,6,2.5,3,3,5,1,https://www.airbnb.com/rooms/1100113903778815423
1100149550283531600,$75.00,NA,2,1,1,0,5,1,https://www.airbnb.com/rooms/1100149550283531701
1100167767643925800,$130.00,NA,2,1,1,2,4.94,17,https://www.airbnb.com/rooms/1100167767643925764
1100188470327687600,$118.00,NA,2,1,1,1,4.83,29,https://www.airbnb.com/rooms/1100188470327687501
1100235787052622700,$380.00,NA,10,2.5,3,5,NA,0,https://www.airbnb.com/rooms/1100235787052622687
1100277641920135200,$88.00,NA,2,1,1,1,NA,0,https://www.airbnb.com/rooms/1100277641920135153
1100361598208118e3,$56.00,NA,2,1,1,1,NA,0,https://www.airbnb.com/rooms/1100361598208118066
1100372908149410700,$76.00,NA,2,2,1,1,4.6,10,https://www.airbnb.com/rooms/1100372908149410724
1100459702576739600,$45.00,Neighborhood highlights,2,1,1,1,NA,0,https://www.airbnb.com/rooms/1100459702576739500
1100462013424457700,NA,Neighborhood highlights,2,NA,NA,NA,5,1,https://www.airbnb.com/rooms/1100462013424457721
1100462179790421200,NA,Neighborhood highlights,2,NA,NA,NA,2,1,https://www.airbnb.com/rooms/1100462179790421334
1100507609129527600,$360.00,Neighborhood highlights,4,1,2,2,NA,0,https://www.airbnb.com/rooms/1100507609129527478
1100556386386561900,$182.00,Neighborhood highlights,4,1,0,2,4,1,https://www.airbnb.com/rooms/1100556386386561997
1100569193093536100,$746.00,Neighborhood highlights,8,2,2,3,5,11,https://www.airbnb.com/rooms/1100569193093536116
1100586816839903e3,$43.00,Neighborhood highlights,2,1,1,1,NA,0,https://www.airbnb.com/rooms/1100586816839903018
1100587149730622e3,NA,Neighborhood highlights,2,NA,NA,NA,NA,0,https://www.airbnb.com/rooms/1100587149730621949
1100587404542771500,$42.00,Neighborhood highlights,2,1,1,1,5,1,https://www.airbnb.com/rooms/1100587404542771591
1100646737441546800,$167.00,NA,2,1,1,1,5,6,https://www.airbnb.com/rooms/1100646737441546777
1100672405110943900,$174.00,NA,4,2,4,6,NA,0,https://www.airbnb.com/rooms/1100672405110943827
1.1007252052890801e+18,$500.00,NA,2,2,2,2,NA,0,https://www.airbnb.com/rooms/1100725205289079938
1.1007304156447281e+18,$199.00,Neighborhood highlights,3,1,2,2,5,1,https://www.airbnb.com/rooms/1100730415644727967
1100774628764058200,$246.00,NA,8,2,3,6,NA,0,https://www.airbnb.com/rooms/1100774628764058258
1100781973307337e3,$54.00,NA,1,2,1,1,NA,0,https://www.airbnb.com/rooms/1100781973307336883
1100790345394366100,$54.00,NA,1,2,1,1,NA,0,https://www.airbnb.com/rooms/1100790345394366056
1100802109442151700,$58.00,NA,1,2,1,1,NA,0,https://www.airbnb.com/rooms/1100802109442151724
1100818061957791900,$58.00,Neighborhood highlights,1,2,1,1,1,1,https://www.airbnb.com/rooms/1100818061957791790
1100852958951120800,NA,NA,4,NA,2,NA,NA,0,https://www.airbnb.com/rooms/1100852958951120800
1100922370167379500,$62.00,Neighborhood highlights,1,2.5,1,1,NA,0,https://www.airbnb.com/rooms/1100922370167379484
1100923152752810200,$172.00,NA,2,1,1,1,4.57,7,https://www.airbnb.com/rooms/1100923152752810255
1100934617616680400,$36.00,Neighborhood highlights,1,2.5,1,1,5,1,https://www.airbnb.com/rooms/1100934617616680556
1100945393171794e3,$362.00,NA,4,1,2,2,NA,0,https://www.airbnb.com/rooms/1100945393171794060
1100955304726400100,$79.00,NA,4,1,1,2,NA,0,https://www.airbnb.com/rooms/1100955304726400117
1100972788304999800,$75.00,Neighborhood highlights,2,1,1,1,NA,0,https://www.airbnb.com/rooms/1100972788304999906
1100992020810585100,$127.00,NA,2,1,1,1,NA,0,https://www.airbnb.com/rooms/1100992020810585156
1100996446560351200,NA,NA,2,NA,NA,NA,NA,0,https://www.airbnb.com/rooms/1100996446560351140
1101053548655027800,NA,Neighborhood highlights,1,NA,NA,NA,5,1,https://www.airbnb.com/rooms/1101053548655027903
1101053809095530200,$42.00,Neighborhood highlights,1,1,1,1,NA,0,https://www.airbnb.com/rooms/1101053809095530238
1101054288867445500,$42.00,Neighborhood highlights,1,1,1,1,NA,0,https://www.airbnb.com/rooms/1101054288867445369
1101090051433885700,$431.00,NA,9,2,4,6,5,6,https://www.airbnb.com/rooms/1101090051433885766
1101110523419007200,$165.00,NA,2,1,1,1,4.67,3,https://www.airbnb.com/rooms/1101110523419007264
1101124537366565800,$195.00,NA,2,1,1,1,4.4,10,https://www.airbnb.com/rooms/1101124537366565735
1101129819687240200,$177.00,NA,2,1,1,1,5,8,https://www.airbnb.com/rooms/1101129819687240230
1101146791950592e3,$160.00,NA,2,2,3,2,NA,0,https://www.airbnb.com/rooms/1101146791950591921
1101284191239320600,$388.00,Neighborhood highlights,2,1,1,1,NA,0,https://www.airbnb.com/rooms/1101284191239320661
1101334105867355900,$46.00,NA,1,1,1,1,NA,0,https://www.airbnb.com/rooms/1101334105867355921
1101427105433497300,$289.00,NA,4,1.5,2,2,5,1,https://www.airbnb.com/rooms/1101427105433497290
1101447050013942400,NA,NA,2,NA,1,NA,NA,0,https://www.airbnb.com/rooms/1101447050013942446
1101457790272318700,$53.00,Neighborhood highlights,1,1,0,1,NA,0,https://www.airbnb.com/rooms/1101457790272318669
1101458158192555800,$160.00,NA,3,1.5,1,1,NA,0,https://www.airbnb.com/rooms/1101458158192555817
1101470215361697300,$499.00,Neighborhood highlights,2,1,1,1,4.72,29,https://www.airbnb.com/rooms/1101470215361697223
1101478490935324800,$350.00,Neighborhood highlights,5,2,2,2,NA,0,https://www.airbnb.com/rooms/1101478490935324787
1101479604660196900,$375.00,NA,5,2,2,2,NA,0,https://www.airbnb.com/rooms/1101479604660196862
1101492492319048700,NA,Neighborhood highlights,8,NA,4,NA,NA,0,https://www.airbnb.com/rooms/1101492492319048720
1101497440864202900,$250.00,Neighborhood highlights,3,2,3,3,5,1,https://www.airbnb.com/rooms/1101497440864202911
1101511721554652900,$185.00,Neighborhood highlights,3,1,3,3,NA,0,https://www.airbnb.com/rooms/1101511721554653006
1101514947474281600,$271.00,Neighborhood highlights,8,2,4,4,4,1,https://www.airbnb.com/rooms/1101514947474281604
1101526705334833900,$78.00,NA,1,2,1,1,4.59,17,https://www.airbnb.com/rooms/1101526705334833910
1101527629359077900,NA,Neighborhood highlights,8,NA,4,NA,NA,0,https://www.airbnb.com/rooms/1101527629359077994
1101583066035983900,$49.00,Neighborhood highlights,1,1,0,1,5,1,https://www.airbnb.com/rooms/1101583066035983774
1101591307357687600,NA,NA,3,1,1,1,5,1,https://www.airbnb.com/rooms/1101591307357687533
1101608849587480200,$171.00,Neighborhood highlights,2,1,1,1,NA,0,https://www.airbnb.com/rooms/1101608849587480219
1101647735344305900,$219.00,Neighborhood highlights,4,1,2,2,NA,0,https://www.airbnb.com/rooms/1101647735344305861
1101653706097706900,$58.00,NA,1,2,1,1,NA,0,https://www.airbnb.com/rooms/1101653706097706924
1101690357816734100,$113.00,Neighborhood highlights,3,1,1,1,NA,0,https://www.airbnb.com/rooms/1101690357816734016
1102082151658183700,$49.00,Neighborhood highlights,1,1,0,1,5,1,https://www.airbnb.com/rooms/1102082151658183636
1102085119722333600,$292.00,NA,2,1,1,NA,NA,0,https://www.airbnb.com/rooms/1102085119722333632
1102085119804815900,$277.00,NA,2,1,1,NA,5,1,https://www.airbnb.com/rooms/1102085119804815913
1102085410385698700,$306.00,NA,2,1,1,NA,5,1,https://www.airbnb.com/rooms/1102085410385698694
1102085427590592600,$306.00,NA,2,1,1,NA,5,1,https://www.airbnb.com/rooms/1102085427590592656
1102085601893492500,$323.00,NA,4,1,1,NA,NA,0,https://www.airbnb.com/rooms/1102085601893492565
1102093121006003e3,$177.00,NA,2,1,1,1,NA,0,https://www.airbnb.com/rooms/1102093121006002912
1102093930679454500,$197.00,NA,4,1,2,2,4.77,13,https://www.airbnb.com/rooms/1102093930679454330
1102123641767898800,$283.00,Neighborhood highlights,2,1,1,1,4.79,38,https://www.airbnb.com/rooms/1102123641767898783
1102143591304442200,$300.00,NA,1,1,1,1,NA,0,https://www.airbnb.com/rooms/1102143591304442291
1102148127809451300,$90.00,NA,2,2,1,1,4.33,12,https://www.airbnb.com/rooms/1102148127809451153
1102152011417101300,$110.00,NA,1,1,1,1,NA,0,https://www.airbnb.com/rooms/1102152011417101288
1102155066042014e3,$100.00,NA,1,1,1,1,NA,0,https://www.airbnb.com/rooms/1102155066042013863
1102175636079034600,$85.00,NA,1,1,1,1,4.5,18,https://www.airbnb.com/rooms/1102175636079034600
1102181933171991e3,$75.00,NA,1,2,1,1,4.26,19,https://www.airbnb.com/rooms/1102181933171990977
1102210210178489e3,$46.00,NA,2,3,1,0,NA,0,https://www.airbnb.com/rooms/1102210210178488935
1102213432685162400,$46.00,NA,2,3,1,0,NA,0,https://www.airbnb.com/rooms/1102213432685162343
1102214269929335600,$46.00,NA,2,3,1,0,NA,0,https://www.airbnb.com/rooms/1102214269929335504
1102215012001189100,$46.00,NA,2,3,1,0,NA,0,https://www.airbnb.com/rooms/1102215012001189131
1102215746556347900,$46.00,NA,2,3,1,0,NA,0,https://www.airbnb.com/rooms/1102215746556347781
1102235861740061700,$999.00,Neighborhood highlights,3,1,1,2,NA,0,https://www.airbnb.com/rooms/1102235861740061720
1102237529626518300,$999.00,Neighborhood highlights,3,1,1,2,NA,0,https://www.airbnb.com/rooms/1102237529626518209
1.1022805235439759e+18,$58.00,NA,1,2,1,1,NA,0,https://www.airbnb.com/rooms/1102280523543975933
1102282997570124900,NA,Neighborhood highlights,2,NA,NA,NA,NA,0,https://www.airbnb.com/rooms/1102282997570124942
1102291576008942700,NA,Neighborhood highlights,2,NA,NA,NA,NA,0,https://www.airbnb.com/rooms/1102291576008942700
110229321077793e4,NA,Neighborhood highlights,2,NA,NA,NA,NA,0,https://www.airbnb.com/rooms/1102293210777929921
1102294658492439800,$250.00,NA,2,1,1,1,NA,0,https://www.airbnb.com/rooms/1102294658492439863
1102297995476744800,$58.00,NA,1,2,1,1,NA,0,https://www.airbnb.com/rooms/1102297995476744783
1102299689722654e3,$193.00,NA,2,1,2,2,4.84,19,https://www.airbnb.com/rooms/1102299689722653894
1102305145593756300,NA,Neighborhood highlights,2,NA,NA,NA,NA,0,https://www.airbnb.com/rooms/1102305145593756275
1.1023063327020721e+18,NA,Neighborhood highlights,2,NA,NA,NA,NA,0,https://www.airbnb.com/rooms/1102306332702071960
1102331692663829500,NA,Neighborhood highlights,3,NA,1,NA,NA,0,https://www.airbnb.com/rooms/1102331692663829399
1102340868834494700,$115.00,Neighborhood highlights,3,1,1,0,NA,0,https://www.airbnb.com/rooms/1102340868834494752
1102347209561419600,$130.00,Neighborhood highlights,2,1,1,1,NA,0,https://www.airbnb.com/rooms/1102347209561419713
1102420689981539700,$180.00,NA,2,2,2,2,NA,0,https://www.airbnb.com/rooms/1102420689981539702
1102458160848756600,$112.00,NA,2,1,0,1,4.86,14,https://www.airbnb.com/rooms/1102458160848756590
1102817947862586800,$93.00,NA,6,1,2,3,NA,0,https://www.airbnb.com/rooms/1102817947862586745
1102889136010576100,NA,NA,2,NA,1,NA,NA,0,https://www.airbnb.com/rooms/1102889136010576221
1102889178459937300,NA,NA,4,NA,1,NA,NA,0,https://www.airbnb.com/rooms/1102889178459937276
1102889669594920200,NA,NA,2,NA,1,NA,NA,0,https://www.airbnb.com/rooms/1102889669594920147
1102890388283725800,NA,NA,2,NA,1,NA,NA,0,https://www.airbnb.com/rooms/1102890388283725834
1102891295661523500,$349.00,NA,2,1,1,NA,NA,0,https://www.airbnb.com/rooms/1102891295661523512
1102895033236050400,$110.00,Neighborhood highlights,2,1,1,1,NA,0,https://www.airbnb.com/rooms/1102895033236050416
1102934542095541500,$180.00,NA,4,1,1,2,4.92,12,https://www.airbnb.com/rooms/1102934542095541409
1102971605581262600,$65.00,Neighborhood highlights,1,1,1,1,5,1,https://www.airbnb.com/rooms/1102971605581262547
1103003763881354800,$66.00,NA,1,2,1,1,NA,0,https://www.airbnb.com/rooms/1103003763881354673
1103027953456511400,$66.00,NA,1,2,1,1,NA,0,https://www.airbnb.com/rooms/1103027953456511332
1103088524196656900,$60.00,Neighborhood highlights,1,1,0,1,5,2,https://www.airbnb.com/rooms/1103088524196656891
1103172794842065200,$175.00,NA,2,1,1,1,5,11,https://www.airbnb.com/rooms/1103172794842065130
1103306738228403800,$600.00,Neighborhood highlights,2,1,0,1,NA,0,https://www.airbnb.com/rooms/1103306738228403778
1103307088435676900,NA,Neighborhood highlights,2,NA,NA,NA,NA,0,https://www.airbnb.com/rooms/1103307088435677000
1103307431574111500,$775.00,Neighborhood highlights,2,1,0,1,NA,0,https://www.airbnb.com/rooms/1103307431574111475
1103308047320169600,NA,Neighborhood highlights,2,NA,NA,NA,NA,0,https://www.airbnb.com/rooms/1103308047320169556
1103600863692203500,$160.00,NA,2,1,1,1,NA,0,https://www.airbnb.com/rooms/1103600863692203549
1103649215263954400,$90.00,NA,2,1,1,1,NA,0,https://www.airbnb.com/rooms/1103649215263954375
110368107056306e4,$43.00,NA,3,1,1,2,4,1,https://www.airbnb.com/rooms/1103681070563059981
1103704219358079e3,$53.00,Neighborhood highlights,1,1,0,1,NA,0,https://www.airbnb.com/rooms/1103704219358078972
1103708930772127500,$120.00,NA,5,2,2,0,NA,0,https://www.airbnb.com/rooms/1103708930772127471
1103724274943024900,$53.00,Neighborhood highlights,1,1,0,1,3,1,https://www.airbnb.com/rooms/1103724274943024888
1103727871625448400,$44.00,NA,1,1.5,1,1,NA,0,https://www.airbnb.com/rooms/1103727871625448508
1.1037547011999921e+18,$625.00,NA,5,1,2,2,5,5,https://www.airbnb.com/rooms/1103754701199991999
1103765358826380200,$135.00,Neighborhood highlights,3,1.5,1,1,NA,0,https://www.airbnb.com/rooms/1103765358826380128
1103988756068919600,$146.00,Neighborhood highlights,2,1,1,1,4.94,18,https://www.airbnb.com/rooms/1103988756068919543
1104241321082408200,$44.00,NA,1,1,1,1,NA,0,https://www.airbnb.com/rooms/1104241321082408203
1104327697050358500,$289.00,NA,4,1,2,1,4.5,2,https://www.airbnb.com/rooms/1104327697050358536
1104340994363280600,NA,Neighborhood highlights,1,NA,2,NA,5,2,https://www.airbnb.com/rooms/1104340994363280667
1104349873802426400,$85.00,NA,2,1,1,1,5,24,https://www.airbnb.com/rooms/1104349873802426432
1104430333575539800,$192.00,NA,2,1,0,1,4.54,13,https://www.airbnb.com/rooms/1104430333575539878
1104436283497085600,$49.00,Neighborhood highlights,1,1,0,1,5,1,https://www.airbnb.com/rooms/1104436283497085631
1104472941469620400,$85.00,NA,2,1,1,1,5,19,https://www.airbnb.com/rooms/1104472941469620295
1104483313812454900,$49.00,Neighborhood highlights,1,1,0,1,5,2,https://www.airbnb.com/rooms/1104483313812454862
1104499946077899400,$49.00,Neighborhood highlights,1,1,0,1,NA,0,https://www.airbnb.com/rooms/1104499946077899332
1104517580415154e3,$49.00,Neighborhood highlights,1,1,0,1,NA,0,https://www.airbnb.com/rooms/1104517580415154089
1104589800709825200,NA,NA,2,NA,1,NA,NA,0,https://www.airbnb.com/rooms/1104589800709825162
1104635195934538e3,$58.00,NA,2,1,1,1,NA,0,https://www.airbnb.com/rooms/1104635195934537883
1104924200309768700,$389.00,Neighborhood highlights,4,1,2,2,NA,0,https://www.airbnb.com/rooms/1104924200309768587
1104924591396866e3,$454.00,Neighborhood highlights,2,1,1,1,NA,0,https://www.airbnb.com/rooms/1104924591396866069
1105035502720405e3,NA,NA,2,NA,2,NA,NA,0,https://www.airbnb.com/rooms/1105035502720404938
1105047766686966e3,$70.00,NA,3,1,1,2,4.5,2,https://www.airbnb.com/rooms/1105047766686966160
1105053393338898200,$514.00,NA,4,1.5,2,2,4.91,11,https://www.airbnb.com/rooms/1105053393338898178
1105056457017754200,$220.00,NA,2,3,3,3,NA,0,https://www.airbnb.com/rooms/1105056457017754168
1105070094045904e3,$650.00,NA,6,1,3,3,4.8,5,https://www.airbnb.com/rooms/1105070094045904051
1105080641554033300,$211.00,Neighborhood highlights,3,1,1,1,NA,0,https://www.airbnb.com/rooms/1105080641554033221
1105157097466404600,$488.00,NA,4,1,2,2,4.67,12,https://www.airbnb.com/rooms/1105157097466404669
1105157109357751300,$600.00,NA,6,1,3,3,5,11,https://www.airbnb.com/rooms/1105157109357751415
1105168109780353300,$70.00,NA,1,3,1,1,NA,0,https://www.airbnb.com/rooms/1105168109780353343
1105227850941853200,$292.00,Neighborhood highlights,8,1,3,3,5,4,https://www.airbnb.com/rooms/1105227850941853147
1105368514416669300,$240.00,NA,6,1,3,3,NA,0,https://www.airbnb.com/rooms/1105368514416669324
1105462821419503900,$198.00,Neighborhood highlights,2,1,1,1,4.71,14,https://www.airbnb.com/rooms/1105462821419503909
1105496514661879e3,$162.00,NA,2,1,1,1,5,8,https://www.airbnb.com/rooms/1105496514661879085
1105524212012370700,$246.00,NA,4,1,1,1,4.22,9,https://www.airbnb.com/rooms/1105524212012370745
1105531878875307400,$195.00,NA,2,1,1,1,4.69,13,https://www.airbnb.com/rooms/1105531878875307358
1105537822010802600,$165.00,NA,2,1,1,1,5,13,https://www.airbnb.com/rooms/1105537822010802536
1105551289502996700,$177.00,NA,2,1,1,1,5,5,https://www.airbnb.com/rooms/1105551289502996737
1105555935955713400,$171.00,NA,2,1,1,1,3.67,3,https://www.airbnb.com/rooms/1105555935955713382
1105701818305172500,NA,Neighborhood highlights,2,NA,1,NA,NA,0,https://www.airbnb.com/rooms/1105701818305172554
1105702301042334200,NA,Neighborhood highlights,2,NA,1,NA,NA,0,https://www.airbnb.com/rooms/1105702301042334214
1105702699897726e3,NA,Neighborhood highlights,2,NA,1,NA,NA,0,https://www.airbnb.com/rooms/1105702699897725950
1105726516446842800,$122.00,NA,2,1,1,0,NA,0,https://www.airbnb.com/rooms/1105726516446842770
1105728403589641200,$232.00,NA,2,1,0,1,NA,0,https://www.airbnb.com/rooms/1105728403589641263
1105738108912824600,$322.00,NA,2,1,1,NA,5,1,https://www.airbnb.com/rooms/1105738108912824645
1105738757666189600,NA,NA,2,NA,1,NA,NA,0,https://www.airbnb.com/rooms/1105738757666189535
1105738757682966800,NA,NA,2,NA,1,NA,NA,0,https://www.airbnb.com/rooms/1105738757682966752
1105738845568823700,$326.00,Neighborhood highlights,5,1,2,3,NA,0,https://www.airbnb.com/rooms/1105738845568823677
1105738951226242600,NA,NA,2,NA,1,NA,NA,0,https://www.airbnb.com/rooms/1105738951226242511
1105738951603141600,$409.00,NA,2,1,1,NA,5,1,https://www.airbnb.com/rooms/1105738951603141599
1105739143438842900,NA,NA,2,NA,1,NA,NA,0,https://www.airbnb.com/rooms/1105739143438842877
1105752953128317300,$140.00,NA,2,1,1,1,4.5,8,https://www.airbnb.com/rooms/1105752953128317216
1105754207777841200,$195.00,Neighborhood highlights,6,2,3,3,NA,0,https://www.airbnb.com/rooms/1105754207777841137
1105759211258934800,$200.00,NA,2,1,2,0,NA,0,https://www.airbnb.com/rooms/1105759211258934651
1105761506522151e3,$800.00,Neighborhood highlights,6,1,4,4,NA,0,https://www.airbnb.com/rooms/1105761506522150980
1105789556866988300,$45.00,NA,1,1.5,1,1,NA,0,https://www.airbnb.com/rooms/1105789556866988372
1105895433928720800,$890.00,NA,6,3,3,3,5,9,https://www.airbnb.com/rooms/1105895433928720782
1105922720648345e3,$255.00,NA,2,1,1,1,NA,0,https://www.airbnb.com/rooms/1105922720648344919
1105965375878507300,$248.00,Neighborhood highlights,3,1,2,2,4.9,10,https://www.airbnb.com/rooms/1105965375878507190
1105971701246484600,$226.00,Neighborhood highlights,2,1,1,1,4.71,7,https://www.airbnb.com/rooms/1105971701246484579
1105983045865143e3,$66.00,NA,1,2,1,1,NA,0,https://www.airbnb.com/rooms/1105983045865143118
1105988778554598500,$72.00,NA,1,1.5,1,1,5,1,https://www.airbnb.com/rooms/1105988778554598626
1106001456581509900,$63.00,NA,1,1.5,1,1,NA,0,https://www.airbnb.com/rooms/1106001456581509960
1106028260714833200,$571.00,NA,10,2,5,6,4.86,7,https://www.airbnb.com/rooms/1106028260714833173
1106058239758942500,$60.00,Neighborhood highlights,2,1,1,1,5,1,https://www.airbnb.com/rooms/1106058239758942476
1106087218366979200,$30.00,NA,2,2,1,1,5,1,https://www.airbnb.com/rooms/1106087218366979260
1106252332742883200,$157.00,NA,2,1,1,1,NA,0,https://www.airbnb.com/rooms/1106252332742883143
1106478978928072700,$199.00,NA,2,1,1,0,NA,0,https://www.airbnb.com/rooms/1106478978928072650
1106487658159396900,$407.00,NA,4,1,1,NA,NA,0,https://www.airbnb.com/rooms/1106487658159396813
1106487658491603200,$407.00,NA,4,1,1,NA,NA,0,https://www.airbnb.com/rooms/1106487658491603142
1106487805288775800,$268.00,NA,2,1,1,NA,5,1,https://www.airbnb.com/rooms/1106487805288775893
1106487941419066400,$251.00,NA,2,1,1,NA,NA,0,https://www.airbnb.com/rooms/1106487941419066421
1106488077727435800,$268.00,NA,2,1,1,NA,4.86,7,https://www.airbnb.com/rooms/1106488077727435771
1106503342430113500,$270.00,NA,4,1,1,NA,NA,0,https://www.airbnb.com/rooms/1106503342430113525
1106503385895164e3,$305.00,NA,4,1,1,NA,NA,0,https://www.airbnb.com/rooms/1106503385895164044
1106503385900348e3,$261.00,NA,4,1,1,NA,NA,0,https://www.airbnb.com/rooms/1106503385900347992
110650338594395e4,$200.00,NA,2,1,1,NA,5,1,https://www.airbnb.com/rooms/1106503385943949964
1106503386018127100,$217.00,NA,2,1,1,NA,1,1,https://www.airbnb.com/rooms/1106503386018127003
1106506516029775200,$722.00,NA,6,1,2,2,NA,0,https://www.airbnb.com/rooms/1106506516029775206
1106510847376444300,$253.00,NA,4,1,1,NA,NA,0,https://www.airbnb.com/rooms/1106510847376444282
1.1065110073647759e+18,$208.00,NA,2,1,1,NA,5,2,https://www.airbnb.com/rooms/1106511007364775922
1106511008237916200,$225.00,NA,2,1,1,NA,NA,0,https://www.airbnb.com/rooms/1106511008237916202
1106526556526531100,$254.00,NA,4,1,2,1,4.7,10,https://www.airbnb.com/rooms/1106526556526531077
1106541289402959400,$200.00,Neighborhood highlights,2,1,1,0,NA,0,https://www.airbnb.com/rooms/1106541289402959443
1106604621416368400,$155.00,NA,1,1,0,1,NA,0,https://www.airbnb.com/rooms/1106604621416368343
1106616551133251100,$41.00,NA,1,1,1,1,2,1,https://www.airbnb.com/rooms/1106616551133251046
1106650651116204900,$47.00,NA,2,2,1,1,5,1,https://www.airbnb.com/rooms/1106650651116205037
1106663744322707500,$47.00,NA,2,2,1,1,2,1,https://www.airbnb.com/rooms/1106663744322707547
1106666179961470100,$47.00,NA,2,2,1,0,3,2,https://www.airbnb.com/rooms/1106666179961470072
1106667595753321700,$47.00,NA,2,2,1,1,NA,0,https://www.airbnb.com/rooms/1106667595753321693
1106685280673792600,$97.00,Neighborhood highlights,2,2,1,1,4.4,15,https://www.airbnb.com/rooms/1106685280673792649
1106705590031182800,$62.00,Neighborhood highlights,1,1.5,1,1,NA,0,https://www.airbnb.com/rooms/1106705590031182956
1106715976103386800,$66.00,NA,1,2,1,1,NA,0,https://www.airbnb.com/rooms/1106715976103386657
1106768502180203600,$209.00,NA,4,2,2,2,NA,0,https://www.airbnb.com/rooms/1106768502180203675
1106772501343820700,NA,NA,4,NA,3,NA,3,2,https://www.airbnb.com/rooms/1106772501343820576
1106790475253895400,$583.00,NA,8,2,4,5,5,10,https://www.airbnb.com/rooms/1106790475253895312
1106816057491095700,$75.00,NA,1,1,1,2,NA,0,https://www.airbnb.com/rooms/1106816057491095740
1107041388701440100,$70.00,NA,1,2,1,1,5,1,https://www.airbnb.com/rooms/1107041388701440106
1107060145729848600,$83.00,NA,1,2,1,1,NA,0,https://www.airbnb.com/rooms/1107060145729848677
1107085753083842600,$54.00,NA,1,2,1,1,NA,0,https://www.airbnb.com/rooms/1107085753083842643
1107089414471605200,$54.00,NA,1,1,1,1,NA,0,https://www.airbnb.com/rooms/1107089414471605323
1107092928265815800,$54.00,NA,1,2,1,1,NA,0,https://www.airbnb.com/rooms/1107092928265815857
1107107819921601e3,$54.00,NA,1,2,1,1,NA,0,https://www.airbnb.com/rooms/1107107819921601012
1107218753492391800,$234.00,Neighborhood highlights,2,1,1,1,4.53,53,https://www.airbnb.com/rooms/1107218753492391849
1107221502972673300,$284.00,Neighborhood highlights,2,1,1,1,5,1,https://www.airbnb.com/rooms/1107221502972673264
1107261343859037600,$689.00,NA,6,1,2,2,NA,0,https://www.airbnb.com/rooms/1107261343859037660
1107321382010216400,$300.00,NA,2,1,1,1,NA,0,https://www.airbnb.com/rooms/1107321382010216458
1107321490848928500,$240.00,Neighborhood highlights,4,1,1,1,NA,0,https://www.airbnb.com/rooms/1107321490848928456
1107443561440572400,$52.00,Neighborhood highlights,1,1,0,1,5,1,https://www.airbnb.com/rooms/1107443561440572530
1107444003424511e3,$314.00,NA,2,1,1,1,5,13,https://www.airbnb.com/rooms/1107444003424511006
1107466007857998800,$56.00,Neighborhood highlights,1,1,1,1,5,1,https://www.airbnb.com/rooms/1107466007857998876
110755147653678e4,$296.00,NA,2,1,2,2,NA,0,https://www.airbnb.com/rooms/1107551476536780070
1107595446164577400,NA,NA,4,NA,1,NA,NA,0,https://www.airbnb.com/rooms/1107595446164577498
1107782473273538400,$265.00,NA,2,1,1,1,NA,0,https://www.airbnb.com/rooms/1107782473273538350
1107830335295917400,$428.00,Neighborhood highlights,2,1,1,1,NA,0,https://www.airbnb.com/rooms/1107830335295917390
1107830745735786500,$304.00,Neighborhood highlights,2,1,1,1,NA,0,https://www.airbnb.com/rooms/1107830745735786586
1107831092152405900,$452.00,Neighborhood highlights,2,1,1,1,NA,0,https://www.airbnb.com/rooms/1107831092152405927
1107831428888443600,$393.00,Neighborhood highlights,2,1,1,1,NA,0,https://www.airbnb.com/rooms/1107831428888443615
1107831742640481e3,$507.00,Neighborhood highlights,4,2,2,2,NA,0,https://www.airbnb.com/rooms/1107831742640480966
1107876825122017300,$626.00,NA,6,2,2,2,NA,0,https://www.airbnb.com/rooms/1107876825122017275
1107891075575394700,$740.00,NA,8,2,3,3,NA,0,https://www.airbnb.com/rooms/1107891075575394746
1107992473287294700,$92.00,Neighborhood highlights,1,1,1,1,NA,0,https://www.airbnb.com/rooms/1107992473287294667
1108003180015135400,$68.00,Neighborhood highlights,1,1,0,1,NA,0,https://www.airbnb.com/rooms/1108003180015135304
1108028455046004e3,$249.00,Neighborhood highlights,2,1,1,1,4.77,13,https://www.airbnb.com/rooms/1108028455046004023
1108033877492468400,$266.00,Neighborhood highlights,4,1,1,2,4.64,25,https://www.airbnb.com/rooms/1108033877492468350
1108043063190418e3,$162.00,Neighborhood highlights,4,1,1,2,1,3,https://www.airbnb.com/rooms/1108043063190418157
1108067764114973400,NA,Neighborhood highlights,4,NA,1,NA,5,2,https://www.airbnb.com/rooms/1108067764114973489
1108082653379426300,$398.00,Neighborhood highlights,2,1,1,1,4.81,43,https://www.airbnb.com/rooms/1108082653379426204
1108092335923668700,$117.00,NA,2,0.5,1,1,NA,0,https://www.airbnb.com/rooms/1108092335923668839
1108098398533782500,$49.00,NA,1,1,1,1,4,1,https://www.airbnb.com/rooms/1108098398533782554
1108126065533033e3,$155.00,NA,2,1,1,1,NA,0,https://www.airbnb.com/rooms/1108126065533032978
1108182122490553100,$95.00,NA,2,1,1,1,5,11,https://www.airbnb.com/rooms/1108182122490553088
1108184247155577700,$104.00,Neighborhood highlights,2,1,0,1,NA,0,https://www.airbnb.com/rooms/1108184247155577741
1108220951789429600,$42.00,NA,2,1,1,1,NA,0,https://www.airbnb.com/rooms/1108220951789429575
1108239778930841e3,$120.00,NA,2,1,1,1,NA,0,https://www.airbnb.com/rooms/1108239778930840969
1108373380652108900,$88.00,NA,2,1,1,3,NA,0,https://www.airbnb.com/rooms/1108373380652108909
1108381670907814700,$448.00,NA,2,1,2,4,NA,0,https://www.airbnb.com/rooms/1108381670907814799
1108677880360371100,$80.00,NA,2,1,0,2,NA,0,https://www.airbnb.com/rooms/1108677880360370991
1108891228259932e3,$384.00,NA,6,2,2,0,NA,0,https://www.airbnb.com/rooms/1108891228259931949
1108949459249844700,$198.00,Neighborhood highlights,5,1,1,2,4.89,9,https://www.airbnb.com/rooms/1108949459249844778
1108961754172691100,$145.00,NA,2,1,1,1,NA,0,https://www.airbnb.com/rooms/1108961754172691008
1109076184134474800,$182.00,Neighborhood highlights,2,1,1,3,5,2,https://www.airbnb.com/rooms/1109076184134474730
1109318288692214e3,$56.00,NA,1,1,1,1,5,1,https://www.airbnb.com/rooms/1109318288692214165
1109337668933371500,$166.00,NA,2,1,0,0,5,2,https://www.airbnb.com/rooms/1109337668933371568
1109440883056083700,$141.00,NA,2,1,1,1,NA,0,https://www.airbnb.com/rooms/1109440883056083759
1109532542852921300,$50.00,NA,2,1,1,1,4,1,https://www.airbnb.com/rooms/1109532542852921266
1109560132735405300,$137.00,NA,2,1,1,1,NA,0,https://www.airbnb.com/rooms/1109560132735405326
1109568672579690500,$70.00,NA,1,1,1,1,4.75,20,https://www.airbnb.com/rooms/1109568672579690541
1109573749838442500,$135.00,NA,2,1,1,1,NA,0,https://www.airbnb.com/rooms/1109573749838442512
1109577693583221800,$41.00,NA,1,1,1,1,NA,0,https://www.airbnb.com/rooms/1109577693583221752
1109578356622645900,$141.00,NA,3,1,1,2,NA,0,https://www.airbnb.com/rooms/1109578356622645997
1109634888266503800,$283.00,NA,6,1,2,5,4.85,13,https://www.airbnb.com/rooms/1109634888266503902
1109635962297154800,$117.00,Neighborhood highlights,3,1,1,1,NA,0,https://www.airbnb.com/rooms/1109635962297154857
1109646562447061600,$264.00,NA,5,2.5,3,2,NA,0,https://www.airbnb.com/rooms/1109646562447061543
1109729984151123100,$82.00,NA,2,1,1,0,4.89,9,https://www.airbnb.com/rooms/1109729984151123006
1109911011385843800,$512.00,Neighborhood highlights,8,1,4,6,4.94,17,https://www.airbnb.com/rooms/1109911011385843843
1110095258847823400,$619.00,Neighborhood highlights,8,2,4,4,NA,0,https://www.airbnb.com/rooms/1110095258847823300
1110118574840268800,$75.00,NA,2,1,1,1,NA,0,https://www.airbnb.com/rooms/1110118574840268761
1110201796954441100,$120.00,NA,2,2,1,1,NA,0,https://www.airbnb.com/rooms/1110201796954441182
1110203057629816200,$68.00,Neighborhood highlights,1,2,1,1,NA,0,https://www.airbnb.com/rooms/1110203057629816204
1110208193688431900,$150.00,NA,1,1,1,1,NA,0,https://www.airbnb.com/rooms/1110208193688431770
1110229879075313700,$80.00,Neighborhood highlights,4,1,1,2,NA,0,https://www.airbnb.com/rooms/1110229879075313643
1110243838410975700,NA,NA,4,NA,2,NA,4,1,https://www.airbnb.com/rooms/1110243838410975611
1110268326605289600,$110.00,NA,2,1,1,2,4.83,6,https://www.airbnb.com/rooms/1110268326605289631
1110284715112501500,$90.00,NA,1,1,1,0,NA,0,https://www.airbnb.com/rooms/1110284715112501472
1110321873169952300,$127.00,NA,2,1,1,1,5,2,https://www.airbnb.com/rooms/1110321873169952243
1110333654798322600,$157.00,Neighborhood highlights,4,1,2,3,NA,0,https://www.airbnb.com/rooms/1110333654798322516
1110372039749086700,$71.00,NA,1,1,1,0,NA,0,https://www.airbnb.com/rooms/1110372039749086676
1110577872139209100,$260.00,Neighborhood highlights,2,1,1,1,NA,0,https://www.airbnb.com/rooms/1110577872139209188
1110578563834555600,$250.00,Neighborhood highlights,2,1,1,1,4.59,17,https://www.airbnb.com/rooms/1110578563834555617
1110580750895991200,$240.00,Neighborhood highlights,2,1,1,1,4.6,82,https://www.airbnb.com/rooms/1110580750895991230
1110581639955603300,$250.00,Neighborhood highlights,2,1,1,1,5,3,https://www.airbnb.com/rooms/1110581639955603376
1110582578094302200,$290.00,Neighborhood highlights,2,1,1,1,NA,0,https://www.airbnb.com/rooms/1110582578094302314
1110583877459517700,$280.00,Neighborhood highlights,2,1,1,1,4,2,https://www.airbnb.com/rooms/1110583877459517706
1110790405313313200,NA,Neighborhood highlights,15,NA,5,NA,4.8,5,https://www.airbnb.com/rooms/1110790405313313117
1110812985628441900,$49.00,Neighborhood highlights,1,1,0,1,NA,0,https://www.airbnb.com/rooms/1110812985628441928
1110845499878974200,$291.00,Neighborhood highlights,2,1,1,1,NA,0,https://www.airbnb.com/rooms/1110845499878974239
1110847898990560600,$271.00,Neighborhood highlights,4,1,1,3,5,3,https://www.airbnb.com/rooms/1110847898990560606
1110851192473363500,"$1,427.00",Neighborhood highlights,4,3,2,2,NA,0,https://www.airbnb.com/rooms/1110851192473363498
1110882202849300400,$46.00,NA,2,1,1,2,NA,0,https://www.airbnb.com/rooms/1110882202849300294
1110912045715122700,$195.00,NA,4,1,1,1,NA,0,https://www.airbnb.com/rooms/1110912045715122654
1.1109705960151281e+18,$77.00,NA,2,1,1,1,NA,0,https://www.airbnb.com/rooms/1110970596015128008
1110975047193878800,$111.00,NA,2,1,1,0,NA,0,https://www.airbnb.com/rooms/1110975047193878768
1110993438677864800,$133.00,NA,3,1,1,2,4.33,3,https://www.airbnb.com/rooms/1110993438677864788
1110993915655239600,$243.00,Neighborhood highlights,4,1,2,2,NA,0,https://www.airbnb.com/rooms/1110993915655239590
1110997503201864400,$791.00,NA,8,2,4,0,NA,0,https://www.airbnb.com/rooms/1110997503201864450
1111026721332531100,$77.00,NA,2,1,1,1,NA,0,https://www.airbnb.com/rooms/1111026721332531007
1111026855904056600,$78.00,NA,2,1,1,1,NA,0,https://www.airbnb.com/rooms/1111026855904056709
1111039516971319300,$77.00,NA,2,1,1,1,NA,0,https://www.airbnb.com/rooms/1111039516971319395
1111039670657549600,$77.00,NA,2,1,1,1,NA,0,https://www.airbnb.com/rooms/1111039670657549612
1111051121581066400,$78.00,NA,2,1,1,1,NA,0,https://www.airbnb.com/rooms/1111051121581066464
1111051230032467200,$78.00,NA,2,1,1,1,NA,0,https://www.airbnb.com/rooms/1111051230032467166
1.1110641467342961e+18,$72.00,NA,2,1,1,1,NA,0,https://www.airbnb.com/rooms/1111064146734296028
1111064247858641400,$77.00,NA,2,1,1,1,NA,0,https://www.airbnb.com/rooms/1111064247858641484
1111069426294385300,$77.00,NA,2,1,1,1,NA,0,https://www.airbnb.com/rooms/1111069426294385344
1111069527632093200,$78.00,NA,2,1,1,1,NA,0,https://www.airbnb.com/rooms/1111069527632093183
1111070044294135200,NA,Neighborhood highlights,2,NA,1,NA,5,5,https://www.airbnb.com/rooms/1111070044294135199
1111071226514488300,$308.00,Neighborhood highlights,4,1,1,2,5,6,https://www.airbnb.com/rooms/1111071226514488327
1111072216805246700,$418.00,Neighborhood highlights,3,1,1,2,NA,0,https://www.airbnb.com/rooms/1111072216805246742
1111072720693755500,$301.00,Neighborhood highlights,2,1,1,1,4,2,https://www.airbnb.com/rooms/1111072720693755574
1111073455017860500,$361.00,Neighborhood highlights,4,1,1,2,NA,0,https://www.airbnb.com/rooms/1111073455017860470
1111076170714979300,$78.00,NA,2,1,1,1,NA,0,https://www.airbnb.com/rooms/1111076170714979390
1111076211477934300,$78.00,NA,2,1,1,1,NA,0,https://www.airbnb.com/rooms/1111076211477934454
1111112319589903500,$150.00,NA,2,1,2,2,NA,0,https://www.airbnb.com/rooms/1111112319589903484
1111219828853444600,$185.00,NA,2,1,1,1,NA,0,https://www.airbnb.com/rooms/1111219828853444703
1111467358307767700,$262.00,Neighborhood highlights,2,1,0,1,4.8,51,https://www.airbnb.com/rooms/1111467358307767724
1111468336655364500,$297.00,Neighborhood highlights,2,1,0,1,5,6,https://www.airbnb.com/rooms/1111468336655364551
1111469166952399100,$346.00,Neighborhood highlights,2,1,0,1,5,3,https://www.airbnb.com/rooms/1111469166952399014
1111469726684605200,$332.00,Neighborhood highlights,4,1,0,2,4.78,9,https://www.airbnb.com/rooms/1111469726684605187
1111470252916396200,$339.00,Neighborhood highlights,4,1,0,2,4.6,10,https://www.airbnb.com/rooms/1111470252916396113
1111471727964938500,$360.00,Neighborhood highlights,4,1,0,2,5,3,https://www.airbnb.com/rooms/1111471727964938540
1111521365863732600,$264.00,Neighborhood highlights,2,1,1,1,4.85,26,https://www.airbnb.com/rooms/1111521365863732716
1111526223636937700,$421.00,Neighborhood highlights,2,1,1,1,NA,0,https://www.airbnb.com/rooms/1111526223636937826
1111530244924783400,$495.00,Neighborhood highlights,4,2,2,2,NA,0,https://www.airbnb.com/rooms/1111530244924783287
1111530652173676200,$314.00,Neighborhood highlights,2,1,1,1,NA,0,https://www.airbnb.com/rooms/1111530652173676159
1111530958176880500,$372.00,Neighborhood highlights,4,1,2,2,NA,0,https://www.airbnb.com/rooms/1111530958176880473
1111538705991605800,$230.00,Neighborhood highlights,2,1,1,1,4.72,116,https://www.airbnb.com/rooms/1111538705991605733
1111540336881417700,$372.00,Neighborhood highlights,4,1,1,2,4.68,105,https://www.airbnb.com/rooms/1111540336881417764
1111609937553723900,$311.00,Neighborhood highlights,2,1,1,1,NA,0,https://www.airbnb.com/rooms/1111609937553723816
1111612207063541600,$551.00,Neighborhood highlights,4,1,1,2,NA,0,https://www.airbnb.com/rooms/1111612207063541662
1.1116266530561841e+18,$53.00,NA,2,1,1,1,NA,0,https://www.airbnb.com/rooms/1111626653056183952
1111633515090973400,$355.00,Neighborhood highlights,2,1,1,1,5,1,https://www.airbnb.com/rooms/1111633515090973506
1111635958543497e3,$409.00,Neighborhood highlights,4,1,1,2,NA,0,https://www.airbnb.com/rooms/1111635958543496988
1111638766309267800,$579.00,Neighborhood highlights,4,1,1,2,5,1,https://www.airbnb.com/rooms/1111638766309267875
1111643313914269700,$59.00,NA,2,1,1,1,NA,0,https://www.airbnb.com/rooms/1111643313914269816
1111643482827141600,$250.00,NA,4,1,2,2,NA,0,https://www.airbnb.com/rooms/1111643482827141591
1111665965272421900,"$1,000.00",Neighborhood highlights,2,1,1,1,NA,0,https://www.airbnb.com/rooms/1111665965272421981
1111666023012679600,$10.00,Neighborhood highlights,5,2,2,3,NA,0,https://www.airbnb.com/rooms/1111666023012679487
1111666150326773600,"$1,000.00",Neighborhood highlights,5,2,2,3,NA,0,https://www.airbnb.com/rooms/1111666150326773564
1111666189502797400,$10.00,Neighborhood highlights,5,2,3,3,NA,0,https://www.airbnb.com/rooms/1111666189502797460
1111666358951926800,$8.00,Neighborhood highlights,5,2,2,3,NA,0,https://www.airbnb.com/rooms/1111666358951926713
1111666722608069100,"$1,000.00",Neighborhood highlights,3,1,1,1,NA,0,https://www.airbnb.com/rooms/1111666722608069202
1111666846550197500,"$1,000.00",Neighborhood highlights,3,1,1,1,NA,0,https://www.airbnb.com/rooms/1111666846550197497
1111666966430724400,$10.00,Neighborhood highlights,3,1,1,1,NA,0,https://www.airbnb.com/rooms/1111666966430724392
1111667095611564300,"$1,000.00",Neighborhood highlights,3,1,1,1,NA,0,https://www.airbnb.com/rooms/1111667095611564257
1111667865312639500,$10.00,Neighborhood highlights,3,1,1,2,NA,0,https://www.airbnb.com/rooms/1111667865312639571
1.1116680171476879e+18,"$1,000.00",Neighborhood highlights,3,1,1,1,NA,0,https://www.airbnb.com/rooms/1111668017147687957
111166874136395e4,"$1,000.00",Neighborhood highlights,2,1,1,1,NA,0,https://www.airbnb.com/rooms/1111668741363949906
1111668821800905600,"$1,000.00",Neighborhood highlights,2,1,1,1,NA,0,https://www.airbnb.com/rooms/1111668821800905528
1111668952583464700,"$1,000.00",Neighborhood highlights,3,1,1,1,NA,0,https://www.airbnb.com/rooms/1111668952583464683
1111669815665797400,"$1,000.00",Neighborhood highlights,3,1,1,1,NA,0,https://www.airbnb.com/rooms/1111669815665797482
1111670028116667400,$10.00,Neighborhood highlights,6,2,2,2,NA,0,https://www.airbnb.com/rooms/1111670028116667408
1111670409390647800,"$1,000.00",Neighborhood highlights,6,2,2,2,NA,0,https://www.airbnb.com/rooms/1111670409390647896
1111670875030380200,"$1,000.00",Neighborhood highlights,9,3,3,3,NA,0,https://www.airbnb.com/rooms/1111670875030380240
1111671141952920200,"$1,000.00",Neighborhood highlights,12,4,4,4,NA,0,https://www.airbnb.com/rooms/1111671141952920228
1111671446835633900,"$1,000.00",Neighborhood highlights,2,1,1,2,NA,0,https://www.airbnb.com/rooms/1111671446835633847
1111672014479078700,"$1,000.00",Neighborhood highlights,2,1,1,2,NA,0,https://www.airbnb.com/rooms/1111672014479078678
1111672634422819600,"$1,000.00",Neighborhood highlights,2,1,1,1,NA,0,https://www.airbnb.com/rooms/1111672634422819489
1111692076093389600,$74.00,NA,4,2,1,2,3,2,https://www.airbnb.com/rooms/1111692076093389593
1111707325901125400,$71.00,NA,2,1,1,1,4,3,https://www.airbnb.com/rooms/1111707325901125421
1111749756699029500,$62.00,NA,1,2.5,1,1,NA,0,https://www.airbnb.com/rooms/1111749756699029402
1111755170836154100,$62.00,NA,1,2.5,1,1,NA,0,https://www.airbnb.com/rooms/1111755170836154020
1111814726067302900,$72.00,NA,1,1,1,0,NA,0,https://www.airbnb.com/rooms/1111814726067302895
1111828999604259100,$77.00,NA,2,1,1,1,NA,0,https://www.airbnb.com/rooms/1111828999604259081
1111839303902810400,$78.00,NA,2,1,1,1,NA,0,https://www.airbnb.com/rooms/1111839303902810415
1111844241446504300,$77.00,NA,2,1,1,1,NA,0,https://www.airbnb.com/rooms/1111844241446504329
1111844262039900400,$90.00,Neighborhood highlights,2,2,1,1,4.3,20,https://www.airbnb.com/rooms/1111844262039900464
1111856639879327500,$71.00,NA,1,3,5,1,NA,0,https://www.airbnb.com/rooms/1111856639879327453
1111892693817795800,$48.00,NA,2,1,1,1,5,1,https://www.airbnb.com/rooms/1111892693817795878
1112023546762857200,$354.00,Neighborhood highlights,2,1,1,1,4.88,34,https://www.airbnb.com/rooms/1112023546762857225
1112035529044283900,$434.00,Neighborhood highlights,2,1,1,1,4,1,https://www.airbnb.com/rooms/1112035529044283890
1112190815989801200,$337.00,NA,7,1,3,4,5,1,https://www.airbnb.com/rooms/1112190815989801312
1112265207664696300,$50.00,NA,2,1,1,1,4,2,https://www.airbnb.com/rooms/1112265207664696374
1112291569465739300,NA,Neighborhood highlights,8,NA,4,NA,NA,0,https://www.airbnb.com/rooms/1112291569465739144
1112313952031734900,$205.00,NA,2,1,1,NA,4.3,10,https://www.airbnb.com/rooms/1112313952031734864
1112314761461589500,$119.00,NA,4,1,2,2,NA,0,https://www.airbnb.com/rooms/1112314761461589461
1112317611985719e3,$130.00,NA,2,1,1,0,NA,0,https://www.airbnb.com/rooms/1112317611985718983
1112344756155061800,NA,Neighborhood highlights,2,NA,1,NA,NA,0,https://www.airbnb.com/rooms/1112344756155061784
1112393231691669e3,$157.00,Neighborhood highlights,4,1,2,2,NA,0,https://www.airbnb.com/rooms/1112393231691668935
1112405332315125200,$73.00,Neighborhood highlights,2,2,1,1,NA,0,https://www.airbnb.com/rooms/1112405332315125254
1112405887592709200,$157.00,Neighborhood highlights,4,1,2,1,NA,0,https://www.airbnb.com/rooms/1112405887592709246
1112405924009829400,$702.00,Neighborhood highlights,4,3,2,2,NA,0,https://www.airbnb.com/rooms/1112405924009829478
1.1124073381995441e+18,$365.00,NA,4,2,2,2,NA,0,https://www.airbnb.com/rooms/1112407338199543926
1112412330409418e3,$66.00,Neighborhood highlights,2,2,1,1,NA,0,https://www.airbnb.com/rooms/1112412330409417849
1112413663345413200,$66.00,Neighborhood highlights,2,2,1,1,5,1,https://www.airbnb.com/rooms/1112413663345413314
1112414919523045100,$67.00,Neighborhood highlights,2,2,1,1,NA,0,https://www.airbnb.com/rooms/1112414919523045141
1112415747017722600,$65.00,Neighborhood highlights,2,2,1,0,NA,0,https://www.airbnb.com/rooms/1112415747017722562
1112416918696367100,$65.00,Neighborhood highlights,2,2,1,0,NA,0,https://www.airbnb.com/rooms/1112416918696367005
1112422943507152900,$183.00,Neighborhood highlights,4,1,2,3,NA,0,https://www.airbnb.com/rooms/1112422943507152895
1112428943920033300,$156.00,NA,8,2,3,3,NA,0,https://www.airbnb.com/rooms/1112428943920033310
1112435683945505500,$157.00,Neighborhood highlights,4,1,2,3,NA,0,https://www.airbnb.com/rooms/1112435683945505646
1112445207875785200,$157.00,Neighborhood highlights,4,1,2,2,NA,0,https://www.airbnb.com/rooms/1112445207875785356
1112466549085413800,$77.00,NA,2,1,1,1,NA,0,https://www.airbnb.com/rooms/1112466549085413683
1112474153404016600,$78.00,NA,2,1,1,1,NA,0,https://www.airbnb.com/rooms/1112474153404016566
1112474208194512900,$77.00,NA,2,1,1,1,NA,0,https://www.airbnb.com/rooms/1112474208194512978
1112521342674312300,$130.00,NA,2,1,1,1,5,7,https://www.airbnb.com/rooms/1112521342674312346
111253004399475e4,$170.00,NA,2,1,1,0,NA,0,https://www.airbnb.com/rooms/1112530043994749894
1112942765492542e3,$162.00,NA,2,1,1,1,NA,0,https://www.airbnb.com/rooms/1112942765492541941
1112943121198244600,$115.00,NA,2,0,1,1,NA,0,https://www.airbnb.com/rooms/1112943121198244593
1112943486461239200,$149.00,NA,2,1,1,1,NA,0,https://www.airbnb.com/rooms/1112943486461239157
1112944929336437800,$203.00,NA,2,1,1,1,NA,0,https://www.airbnb.com/rooms/1112944929336437834
1112963555103628800,$140.00,NA,1,0,1,1,NA,0,https://www.airbnb.com/rooms/1112963555103628806
1112965093603591e3,$98.00,NA,1,0,1,1,NA,0,https://www.airbnb.com/rooms/1112965093603591125
1112971090446110600,$92.00,NA,1,0,1,1,NA,0,https://www.airbnb.com/rooms/1112971090446110504
1.1129731203543921e+18,$285.00,Neighborhood highlights,4,2,2,2,NA,0,https://www.airbnb.com/rooms/1112973120354392062
1112978750238438400,$98.00,NA,1,0,4,1,NA,0,https://www.airbnb.com/rooms/1112978750238438334
1112979132955015400,$96.00,NA,1,0,2,1,NA,0,https://www.airbnb.com/rooms/1112979132955015286
1113018441358108300,$246.00,NA,2,1,0,1,4.82,11,https://www.airbnb.com/rooms/1113018441358108311
1113019757148805e3,$53.00,Neighborhood highlights,1,1,1,1,NA,0,https://www.airbnb.com/rooms/1113019757148804965
1113030168317078e3,$49.00,Neighborhood highlights,1,1,1,1,5,1,https://www.airbnb.com/rooms/1113030168317078062
1113047751823435800,$371.00,Neighborhood highlights,2,1,1,1,NA,0,https://www.airbnb.com/rooms/1113047751823435876
1113048051231581400,$314.00,Neighborhood highlights,2,1,1,1,NA,0,https://www.airbnb.com/rooms/1113048051231581389
1113051250641981300,$410.00,Neighborhood highlights,2,1,1,1,NA,0,https://www.airbnb.com/rooms/1113051250641981233
1113073401939237400,$60.00,Neighborhood highlights,1,1,1,1,4.5,2,https://www.airbnb.com/rooms/1113073401939237390
1113088052713757200,$53.00,Neighborhood highlights,1,1,0,1,5,1,https://www.airbnb.com/rooms/1113088052713757132
1113089113330335400,$85.00,NA,2,1,1,1,NA,0,https://www.airbnb.com/rooms/1113089113330335436
1113096700515024600,"$1,666.00",Neighborhood highlights,4,3,1,1,NA,0,https://www.airbnb.com/rooms/1113096700515024619
1113150723967169200,$99.00,NA,2,1,0,1,5,1,https://www.airbnb.com/rooms/1113150723967169156
1113172571561700600,$120.00,NA,2,2,2,2,NA,0,https://www.airbnb.com/rooms/1113172571561700595
1113186084971222900,$132.00,NA,2,1,1,1,5,1,https://www.airbnb.com/rooms/1113186084971222904
1113254258941256200,$114.00,NA,2,1,0,1,NA,0,https://www.airbnb.com/rooms/1113254258941256160
1113279088764300200,NA,NA,4,NA,2,NA,NA,0,https://www.airbnb.com/rooms/1113279088764300219
1113292079307732600,$299.00,Neighborhood highlights,2,1,1,1,4.75,4,https://www.airbnb.com/rooms/1113292079307732605
1113463250186485600,$105.00,NA,2,1,1,2,NA,0,https://www.airbnb.com/rooms/1113463250186485659
1113825829090486800,NA,NA,6,4,3,3,NA,0,https://www.airbnb.com/rooms/1113825829090486677
1113896863240020400,$66.00,Neighborhood highlights,2,1.5,1,1,NA,0,https://www.airbnb.com/rooms/1113896863240020357
1113975653556242e3,$190.00,NA,2,1,1,2,5,10,https://www.airbnb.com/rooms/1113975653556242121
1113990710461644900,$72.00,Neighborhood highlights,2,1.5,1,1,5,1,https://www.airbnb.com/rooms/1113990710461644900
1114248565932561900,$161.00,NA,2,1,1,1,4.6,10,https://www.airbnb.com/rooms/1114248565932561853
1114539686734458800,$200.00,NA,3,1,1,1,NA,0,https://www.airbnb.com/rooms/1114539686734458704
1114605506625468e3,$499.00,NA,7,2,3,0,4.57,7,https://www.airbnb.com/rooms/1114605506625468030
1114648940731264e3,$115.00,NA,4,1,2,5,5,1,https://www.airbnb.com/rooms/1114648940731264008
1114771396821136100,NA,NA,2,NA,1,NA,NA,0,https://www.airbnb.com/rooms/1114771396821136188
1115148672892119e3,$162.00,NA,5,1,0,0,5,1,https://www.airbnb.com/rooms/1115148672892119116
1115238121412577300,$525.00,NA,6,1,2,2,5,2,https://www.airbnb.com/rooms/1115238121412577322
1115256554661925600,$140.00,NA,4,1,2,0,NA,0,https://www.airbnb.com/rooms/1115256554661925620
1115264637269825300,NA,Neighborhood highlights,2,NA,NA,NA,NA,0,https://www.airbnb.com/rooms/1115264637269825202
1115294849933964800,$236.00,Neighborhood highlights,2,1,1,1,4,3,https://www.airbnb.com/rooms/1115294849933964740
1115296316091602400,$218.00,NA,3,1,0,1,NA,0,https://www.airbnb.com/rooms/1115296316091602449
1115297010096422400,$236.00,Neighborhood highlights,2,1,1,1,4,3,https://www.airbnb.com/rooms/1115297010096422462
1115302659617044500,$650.00,NA,8,2,3,3,NA,0,https://www.airbnb.com/rooms/1115302659617044491
1115303048901785100,$117.00,NA,2,1,1,2,NA,0,https://www.airbnb.com/rooms/1115303048901785162
1115311624254150400,$573.00,NA,4,2,2,2,4.33,3,https://www.airbnb.com/rooms/1115311624254150430
1115315323595568400,$110.00,NA,2,1,0,0,NA,0,https://www.airbnb.com/rooms/1115315323595568316
1115334437409198300,$155.00,Neighborhood highlights,3,1,0,1,NA,0,https://www.airbnb.com/rooms/1115334437409198353
1115372362964057500,$88.00,NA,1,1,1,1,5,1,https://www.airbnb.com/rooms/1115372362964057519
1115377466525054600,$236.00,Neighborhood highlights,2,1,1,1,5,4,https://www.airbnb.com/rooms/1115377466525054553
1115379010918611500,$236.00,Neighborhood highlights,2,1,1,1,3,1,https://www.airbnb.com/rooms/1115379010918611512
1115380808111478500,$328.00,Neighborhood highlights,4,1,1,2,4.33,15,https://www.airbnb.com/rooms/1115380808111478492
1115417017868114700,$266.00,Neighborhood highlights,2,1,1,1,4.38,8,https://www.airbnb.com/rooms/1115417017868114695
1115421340482064500,$963.00,NA,4,2,2,0,NA,0,https://www.airbnb.com/rooms/1115421340482064552
1115455194987036900,$259.00,NA,3,2,2,0,NA,0,https://www.airbnb.com/rooms/1115455194987036930
1115471563998250200,$145.00,NA,2,1,1,0,NA,0,https://www.airbnb.com/rooms/1115471563998250173
1115857829800394200,NA,NA,2,NA,2,NA,5,2,https://www.airbnb.com/rooms/1115857829800394284
1115903542547996800,$619.00,Neighborhood highlights,4,2,2,2,NA,0,https://www.airbnb.com/rooms/1115903542547996840
1115967878783497700,NA,NA,16,NA,6,NA,5,1,https://www.airbnb.com/rooms/1115967878783497786
1115980846989416800,$215.00,NA,5,1.5,2,2,5,3,https://www.airbnb.com/rooms/1115980846989416764
1116042385708833500,$51.00,NA,2,2,1,1,4,1,https://www.airbnb.com/rooms/1116042385708833643
1116080980495306500,NA,NA,1,NA,NA,NA,NA,0,https://www.airbnb.com/rooms/1116080980495306645
1116081300918222e3,$111.00,NA,3,1,1,0,5,1,https://www.airbnb.com/rooms/1116081300918221987
1116114825500098400,$198.00,Neighborhood highlights,4,1,1,2,NA,0,https://www.airbnb.com/rooms/1116114825500098394
1116131462290800500,$294.00,Neighborhood highlights,9,4,4,5,NA,0,https://www.airbnb.com/rooms/1116131462290800478
1116238248246467600,$170.00,NA,1,1,1,1,NA,0,https://www.airbnb.com/rooms/1116238248246467589
1116245822770307600,$44.00,NA,1,1,1,0,NA,0,https://www.airbnb.com/rooms/1116245822770307509
1116478901641638400,$39.00,NA,1,1,NA,0,NA,0,https://www.airbnb.com/rooms/1116478901641638360
1116529065414290700,$71.00,NA,1,1.5,1,1,NA,0,https://www.airbnb.com/rooms/1116529065414290664
1116555539786039700,$270.00,NA,2,1,1,NA,4.57,7,https://www.airbnb.com/rooms/1116555539786039678
1116555653879119100,$241.00,NA,2,1,1,NA,3.91,11,https://www.airbnb.com/rooms/1116555653879118965
1116562418961095600,$100.00,NA,1,0.5,1,1,NA,0,https://www.airbnb.com/rooms/1116562418961095548
1116577867872652800,$44.00,NA,1,1,4,1,2,1,https://www.airbnb.com/rooms/1116577867872652776
1116631317326009300,$43.00,NA,1,1,4,1,NA,0,https://www.airbnb.com/rooms/1116631317326009261
1116660527858079500,$40.00,NA,1,1,4,1,NA,0,https://www.airbnb.com/rooms/1116660527858079524
1116675449955221500,$39.00,NA,1,1,4,1,NA,0,https://www.airbnb.com/rooms/1116675449955221448
1116685995984368e3,$280.00,NA,4,1,2,0,NA,0,https://www.airbnb.com/rooms/1116685995984368018
1116693554594421800,$70.00,NA,1,2,1,1,NA,0,https://www.airbnb.com/rooms/1116693554594421762
1116707411784455200,$112.00,NA,2,1,1,1,NA,0,https://www.airbnb.com/rooms/1116707411784455212
1116713538927097600,$66.00,NA,1,2,1,1,NA,0,https://www.airbnb.com/rooms/1116713538927097537
1116729772468124200,$78.00,NA,4,1,1,2,5,2,https://www.airbnb.com/rooms/1116729772468124199
1116763616207150200,$125.00,Neighborhood highlights,2,1,1,1,NA,0,https://www.airbnb.com/rooms/1116763616207150309
1116772957632397800,$160.00,Neighborhood highlights,3,1,0,1,NA,0,https://www.airbnb.com/rooms/1116772957632397742
1116778465633615100,$68.00,NA,1,2,1,1,NA,0,https://www.airbnb.com/rooms/1116778465633615046
1116801109714418700,$54.00,NA,1,2,1,1,NA,0,https://www.airbnb.com/rooms/1116801109714418692
1116806421398122200,$54.00,NA,1,2,1,1,NA,0,https://www.airbnb.com/rooms/1116806421398122216
1116894896977374600,$400.00,Neighborhood highlights,6,1.5,2,4,4.95,22,https://www.airbnb.com/rooms/1116894896977374505
1116903204995545900,$700.00,NA,15,1,3,8,NA,0,https://www.airbnb.com/rooms/1116903204995545887
1116912932427140500,NA,NA,2,NA,1,NA,NA,0,https://www.airbnb.com/rooms/1116912932427140492
1116920027162766100,$36.00,NA,1,1,4,1,NA,0,https://www.airbnb.com/rooms/1116920027162766008
1116927219695127600,$68.00,NA,2,1.5,1,1,NA,0,https://www.airbnb.com/rooms/1116927219695127568
1116930231790877700,NA,NA,2,NA,NA,NA,NA,0,https://www.airbnb.com/rooms/1116930231790877712
1116944603082675200,$324.00,NA,10,1,3,5,NA,0,https://www.airbnb.com/rooms/1116944603082675265
1116956583540278800,$188.00,NA,4,1,1,2,NA,0,https://www.airbnb.com/rooms/1116956583540278663
1116961730053926400,$602.00,NA,10,1,3,6,NA,0,https://www.airbnb.com/rooms/1116961730053926359
1116968235116811400,$219.00,NA,4,1,1,2,NA,0,https://www.airbnb.com/rooms/1116968235116811334
1116980599219165400,$204.00,Neighborhood highlights,6,2.5,3,3,NA,0,https://www.airbnb.com/rooms/1116980599219165405
1116986059041927600,$343.00,NA,2,1,0,1,5,2,https://www.airbnb.com/rooms/1116986059041927579
1117020499230853800,$525.00,Neighborhood highlights,2,1.5,2,2,NA,0,https://www.airbnb.com/rooms/1117020499230853825
1117326207587983400,$189.00,NA,2,1,1,1,NA,0,https://www.airbnb.com/rooms/1117326207587983417
1117330803139603200,$338.00,NA,2,1,1,NA,5,1,https://www.airbnb.com/rooms/1117330803139603196
1117348562410002600,$255.00,Neighborhood highlights,4,1,2,2,NA,0,https://www.airbnb.com/rooms/1117348562410002593
1117350487164620200,NA,Neighborhood highlights,2,1,1,1,5,1,https://www.airbnb.com/rooms/1117350487164620171
1117392950529887700,NA,NA,1,NA,NA,NA,NA,0,https://www.airbnb.com/rooms/1117392950529887686
1117395358984269600,$246.00,Neighborhood highlights,4,1,1,2,4.56,39,https://www.airbnb.com/rooms/1117395358984269577
1117406325382308500,$390.00,Neighborhood highlights,2,1,1,1,5,5,https://www.airbnb.com/rooms/1117406325382308439
1117408615752781300,$433.00,Neighborhood highlights,4,1,1,2,4.33,3,https://www.airbnb.com/rooms/1117408615752781344
1117411104238983400,$452.00,Neighborhood highlights,4,1,1,2,5,2,https://www.airbnb.com/rooms/1117411104238983342
1117442475912948200,$250.00,NA,2,2,1,1,NA,0,https://www.airbnb.com/rooms/1117442475912948085
1117458059379181300,$178.00,Neighborhood highlights,6,1,3,4,5,1,https://www.airbnb.com/rooms/1117458059379181331
1117496740720620200,$353.00,Neighborhood highlights,2,1,0,1,5,3,https://www.airbnb.com/rooms/1117496740720620113
1117520708516979100,$112.00,NA,2,1,1,1,5,2,https://www.airbnb.com/rooms/1117520708516978979
1117532744097489700,$60.00,Neighborhood highlights,1,1,0,1,5,1,https://www.airbnb.com/rooms/1117532744097489604
1117543144201396500,$40.00,NA,1,2,1,1,NA,0,https://www.airbnb.com/rooms/1117543144201396519
1117561089485142900,$192.00,Neighborhood highlights,6,1,3,5,NA,0,https://www.airbnb.com/rooms/1117561089485142851
1117575469976164600,$563.00,Neighborhood highlights,3,0,0,0,5,2,https://www.airbnb.com/rooms/1117575469976164572
1117721798584451200,NA,NA,5,NA,2,NA,NA,0,https://www.airbnb.com/rooms/1117721798584451198
1117859419184943600,$250.00,NA,2,1,1,1,4.57,7,https://www.airbnb.com/rooms/1117859419184943659
1117935917476687400,$350.00,NA,4,1.5,2,0,NA,0,https://www.airbnb.com/rooms/1117935917476687376
1117959264674169300,NA,NA,1,NA,NA,NA,NA,0,https://www.airbnb.com/rooms/1117959264674169314
1118075775886720800,$251.00,NA,6,2,3,0,NA,0,https://www.airbnb.com/rooms/1118075775886720816
1118148174507368400,$65.00,NA,2,1,1,1,4.63,8,https://www.airbnb.com/rooms/1118148174507368445
1118164246062032100,NA,NA,6,NA,4,NA,NA,0,https://www.airbnb.com/rooms/1118164246062032217
1118284154882166500,$936.00,NA,4,2,2,2,5,11,https://www.airbnb.com/rooms/1118284154882166548
1118447284939729400,$180.00,NA,2,1,1,2,NA,0,https://www.airbnb.com/rooms/1118447284939729494
1118676440414345100,$120.00,NA,2,1,0,1,NA,0,https://www.airbnb.com/rooms/1118676440414345098
1118678033574629100,$104.00,NA,2,1.5,1,2,NA,0,https://www.airbnb.com/rooms/1118678033574629048
1118860557921570300,$46.00,NA,1,1,5,1,NA,0,https://www.airbnb.com/rooms/1118860557921570167
1118867581127238700,$44.00,NA,1,1,5,1,NA,0,https://www.airbnb.com/rooms/1118867581127238710
1118977799274534100,$185.00,NA,1,1,1,1,NA,0,https://www.airbnb.com/rooms/1118977799274534042
1119223662219270500,$44.00,NA,1,1,5,1,NA,0,https://www.airbnb.com/rooms/1119223662219270587
1119523091167230100,$197.00,NA,2,1,1,1,NA,0,https://www.airbnb.com/rooms/1119523091167230010
1119779223582471e3,$421.00,Neighborhood highlights,5,2,1,3,NA,0,https://www.airbnb.com/rooms/1119779223582471106
1120033214936283e3,$181.00,NA,3,1,1,1,NA,0,https://www.airbnb.com/rooms/1120033214936282994
1120120917663313700,$147.00,NA,3,1,0,3,5,5,https://www.airbnb.com/rooms/1120120917663313525
1120186882723159200,$115.00,Neighborhood highlights,2,1,1,1,NA,0,https://www.airbnb.com/rooms/1120186882723159230
1120200726975912800,$190.00,NA,2,1,1,1,3.86,7,https://www.airbnb.com/rooms/1120200726975912830
1120200764487843100,$234.00,NA,2,1,1,2,NA,0,https://www.airbnb.com/rooms/1120200764487842981
1120215751027046100,$196.00,Neighborhood highlights,2,1,0,1,NA,0,https://www.airbnb.com/rooms/1120215751027046086
1120267212254262800,NA,NA,6,1,3,3,4.83,12,https://www.airbnb.com/rooms/1120267212254262726
1120326278350348900,$296.00,NA,2,1,1,1,NA,0,https://www.airbnb.com/rooms/1120326278350348954
1120346290475424800,$338.00,Neighborhood highlights,2,1,1,1,4,2,https://www.airbnb.com/rooms/1120346290475424856
1120348428508594700,$483.00,Neighborhood highlights,2,1,1,1,NA,0,https://www.airbnb.com/rooms/1120348428508594780
1120349216003099600,$38.00,NA,2,1,1,1,NA,0,https://www.airbnb.com/rooms/1120349216003099731
1.1203504311125199e+18,$371.00,Neighborhood highlights,2,1,1,1,NA,0,https://www.airbnb.com/rooms/1120350431112519928
1120356934517853300,NA,NA,2,NA,NA,NA,NA,0,https://www.airbnb.com/rooms/1120356934517853290
1120370336809286900,$49.00,NA,2,3,1,0,NA,0,https://www.airbnb.com/rooms/1120370336809286836
1120373926540312800,$49.00,NA,2,3,1,0,NA,0,https://www.airbnb.com/rooms/1120373926540312797
1120374739634095400,$49.00,NA,2,2,1,0,NA,0,https://www.airbnb.com/rooms/1120374739634095349
1120375458576488400,NA,NA,2,3,1,0,NA,0,https://www.airbnb.com/rooms/1120375458576488496
1120376135115063200,$49.00,NA,2,3,1,0,NA,0,https://www.airbnb.com/rooms/1120376135115063153
1120399941594229100,$59.00,NA,2,0.5,1,1,5,1,https://www.airbnb.com/rooms/1120399941594229111
1120407740838728800,$64.00,NA,2,1,1,1,5,1,https://www.airbnb.com/rooms/1120407740838728828
1120411445974677100,$64.00,NA,2,1,1,1,NA,0,https://www.airbnb.com/rooms/1120411445974677115
1120414324364217700,$70.00,NA,2,1,1,1,NA,0,https://www.airbnb.com/rooms/1120414324364217815
1120417006583335700,$103.00,NA,2,1,0,1,NA,0,https://www.airbnb.com/rooms/1120417006583335748
1120419289800030700,$103.00,NA,2,1,0,1,NA,0,https://www.airbnb.com/rooms/1120419289800030647
1120525515285577600,$925.00,NA,4,2,2,2,5,2,https://www.airbnb.com/rooms/1120525515285577613
1120557503116265e3,$76.00,NA,2,1,1,0,NA,0,https://www.airbnb.com/rooms/1120557503116264906
1.1205949908365519e+18,$257.00,Neighborhood highlights,6,2,3,3,NA,0,https://www.airbnb.com/rooms/1120594990836551953
1120708927839982100,$303.00,Neighborhood highlights,4,1,2,2,5,1,https://www.airbnb.com/rooms/1120708927839982087
1120822415363899600,$239.00,NA,6,1,2,3,4.29,7,https://www.airbnb.com/rooms/1120822415363899676
1120914540069060900,$364.00,Neighborhood highlights,2,1,0,1,NA,0,https://www.airbnb.com/rooms/1120914540069060744
1120914951050400800,$336.00,Neighborhood highlights,2,1,0,1,NA,0,https://www.airbnb.com/rooms/1120914951050400851
1120915309288874100,$235.00,Neighborhood highlights,2,1,0,1,NA,0,https://www.airbnb.com/rooms/1120915309288874040
1120940575990331500,$99.00,NA,2,1,1,1,NA,0,https://www.airbnb.com/rooms/1120940575990331558
1120950645849135200,$72.00,NA,3,1,1,2,4.33,3,https://www.airbnb.com/rooms/1120950645849135201
1120955689991299200,$88.00,NA,4,1,1,1,4.83,6,https://www.airbnb.com/rooms/1120955689991299138
1120982175254555e3,$594.00,Neighborhood highlights,2,1,1,1,4,1,https://www.airbnb.com/rooms/1120982175254555104
1120984964853213300,$674.00,Neighborhood highlights,4,1,1,2,5,1,https://www.airbnb.com/rooms/1120984964853213286
1120986161733678800,$994.00,Neighborhood highlights,4,1,1,2,NA,0,https://www.airbnb.com/rooms/1120986161733678919
1121071083462663200,$60.00,NA,2,1,1,1,5,11,https://www.airbnb.com/rooms/1121071083462663275
1121074659882797600,$471.00,Neighborhood highlights,3,1,1,2,3.5,2,https://www.airbnb.com/rooms/1121074659882797643
1121076844391839900,$364.00,Neighborhood highlights,2,1,1,1,NA,0,https://www.airbnb.com/rooms/1121076844391839854
1121082242645807100,$796.00,Neighborhood highlights,3,1,1,2,NA,0,https://www.airbnb.com/rooms/1121082242645807038
1121085081120589800,$250.00,NA,4,2,2,2,NA,0,https://www.airbnb.com/rooms/1121085081120589834
1121085931719332500,$226.00,Neighborhood highlights,2,1,1,1,NA,0,https://www.airbnb.com/rooms/1121085931719332414
1121090992963176200,$999.00,Neighborhood highlights,3,1,1,2,NA,0,https://www.airbnb.com/rooms/1121090992963176196
1121097388919060700,$125.00,NA,2,1,0,1,3.5,2,https://www.airbnb.com/rooms/1121097388919060794
1121098794146870500,$271.00,NA,4,1,3,3,5,1,https://www.airbnb.com/rooms/1121098794146870631
1121157088399376800,$118.00,Neighborhood highlights,2,1,1,1,NA,0,https://www.airbnb.com/rooms/1121157088399376790
1121551127487750400,$28.00,NA,1,1,NA,0,NA,0,https://www.airbnb.com/rooms/1121551127487750381
1121561895849381900,$28.00,NA,1,1,NA,0,NA,0,https://www.airbnb.com/rooms/1121561895849381993
1121673693861808e3,$165.00,NA,2,1,0,1,NA,0,https://www.airbnb.com/rooms/1121673693861808064
1121767156132843600,NA,Neighborhood highlights,3,NA,1,NA,NA,0,https://www.airbnb.com/rooms/1121767156132843630
1121769308788167e3,NA,Neighborhood highlights,3,NA,1,NA,NA,0,https://www.airbnb.com/rooms/1121769308788167088
1121771929571655200,$47.00,NA,2,2,1,0,NA,0,https://www.airbnb.com/rooms/1121771929571655131
1121796716965999600,$75.00,NA,3,1,2,2,NA,0,https://www.airbnb.com/rooms/1121796716965999635
1121858306063246200,$200.00,NA,4,2,2,1,NA,0,https://www.airbnb.com/rooms/1121858306063246244
1121908053293137400,$50.00,NA,1,1,1,1,5,1,https://www.airbnb.com/rooms/1121908053293137461
1121929936429281200,$248.00,NA,4,1,0,1,2,2,https://www.airbnb.com/rooms/1121929936429281111
1121971116456621400,NA,NA,2,NA,1,NA,4.8,5,https://www.airbnb.com/rooms/1121971116456621504
1121981426388504300,NA,NA,2,NA,1,NA,NA,0,https://www.airbnb.com/rooms/1121981426388504295
1122069073279197700,$134.00,Neighborhood highlights,6,3,3,3,NA,0,https://www.airbnb.com/rooms/1122069073279197774
1122072466892127500,$134.00,Neighborhood highlights,8,4,4,4,NA,0,https://www.airbnb.com/rooms/1122072466892127468
1122255607613165300,$70.00,NA,1,2,1,1,NA,0,https://www.airbnb.com/rooms/1122255607613165321
1122265328870455300,$68.00,NA,1,2,1,1,NA,0,https://www.airbnb.com/rooms/1122265328870455427
1122273406068231600,$58.00,Neighborhood highlights,1,2,1,1,NA,0,https://www.airbnb.com/rooms/1122273406068231545
1122341264871250200,$49.00,Neighborhood highlights,1,1,0,1,NA,0,https://www.airbnb.com/rooms/1122341264871250207
1122359020190315800,$65.00,NA,1,1,1,1,NA,0,https://www.airbnb.com/rooms/1122359020190315868
1122363436937093800,$49.00,Neighborhood highlights,1,1,0,1,NA,0,https://www.airbnb.com/rooms/1122363436937093697
1122376994681674100,$49.00,Neighborhood highlights,1,1,0,1,5,1,https://www.airbnb.com/rooms/1122376994681674148
1122461403861166300,$320.00,NA,6,1,3,3,NA,0,https://www.airbnb.com/rooms/1122461403861166485
1122473654911764400,$124.00,NA,3,1,1,2,NA,0,https://www.airbnb.com/rooms/1122473654911764349
112248179189728e4,$180.00,NA,4,1,1,1,NA,0,https://www.airbnb.com/rooms/1122481791897280036
1122482629886469200,$216.00,NA,4,1,2,2,5,1,https://www.airbnb.com/rooms/1122482629886469254
1122491867192041700,$94.00,NA,2,1,1,1,5,1,https://www.airbnb.com/rooms/1122491867192041810
1122506270057088500,NA,NA,2,NA,1,NA,NA,0,https://www.airbnb.com/rooms/1122506270057088555
1122517419630994e3,$96.00,NA,3,1,1,1,NA,0,https://www.airbnb.com/rooms/1122517419630994064
1122517963920692200,$42.00,Neighborhood highlights,2,1,1,1,5,1,https://www.airbnb.com/rooms/1122517963920692180
1122523810251643400,$200.00,NA,4,1,1,1,NA,0,https://www.airbnb.com/rooms/1122523810251643304
1122540038944566900,$60.00,NA,2,2,1,1,NA,0,https://www.airbnb.com/rooms/1122540038944566836
1122542601453748700,$54.00,NA,1,2,4,1,5,1,https://www.airbnb.com/rooms/1122542601453748725
1122575256700615800,$103.00,NA,1,1,1,1,5,5,https://www.airbnb.com/rooms/1122575256700615814
1122579566979197700,$43.00,NA,1,1,1,1,NA,0,https://www.airbnb.com/rooms/1122579566979197746
1122595607261002500,$70.00,NA,1,1,1,0,NA,0,https://www.airbnb.com/rooms/1122595607261002494
1122666499416231e3,NA,NA,5,NA,2,NA,NA,0,https://www.airbnb.com/rooms/1122666499416231087
1122674379883617800,$219.00,Neighborhood highlights,4,1,2,2,3,1,https://www.airbnb.com/rooms/1122674379883617829
1122780255479613700,$148.00,NA,6,1,3,3,5,1,https://www.airbnb.com/rooms/1122780255479613680
1122824149047065900,$175.00,NA,2,1,1,0,NA,0,https://www.airbnb.com/rooms/1122824149047065852
1123062790203605200,$150.00,NA,2,1,1,1,NA,0,https://www.airbnb.com/rooms/1123062790203605218
1123076422563764200,$38.00,Neighborhood highlights,1,1,1,1,NA,0,https://www.airbnb.com/rooms/1123076422563764224
1123077365953960400,$75.00,NA,1,2,1,1,5,1,https://www.airbnb.com/rooms/1123077365953960432
1123139068980316400,$89.00,NA,2,1,1,1,4.43,7,https://www.airbnb.com/rooms/1123139068980316541
1123155327289521400,$422.00,Neighborhood highlights,2,1,1,1,NA,0,https://www.airbnb.com/rooms/1123155327289521410
1123155681198830300,$297.00,Neighborhood highlights,2,1,1,1,NA,0,https://www.airbnb.com/rooms/1123155681198830366
1123275389878502100,$168.00,NA,4,1,2,2,5,3,https://www.airbnb.com/rooms/1123275389878502035
1123291802006525600,$104.00,NA,3,1,2,2,NA,0,https://www.airbnb.com/rooms/1123291802006525572
1123331749308769e3,$260.00,NA,2,1,1,2,5,5,https://www.airbnb.com/rooms/1123331749308769023
1123435135901431700,$92.00,NA,4,1,2,2,NA,0,https://www.airbnb.com/rooms/1123435135901431749
1123469335255177e3,$40.00,NA,1,1,5,1,NA,0,https://www.airbnb.com/rooms/1123469335255176890
1123474873283609300,$57.00,NA,1,1,6,1,NA,0,https://www.airbnb.com/rooms/1123474873283609263
1123479976623636e3,$59.00,NA,1,1,6,1,NA,0,https://www.airbnb.com/rooms/1123479976623636058
1123483563454872200,$56.00,NA,1,1,6,1,NA,0,https://www.airbnb.com/rooms/1123483563454872224
1123487480393660800,$58.00,NA,1,1,6,1,NA,0,https://www.airbnb.com/rooms/1123487480393660739
1123491615544702100,$57.00,NA,1,1,6,1,NA,0,https://www.airbnb.com/rooms/1123491615544702014
1.1235084655659761e+18,$56.00,NA,1,1,1,1,NA,0,https://www.airbnb.com/rooms/1123508465565975975
1123536669391233300,$112.00,NA,4,1,2,0,NA,0,https://www.airbnb.com/rooms/1123536669391233220
1123743459729686300,$47.00,NA,1,1,1,1,NA,0,https://www.airbnb.com/rooms/1123743459729686198
1123776431230095900,$49.00,Neighborhood highlights,1,1,0,1,NA,0,https://www.airbnb.com/rooms/1123776431230095841
1123784306015693600,$75.00,NA,2,2,2,0,NA,0,https://www.airbnb.com/rooms/1123784306015693556
1123930551455333100,$360.00,NA,2,1,2,2,5,1,https://www.airbnb.com/rooms/1123930551455333128
1124103332108287700,$217.00,NA,2,1,1,1,NA,0,https://www.airbnb.com/rooms/1124103332108287653
1124126281825724400,$399.00,NA,4,1,2,2,5,4,https://www.airbnb.com/rooms/1124126281825724517
1124159973139059800,$71.00,NA,2,1,1,1,NA,0,https://www.airbnb.com/rooms/1124159973139059877
1124204389033268500,$30.00,NA,2,2,1,1,NA,0,https://www.airbnb.com/rooms/1124204389033268401
1124210759358253800,$30.00,NA,2,2,1,1,5,1,https://www.airbnb.com/rooms/1124210759358253828
1124515503871939600,$209.00,NA,2,1,1,1,5,17,https://www.airbnb.com/rooms/1124515503871939606
1124574711796175400,$97.00,NA,2,1,2,0,NA,0,https://www.airbnb.com/rooms/1124574711796175408
1124679179837406700,$80.00,NA,2,1,1,1,NA,0,https://www.airbnb.com/rooms/1124679179837406747
1124737195407142700,$62.00,NA,2,1,1,1,NA,0,https://www.airbnb.com/rooms/1124737195407142770
1124763455906903200,$167.00,NA,2,1,1,2,NA,0,https://www.airbnb.com/rooms/1124763455906903266
1124785781926662700,$49.00,Neighborhood highlights,1,1,0,1,4,1,https://www.airbnb.com/rooms/1124785781926662756
1124822815836751400,$62.00,Neighborhood highlights,1,1,0,1,5,1,https://www.airbnb.com/rooms/1124822815836751434
1124865985437068300,$159.00,NA,2,1,1,0,NA,0,https://www.airbnb.com/rooms/1124865985437068291
1124908570828492300,$96.00,NA,4,1,1,2,NA,0,https://www.airbnb.com/rooms/1124908570828492358
1124909486762704800,$47.00,NA,1,1,1,1,5,2,https://www.airbnb.com/rooms/1124909486762704847
1124927353218071e3,$500.00,NA,2,1,1,1,NA,0,https://www.airbnb.com/rooms/1124927353218071086
1124945060516214800,$150.00,NA,5,1,2,3,NA,0,https://www.airbnb.com/rooms/1124945060516214790
1124952055350894600,$43.00,NA,1,1,1,1,NA,0,https://www.airbnb.com/rooms/1124952055350894587
1124979327324611200,$80.00,NA,4,1,1,2,NA,0,https://www.airbnb.com/rooms/1124979327324611288
1125139098078786300,$569.00,Neighborhood highlights,2,1,0,1,4.75,12,https://www.airbnb.com/rooms/1125139098078786312
1125141139412549900,NA,Neighborhood highlights,4,NA,NA,NA,NA,0,https://www.airbnb.com/rooms/1125141139412549867
1125224478670531300,$68.00,NA,1,2,1,1,NA,0,https://www.airbnb.com/rooms/1125224478670531330
1125319724853414700,$100.00,NA,2,1,3,2,5,2,https://www.airbnb.com/rooms/1125319724853414750
1125394067603414800,$448.00,NA,5,2,2,0,4.67,3,https://www.airbnb.com/rooms/1125394067603414786
1125396587745754900,$225.00,NA,2,2,3,2,NA,0,https://www.airbnb.com/rooms/1125396587745754932
1125396693234888700,$700.00,NA,2,1,1,1,NA,0,https://www.airbnb.com/rooms/1125396693234888561
1125402679115844900,$680.00,NA,8,2.5,4,6,NA,0,https://www.airbnb.com/rooms/1125402679115844799
1125471529511161100,$60.00,NA,2,1,1,1,NA,0,https://www.airbnb.com/rooms/1125471529511161183
1125534910147318900,NA,NA,2,NA,1,NA,NA,0,https://www.airbnb.com/rooms/1125534910147318928
1125561617856585500,$233.00,NA,4,1,2,2,NA,0,https://www.airbnb.com/rooms/1125561617856585464
1125587021786920700,$44.00,NA,2,2,1,1,NA,0,https://www.airbnb.com/rooms/1125587021786920719
1125647449838700900,$195.00,NA,2,1,0,1,NA,0,https://www.airbnb.com/rooms/1125647449838700909
1125667327570753500,$175.00,NA,3,1,1,2,4.67,3,https://www.airbnb.com/rooms/1125667327570753608
1125700027098239500,$39.00,NA,1,NA,1,1,NA,0,https://www.airbnb.com/rooms/1125700027098239450
1125931126069578400,$361.00,Neighborhood highlights,4,2,2,2,NA,0,https://www.airbnb.com/rooms/1125931126069578400
1125931541062857200,$324.00,Neighborhood highlights,4,1,2,2,NA,0,https://www.airbnb.com/rooms/1125931541062857338
1125932164853722800,$401.00,Neighborhood highlights,4,1,2,2,NA,0,https://www.airbnb.com/rooms/1125932164853722753
1126047181362612500,$132.00,Neighborhood highlights,2,1,1,2,5,12,https://www.airbnb.com/rooms/1126047181362612516
1126050815312115700,$184.00,Neighborhood highlights,2,1,0,1,NA,0,https://www.airbnb.com/rooms/1126050815312115722
1126052924442652900,$174.00,Neighborhood highlights,2,1,0,1,5,1,https://www.airbnb.com/rooms/1126052924442652990
1126075657490554100,$271.00,NA,2,1,1,0,4.78,9,https://www.airbnb.com/rooms/1126075657490554047
1126079789337906200,$374.00,NA,5,2,2,2,5,3,https://www.airbnb.com/rooms/1126079789337906197
1126085274679148500,$261.00,NA,2,1,1,0,5,4,https://www.airbnb.com/rooms/1126085274679148461
1126092277413709600,$217.00,NA,2,1,1,0,4.86,7,https://www.airbnb.com/rooms/1126092277413709536
1126106648674787100,$275.00,NA,2,1,1,0,4.78,9,https://www.airbnb.com/rooms/1126106648674787077
1126124228092081200,$399.00,NA,2,1,1,1,NA,0,https://www.airbnb.com/rooms/1126124228092081058
1126206544537300200,NA,NA,4,NA,2,NA,NA,0,https://www.airbnb.com/rooms/1126206544537300215
1126218020908556500,$322.00,NA,3,1,1,1,NA,0,https://www.airbnb.com/rooms/1126218020908556415
1126281402988856300,$47.00,NA,2,1,1,2,5,1,https://www.airbnb.com/rooms/1126281402988856261
1126289589531508400,$360.00,NA,3,1,1,2,NA,0,https://www.airbnb.com/rooms/1126289589531508367
1126301595049779300,$100.00,NA,1,1,1,1,NA,0,https://www.airbnb.com/rooms/1126301595049779339
1126307743071754800,$230.00,NA,2,1,1,1,NA,0,https://www.airbnb.com/rooms/1126307743071754670
1126348284794878600,$192.00,NA,7,1,3,4,NA,0,https://www.airbnb.com/rooms/1126348284794878606
1126546713333778600,NA,Neighborhood highlights,2,NA,NA,NA,NA,0,https://www.airbnb.com/rooms/1126546713333778601
1126602892983015400,NA,Neighborhood highlights,2,NA,NA,NA,NA,0,https://www.airbnb.com/rooms/1126602892983015449
1126672026506678300,$110.00,NA,2,1.5,3,1,5,6,https://www.airbnb.com/rooms/1126672026506678194
1126734893712907800,$288.00,Neighborhood highlights,2,1,1,1,4.74,31,https://www.airbnb.com/rooms/1126734893712907790
1126736684378423e3,NA,Neighborhood highlights,5,NA,3,NA,NA,0,https://www.airbnb.com/rooms/1126736684378423027
1126768898291189500,$180.00,NA,5,1.5,2,2,5,2,https://www.airbnb.com/rooms/1126768898291189419
1126771159296447400,$356.00,Neighborhood highlights,2,1,1,1,NA,0,https://www.airbnb.com/rooms/1126771159296447415
1126784608597794e3,$384.00,Neighborhood highlights,4,2.5,2,2,5,1,https://www.airbnb.com/rooms/1126784608597794148
1126784808633411100,$304.00,Neighborhood highlights,5,1,3,4,NA,0,https://www.airbnb.com/rooms/1126784808633410993
1126809626612191500,$210.00,NA,4,1,1,4,4.75,4,https://www.airbnb.com/rooms/1126809626612191460
1126814011677133e3,$229.00,NA,2,1,1,1,4.38,24,https://www.airbnb.com/rooms/1126814011677133203
1126841815721111200,$100.00,NA,1,1,1,1,NA,0,https://www.airbnb.com/rooms/1126841815721111245
1126849697330062700,$76.00,NA,3,1,1,2,2,1,https://www.airbnb.com/rooms/1126849697330062763
1126867035259816200,$228.00,NA,4,1,2,2,NA,0,https://www.airbnb.com/rooms/1126867035259816155
1126873772309611400,$100.00,NA,2,1,1,1,NA,0,https://www.airbnb.com/rooms/1126873772309611321
1126900280304882700,"$4,999.00",NA,4,1,2,2,NA,0,https://www.airbnb.com/rooms/1126900280304882697
1126903029504854400,$848.00,Neighborhood highlights,10,3,6,8,NA,0,https://www.airbnb.com/rooms/1126903029504854435
1126903212620431200,$428.00,Neighborhood highlights,4,1.5,2,2,NA,0,https://www.airbnb.com/rooms/1126903212620431213
1126903407088732800,$540.00,Neighborhood highlights,6,2.5,3,5,NA,0,https://www.airbnb.com/rooms/1126903407088732776
1126910409710723600,$150.00,Neighborhood highlights,3,1,2,2,NA,0,https://www.airbnb.com/rooms/1126910409710723455
1126919451935895200,$201.00,NA,6,1,3,3,NA,0,https://www.airbnb.com/rooms/1126919451935895188
1126966099045953800,$230.00,NA,2,1,1,1,NA,0,https://www.airbnb.com/rooms/1126966099045953731
1126967841699237400,$60.00,Neighborhood highlights,1,1,0,1,5,2,https://www.airbnb.com/rooms/1126967841699237411
1127032923251167900,$199.00,Neighborhood highlights,2,1,1,1,5,1,https://www.airbnb.com/rooms/1127032923251167783
1127050892290534100,$106.00,NA,2,1,1,0,4.5,2,https://www.airbnb.com/rooms/1127050892290534116
1127093495237855500,$35.00,Neighborhood highlights,1,1,1,1,NA,0,https://www.airbnb.com/rooms/1127093495237855564
1127256032083822800,NA,Neighborhood highlights,2,NA,NA,NA,NA,0,https://www.airbnb.com/rooms/1127256032083822858
1127272702038489e3,$40.00,Neighborhood highlights,1,1,1,1,NA,0,https://www.airbnb.com/rooms/1127272702038488908
1127291535165894100,$39.00,Neighborhood highlights,1,3,1,1,NA,0,https://www.airbnb.com/rooms/1127291535165894031
1127303045702685300,NA,Neighborhood highlights,1,NA,NA,NA,NA,0,https://www.airbnb.com/rooms/1127303045702685235
1127418309061391100,$48.00,Neighborhood highlights,2,1,1,1,NA,0,https://www.airbnb.com/rooms/1127418309061390973
1127439245762741600,$244.00,NA,2,1,1,NA,4.03,34,https://www.airbnb.com/rooms/1127439245762741580
1127442941688126e3,$275.00,NA,2,1,1,NA,4.91,11,https://www.airbnb.com/rooms/1127442941688125871
1127492187924840200,$425.00,NA,4,1,2,2,5,6,https://www.airbnb.com/rooms/1127492187924840140
1127567482124798500,$260.00,Neighborhood highlights,4,1,2,2,NA,0,https://www.airbnb.com/rooms/1127567482124798458
1127572102033971200,$100.00,Neighborhood highlights,5,1,3,3,NA,0,https://www.airbnb.com/rooms/1127572102033971269
1127580588045182800,NA,Neighborhood highlights,6,NA,3,NA,NA,0,https://www.airbnb.com/rooms/1127580588045182893
1127585604540738e3,NA,Neighborhood highlights,4,NA,2,NA,NA,0,https://www.airbnb.com/rooms/1127585604540738152
1127602729188176100,$99.00,NA,2,1,1,1,4.25,8,https://www.airbnb.com/rooms/1127602729188176212
1127618972927429100,$350.00,NA,6,2,2,2,NA,0,https://www.airbnb.com/rooms/1127618972927429118
1127654951906502300,NA,Neighborhood highlights,2,NA,1,NA,NA,0,https://www.airbnb.com/rooms/1127654951906502258
1127656056268893600,$52.00,NA,2,1,1,1,5,11,https://www.airbnb.com/rooms/1127656056268893557
1127673494764492800,$215.00,Neighborhood highlights,2,1,2,2,5,2,https://www.airbnb.com/rooms/1127673494764492728
112767520519423e4,$395.00,NA,2,1,1,1,5,1,https://www.airbnb.com/rooms/1127675205194230132
1127691066317540600,$145.00,NA,1,1,1,3,NA,0,https://www.airbnb.com/rooms/1127691066317540610
1127745978749029100,$294.00,Neighborhood highlights,2,1,1,1,NA,0,https://www.airbnb.com/rooms/1127745978749029148
1127771373127531500,NA,NA,4,NA,2,NA,NA,0,https://www.airbnb.com/rooms/1127771373127531590
1127771435081987600,NA,Neighborhood highlights,6,NA,3,NA,NA,0,https://www.airbnb.com/rooms/1127771435081987491
1127780809107587200,$365.00,Neighborhood highlights,4,2,2,2,NA,0,https://www.airbnb.com/rooms/1127780809107587152
1127825761765238800,$360.00,Neighborhood highlights,2,1,1,1,NA,0,https://www.airbnb.com/rooms/1127825761765238641
1127829160757909800,$155.00,Neighborhood highlights,2,1,0,1,NA,0,https://www.airbnb.com/rooms/1127829160757909681
1127869544979696600,$360.00,Neighborhood highlights,2,1,1,1,NA,0,https://www.airbnb.com/rooms/1127869544979696720
1127871071165181400,NA,Neighborhood highlights,2,NA,2,NA,NA,0,https://www.airbnb.com/rooms/1127871071165181406
1128086130426522100,$175.00,Neighborhood highlights,2,1,0,1,NA,0,https://www.airbnb.com/rooms/1128086130426522034
1128086147457445400,$175.00,Neighborhood highlights,2,1,0,1,NA,0,https://www.airbnb.com/rooms/1128086147457445373
1128086155487117800,$170.00,Neighborhood highlights,2,1,0,1,NA,0,https://www.airbnb.com/rooms/1128086155487117700
1128086190895642800,$180.00,Neighborhood highlights,2,1,0,1,NA,0,https://www.airbnb.com/rooms/1128086190895642702
1128100770879732700,NA,Neighborhood highlights,2,NA,NA,NA,NA,0,https://www.airbnb.com/rooms/1128100770879732846
1128123045687998500,$319.00,Neighborhood highlights,2,1,1,1,NA,0,https://www.airbnb.com/rooms/1128123045687998364
1128123539848789600,$565.00,Neighborhood highlights,2,2,1,1,NA,0,https://www.airbnb.com/rooms/1128123539848789678
1128128092901401500,$50.00,Neighborhood highlights,2,1,1,1,NA,0,https://www.airbnb.com/rooms/1128128092901401493
1128141852228986800,$419.00,Neighborhood highlights,4,1,1,2,4.45,20,https://www.airbnb.com/rooms/1128141852228986763
1128145408411182700,$429.00,Neighborhood highlights,4,1,1,2,4.18,11,https://www.airbnb.com/rooms/1128145408411182795
1128146427186237700,$429.00,Neighborhood highlights,4,1,1,2,4.5,6,https://www.airbnb.com/rooms/1128146427186237718
1128147919524464100,$429.00,Neighborhood highlights,4,1,1,2,4.8,5,https://www.airbnb.com/rooms/1128147919524464105
1128165567492926800,$40.00,Neighborhood highlights,2,1,1,1,NA,0,https://www.airbnb.com/rooms/1128165567492926821
1128171129981776800,$560.00,NA,6,2,2,0,NA,0,https://www.airbnb.com/rooms/1128171129981776812
1128219304483720400,$481.00,Neighborhood highlights,2,1,1,1,NA,0,https://www.airbnb.com/rooms/1128219304483720559
1128228171018565100,$641.00,Neighborhood highlights,2,1,1,1,NA,0,https://www.airbnb.com/rooms/1128228171018565147
1128228196145466900,$641.00,Neighborhood highlights,2,1,1,1,NA,0,https://www.airbnb.com/rooms/1128228196145466818
1128228264943731100,"$1,282.00",Neighborhood highlights,4,2,2,2,NA,0,https://www.airbnb.com/rooms/1128228264943731027
1128230130233934100,$105.00,NA,2,1,1,2,NA,0,https://www.airbnb.com/rooms/1128230130233934062
1128271703183585400,$85.00,NA,2,1,1,0,4.75,8,https://www.airbnb.com/rooms/1128271703183585451
1128290579418864900,$210.00,NA,2,2.5,1,0,NA,0,https://www.airbnb.com/rooms/1128290579418865013
1128312489316996500,$41.00,NA,1,1,1,1,NA,0,https://www.airbnb.com/rooms/1128312489316996446
1128348809406074800,$226.00,NA,3,1,1,2,4.67,6,https://www.airbnb.com/rooms/1128348809406074738
1128359432253229e3,$99.00,NA,2,1,1,0,4.83,6,https://www.airbnb.com/rooms/1128359432253229131
1128382342337428500,$80.00,NA,2,1.5,1,0,NA,0,https://www.airbnb.com/rooms/1128382342337428510
1128406823045262800,$121.00,Neighborhood highlights,2,1,1,1,5,8,https://www.airbnb.com/rooms/1128406823045262884
1128948603399756e3,$90.00,NA,2,1,1,1,NA,0,https://www.airbnb.com/rooms/1128948603399756075
1128957058125593e3,$135.00,NA,2,1,0,1,NA,0,https://www.airbnb.com/rooms/1128957058125592930
1128974197538669e3,NA,NA,4,1,2,2,NA,0,https://www.airbnb.com/rooms/1128974197538669137
1129016441448820600,NA,Neighborhood highlights,2,NA,1,NA,5,1,https://www.airbnb.com/rooms/1129016441448820604
1129017549247572e3,$448.00,Neighborhood highlights,2,1,1,1,4.67,3,https://www.airbnb.com/rooms/1129017549247571973
1129018472325857500,NA,Neighborhood highlights,4,NA,1,NA,5,1,https://www.airbnb.com/rooms/1129018472325857606
1129023585088317200,$251.00,Neighborhood highlights,2,1,1,1,5,4,https://www.airbnb.com/rooms/1129023585088317098
1129024928327680800,$379.00,Neighborhood highlights,4,1,1,2,5,4,https://www.airbnb.com/rooms/1129024928327680831
1.1290261603405681e+18,$90.00,NA,1,1,1,1,NA,0,https://www.airbnb.com/rooms/1129026160340567973
1129099998219661300,$120.00,NA,2,1,1,2,NA,0,https://www.airbnb.com/rooms/1129099998219661257
1129121741050580500,$113.00,NA,2,1,1,0,3.6,5,https://www.airbnb.com/rooms/1129121741050580464
1129147480795431400,$100.00,NA,1,2,1,1,5,1,https://www.airbnb.com/rooms/1129147480795431429
1129223028245510300,$113.00,NA,2,1,1,1,4,3,https://www.airbnb.com/rooms/1129223028245510231
1129284665091805700,$225.00,Neighborhood highlights,2,1,1,1,NA,0,https://www.airbnb.com/rooms/1129284665091805756
1129406858712912800,$313.00,Neighborhood highlights,2,1,1,1,5,9,https://www.airbnb.com/rooms/1129406858712912754
1129601269644684200,$91.00,NA,1,1,1,0,NA,0,https://www.airbnb.com/rooms/1129601269644684197
1129675421613511600,$98.00,NA,2,1,1,0,NA,0,https://www.airbnb.com/rooms/1129675421613511516
1129703035300362900,$94.00,NA,2,2,1,2,5,6,https://www.airbnb.com/rooms/1129703035300362946
1129725561862377700,$85.00,NA,2,2,1,1,NA,0,https://www.airbnb.com/rooms/1129725561862377757
1129860976817329300,$95.00,NA,3,1,1,1,NA,0,https://www.airbnb.com/rooms/1129860976817329207
1129884166388336900,$50.00,NA,1,1,1,1,NA,0,https://www.airbnb.com/rooms/1129884166388336939
1130315283657573100,$342.00,NA,4,1,2,2,NA,0,https://www.airbnb.com/rooms/1130315283657573146
1130352927661347800,$220.00,NA,2,1,1,1,NA,0,https://www.airbnb.com/rooms/1130352927661347785
1130353143201767e3,$110.00,NA,2,1,1,1,NA,0,https://www.airbnb.com/rooms/1130353143201767028
1130359890267482200,$220.00,NA,2,1,1,1,NA,0,https://www.airbnb.com/rooms/1130359890267482188
1130368808183429e3,$52.00,NA,2,1,1,1,5,1,https://www.airbnb.com/rooms/1130368808183428931
1130408086684008400,$57.00,NA,1,2,1,1,NA,0,https://www.airbnb.com/rooms/1130408086684008463
1130426604038596400,$47.00,NA,1,1,1,1,NA,0,https://www.airbnb.com/rooms/1130426604038596371
1130439831728803700,$197.00,Neighborhood highlights,4,1,2,2,NA,0,https://www.airbnb.com/rooms/1130439831728803694
1130500597508501500,$178.00,NA,2,1,NA,1,NA,0,https://www.airbnb.com/rooms/1130500597508501445
1130512636246238700,$57.00,NA,1,2,1,1,5,1,https://www.airbnb.com/rooms/1130512636246238678
1130546708132687500,$57.00,NA,1,2,1,0,NA,0,https://www.airbnb.com/rooms/1130546708132687453
1130554947591177700,$227.00,NA,8,2.5,3,0,NA,0,https://www.airbnb.com/rooms/1130554947591177764
1130564683296642e3,NA,Neighborhood highlights,2,NA,NA,NA,NA,0,https://www.airbnb.com/rooms/1130564683296642125
1130578873525622e3,$57.00,Neighborhood highlights,1,2,1,1,NA,0,https://www.airbnb.com/rooms/1130578873525622134
1130596201693517400,$92.00,NA,3,1,1,1,NA,0,https://www.airbnb.com/rooms/1130596201693517371
113061023224275e4,$245.00,NA,3,1,1,1,5,1,https://www.airbnb.com/rooms/1130610232242749979
1130654944225680500,$110.00,NA,1,1,1,1,NA,0,https://www.airbnb.com/rooms/1130654944225680459
1130709970011553300,$127.00,NA,4,1,2,2,NA,0,https://www.airbnb.com/rooms/1130709970011553279
1130896425824373900,$90.00,NA,1,2,1,1,NA,0,https://www.airbnb.com/rooms/1130896425824373955
1130916874131243600,$412.00,Neighborhood highlights,4,1,2,2,5,1,https://www.airbnb.com/rooms/1130916874131243610
1130923067468201500,$360.00,Neighborhood highlights,4,1,2,2,2,1,https://www.airbnb.com/rooms/1130923067468201454
1130931186817136800,NA,NA,1,NA,NA,NA,NA,0,https://www.airbnb.com/rooms/1130931186817136762
1130984920779091e3,$57.00,Neighborhood highlights,1,2,1,1,NA,0,https://www.airbnb.com/rooms/1130984920779090952
1130990210853399600,$68.00,NA,1,2,1,1,NA,0,https://www.airbnb.com/rooms/1130990210853399562
1130999315453943e3,$57.00,Neighborhood highlights,1,2,1,1,NA,0,https://www.airbnb.com/rooms/1130999315453942980
1131053323791104300,$60.00,Neighborhood highlights,1,1,0,1,NA,0,https://www.airbnb.com/rooms/1131053323791104321
1131083864594179600,$145.00,NA,3,1,1,2,NA,0,https://www.airbnb.com/rooms/1131083864594179589
1131095635838218100,$63.00,NA,2,1,1,1,4.75,4,https://www.airbnb.com/rooms/1131095635838218034
1131113740999059e3,$439.00,Neighborhood highlights,2,1,1,1,NA,0,https://www.airbnb.com/rooms/1131113740999058953
1131114026156037200,$364.00,Neighborhood highlights,4,2,2,2,NA,0,https://www.airbnb.com/rooms/1131114026156037226
1131120295543369600,$297.00,Neighborhood highlights,2,1,1,1,NA,0,https://www.airbnb.com/rooms/1131120295543369637
1131120552108388e3,$363.00,Neighborhood highlights,2,1,1,1,NA,0,https://www.airbnb.com/rooms/1131120552108388018
1131131648155667700,$340.00,NA,4,1,1,2,NA,0,https://www.airbnb.com/rooms/1131131648155667701
1131141130112102100,$930.00,NA,4,2,2,2,5,5,https://www.airbnb.com/rooms/1131141130112102010
1131153726582184700,$300.00,NA,6,1,1,3,NA,0,https://www.airbnb.com/rooms/1131153726582184625
1131155667168427400,$199.00,NA,5,2,2,2,NA,0,https://www.airbnb.com/rooms/1131155667168427319
1131160855304858200,$375.00,Neighborhood highlights,6,1.5,3,3,NA,0,https://www.airbnb.com/rooms/1131160855304858231
1131176424399150300,$600.00,Neighborhood highlights,2,1,0,1,NA,0,https://www.airbnb.com/rooms/1131176424399150424
1131176984014963700,$600.00,Neighborhood highlights,2,1,0,1,NA,0,https://www.airbnb.com/rooms/1131176984014963656
1131177509430293900,$875.00,Neighborhood highlights,2,1,0,1,NA,0,https://www.airbnb.com/rooms/1131177509430293941
1131177975848526700,NA,Neighborhood highlights,2,NA,NA,NA,NA,0,https://www.airbnb.com/rooms/1131177975848526809
1131178440803100200,NA,Neighborhood highlights,4,NA,1,NA,NA,0,https://www.airbnb.com/rooms/1131178440803100111
1131178947992015500,NA,Neighborhood highlights,4,NA,1,NA,NA,0,https://www.airbnb.com/rooms/1131178947992015517
1131179428466352900,NA,Neighborhood highlights,4,NA,1,NA,NA,0,https://www.airbnb.com/rooms/1131179428466352949
1131183235250331500,$57.00,NA,1,2,1,1,NA,0,https://www.airbnb.com/rooms/1131183235250331590
1131184574459873e3,$198.00,Neighborhood highlights,2,1,1,1,3.91,88,https://www.airbnb.com/rooms/1131184574459872895
1131199678915256300,$376.00,NA,2,1,1,1,NA,0,https://www.airbnb.com/rooms/1131199678915256291
1131270139005803300,$215.00,Neighborhood highlights,4,1,2,2,NA,0,https://www.airbnb.com/rooms/1131270139005803250
1131276351983166500,$115.00,NA,1,1.5,1,1,NA,0,https://www.airbnb.com/rooms/1131276351983166343
1131289860288054400,$119.00,Neighborhood highlights,2,1,1,1,4.75,16,https://www.airbnb.com/rooms/1131289860288054400
1131305864436644500,$160.00,NA,4,2,2,3,NA,0,https://www.airbnb.com/rooms/1131305864436644466
1131330940257565200,$260.00,NA,2,1,0,1,NA,0,https://www.airbnb.com/rooms/1131330940257565195
1131352963891166700,$125.00,NA,2,1,1,2,5,1,https://www.airbnb.com/rooms/1131352963891166763
1131358257876663700,$350.00,NA,3,1,1,1,NA,0,https://www.airbnb.com/rooms/1131358257876663640
1131359251246177300,$522.00,NA,5,2,2,2,NA,0,https://www.airbnb.com/rooms/1131359251246177272
1131370425544071200,$306.00,NA,3,1,1,1,NA,0,https://www.airbnb.com/rooms/1131370425544071209
1131370992328703200,$306.00,NA,3,1,1,1,NA,0,https://www.airbnb.com/rooms/1131370992328703196
1131389554169623200,$428.00,Neighborhood highlights,2,1,1,1,NA,0,https://www.airbnb.com/rooms/1131389554169623234
1131458412663503600,$172.00,NA,2,1,1,2,NA,0,https://www.airbnb.com/rooms/1131458412663503638
1131783454418117600,$206.00,NA,4,1,0,1,NA,0,https://www.airbnb.com/rooms/1131783454418117577
1131804461707241700,$30.00,NA,2,2,1,1,NA,0,https://www.airbnb.com/rooms/1131804461707241703
1131850403606204e3,$135.00,NA,2,1,1,0,NA,0,https://www.airbnb.com/rooms/1131850403606204027
1131881270491233500,NA,NA,2,NA,NA,NA,NA,0,https://www.airbnb.com/rooms/1131881270491233607
1131886535403603800,NA,NA,2,NA,NA,NA,NA,0,https://www.airbnb.com/rooms/1131886535403603908
1131888962475292900,NA,NA,2,NA,NA,NA,NA,0,https://www.airbnb.com/rooms/1131888962475292890
1131890281950917900,$157.00,NA,2,2,1,2,5,2,https://www.airbnb.com/rooms/1131890281950917866
1131893557656442400,NA,NA,2,NA,NA,NA,NA,0,https://www.airbnb.com/rooms/1131893557656442392
1131928128991752300,NA,NA,2,NA,NA,NA,NA,0,https://www.airbnb.com/rooms/1131928128991752349
1131931195275445600,$236.00,NA,2,1,1,1,4,1,https://www.airbnb.com/rooms/1131931195275445668
1131932463708665900,NA,NA,2,NA,NA,NA,NA,0,https://www.airbnb.com/rooms/1131932463708665918
1131932662547107600,NA,NA,2,NA,NA,NA,NA,0,https://www.airbnb.com/rooms/1131932662547107538
1131932999613683100,NA,NA,2,NA,NA,NA,NA,0,https://www.airbnb.com/rooms/1131932999613682971
1131940129523549700,NA,NA,2,NA,NA,NA,NA,0,https://www.airbnb.com/rooms/1131940129523549839
1131940535149272400,NA,NA,2,NA,NA,NA,NA,0,https://www.airbnb.com/rooms/1131940535149272437
1131946830139003e3,$345.00,NA,3,1,1,1,NA,0,https://www.airbnb.com/rooms/1131946830139003097
1131948335667053e3,NA,NA,2,NA,NA,NA,NA,0,https://www.airbnb.com/rooms/1131948335667053068
1132053250279638900,$259.00,NA,6,2,3,0,5,9,https://www.airbnb.com/rooms/1132053250279638945
1132182913168109e3,$499.00,Neighborhood highlights,6,1,2,3,5,3,https://www.airbnb.com/rooms/1132182913168109059
1132303429135208300,$300.00,NA,6,1,3,3,5,1,https://www.airbnb.com/rooms/1132303429135208251
1132443321030696200,$75.00,NA,1,1,1,1,NA,0,https://www.airbnb.com/rooms/1132443321030696239
1132562970181176800,$80.00,NA,4,1,2,2,1,1,https://www.airbnb.com/rooms/1132562970181176758
1132568650618412900,$550.00,NA,8,3.5,4,4,NA,0,https://www.airbnb.com/rooms/1132568650618412962
1132595439345316600,$239.00,NA,2,1,1,NA,NA,0,https://www.airbnb.com/rooms/1132595439345316654
1132595626380123e3,$225.00,NA,2,1,1,NA,NA,0,https://www.airbnb.com/rooms/1132595626380122983
1132595760648458500,$232.00,NA,2,1,1,NA,NA,0,https://www.airbnb.com/rooms/1132595760648458557
1132597476572513300,$215.00,NA,2,1,1,NA,NA,0,https://www.airbnb.com/rooms/1132597476572513202
1132597476684066700,$202.00,NA,2,1,1,1,4.33,3,https://www.airbnb.com/rooms/1132597476684066762
1132597607837256200,$235.00,NA,3,1,1,1,5,2,https://www.airbnb.com/rooms/1132597607837256164
1132597716790457900,$208.00,NA,2,1,1,1,4.61,23,https://www.airbnb.com/rooms/1132597716790457917
1132610235914173700,$204.00,NA,2,1,1,NA,5,1,https://www.airbnb.com/rooms/1132610235914173752
1132610236108715800,$188.00,NA,2,1,1,1,NA,0,https://www.airbnb.com/rooms/1132610236108715897
1132610361949955700,$249.00,NA,2,1,1,1,NA,0,https://www.airbnb.com/rooms/1132610361949955710
1132610482855374200,$196.00,NA,2,1,1,1,5,1,https://www.airbnb.com/rooms/1132610482855374259
1132610598759163500,$303.00,NA,2,1,1,1,NA,0,https://www.airbnb.com/rooms/1132610598759163495
1132613753520630400,$265.00,NA,2,1,1,1,NA,0,https://www.airbnb.com/rooms/1132613753520630390
1132613753602087200,$283.00,NA,3,1,1,NA,NA,0,https://www.airbnb.com/rooms/1132613753602087142
1132613876950604700,$239.00,NA,2,1,1,NA,NA,0,https://www.airbnb.com/rooms/1132613876950604629
1132614003476052600,$242.00,NA,2,1,1,1,5,1,https://www.airbnb.com/rooms/1132614003476052701
1132644885223509500,$500.00,NA,6,3,3,3,NA,0,https://www.airbnb.com/rooms/1132644885223509394
1132696153002407200,$150.00,NA,2,1,1,1,NA,0,https://www.airbnb.com/rooms/1132696153002407234
1132725585850150700,$215.00,NA,4,1,2,2,NA,0,https://www.airbnb.com/rooms/1132725585850150695
1132727539335296300,$36.00,NA,1,1,1,1,NA,0,https://www.airbnb.com/rooms/1132727539335296361
1132730275548268700,$85.00,NA,1,1,2,1,NA,0,https://www.airbnb.com/rooms/1132730275548268631
1132836303993766300,$150.00,Neighborhood highlights,1,1,1,1,NA,0,https://www.airbnb.com/rooms/1132836303993766297
1132855442343281400,$90.00,Neighborhood highlights,1,1.5,1,1,NA,0,https://www.airbnb.com/rooms/1132855442343281456
11328559116345e5,$72.00,Neighborhood highlights,2,1,1,1,NA,0,https://www.airbnb.com/rooms/1132855911634500020
1132923276388730400,$43.00,NA,1,1,4,1,NA,0,https://www.airbnb.com/rooms/1132923276388730440
1132936137799374e3,$40.00,NA,1,1,4,1,NA,0,https://www.airbnb.com/rooms/1132936137799373977
1132949981878599200,$39.00,NA,1,1,4,1,5,1,https://www.airbnb.com/rooms/1132949981878599275
1132979024582640600,$36.00,NA,1,1,4,1,NA,0,https://www.airbnb.com/rooms/1132979024582640684
1133096611392702200,NA,NA,1,NA,NA,NA,3,1,https://www.airbnb.com/rooms/1133096611392702259
1133194385011113100,$57.00,NA,1,2,1,1,NA,0,https://www.airbnb.com/rooms/1133194385011113169
1133236247856205300,$292.00,Neighborhood highlights,2,1,1,1,NA,0,https://www.airbnb.com/rooms/1133236247856205260
1133385001583251100,$66.00,NA,1,2,1,1,NA,0,https://www.airbnb.com/rooms/1133385001583250973
1133425427934157800,$195.00,NA,2,1,1,1,5,2,https://www.airbnb.com/rooms/1133425427934157761
1133497996163042e3,$499.00,Neighborhood highlights,4,2,2,2,NA,0,https://www.airbnb.com/rooms/1133497996163042147
1133568343911847800,$65.00,Neighborhood highlights,2,1,1,1,NA,0,https://www.airbnb.com/rooms/1133568343911847792
1133615168029545500,$55.00,Neighborhood highlights,2,1,1,1,NA,0,https://www.airbnb.com/rooms/1133615168029545428
1133798558570448e3,$33.00,NA,1,1,4,1,NA,0,https://www.airbnb.com/rooms/1133798558570448077
1133994169809872e3,$114.00,NA,2,1,1,1,NA,0,https://www.airbnb.com/rooms/1133994169809872018
1134026523758248300,$160.00,NA,2,1,0,1,NA,0,https://www.airbnb.com/rooms/1134026523758248331
1134203154269528300,$368.00,Neighborhood highlights,4,1,1,2,5,12,https://www.airbnb.com/rooms/1134203154269528244
1134327831248326700,$70.00,NA,1,1,2,1,NA,0,https://www.airbnb.com/rooms/1134327831248326707
1134403248940849800,$42.00,NA,1,1,1,1,NA,0,https://www.airbnb.com/rooms/1134403248940849722
1134431574496698600,$139.00,Neighborhood highlights,3,1,1,0,NA,0,https://www.airbnb.com/rooms/1134431574496698570
1134657213285704300,$35.00,NA,3,2,1,3,NA,0,https://www.airbnb.com/rooms/1134657213285704380
1134815366620406300,$95.00,NA,2,1,1,0,NA,0,https://www.airbnb.com/rooms/1134815366620406171
1134848362047275400,$50.00,NA,1,1,1,0,5,1,https://www.airbnb.com/rooms/1134848362047275405
1134886057125131600,$98.00,NA,1,1,1,1,5,4,https://www.airbnb.com/rooms/1134886057125131685
1134899754645557100,"$1,250.00",NA,5,3,3,2,NA,0,https://www.airbnb.com/rooms/1134899754645557167
1134900809771751400,NA,NA,8,NA,3,NA,NA,0,https://www.airbnb.com/rooms/1134900809771751391
1134904030957348100,$68.00,NA,1,2,1,1,5,1,https://www.airbnb.com/rooms/1134904030957348245
1134993338603897700,$156.00,NA,2,1,1,1,NA,0,https://www.airbnb.com/rooms/1134993338603897712
1135001473807903400,$50.00,NA,1,1,1,0,5,1,https://www.airbnb.com/rooms/1135001473807903281
1135152713230960600,$112.00,NA,1,1,1,0,NA,0,https://www.airbnb.com/rooms/1135152713230960703
1135404412261240200,$121.00,Neighborhood highlights,2,1,1,1,4.57,7,https://www.airbnb.com/rooms/1135404412261240153
1135430458290929200,$212.00,NA,3,1,2,2,NA,0,https://www.airbnb.com/rooms/1135430458290929109
1135498795806614400,$795.00,NA,8,2,3,3,5,2,https://www.airbnb.com/rooms/1135498795806614404
1135507718137636900,$579.00,NA,6,1,3,3,5,2,https://www.airbnb.com/rooms/1135507718137636738
1135518772607470800,NA,NA,4,NA,2,NA,4.67,3,https://www.airbnb.com/rooms/1135518772607470810
1135525468359626800,$303.00,NA,2,1,1,1,4.67,3,https://www.airbnb.com/rooms/1135525468359626789
1135547842630964400,$79.00,NA,4,1,1,2,5,1,https://www.airbnb.com/rooms/1135547842630964371
1135551312105589900,$120.00,NA,2,1,0,1,NA,0,https://www.airbnb.com/rooms/1135551312105589917
1135553540868223500,$120.00,NA,4,1,2,2,NA,0,https://www.airbnb.com/rooms/1135553540868223490
1135556506085545500,$306.00,NA,4,1,1,1,4.67,3,https://www.airbnb.com/rooms/1135556506085545489
1135563305973038200,$80.00,NA,4,1,1,2,4.25,4,https://www.airbnb.com/rooms/1135563305973038248
1135579518870410400,$319.00,NA,8,2,3,3,NA,0,https://www.airbnb.com/rooms/1135579518870410397
1135582748663487e3,$80.00,NA,4,1,1,2,3.33,3,https://www.airbnb.com/rooms/1135582748663487089
1135604236237112600,$200.00,NA,4,1,2,2,NA,0,https://www.airbnb.com/rooms/1135604236237112577
1135607907287837600,$120.00,Neighborhood highlights,4,1,2,3,NA,0,https://www.airbnb.com/rooms/1135607907287837557
1135641471808906800,$198.00,Neighborhood highlights,2,1,1,1,3.8,79,https://www.airbnb.com/rooms/1135641471808906754
1135655434873218400,$225.00,NA,5,1.5,2,3,NA,0,https://www.airbnb.com/rooms/1135655434873218405
1135749119739513100,$55.00,NA,2,1,1,1,NA,0,https://www.airbnb.com/rooms/1135749119739513057
1135759804560233600,$284.00,NA,2,1,2,2,5,5,https://www.airbnb.com/rooms/1135759804560233645
1135764584124579600,$55.00,NA,2,1,1,0,NA,0,https://www.airbnb.com/rooms/1135764584124579607
1135781111326842900,$411.00,NA,6,0,2,0,NA,0,https://www.airbnb.com/rooms/1135781111326842889
1135971694166443400,$76.00,NA,2,1,1,1,NA,0,https://www.airbnb.com/rooms/1135971694166443312
1136088741033887500,$54.00,NA,2,2,1,1,NA,0,https://www.airbnb.com/rooms/1136088741033887491
1136092230819613200,$250.00,NA,3,2,1,1,NA,0,https://www.airbnb.com/rooms/1136092230819613097
1136151512842150700,$130.00,Neighborhood highlights,3,1,2,2,NA,0,https://www.airbnb.com/rooms/1136151512842150679
1136173686475552e3,$286.00,NA,2,1,1,1,4.8,5,https://www.airbnb.com/rooms/1136173686475552004
1136174312971923200,$170.00,NA,2,1,1,2,NA,0,https://www.airbnb.com/rooms/1136174312971923211
1136213102649672700,$96.00,NA,2,1,1,1,NA,0,https://www.airbnb.com/rooms/1136213102649672641
113629707264778e4,$393.00,NA,2,1,1,1,5,3,https://www.airbnb.com/rooms/1136297072647779971
1136319298308384100,$70.00,NA,2,2,1,1,NA,0,https://www.airbnb.com/rooms/1136319298308384096
1136335345869041800,$229.00,NA,7,2,2,3,NA,0,https://www.airbnb.com/rooms/1136335345869041776
1136448443454522800,$43.00,NA,1,1,1,1,NA,0,https://www.airbnb.com/rooms/1136448443454522771
1136460388848342300,$44.00,NA,1,1,1,1,NA,0,https://www.airbnb.com/rooms/1136460388848342242
1136788372396039800,$58.00,NA,2,2,1,0,4,1,https://www.airbnb.com/rooms/1136788372396039808
1136871772699183100,$214.00,NA,2,1,1,1,5,1,https://www.airbnb.com/rooms/1136871772699182981
1136880057247064200,NA,NA,3,NA,1,NA,NA,0,https://www.airbnb.com/rooms/1136880057247064179
1136892237630933600,$203.00,NA,2,1,1,NA,4.31,13,https://www.airbnb.com/rooms/1136892237630933543
1136892237653017100,$261.00,NA,2,1,1,NA,NA,0,https://www.airbnb.com/rooms/1136892237653017090
1136892426650312300,$208.00,NA,2,1,1,NA,5,1,https://www.airbnb.com/rooms/1136892426650312343
1136892444245466200,$346.00,NA,2,1,1,NA,NA,0,https://www.airbnb.com/rooms/1136892444245466227
1136892475117800400,$195.00,NA,2,1,1,NA,NA,0,https://www.airbnb.com/rooms/1136892475117800455
1136909641159289e3,$196.00,NA,4,1,1,1,5,1,https://www.airbnb.com/rooms/1136909641159288895
1136927824648876e3,$70.00,NA,2,2,1,0,NA,0,https://www.airbnb.com/rooms/1136927824648876003
1136943398805959400,$356.00,Neighborhood highlights,6,2,3,3,NA,0,https://www.airbnb.com/rooms/1136943398805959285
1136944024472836100,NA,NA,4,NA,2,NA,5,1,https://www.airbnb.com/rooms/1136944024472836101
1136950633064920600,"$3,500.00",NA,2,1,1,1,NA,0,https://www.airbnb.com/rooms/1136950633064920624
1136955898324243800,$58.00,NA,2,2,1,1,5,1,https://www.airbnb.com/rooms/1136955898324243841
1136995206770405400,$75.00,NA,2,3,1,1,4.83,6,https://www.airbnb.com/rooms/1136995206770405437
1137003882609071600,$80.00,NA,1,1,1,0,NA,0,https://www.airbnb.com/rooms/1137003882609071743
1137011104400189700,$80.00,NA,2,1,1,1,NA,0,https://www.airbnb.com/rooms/1137011104400189706
1137049282639603e3,$70.00,NA,2,2,1,1,NA,0,https://www.airbnb.com/rooms/1137049282639602814
1137070510478429200,$230.00,NA,2,1,NA,2,NA,0,https://www.airbnb.com/rooms/1137070510478429149
1137136640352067600,$65.00,NA,1,1,1,0,NA,0,https://www.airbnb.com/rooms/1137136640352067529
1.1371501024671601e+18,$125.00,NA,2,1,1,1,5,17,https://www.airbnb.com/rooms/1137150102467159986
1137191685419246100,$38.00,NA,1,2,5,1,NA,0,https://www.airbnb.com/rooms/1137191685419246081
1137240281631695500,$99.00,NA,1,1,1,1,NA,0,https://www.airbnb.com/rooms/1137240281631695584
1137255018515797e3,$135.00,Neighborhood highlights,4,1,1,2,4.86,7,https://www.airbnb.com/rooms/1137255018515797030
1137453208885117700,$50.00,NA,2,2,1,1,NA,0,https://www.airbnb.com/rooms/1137453208885117817
1137517639314874900,NA,Neighborhood highlights,2,1,1,0,4.71,7,https://www.airbnb.com/rooms/1137517639314874823
1137553970040139400,$58.00,NA,2,2,1,1,NA,0,https://www.airbnb.com/rooms/1137553970040139348
1137593997555636700,$65.00,NA,1,5,1,1,NA,0,https://www.airbnb.com/rooms/1137593997555636834
1137599697845318900,$62.00,NA,1,3,1,1,NA,0,https://www.airbnb.com/rooms/1137599697845318830
1137606587083290200,$96.00,NA,2,1,1,1,NA,0,https://www.airbnb.com/rooms/1137606587083290168
1137621358187674800,$198.00,NA,2,1,1,2,4.94,16,https://www.airbnb.com/rooms/1137621358187674705
1137622612757446400,$46.00,NA,2,1,1,1,NA,0,https://www.airbnb.com/rooms/1137622612757446323
1137635524001417100,$46.00,NA,1,2,5,1,NA,0,https://www.airbnb.com/rooms/1137635524001417182
1137658465928047100,$42.00,NA,2,0,1,1,NA,0,https://www.airbnb.com/rooms/1137658465928047088
1137659690270773900,$40.00,NA,2,1,1,1,NA,0,https://www.airbnb.com/rooms/1137659690270773991
1137710710386620400,$41.00,NA,1,2,5,1,NA,0,https://www.airbnb.com/rooms/1137710710386620435
1137722591602709100,$117.00,Neighborhood highlights,2,1,1,1,5,7,https://www.airbnb.com/rooms/1137722591602709096
1137753306931860700,$107.00,NA,1,1.5,1,1,5,10,https://www.airbnb.com/rooms/1137753306931860819
1137760572803491300,NA,NA,1,NA,NA,NA,NA,0,https://www.airbnb.com/rooms/1137760572803491439
1137786264388228100,$279.00,NA,2,1,1,NA,NA,0,https://www.airbnb.com/rooms/1137786264388228199
1137793130549341700,$320.00,NA,2,1,1,1,NA,0,https://www.airbnb.com/rooms/1137793130549341723
1137807939488010800,$52.00,NA,2,1,1,1,NA,0,https://www.airbnb.com/rooms/1137807939488010767
1137812195362851700,$250.00,NA,2,1,1,2,NA,0,https://www.airbnb.com/rooms/1137812195362851689
1137818063784225300,$250.00,NA,2,1,1,2,NA,0,https://www.airbnb.com/rooms/1137818063784225355
1137824054196052500,$250.00,NA,2,1,1,2,NA,0,https://www.airbnb.com/rooms/1137824054196052553
1137833103701536100,$250.00,NA,2,1,1,2,NA,0,https://www.airbnb.com/rooms/1137833103701536201
1137840200145948200,$100.00,NA,1,1,1,1,NA,0,https://www.airbnb.com/rooms/1137840200145948134
1137873296054374400,$116.00,NA,2,1,1,1,4.13,8,https://www.airbnb.com/rooms/1137873296054374417
1137884051828743600,$60.00,Neighborhood highlights,2,1,2,2,NA,0,https://www.airbnb.com/rooms/1137884051828743509
1137964946628507400,$46.00,NA,1,2,5,1,NA,0,https://www.airbnb.com/rooms/1137964946628507407
1137972491838565e3,$205.00,NA,2,1,1,1,NA,0,https://www.airbnb.com/rooms/1137972491838565001
1138079767290926800,$45.00,NA,1,2,5,1,NA,0,https://www.airbnb.com/rooms/1138079767290926897
1138085947803653400,$43.00,NA,1,2,4,1,NA,0,https://www.airbnb.com/rooms/1138085947803653386
1138104748635231200,$40.00,NA,1,2,4,1,5,1,https://www.airbnb.com/rooms/1138104748635231154
1138111749584246800,$41.00,NA,1,2,4,1,NA,0,https://www.airbnb.com/rooms/1138111749584246730
1138119854340139300,$41.00,NA,1,2,4,1,NA,0,https://www.airbnb.com/rooms/1138119854340139189
1138212263332920800,$98.00,NA,2,2,1,1,4.5,2,https://www.airbnb.com/rooms/1138212263332920772
1138217227773205100,$200.00,NA,2,1,1,NA,NA,0,https://www.airbnb.com/rooms/1138217227773205117
1138217312170457300,$246.00,NA,2,1,1,NA,4.33,3,https://www.airbnb.com/rooms/1138217312170457224
1138217480030587100,NA,NA,2,NA,1,NA,NA,0,https://www.airbnb.com/rooms/1138217480030587150
1138217481800713e3,NA,NA,2,NA,1,NA,3.44,9,https://www.airbnb.com/rooms/1138217481800713016
1138217628139484400,$273.00,NA,2,1,1,NA,NA,0,https://www.airbnb.com/rooms/1138217628139484518
1138217814542454800,$194.00,NA,2,1,1,NA,4,7,https://www.airbnb.com/rooms/1138217814542454745
1138290291631438300,$150.00,Neighborhood highlights,2,1,1,1,NA,0,https://www.airbnb.com/rooms/1138290291631438451
1138301742231954600,$76.00,NA,3,1,1,2,4.6,5,https://www.airbnb.com/rooms/1138301742231954525
1138308689971637600,$175.00,NA,2,1,1,1,NA,0,https://www.airbnb.com/rooms/1138308689971637583
1138337785334485e3,$70.00,NA,3,1,1,2,4.67,3,https://www.airbnb.com/rooms/1138337785334485033
1138369146868364800,$189.00,NA,2,1,1,1,NA,0,https://www.airbnb.com/rooms/1138369146868364801
1138381927360117100,$80.00,NA,2,1,1,0,NA,0,https://www.airbnb.com/rooms/1138381927360117097
1138391892583319200,$349.00,NA,4,2,2,2,NA,0,https://www.airbnb.com/rooms/1138391892583319148
1138396495530104600,$80.00,NA,2,1,1,0,5,1,https://www.airbnb.com/rooms/1138396495530104605
1138430546954452200,$96.00,NA,1,1,1,1,NA,0,https://www.airbnb.com/rooms/1138430546954452150
1138461831624858100,$500.00,NA,4,1,2,3,4.67,3,https://www.airbnb.com/rooms/1138461831624858020
1138480504032443400,$308.00,NA,3,1,1,1,NA,0,https://www.airbnb.com/rooms/1138480504032443313
1138557091269959400,$240.00,Neighborhood highlights,8,3,3,5,NA,0,https://www.airbnb.com/rooms/1138557091269959393
1138585505172289400,$224.00,NA,2,1,1,0,NA,0,https://www.airbnb.com/rooms/1138585505172289456
1138592729866407700,$143.00,Neighborhood highlights,3,1,2,2,NA,0,https://www.airbnb.com/rooms/1138592729866407631
1138752144048383900,$60.00,Neighborhood highlights,2,1,2,0,NA,0,https://www.airbnb.com/rooms/1138752144048383838
1139001537127190400,$110.00,NA,2,1,1,0,NA,0,https://www.airbnb.com/rooms/1139001537127190374
1139008430728083300,$288.00,NA,4,1,1,2,NA,0,https://www.airbnb.com/rooms/1139008430728083402
1139140865784011400,$169.00,NA,3,1,1,0,5,1,https://www.airbnb.com/rooms/1139140865784011331
1139283315502523e3,$86.00,NA,2,1,0,1,NA,0,https://www.airbnb.com/rooms/1139283315502522984
1139287892776789600,$65.00,NA,2,1,1,1,NA,0,https://www.airbnb.com/rooms/1139287892776789560
1139291661856432800,$67.00,NA,1,1,1,1,NA,0,https://www.airbnb.com/rooms/1139291661856432737
1139319945608132600,$120.00,NA,2,1,1,1,NA,0,https://www.airbnb.com/rooms/1139319945608132579
1139331688098032900,$101.00,NA,3,1,2,2,NA,0,https://www.airbnb.com/rooms/1139331688098032940
1139334392071199900,$143.00,NA,2,1,1,1,5,1,https://www.airbnb.com/rooms/1139334392071199782
1139338811901642400,$116.00,NA,2,1,1,1,NA,0,https://www.airbnb.com/rooms/1139338811901642366
1139399302559935500,$523.00,Neighborhood highlights,10,2,5,7,5,6,https://www.airbnb.com/rooms/1139399302559935460
1139430167198224100,$337.00,Neighborhood highlights,6,1,3,4,5,5,https://www.airbnb.com/rooms/1139430167198224176
1139702111189288300,$57.00,NA,1,2,1,1,NA,0,https://www.airbnb.com/rooms/1139702111189288295
1139765739288761500,$145.00,NA,2,0,0,0,NA,0,https://www.airbnb.com/rooms/1139765739288761497
1139788843133115400,$66.00,NA,2,2,1,0,5,1,https://www.airbnb.com/rooms/1139788843133115297
1139789223673640300,$45.00,NA,1,1,1,0,NA,0,https://www.airbnb.com/rooms/1139789223673640272
1139807825597315300,$177.00,Neighborhood highlights,2,1,0,1,NA,0,https://www.airbnb.com/rooms/1139807825597315292
1139832006209579300,$44.00,NA,2,1,1,1,NA,0,https://www.airbnb.com/rooms/1139832006209579248
1139885746712973e3,$106.00,NA,2,1,1,1,NA,0,https://www.airbnb.com/rooms/1139885746712973129
1139975290224842500,$43.00,NA,1,1,1,1,NA,0,https://www.airbnb.com/rooms/1139975290224842576
1139986631522158600,$185.00,NA,3,1,2,2,NA,0,https://www.airbnb.com/rooms/1139986631522158600
1140199199197701800,$55.00,NA,1,1,1,0,NA,0,https://www.airbnb.com/rooms/1140199199197701802
1140312096470534900,$150.00,NA,2,1,0,1,5,2,https://www.airbnb.com/rooms/1140312096470534893
1140339957176283e3,$70.00,NA,2,2,1,1,NA,0,https://www.airbnb.com/rooms/1140339957176282992
1140344954470239900,$70.00,NA,2,2,1,1,NA,0,https://www.airbnb.com/rooms/1140344954470239827
1140385401734533900,$58.00,NA,2,2,1,1,NA,0,https://www.airbnb.com/rooms/1140385401734533968
1140406424314738400,$77.00,NA,1,1,1,0,NA,0,https://www.airbnb.com/rooms/1140406424314738423
1140518996863305600,$219.00,NA,4,2,1,4,5,2,https://www.airbnb.com/rooms/1140518996863305632
1140564304605952300,"$1,313.00",NA,14,2.5,6,6,4.4,10,https://www.airbnb.com/rooms/1140564304605952367
1140577299073199500,$67.00,NA,2,2,1,0,NA,0,https://www.airbnb.com/rooms/1140577299073199594
1140598072502860200,$348.00,Neighborhood highlights,6,1,3,4,3.75,4,https://www.airbnb.com/rooms/1140598072502860150
1140603185018434700,$523.00,Neighborhood highlights,10,3,5,7,5,4,https://www.airbnb.com/rooms/1140603185018434730
1140615348793654900,$175.00,NA,5,2,3,0,NA,0,https://www.airbnb.com/rooms/1140615348793654823
1140641467534991600,NA,NA,10,NA,3,NA,NA,0,https://www.airbnb.com/rooms/1140641467534991701
1140648575559885600,$113.00,NA,2,1.5,1,1,4.25,8,https://www.airbnb.com/rooms/1140648575559885533
1140652168196606700,$236.00,NA,2,1,2,2,5,9,https://www.airbnb.com/rooms/1140652168196606652
1140655867209750300,$113.00,NA,2,1.5,1,1,4.11,9,https://www.airbnb.com/rooms/1140655867209750222
1140656170513294100,$167.00,NA,2,1.5,1,1,3.89,9,https://www.airbnb.com/rooms/1140656170513294047
1140664586415353500,$248.00,NA,4,1,2,2,5,1,https://www.airbnb.com/rooms/1140664586415353461
1140698458221307e3,$286.00,NA,4,1,1,2,NA,0,https://www.airbnb.com/rooms/1140698458221306993
1140715017508589300,$159.00,NA,2,1,1,1,NA,0,https://www.airbnb.com/rooms/1140715017508589269
1140810318606716800,$210.00,NA,2,1,1,1,NA,0,https://www.airbnb.com/rooms/1140810318606716799
1140826486792959e3,$225.00,NA,8,2,3,4,3.25,4,https://www.airbnb.com/rooms/1140826486792959082
1140869013339984100,$140.00,Neighborhood highlights,3,1,0,2,NA,0,https://www.airbnb.com/rooms/1140869013339984093
1140928034113394200,$152.00,NA,2,1,1,2,5,1,https://www.airbnb.com/rooms/1140928034113394176
1141174360445727900,$180.00,NA,1,1,1,0,NA,0,https://www.airbnb.com/rooms/1141174360445727901
1141216799644442900,$350.00,Neighborhood highlights,8,1,3,3,5,1,https://www.airbnb.com/rooms/1141216799644442817
1141222957858883600,$388.00,Neighborhood highlights,8,1,2,3,4,1,https://www.airbnb.com/rooms/1141222957858883464
1141259813165182200,$111.00,Neighborhood highlights,2,2,1,1,4.86,7,https://www.airbnb.com/rooms/1141259813165182278
1141268696977589200,NA,Neighborhood highlights,2,NA,NA,NA,NA,0,https://www.airbnb.com/rooms/1141268696977589275
1141309872692483800,$343.00,NA,4,2,2,2,5,2,https://www.airbnb.com/rooms/1141309872692483778
1141349080895281300,$250.00,NA,2,1,1,1,NA,0,https://www.airbnb.com/rooms/1141349080895281223
1141350378144023700,$88.00,Neighborhood highlights,2,1,1,1,NA,0,https://www.airbnb.com/rooms/1141350378144023711
1141353184138319100,$195.00,NA,2,1,1,2,NA,0,https://www.airbnb.com/rooms/1141353184138318990
1141361682610337800,$290.00,NA,2,1,1,2,NA,0,https://www.airbnb.com/rooms/1141361682610337691
1141366852353337700,$250.00,NA,2,1,1,2,NA,0,https://www.airbnb.com/rooms/1141366852353337785
1141375785847952900,$180.00,NA,3,0.5,1,1,5,3,https://www.airbnb.com/rooms/1141375785847953036
1141376911262231300,$240.00,NA,2,1,1,2,NA,0,https://www.airbnb.com/rooms/1141376911262231407
1141449395638467800,$54.00,NA,1,2,1,1,NA,0,https://www.airbnb.com/rooms/1141449395638467836
1141458748649715100,$650.00,NA,3,2,2,0,NA,0,https://www.airbnb.com/rooms/1141458748649715025
1141472267662956800,$190.00,NA,2,1,1,1,5,1,https://www.airbnb.com/rooms/1141472267662956772
1141501053040411500,$175.00,Neighborhood highlights,3,1,1,1,NA,0,https://www.airbnb.com/rooms/1141501053040411577
1141513209193195300,NA,NA,1,NA,NA,NA,NA,0,https://www.airbnb.com/rooms/1141513209193195150
1141528742817186600,$47.00,NA,1,1,1,1,NA,0,https://www.airbnb.com/rooms/1141528742817186587
1141539180238206700,$47.00,NA,1,1,1,1,NA,0,https://www.airbnb.com/rooms/1141539180238206678
1141545946910311400,$52.00,Neighborhood highlights,2,1,1,1,5,1,https://www.airbnb.com/rooms/1141545946910311364
1141618421747635100,$45.00,Neighborhood highlights,2,1,1,1,NA,0,https://www.airbnb.com/rooms/1141618421747635009
1141624463407635200,$517.00,NA,6,2,3,3,4.73,11,https://www.airbnb.com/rooms/1141624463407635141
1141625470437648600,$37.00,Neighborhood highlights,2,1,1,1,NA,0,https://www.airbnb.com/rooms/1141625470437648673
1141627415924262400,$516.00,NA,7,2,4,4,5,7,https://www.airbnb.com/rooms/1141627415924262429
1141676816145625500,NA,Neighborhood highlights,2,NA,NA,NA,NA,0,https://www.airbnb.com/rooms/1141676816145625467
1141804759863805200,$377.00,NA,8,1,4,4,NA,0,https://www.airbnb.com/rooms/1141804759863805148
1141927569477964800,$70.00,NA,2,2,1,1,NA,0,https://www.airbnb.com/rooms/1141927569477964889
1141933195856435800,$67.00,NA,2,2,1,1,NA,0,https://www.airbnb.com/rooms/1141933195856435819
1142003088797954600,NA,Neighborhood highlights,1,NA,1,NA,NA,0,https://www.airbnb.com/rooms/1142003088797954533
1142018733944392300,$65.00,Neighborhood highlights,2,2,1,1,5,1,https://www.airbnb.com/rooms/1142018733944392304
1142028091083998600,$75.00,NA,1,1.5,1,1,NA,0,https://www.airbnb.com/rooms/1142028091083998615
114203828524371e4,$66.00,Neighborhood highlights,2,2,1,1,NA,0,https://www.airbnb.com/rooms/1142038285243709888
1142043133585228500,$65.00,Neighborhood highlights,2,2,1,1,NA,0,https://www.airbnb.com/rooms/1142043133585228540
1142047894523674400,$258.00,Neighborhood highlights,2,1,1,1,4.33,6,https://www.airbnb.com/rooms/1142047894523674386
1142048721696770800,$254.00,Neighborhood highlights,2,1,1,1,5,2,https://www.airbnb.com/rooms/1142048721696770947
1142074768335738600,$575.00,Neighborhood highlights,2,1,1,2,NA,0,https://www.airbnb.com/rooms/1142074768335738644
1142078382465058600,$66.00,Neighborhood highlights,2,2,1,0,5,1,https://www.airbnb.com/rooms/1142078382465058620
1142080924452624400,$128.00,NA,4,1,1,1,NA,0,https://www.airbnb.com/rooms/1142080924452624277
1142085197774447900,$232.00,Neighborhood highlights,6,2,3,0,NA,0,https://www.airbnb.com/rooms/1142085197774447875
1142086480006759800,$499.00,Neighborhood highlights,2,1,1,1,5,1,https://www.airbnb.com/rooms/1142086480006759842
1142087725147585500,$232.00,Neighborhood highlights,6,2,3,0,NA,0,https://www.airbnb.com/rooms/1142087725147585570
1142125676070008200,$58.00,NA,2,2,1,1,NA,0,https://www.airbnb.com/rooms/1142125676070008126
1142148844402796900,$39.00,NA,1,2,1,1,NA,0,https://www.airbnb.com/rooms/1142148844402797036
1142155781946405800,$189.00,NA,2,1,1,0,NA,0,https://www.airbnb.com/rooms/1142155781946405822
1142244830562885200,$79.00,NA,2,1,0,2,NA,0,https://www.airbnb.com/rooms/1142244830562885349
1142270446696234100,$288.00,NA,4,1,2,2,4.5,2,https://www.airbnb.com/rooms/1142270446696234041
1142359745115756500,$180.00,NA,2,1,1,1,NA,0,https://www.airbnb.com/rooms/1142359745115756565
1142443074455166600,$167.00,NA,4,1,1,3,5,2,https://www.airbnb.com/rooms/1142443074455166557
1142681820200998900,$704.00,NA,16,3,6,10,NA,0,https://www.airbnb.com/rooms/1142681820200998913
1142686260926610700,$438.00,NA,15,2,4,10,NA,0,https://www.airbnb.com/rooms/1142686260926610730
1142696611253427500,NA,Neighborhood highlights,2,NA,NA,NA,NA,0,https://www.airbnb.com/rooms/1142696611253427494
1142696894619785100,$256.00,Neighborhood highlights,2,1,1,1,NA,0,https://www.airbnb.com/rooms/1142696894619785145
1142697438825138e3,$323.00,Neighborhood highlights,2,1,1,1,NA,0,https://www.airbnb.com/rooms/1142697438825138126
1142697816285277700,$422.00,Neighborhood highlights,2,1,1,1,5,1,https://www.airbnb.com/rooms/1142697816285277796
1142705507264376400,$282.00,NA,4,1,0,2,4.11,9,https://www.airbnb.com/rooms/1142705507264376449
1142710890420273700,$90.00,Neighborhood highlights,2,2,1,1,5,1,https://www.airbnb.com/rooms/1142710890420273676
1142713791029870200,$100.00,Neighborhood highlights,2,2,1,1,5,4,https://www.airbnb.com/rooms/1142713791029870240
1142715650032375e3,$114.00,NA,2,1,1,1,5,14,https://www.airbnb.com/rooms/1142715650032375010
1142715929556950300,$107.00,Neighborhood highlights,2,2,1,1,5,2,https://www.airbnb.com/rooms/1142715929556950252
1142735795274193200,$121.00,Neighborhood highlights,3,1,2,2,5,1,https://www.airbnb.com/rooms/1142735795274193087
1142759747188732e3,$863.00,NA,4,1,1,1,NA,0,https://www.airbnb.com/rooms/1142759747188732073
1142763153753519100,$579.00,NA,4,1,1,2,NA,0,https://www.airbnb.com/rooms/1142763153753518988
1142763398252344200,$579.00,NA,4,1,1,2,NA,0,https://www.airbnb.com/rooms/1142763398252344146
1142764800512125600,$308.00,NA,3,1,1,1,NA,0,https://www.airbnb.com/rooms/1142764800512125542
1142774737223028400,$627.00,NA,4,1,1,2,NA,0,https://www.airbnb.com/rooms/1142774737223028388
1142785592688784100,$603.00,NA,12,3,3,6,NA,0,https://www.airbnb.com/rooms/1142785592688784215
1142788336863297500,$603.00,NA,8,2,2,4,NA,0,https://www.airbnb.com/rooms/1142788336863297540
1142790543231864800,$80.00,Neighborhood highlights,2,1,1,2,NA,0,https://www.airbnb.com/rooms/1142790543231864809
1142791408109921e3,$80.00,Neighborhood highlights,2,1,1,1,NA,0,https://www.airbnb.com/rooms/1142791408109921039
1142791797065038e3,NA,Neighborhood highlights,4,NA,1,NA,NA,0,https://www.airbnb.com/rooms/1142791797065037922
1142793043462362600,$80.00,Neighborhood highlights,2,1,1,1,NA,0,https://www.airbnb.com/rooms/1142793043462362541
1142793197862482400,$100.00,Neighborhood highlights,2,1,1,1,3,7,https://www.airbnb.com/rooms/1142793197862482441
1142793852382997200,$150.00,NA,2,1.5,1,1,NA,0,https://www.airbnb.com/rooms/1142793852382997220
1142799747235447300,$150.00,NA,2,1,0,1,NA,0,https://www.airbnb.com/rooms/1142799747235447449
1142807822816275700,$226.00,NA,2,1,1,1,NA,0,https://www.airbnb.com/rooms/1142807822816275667
1142821407662262300,$137.00,NA,3,1,1,2,NA,0,https://www.airbnb.com/rooms/1142821407662262251
1142849705524030600,$266.00,Neighborhood highlights,2,1,1,1,NA,0,https://www.airbnb.com/rooms/1142849705524030617
1142851385321964700,$53.00,NA,2,2,1,1,3,1,https://www.airbnb.com/rooms/1142851385321964708
1142856922485617900,$53.00,NA,2,2,1,1,NA,0,https://www.airbnb.com/rooms/1142856922485617959
1142873412844350100,$125.00,NA,5,1,1,3,5,1,https://www.airbnb.com/rooms/1142873412844350125
1142907745550508800,$185.00,NA,2,1,1,1,4.86,14,https://www.airbnb.com/rooms/1142907745550508854
1143308111626740400,$135.00,NA,2,0,1,1,NA,0,https://www.airbnb.com/rooms/1143308111626740315
1143311337491086200,$30.00,NA,1,1,0,1,NA,0,https://www.airbnb.com/rooms/1143311337491086286
1.1433247330249679e+18,$394.00,Neighborhood highlights,2,1,1,1,NA,0,https://www.airbnb.com/rooms/1143324733024967980
1143332975627271200,$149.00,NA,4,1,2,3,NA,0,https://www.airbnb.com/rooms/1143332975627271171
1143344291552560100,$139.00,NA,4,1,2,2,NA,0,https://www.airbnb.com/rooms/1143344291552560139
1143371378287742700,$131.00,NA,2,1,0,2,NA,0,https://www.airbnb.com/rooms/1143371378287742784
1143375543937423600,$119.00,NA,2,1,0,2,NA,0,https://www.airbnb.com/rooms/1143375543937423684
1143381320814304600,NA,NA,3,NA,1,NA,NA,0,https://www.airbnb.com/rooms/1143381320814304598
1143391752328531500,$215.00,NA,5,1,3,3,NA,0,https://www.airbnb.com/rooms/1143391752328531518
1143396722383822200,$451.00,NA,4,2,2,0,NA,0,https://www.airbnb.com/rooms/1143396722383822225
1143417326683649400,$199.00,NA,2,1,1,1,NA,0,https://www.airbnb.com/rooms/1143417326683649512
1143432490090662700,$96.00,NA,1,0,3,1,NA,0,https://www.airbnb.com/rooms/1143432490090662756
1143432511272988800,$215.00,NA,2,1,0,1,5,1,https://www.airbnb.com/rooms/1143432511272988868
1143481472804642800,$126.00,NA,2,1,0,1,NA,0,https://www.airbnb.com/rooms/1143481472804642857
1143481906122866600,"$1,400.00",NA,4,2,2,0,NA,0,https://www.airbnb.com/rooms/1143481906122866645
1143580118584880400,$125.00,NA,1,1,1,1,NA,0,https://www.airbnb.com/rooms/1143580118584880290
1143642080325430400,$180.00,NA,2,1,1,1,NA,0,https://www.airbnb.com/rooms/1143642080325430363
1143803861226784e3,$162.00,NA,1,1,1,1,NA,0,https://www.airbnb.com/rooms/1143803861226784005
1144113483663215500,$311.00,NA,4,1,2,1,5,1,https://www.airbnb.com/rooms/1144113483663215512
1144198570094669300,$93.00,NA,2,1,1,1,5,3,https://www.airbnb.com/rooms/1144198570094669308
1144206955380638800,$700.00,NA,6,1,3,3,5,8,https://www.airbnb.com/rooms/1144206955380638834
1144233699949589600,$114.00,Neighborhood highlights,2,1,1,1,4.75,4,https://www.airbnb.com/rooms/1144233699949589543
1144251750318495e3,$255.00,NA,4,2,2,0,NA,0,https://www.airbnb.com/rooms/1144251750318495096
1144254996932939300,NA,NA,1,NA,1,NA,NA,0,https://www.airbnb.com/rooms/1144254996932939270
1144370616543351200,$36.00,NA,1,1,1,1,4,1,https://www.airbnb.com/rooms/1144370616543351273
1144438489648240500,NA,NA,2,NA,1,NA,5,1,https://www.airbnb.com/rooms/1144438489648240435
1144825022196716800,$240.00,NA,1,1,1,1,NA,0,https://www.airbnb.com/rooms/1144825022196716856
1144890996664366300,$100.00,NA,5,1,2,4,NA,0,https://www.airbnb.com/rooms/1144890996664366449
1145052909359531400,$120.00,NA,4,1,2,3,NA,0,https://www.airbnb.com/rooms/1145052909359531340
1145480862835869700,"$2,700.00",Neighborhood highlights,6,3,3,3,NA,0,https://www.airbnb.com/rooms/1145480862835869716
1145557424579696400,$86.00,Neighborhood highlights,2,1.5,1,1,5,1,https://www.airbnb.com/rooms/1145557424579696389
1145612917576158600,NA,NA,6,NA,5,NA,NA,0,https://www.airbnb.com/rooms/1145612917576158495
1145626712233092e3,$69.00,NA,2,1,1,1,3.33,3,https://www.airbnb.com/rooms/1145626712233091968
1145638408709879600,$95.00,NA,2,1,1,2,NA,0,https://www.airbnb.com/rooms/1145638408709879512
1145649837286129200,$350.00,NA,2,1.5,2,2,NA,0,https://www.airbnb.com/rooms/1145649837286129108
1145716883000400400,$150.00,NA,4,2,2,2,NA,0,https://www.airbnb.com/rooms/1145716883000400366
1145818787251205e3,$60.00,NA,1,1,0,1,5,2,https://www.airbnb.com/rooms/1145818787251204992
1145888860384716700,$300.00,NA,2,2,1,1,NA,0,https://www.airbnb.com/rooms/1145888860384716703
1145955867584784600,$31.00,NA,2,0.5,1,0,NA,0,https://www.airbnb.com/rooms/1145955867584784723
1146331902016956200,$75.00,NA,3,2,1,1,NA,0,https://www.airbnb.com/rooms/1146331902016956223
1146409808397284500,$206.00,Neighborhood highlights,3,1,1,1,NA,0,https://www.airbnb.com/rooms/1146409808397284516
1146410005818308100,$186.00,Neighborhood highlights,2,1,0,1,NA,0,https://www.airbnb.com/rooms/1146410005818308220
1146410282056282400,$170.00,Neighborhood highlights,2,1,0,1,NA,0,https://www.airbnb.com/rooms/1146410282056282466
1146435214962218e3,NA,NA,4,NA,1,NA,NA,0,https://www.airbnb.com/rooms/1146435214962217879
1146459843558169e3,$130.00,NA,2,2.5,1,1,NA,0,https://www.airbnb.com/rooms/1146459843558168935
1146465908207839900,$234.00,NA,2,1,1,1,NA,0,https://www.airbnb.com/rooms/1146465908207839865
1146538278796417300,$40.00,NA,1,1,1,1,NA,0,https://www.airbnb.com/rooms/1146538278796417245
1146548371745388900,$200.00,NA,2,1,1,1,5,2,https://www.airbnb.com/rooms/1146548371745388992
1146548462465101600,$217.00,NA,3,1,0,1,NA,0,https://www.airbnb.com/rooms/1146548462465101629
1146557812954284500,$38.00,NA,1,1,1,1,NA,0,https://www.airbnb.com/rooms/1146557812954284564
1146571352375076900,$180.00,NA,3,1,1,1,NA,0,https://www.airbnb.com/rooms/1146571352375076866
1146576387423264e3,$43.00,NA,1,1,1,1,NA,0,https://www.airbnb.com/rooms/1146576387423263973
1146577683903389700,$160.00,NA,2,1,0,1,NA,0,https://www.airbnb.com/rooms/1146577683903389792
1146649619326108200,$82.00,NA,2,1,1,1,NA,0,https://www.airbnb.com/rooms/1146649619326108208
1146660292673470200,$70.00,NA,1,1,1,1,NA,0,https://www.airbnb.com/rooms/1146660292673470267
1146753108357926700,$386.00,Neighborhood highlights,2,1,1,1,5,2,https://www.airbnb.com/rooms/1146753108357926642
1146753963938449400,$439.00,Neighborhood highlights,2,1,1,2,5,1,https://www.airbnb.com/rooms/1146753963938449419
1146754863160664300,$466.00,Neighborhood highlights,2,1,1,1,NA,0,https://www.airbnb.com/rooms/1146754863160664320
1146755569241845200,$734.00,Neighborhood highlights,2,1,1,1,NA,0,https://www.airbnb.com/rooms/1146755569241845248
1146756223531642800,$369.00,Neighborhood highlights,2,1,1,1,5,1,https://www.airbnb.com/rooms/1146756223531642681
1146926015197516500,$369.00,Neighborhood highlights,4,1,2,2,NA,0,https://www.airbnb.com/rooms/1146926015197516568
1146931063721507700,$445.00,Neighborhood highlights,4,1,2,2,NA,0,https://www.airbnb.com/rooms/1146931063721507658
1147037716231719800,$139.00,Neighborhood highlights,2,1,1,1,5,5,https://www.airbnb.com/rooms/1147037716231719858
1147084611473924900,$49.00,NA,2,2,1,0,NA,0,https://www.airbnb.com/rooms/1147084611473924738
1147105878156327700,$182.00,NA,4,1,2,2,NA,0,https://www.airbnb.com/rooms/1147105878156327722
1147111206126339600,$379.00,NA,5,1,2,3,NA,0,https://www.airbnb.com/rooms/1147111206126339499
1147166519515928800,$130.00,Neighborhood highlights,2,1,1,1,5,6,https://www.airbnb.com/rooms/1147166519515928855
1.1471742242103759e+18,$130.00,Neighborhood highlights,2,1,1,1,5,5,https://www.airbnb.com/rooms/1147174224210375956
1147177261454074600,$128.00,Neighborhood highlights,2,1,1,1,4.86,7,https://www.airbnb.com/rooms/1147177261454074491
1147185172899974400,$120.00,NA,2,1,1,1,4,2,https://www.airbnb.com/rooms/1147185172899974347
1147196212490438100,$93.00,NA,2,1,1,1,4.33,3,https://www.airbnb.com/rooms/1147196212490438103
1147198162516197100,$120.00,NA,2,2,1,1,5,4,https://www.airbnb.com/rooms/1147198162516197150
1147218769509078900,$49.00,Neighborhood highlights,1,1,0,1,NA,0,https://www.airbnb.com/rooms/1147218769509078911
1147315996786596500,$90.00,NA,2,1.5,1,0,NA,0,https://www.airbnb.com/rooms/1147315996786596474
1147329710732035100,$80.00,NA,2,1.5,1,1,NA,0,https://www.airbnb.com/rooms/1147329710732035064
1147340630941716500,$48.00,NA,1,1,1,1,NA,0,https://www.airbnb.com/rooms/1147340630941716425
1147372752225155700,$189.00,NA,2,1,1,1,NA,0,https://www.airbnb.com/rooms/1147372752225155670
1147542436147523300,$300.00,NA,5,1,3,3,NA,0,https://www.airbnb.com/rooms/1147542436147523436
1147706571147821400,$309.00,Neighborhood highlights,2,1,1,1,5,1,https://www.airbnb.com/rooms/1147706571147821466
1147817758934173700,NA,NA,1,NA,NA,NA,NA,0,https://www.airbnb.com/rooms/1147817758934173845
1147823097401173500,$583.00,NA,6,1,3,3,5,7,https://www.airbnb.com/rooms/1147823097401173414
1147859866270196200,NA,Neighborhood highlights,2,NA,1,NA,NA,0,https://www.airbnb.com/rooms/1147859866270196088
1147863063940755100,NA,Neighborhood highlights,2,NA,1,NA,NA,0,https://www.airbnb.com/rooms/1147863063940754978
1147870497747276300,NA,Neighborhood highlights,2,NA,1,NA,NA,0,https://www.airbnb.com/rooms/1147870497747276265
1147871459389748200,NA,Neighborhood highlights,2,NA,1,NA,NA,0,https://www.airbnb.com/rooms/1147871459389748096
1147872470762119700,NA,Neighborhood highlights,2,NA,1,NA,NA,0,https://www.airbnb.com/rooms/1147872470762119662
1147888202083815800,$74.00,Neighborhood highlights,1,1,0,1,NA,0,https://www.airbnb.com/rooms/1147888202083815905
1147892075519002600,$133.00,NA,2,1,1,1,NA,0,https://www.airbnb.com/rooms/1147892075519002531
1147892086093669800,$144.00,NA,2,1,1,1,NA,0,https://www.airbnb.com/rooms/1147892086093669724
1147892334187286e3,$64.00,NA,1,0,4,1,NA,0,https://www.airbnb.com/rooms/1147892334187286089
1147892350721430800,$132.00,NA,2,1,1,1,NA,0,https://www.airbnb.com/rooms/1147892350721430711
1147892677517533200,NA,NA,1,NA,5,NA,NA,0,https://www.airbnb.com/rooms/1147892677517533063
1147892810053305500,$65.00,NA,1,0,4,1,NA,0,https://www.airbnb.com/rooms/1147892810053305511
1147892944958202900,NA,NA,1,NA,5,NA,NA,0,https://www.airbnb.com/rooms/1147892944958202887
1147893033515217400,$61.00,NA,1,0,4,1,NA,0,https://www.airbnb.com/rooms/1147893033515217435
1147893303312042500,$65.00,NA,1,0,4,1,NA,0,https://www.airbnb.com/rooms/1147893303312042539
1147893519885473200,NA,NA,1,NA,5,NA,NA,0,https://www.airbnb.com/rooms/1147893519885473066
114789662157552e4,$79.00,NA,1,0,4,1,NA,0,https://www.airbnb.com/rooms/1147896621575519984
1147922588190381800,$90.00,NA,2,2,1,1,NA,0,https://www.airbnb.com/rooms/1147922588190381778
1147968412058939500,$650.00,NA,6,1.5,3,3,4.9,10,https://www.airbnb.com/rooms/1147968412058939491
1147984565929969900,NA,NA,1,NA,1,NA,5,3,https://www.airbnb.com/rooms/1147984565929969867
1148041351436795100,$131.00,NA,4,1,1,0,NA,0,https://www.airbnb.com/rooms/1148041351436795250
1148094768180137200,$52.00,NA,2,1,1,1,NA,0,https://www.airbnb.com/rooms/1148094768180137248
1148183574112155100,$219.00,Neighborhood highlights,2,1,1,1,NA,0,https://www.airbnb.com/rooms/1148183574112155222
1148415583851225900,$33.00,NA,2,1,1,1,NA,0,https://www.airbnb.com/rooms/1148415583851225843
1148504803839774100,$380.00,NA,2,1,1,NA,NA,0,https://www.airbnb.com/rooms/1148504803839774162
1148504803846415900,$256.00,NA,2,1,1,NA,NA,0,https://www.airbnb.com/rooms/1148504803846415785
1148505013550708400,$378.00,NA,2,1,1,NA,NA,0,https://www.airbnb.com/rooms/1148505013550708305
1148505015201925800,$287.00,NA,2,1,1,NA,NA,0,https://www.airbnb.com/rooms/1148505015201925771
1148505159334159100,$294.00,NA,2,1,1,NA,NA,0,https://www.airbnb.com/rooms/1148505159334158974
1148505172929809200,$241.00,NA,2,1,1,1,4.66,50,https://www.airbnb.com/rooms/1148505172929809170
1148505313316749300,$376.00,NA,2,1,1,NA,NA,0,https://www.airbnb.com/rooms/1148505313316749249
1148505504301459100,$500.00,NA,2,1,1,NA,NA,0,https://www.airbnb.com/rooms/1148505504301459047
1148519167648863500,NA,NA,4,NA,2,NA,NA,0,https://www.airbnb.com/rooms/1148519167648863509
1148601916532599600,$385.00,NA,4,2,2,0,5,1,https://www.airbnb.com/rooms/1148601916532599594
1148688437614934800,$140.00,Neighborhood highlights,4,1,2,0,NA,0,https://www.airbnb.com/rooms/1148688437614934754
1148736631621794400,$360.00,NA,3,1,1,1,5,1,https://www.airbnb.com/rooms/1148736631621794477
1148779217624178e3,$499.00,NA,2,1,2,2,NA,0,https://www.airbnb.com/rooms/1148779217624178102
1148815628069086700,$499.00,NA,4,2,2,1,NA,0,https://www.airbnb.com/rooms/1148815628069086699
1148821271649296400,$450.00,NA,4,1,2,0,4.4,5,https://www.airbnb.com/rooms/1148821271649296263
1148903413228294900,NA,NA,1,NA,2,NA,5,1,https://www.airbnb.com/rooms/1148903413228294929
1149358945522481800,$157.00,Neighborhood highlights,2,1,1,1,5,5,https://www.airbnb.com/rooms/1149358945522481760
1149502068664672300,$130.00,NA,3,1,1,2,3,1,https://www.airbnb.com/rooms/1149502068664672314
1149504167645700400,$96.00,NA,2,1,0,0,NA,0,https://www.airbnb.com/rooms/1149504167645700330
1149533863702763e3,$85.00,NA,2,1,1,1,5,1,https://www.airbnb.com/rooms/1149533863702762999
1149553821752634200,$78.00,NA,2,1,1,1,NA,0,https://www.airbnb.com/rooms/1149553821752634294
1149978601732480500,$104.00,NA,2,1,1,1,NA,0,https://www.airbnb.com/rooms/1149978601732480534
1150014155738468400,$599.00,NA,2,1,1,1,NA,0,https://www.airbnb.com/rooms/1150014155738468369
1150040686708126600,$140.00,NA,5,1.5,3,0,NA,0,https://www.airbnb.com/rooms/1150040686708126502
1150073620088684800,$160.00,NA,2,1,0,2,NA,0,https://www.airbnb.com/rooms/1150073620088684723
1150083229376322e3,NA,NA,6,NA,4,NA,NA,0,https://www.airbnb.com/rooms/1150083229376322051
1150106882765063800,$96.00,NA,2,1,1,1,NA,0,https://www.airbnb.com/rooms/1150106882765063811
1150109731017852900,$200.00,NA,3,1,2,2,NA,0,https://www.airbnb.com/rooms/1150109731017852930
1150245557978474900,$41.00,NA,1,2,1,1,NA,0,https://www.airbnb.com/rooms/1150245557978474951
1150250923357421300,$41.00,NA,1,2,1,1,NA,0,https://www.airbnb.com/rooms/1150250923357421346
1150255532028306400,$41.00,NA,1,2,1,1,NA,0,https://www.airbnb.com/rooms/1150255532028306396
1150342805049279900,$208.00,NA,2,1,1,1,NA,0,https://www.airbnb.com/rooms/1150342805049279880
1150631181740682200,$895.00,NA,10,2,4,6,NA,0,https://www.airbnb.com/rooms/1150631181740682174
1150638721490604700,$38.00,NA,1,2,5,1,NA,0,https://www.airbnb.com/rooms/1150638721490604571
1150660741401064200,$155.00,NA,2,1,2,2,NA,0,https://www.airbnb.com/rooms/1150660741401064108
1150662821894513700,$94.00,NA,3,1,2,2,NA,0,https://www.airbnb.com/rooms/1150662821894513591
1150713257734529400,$366.00,NA,10,1.5,7,4,NA,0,https://www.airbnb.com/rooms/1150713257734529417
115073055315533e4,$71.00,NA,2,1.5,1,0,NA,0,https://www.airbnb.com/rooms/1150730553155330030
1150733833763879800,$599.00,NA,6,1,3,0,5,1,https://www.airbnb.com/rooms/1150733833763879901
1150833779594577400,$175.00,NA,4,1,2,3,NA,0,https://www.airbnb.com/rooms/1150833779594577445
1150875449330438100,$35.00,Neighborhood highlights,1,2,1,0,NA,0,https://www.airbnb.com/rooms/1150875449330438164
1151064702488048100,$70.00,NA,1,1,1,0,NA,0,https://www.airbnb.com/rooms/1151064702488048108
1151076706332979200,$375.00,NA,8,0,3,4,NA,0,https://www.airbnb.com/rooms/1151076706332979145
1151379299742474900,$155.00,NA,3,1,1,2,NA,0,https://www.airbnb.com/rooms/1151379299742474952
1151390937475548700,$136.00,NA,2,1,1,1,4.75,4,https://www.airbnb.com/rooms/1151390937475548603
1151393023661030100,$218.00,NA,4,1,2,0,NA,0,https://www.airbnb.com/rooms/1151393023661030065
1151431654090933200,NA,Neighborhood highlights,6,NA,3,NA,NA,0,https://www.airbnb.com/rooms/1151431654090933328
1151435308346713900,$96.00,NA,2,1,1,1,NA,0,https://www.airbnb.com/rooms/1151435308346713862
1151463058052789800,$108.00,NA,2,0,1,1,4.5,6,https://www.airbnb.com/rooms/1151463058052789845
1151473664711556500,$41.00,NA,1,1,1,1,NA,0,https://www.airbnb.com/rooms/1151473664711556510
1151487119349918800,$466.00,Neighborhood highlights,2,1,1,1,NA,0,https://www.airbnb.com/rooms/1151487119349918820
1151493810818855e3,$100.00,NA,1,1,0,1,NA,0,https://www.airbnb.com/rooms/1151493810818855114
1151499997719966100,$799.00,Neighborhood highlights,2,1,1,1,NA,0,https://www.airbnb.com/rooms/1151499997719966159
1151504801901817600,$799.00,Neighborhood highlights,2,1,1,1,NA,0,https://www.airbnb.com/rooms/1151504801901817607
1151505327664465800,$799.00,Neighborhood highlights,2,1,1,1,NA,0,https://www.airbnb.com/rooms/1151505327664465793
1151505556467571700,$799.00,Neighborhood highlights,2,1,1,1,NA,0,https://www.airbnb.com/rooms/1151505556467571698
1151506190677461800,$799.00,Neighborhood highlights,2,1,1,1,NA,0,https://www.airbnb.com/rooms/1151506190677461772
1151506272772375200,$799.00,Neighborhood highlights,2,1,1,1,NA,0,https://www.airbnb.com/rooms/1151506272772375158
1151506628188523400,$799.00,Neighborhood highlights,2,1,1,1,NA,0,https://www.airbnb.com/rooms/1151506628188523331
1151506714844753700,$799.00,Neighborhood highlights,2,1,1,1,NA,0,https://www.airbnb.com/rooms/1151506714844753551
1151545684873519900,$734.00,Neighborhood highlights,2,1,1,1,NA,0,https://www.airbnb.com/rooms/1151545684873519779
1151556536294453200,$43.00,Neighborhood highlights,2,2,1,1,NA,0,https://www.airbnb.com/rooms/1151556536294453241
1151571133343534300,$43.00,Neighborhood highlights,2,2,1,1,NA,0,https://www.airbnb.com/rooms/1151571133343534415
1151572387742548e3,$43.00,Neighborhood highlights,2,2,1,1,NA,0,https://www.airbnb.com/rooms/1151572387742547998
1151677783276124800,$80.00,NA,1,1,0,1,NA,0,https://www.airbnb.com/rooms/1151677783276124826
1151721874698197500,$121.00,NA,2,1,1,1,5,2,https://www.airbnb.com/rooms/1151721874698197378
1152028214696276700,$125.00,NA,4,2,1,1,NA,0,https://www.airbnb.com/rooms/1152028214696276847
1152074221651701100,$60.00,NA,1,1,1,1,NA,0,https://www.airbnb.com/rooms/1152074221651701076
1152113190559817e3,$110.00,NA,6,1,3,3,5,1,https://www.airbnb.com/rooms/1152113190559817005
1152188439826811900,$60.00,NA,2,2,1,1,3,1,https://www.airbnb.com/rooms/1152188439826811813
1152189063803063600,$220.00,NA,8,1,3,5,NA,0,https://www.airbnb.com/rooms/1152189063803063561
1152219617674502100,"$1,015.00",Neighborhood highlights,8,4,4,4,NA,0,https://www.airbnb.com/rooms/1152219617674502121
1152219825700776300,$564.00,Neighborhood highlights,6,2,3,3,NA,0,https://www.airbnb.com/rooms/1152219825700776277
1152220111599220400,$468.00,Neighborhood highlights,2,2,2,2,NA,0,https://www.airbnb.com/rooms/1152220111599220373
1152230381113264400,$40.00,NA,1,2,1,1,5,1,https://www.airbnb.com/rooms/1152230381113264288
1152347402131790200,$423.00,NA,2,1,1,1,5,3,https://www.airbnb.com/rooms/1152347402131790175
1152383366237516200,$148.00,NA,2,1,1,1,NA,0,https://www.airbnb.com/rooms/1152383366237516101
1152418000692290800,$65.00,NA,1,1,1,1,NA,0,https://www.airbnb.com/rooms/1152418000692290809
1152426772803704300,$180.00,Neighborhood highlights,2,1,1,2,NA,0,https://www.airbnb.com/rooms/1152426772803704278
1152426994398176800,$280.00,NA,4,1,1,1,NA,0,https://www.airbnb.com/rooms/1152426994398176769
1152577703895679500,NA,NA,6,NA,3,NA,NA,0,https://www.airbnb.com/rooms/1152577703895679576
1152656109641800200,$132.00,NA,2,1,1,1,NA,0,https://www.airbnb.com/rooms/1152656109641800120
1152746395043804200,$36.00,NA,1,1,NA,1,NA,0,https://www.airbnb.com/rooms/1152746395043804139
1152756477911901700,$36.00,NA,1,1,NA,0,NA,0,https://www.airbnb.com/rooms/1152756477911901709
1152810027674066700,$299.00,NA,6,1,2,3,NA,0,https://www.airbnb.com/rooms/1152810027674066676
1152818845305564400,$156.00,NA,2,1,1,1,4.67,3,https://www.airbnb.com/rooms/1152818845305564558
1152829134880423400,$439.00,Neighborhood highlights,2,1,1,2,NA,0,https://www.airbnb.com/rooms/1152829134880423280
1152941731563673900,$64.00,NA,1,1,1,1,NA,0,https://www.airbnb.com/rooms/1152941731563673838
1152972711471489e3,$225.00,Neighborhood highlights,2,1,1,1,5,1,https://www.airbnb.com/rooms/1152972711471489007
1153007572981814300,$100.00,NA,3,1,1,2,NA,0,https://www.airbnb.com/rooms/1153007572981814487
1153050874387520800,$60.00,NA,1,2,1,1,NA,0,https://www.airbnb.com/rooms/1153050874387520798
1153059315897802e3,NA,NA,4,NA,2,NA,NA,0,https://www.airbnb.com/rooms/1153059315897802076
1153070499473371100,$275.00,NA,2,1,1,1,NA,0,https://www.airbnb.com/rooms/1153070499473371054
1153111443177581600,$845.00,Neighborhood highlights,16,2.5,6,7,NA,0,https://www.airbnb.com/rooms/1153111443177581508
1153165887843188200,$814.00,Neighborhood highlights,4,2,2,2,3,2,https://www.airbnb.com/rooms/1153165887843188349
1153191455184391700,$119.00,NA,2,1,1,1,NA,0,https://www.airbnb.com/rooms/1153191455184391681
1153204894580811300,$111.00,NA,2,1,1,1,NA,0,https://www.airbnb.com/rooms/1153204894580811365
1153210282136007400,$135.00,NA,2,1,1,1,NA,0,https://www.airbnb.com/rooms/1153210282136007325
1153482204109450500,$527.00,Neighborhood highlights,4,2,2,2,NA,0,https://www.airbnb.com/rooms/1153482204109450518
1153495062565533700,$60.00,NA,1,2,1,1,NA,0,https://www.airbnb.com/rooms/1153495062565533782
1153499916455672800,$60.00,NA,1,1,1,1,NA,0,https://www.airbnb.com/rooms/1153499916455672831
1153504728938516700,$60.00,NA,1,1,1,1,NA,0,https://www.airbnb.com/rooms/1153504728938516631
1153517334106911e3,$60.00,NA,1,1,1,1,NA,0,https://www.airbnb.com/rooms/1153517334106910814
1153533053567933400,$60.00,NA,1,2,1,0,NA,0,https://www.airbnb.com/rooms/1153533053567933397
1153548171936927e3,$125.00,Neighborhood highlights,2,2,1,1,5,6,https://www.airbnb.com/rooms/1153548171936926861
1153579669958079200,$281.00,NA,3,1,2,0,NA,0,https://www.airbnb.com/rooms/1153579669958079146
1153591604915958300,$499.00,NA,8,2.5,3,5,4.67,3,https://www.airbnb.com/rooms/1153591604915958197
1153669070729055e3,$120.00,NA,4,1.5,2,0,NA,0,https://www.airbnb.com/rooms/1153669070729054874
1153691825823820300,$223.00,NA,2,1,1,2,NA,0,https://www.airbnb.com/rooms/1153691825823820188
1153706405437649400,$180.00,NA,2,1,1,1,NA,0,https://www.airbnb.com/rooms/1153706405437649486
1153751973176624400,$271.00,Neighborhood highlights,4,1,1,2,5,1,https://www.airbnb.com/rooms/1153751973176624412
1153766722322961700,$186.00,Neighborhood highlights,2,1,0,1,NA,0,https://www.airbnb.com/rooms/1153766722322961714
1153791643860209e3,$125.00,NA,4,1.5,3,3,NA,0,https://www.airbnb.com/rooms/1153791643860208820
1153792941517217500,$175.00,NA,3,1,1,2,NA,0,https://www.airbnb.com/rooms/1153792941517217463
1153798184304538e3,$78.00,Neighborhood highlights,2,1,1,1,NA,0,https://www.airbnb.com/rooms/1153798184304538084
1153814539476223e3,$54.00,NA,2,2,1,1,5,1,https://www.airbnb.com/rooms/1153814539476222987
1153860659602699800,$150.00,NA,2,1,2,2,5,1,https://www.airbnb.com/rooms/1153860659602699823
115388812847415e4,$130.00,NA,3,1,1,1,NA,0,https://www.airbnb.com/rooms/1153888128474149819
1153922989441359e3,$157.00,NA,4,1,1,2,5,2,https://www.airbnb.com/rooms/1153922989441359237
1154008541926835700,$192.00,NA,6,1.5,1,2,NA,0,https://www.airbnb.com/rooms/1154008541926835914
1154164648575369700,$115.00,NA,2,1,1,1,NA,0,https://www.airbnb.com/rooms/1154164648575369526
1154240334547460600,$175.00,NA,3,1,1,0,4.25,4,https://www.airbnb.com/rooms/1154240334547460517
115427528175636e4,$300.00,NA,10,1,2,4,4.33,6,https://www.airbnb.com/rooms/1154275281756359908
1.1543539198908641e+18,$218.00,NA,4,1,2,1,5,3,https://www.airbnb.com/rooms/1154353919890864126
1154360991863006700,$225.00,NA,4,1,1,1,4.69,13,https://www.airbnb.com/rooms/1154360991863006732
1154370465868314600,$360.00,NA,4,1,2,3,NA,0,https://www.airbnb.com/rooms/1154370465868314728
1154383032797794e3,$199.00,NA,2,2,3,6,NA,0,https://www.airbnb.com/rooms/1154383032797794096
1154544392831608e3,$249.00,NA,4,1,2,2,5,1,https://www.airbnb.com/rooms/1154544392831607955
1154556782240510700,$474.00,NA,5,1.5,2,3,5,5,https://www.airbnb.com/rooms/1154556782240510762
1154933141935231500,$107.00,NA,4,1,2,0,NA,0,https://www.airbnb.com/rooms/1154933141935231582
1155027614662331100,$852.00,NA,7,3.5,4,4,5,1,https://www.airbnb.com/rooms/1155027614662331215
1155065268549611e3,$260.00,NA,4,1,1,0,NA,0,https://www.airbnb.com/rooms/1155065268549610932
1155101211287751e3,$436.00,Neighborhood highlights,2,1,0,1,NA,0,https://www.airbnb.com/rooms/1155101211287750818
1155187021974547200,$144.00,NA,2,1,1,0,NA,0,https://www.airbnb.com/rooms/1155187021974547238
1155251099918856200,$258.00,Neighborhood highlights,3,1,1,1,NA,0,https://www.airbnb.com/rooms/1155251099918856396
1155265865898325e3,$467.00,NA,5,1,2,3,4.33,3,https://www.airbnb.com/rooms/1155265865898325115
1155266838672917500,$92.00,NA,2,1,1,1,NA,0,https://www.airbnb.com/rooms/1155266838672917387
1155316551298844200,$195.00,NA,8,1,1,2,5,4,https://www.airbnb.com/rooms/1155316551298844152
1155345060662921200,$300.00,NA,3,1,2,0,4.5,4,https://www.airbnb.com/rooms/1155345060662921091
1155363801092917500,$265.00,NA,3,1,2,0,NA,0,https://www.airbnb.com/rooms/1155363801092917565
1155389227689660400,$578.00,NA,4,2,2,2,5,2,https://www.airbnb.com/rooms/1155389227689660351
1155399396686583300,$634.00,NA,4,2,2,0,5,2,https://www.airbnb.com/rooms/1155399396686583271
1155640211606196200,$170.00,NA,4,1,2,0,5,3,https://www.airbnb.com/rooms/1155640211606196344
1155697540788365800,$167.00,NA,2,1,1,1,NA,0,https://www.airbnb.com/rooms/1155697540788365927
1155719449518236e3,$131.00,Neighborhood highlights,2,1,1,2,5,1,https://www.airbnb.com/rooms/1155719449518235785
1155763709845759500,$175.00,NA,3,1,1,1,5,11,https://www.airbnb.com/rooms/1155763709845759288
1155784674475160300,$92.00,NA,4,1,2,2,NA,0,https://www.airbnb.com/rooms/1155784674475160335
1155804870556862e3,$154.00,NA,3,1,1,1,4.94,17,https://www.airbnb.com/rooms/1155804870556862017
1155810138136015400,$151.00,NA,5,1,1,1,5,10,https://www.airbnb.com/rooms/1155810138136015385
1155812171084689700,$750.00,Neighborhood highlights,4,2,2,2,5,6,https://www.airbnb.com/rooms/1155812171084689671
1.1558544705915361e+18,$475.00,NA,4,1.5,2,2,NA,0,https://www.airbnb.com/rooms/1155854470591536163
1155943556816365800,$119.00,NA,2,1,1,1,4.38,8,https://www.airbnb.com/rooms/1155943556816365963
1155954035454879200,$425.00,NA,6,1,3,3,4.88,8,https://www.airbnb.com/rooms/1155954035454879351
1155973037371222500,$200.00,NA,2,1,1,1,NA,0,https://www.airbnb.com/rooms/1155973037371222419
1155994208421380900,$60.00,NA,1,1,0,1,NA,0,https://www.airbnb.com/rooms/1155994208421380936
1156028699995113500,$204.00,NA,3,1,1,2,5,2,https://www.airbnb.com/rooms/1156028699995113494
115606685587842e4,$195.00,NA,2,1,1,1,NA,0,https://www.airbnb.com/rooms/1156066855878419848
1156080303867289900,$364.00,NA,6,1,2,0,4.67,3,https://www.airbnb.com/rooms/1156080303867289962
1156142136057990700,$196.00,NA,4,1,2,2,3.71,7,https://www.airbnb.com/rooms/1156142136057990713
1156216097506211800,$599.00,NA,8,2,5,5,3,2,https://www.airbnb.com/rooms/1156216097506211764
1156355801308313300,$599.00,NA,6,1,3,3,4.86,7,https://www.airbnb.com/rooms/1156355801308313492
1156391923343194400,$117.00,Neighborhood highlights,2,1,1,2,5,1,https://www.airbnb.com/rooms/1156391923343194437
1156413929372689e3,$160.00,NA,1,0.5,1,1,5,2,https://www.airbnb.com/rooms/1156413929372688840
1156443627269949700,$339.00,NA,3,1,1,1,5,5,https://www.airbnb.com/rooms/1156443627269949596
1156479792777675e3,$176.00,NA,2,1,1,1,NA,0,https://www.airbnb.com/rooms/1156479792777675038
1156547137661347800,$178.00,NA,2,1,1,0,NA,0,https://www.airbnb.com/rooms/1156547137661347824
1156548485842085400,$112.00,Neighborhood highlights,2,1,1,1,NA,0,https://www.airbnb.com/rooms/1156548485842085217
1156552522680036400,$221.00,NA,2,1,1,0,NA,0,https://www.airbnb.com/rooms/1156552522680036425
1156554847207826200,$107.00,NA,2,1,1,1,5,3,https://www.airbnb.com/rooms/1156554847207826030
1156579365960555800,$168.00,NA,4,1,1,0,NA,0,https://www.airbnb.com/rooms/1156579365960555621
1156583884030133e3,$158.00,NA,5,1,2,3,5,4,https://www.airbnb.com/rooms/1156583884030132941
1156584272379624700,$60.00,NA,1,1,1,1,NA,0,https://www.airbnb.com/rooms/1156584272379624601
1156590041510204400,$60.00,NA,1,1,1,1,NA,0,https://www.airbnb.com/rooms/1156590041510204284
1156595301791417e3,$162.00,NA,5,1,2,3,4.8,5,https://www.airbnb.com/rooms/1156595301791417164
1156596405309092400,$173.00,NA,5,1,2,3,4.88,8,https://www.airbnb.com/rooms/1156596405309092483
1156608191302146800,$61.00,NA,2,2,1,1,NA,0,https://www.airbnb.com/rooms/1156608191302146912
1156614671118328e3,$120.00,NA,2,1,1,0,5,3,https://www.airbnb.com/rooms/1156614671118327928
1156623030616376e3,$75.00,NA,1,1,1,1,NA,0,https://www.airbnb.com/rooms/1156623030616375944
1156624883087167200,$375.00,NA,2,2,1,1,NA,0,https://www.airbnb.com/rooms/1156624883087167208
1156626647562706200,$61.00,NA,1,1,1,1,NA,0,https://www.airbnb.com/rooms/1156626647562706196
1156634111402023400,$54.00,NA,1,1,1,1,NA,0,https://www.airbnb.com/rooms/1156634111402023473
1156635783015189500,$93.00,NA,2,1.5,1,1,4.67,3,https://www.airbnb.com/rooms/1156635783015189633
1156658607250716200,$399.00,NA,6,1.5,3,4,NA,0,https://www.airbnb.com/rooms/1156658607250716102
1156704872074511600,$790.00,NA,5,2,2,2,5,4,https://www.airbnb.com/rooms/1156704872074511644
1156741059474885400,$450.00,Neighborhood highlights,6,2,3,4,4.67,3,https://www.airbnb.com/rooms/1156741059474885318
1156759471226387e3,$200.00,NA,2,1,1,1,NA,0,https://www.airbnb.com/rooms/1156759471226387108
1156788287959179800,$521.00,Neighborhood highlights,4,1,1,3,4.67,3,https://www.airbnb.com/rooms/1156788287959179647
1156823160048267800,$100.00,NA,2,1,1,1,4.33,3,https://www.airbnb.com/rooms/1156823160048267908
1156824624312380700,$117.00,NA,2,1,1,2,NA,0,https://www.airbnb.com/rooms/1156824624312380674
1156833200612630300,$100.00,NA,2,1,1,1,4.29,7,https://www.airbnb.com/rooms/1156833200612630293
1156852367898738200,$100.00,NA,2,1.5,1,1,4.5,6,https://www.airbnb.com/rooms/1156852367898738067
1156886612042524e3,$82.00,NA,2,0,1,2,5,1,https://www.airbnb.com/rooms/1156886612042523980
1157040148180663800,$377.00,Neighborhood highlights,4,2,2,2,NA,0,https://www.airbnb.com/rooms/1157040148180663731
1157070941138644500,$770.00,NA,8,2,4,4,5,3,https://www.airbnb.com/rooms/1157070941138644465
1157134572475976700,$104.00,NA,4,1,1,0,NA,0,https://www.airbnb.com/rooms/1157134572475976632
1157155043074006e3,$549.00,NA,5,1,1,0,5,9,https://www.airbnb.com/rooms/1157155043074005989
1157197533311665400,$139.00,NA,2,1,1,1,4.83,6,https://www.airbnb.com/rooms/1157197533311665382
1157213596642950700,$217.00,NA,3,1,0,1,5,1,https://www.airbnb.com/rooms/1157213596642950777
1157225470251791600,NA,NA,10,NA,4,NA,NA,0,https://www.airbnb.com/rooms/1157225470251791589
1157225606391311400,$79.00,NA,4,1,1,2,NA,0,https://www.airbnb.com/rooms/1157225606391311395
1157225718519495200,$676.00,NA,7,1,3,6,5,4,https://www.airbnb.com/rooms/1157225718519495014
1157263921116889900,$38.00,NA,1,2,1,1,NA,0,https://www.airbnb.com/rooms/1157263921116889885
1157267753536374300,$379.00,NA,4,1,3,3,NA,0,https://www.airbnb.com/rooms/1157267753536374358
1157269283153297e3,$118.00,NA,2,1,2,2,NA,0,https://www.airbnb.com/rooms/1157269283153296898
1157271265304327400,$68.00,NA,1,2,1,1,NA,0,https://www.airbnb.com/rooms/1157271265304327587
1157276044203998500,$68.00,NA,1,2,1,1,NA,0,https://www.airbnb.com/rooms/1157276044203998487
1157278254837048800,$120.00,NA,3,1,1,2,NA,0,https://www.airbnb.com/rooms/1157278254837049046
1157297291730536700,$343.00,NA,5,1.5,2,2,4,2,https://www.airbnb.com/rooms/1157297291730536711
1157318365568251400,$184.00,NA,4,1,1,2,5,3,https://www.airbnb.com/rooms/1157318365568251310
1157321297978459400,$98.00,NA,2,1,1,1,4.86,7,https://www.airbnb.com/rooms/1157321297978459399
1157326946440233700,$400.00,NA,4,1,1,3,NA,0,https://www.airbnb.com/rooms/1157326946440233784
1157329799752334800,$207.00,NA,4,1,1,1,5,5,https://www.airbnb.com/rooms/1157329799752334674
1157373408782735400,$116.00,NA,2,1,1,0,4.78,9,https://www.airbnb.com/rooms/1157373408782735382
1157393518555887600,$57.00,NA,1,2,1,1,5,1,https://www.airbnb.com/rooms/1157393518555887737
1157399898282114e3,$57.00,NA,1,2,1,0,NA,0,https://www.airbnb.com/rooms/1157399898282114126
1157429015649374700,$115.00,NA,2,1,1,0,NA,0,https://www.airbnb.com/rooms/1157429015649374719
1157486936826236e3,$229.00,NA,4,1,1,1,4.75,4,https://www.airbnb.com/rooms/1157486936826235879
1157554658213927200,$200.00,NA,3,1,2,0,NA,0,https://www.airbnb.com/rooms/1157554658213927191
115757274983172e4,$123.00,NA,2,1,1,1,NA,0,https://www.airbnb.com/rooms/1157572749831719800
1157613893781912600,$123.00,NA,2,1,1,0,5,2,https://www.airbnb.com/rooms/1157613893781912488
1157641921244313e3,NA,NA,4,2,3,1,4.5,2,https://www.airbnb.com/rooms/1157641921244312896
1157713808050113500,$173.00,Neighborhood highlights,4,1,1,2,NA,0,https://www.airbnb.com/rooms/1157713808050113417
1157737975877731600,$172.00,NA,2,1,1,1,4,1,https://www.airbnb.com/rooms/1157737975877731455
1157776073200375800,$61.00,NA,1,2,1,1,1,1,https://www.airbnb.com/rooms/1157776073200375890
1157780677423182800,$62.00,NA,1,2,1,0,NA,0,https://www.airbnb.com/rooms/1157780677423182643
1157785717271805e3,$60.00,NA,1,2,1,0,NA,0,https://www.airbnb.com/rooms/1157785717271804943
1157790822975193e3,$130.00,NA,3,1,1,1,NA,0,https://www.airbnb.com/rooms/1157790822975192961
1157792206022428700,$58.00,NA,1,2,1,1,NA,0,https://www.airbnb.com/rooms/1157792206022428693
1157796350358599200,$58.00,NA,1,2,1,1,NA,0,https://www.airbnb.com/rooms/1157796350358599007
1157877722446070300,$149.00,NA,3,1,1,2,4.9,10,https://www.airbnb.com/rooms/1157877722446070231
1157897834400527600,$250.00,NA,4,1,2,3,NA,0,https://www.airbnb.com/rooms/1157897834400527644
1157900296383464400,$340.00,NA,4,2,2,2,NA,0,https://www.airbnb.com/rooms/1157900296383464296
1157962645994268400,$712.00,NA,8,2,3,3,4.86,7,https://www.airbnb.com/rooms/1157962645994268273
1157978341548890600,$98.00,NA,2,1,1,1,4.5,4,https://www.airbnb.com/rooms/1157978341548890561
1157986393909875500,$92.00,NA,1,1,1,1,4.67,6,https://www.airbnb.com/rooms/1157986393909875539
1157987170718059300,$189.00,NA,1,1,1,1,NA,0,https://www.airbnb.com/rooms/1157987170718059408
1157991547915157500,"$1,254.00",Neighborhood highlights,2,1,1,1,NA,0,https://www.airbnb.com/rooms/1157991547915157626
1157999417746123300,$349.00,NA,2,2,1,3,NA,0,https://www.airbnb.com/rooms/1157999417746123228
1158000575255458300,$200.00,NA,3,1,1,2,NA,0,https://www.airbnb.com/rooms/1158000575255458162
1158022700557265200,$379.00,NA,3,1,1,0,NA,0,https://www.airbnb.com/rooms/1158022700557265106
1158031589091051500,$449.00,NA,4,1,2,0,NA,0,https://www.airbnb.com/rooms/1158031589091051555
1158050754631089e3,$218.00,NA,4,1,1,2,4.48,25,https://www.airbnb.com/rooms/1158050754631088746
1158050754810813200,$181.00,Neighborhood highlights,2,1,1,1,4,129,https://www.airbnb.com/rooms/1158050754810813342
1158051739970653200,$543.00,NA,4,2,2,2,4.5,4,https://www.airbnb.com/rooms/1158051739970653141
1158266167394411800,$90.00,NA,1,0.5,1,1,NA,0,https://www.airbnb.com/rooms/1158266167394411637
1158266235625350700,$300.00,NA,1,2,1,1,NA,0,https://www.airbnb.com/rooms/1158266235625350501
1158602474475474e3,$330.00,Neighborhood highlights,3,1,1,0,NA,0,https://www.airbnb.com/rooms/1158602474475474005
115862084303833e4,$664.00,NA,8,2,4,5,5,2,https://www.airbnb.com/rooms/1158620843038330028
1158633006776999400,$238.00,NA,2,1,1,1,NA,0,https://www.airbnb.com/rooms/1158633006776999397
1158653190106321200,NA,NA,2,NA,1,NA,NA,0,https://www.airbnb.com/rooms/1158653190106321101
1158653190110852600,$283.00,NA,2,1,1,NA,NA,0,https://www.airbnb.com/rooms/1158653190110852406
1158653388755170800,$331.00,NA,2,1,1,NA,NA,0,https://www.airbnb.com/rooms/1158653388755170834
1158653540493638400,$406.00,NA,2,1,1,NA,NA,0,https://www.airbnb.com/rooms/1158653540493638407
1158653696748074e3,$331.00,NA,2,1,1,NA,NA,0,https://www.airbnb.com/rooms/1158653696748073958
1158653698325596700,$345.00,NA,2,1,1,NA,NA,0,https://www.airbnb.com/rooms/1158653698325596710
1158653848440419600,NA,NA,2,NA,1,NA,NA,0,https://www.airbnb.com/rooms/1158653848440419640
1158653986677506e3,NA,NA,2,NA,1,NA,NA,0,https://www.airbnb.com/rooms/1158653986677506132
1158653996040798200,$509.00,NA,3,1,1,NA,NA,0,https://www.airbnb.com/rooms/1158653996040798180
1158659455567727600,$175.00,NA,2,1,2,1,NA,0,https://www.airbnb.com/rooms/1158659455567727677
1158663044631947e3,$356.00,NA,2,1,1,1,5,8,https://www.airbnb.com/rooms/1158663044631946975
1158672341831924200,$55.00,NA,2,2,1,1,NA,0,https://www.airbnb.com/rooms/1158672341831924192
1158680903426144800,$74.00,NA,1,1,1,0,NA,0,https://www.airbnb.com/rooms/1158680903426144637
1158725096806893600,$600.00,NA,3,1,1,0,NA,0,https://www.airbnb.com/rooms/1158725096806893568
1158822239391648800,$145.00,NA,1,1,1,1,NA,0,https://www.airbnb.com/rooms/1158822239391648858
1158825833686353400,$110.00,NA,4,1,1,0,NA,0,https://www.airbnb.com/rooms/1158825833686353392
1158871960610358800,$155.00,NA,2,1,1,0,NA,0,https://www.airbnb.com/rooms/1158871960610358657
1158940967802758e3,$100.00,NA,2,1,1,0,NA,0,https://www.airbnb.com/rooms/1158940967802757920
1158960139571760400,$80.00,NA,1,2,1,1,NA,0,https://www.airbnb.com/rooms/1158960139571760268
1158989312293932300,$799.00,NA,4,2,2,2,NA,0,https://www.airbnb.com/rooms/1158989312293932309
1159053260701230300,$100.00,NA,2,1,0,2,NA,0,https://www.airbnb.com/rooms/1159053260701230398
1159053856755054300,$195.00,NA,2,1,1,1,NA,0,https://www.airbnb.com/rooms/1159053856755054428
1159102205006760400,$105.00,NA,2,1,1,1,5,3,https://www.airbnb.com/rooms/1159102205006760377
1159193211874959e3,$180.00,NA,4,2,2,3,NA,0,https://www.airbnb.com/rooms/1159193211874959099
1159306657753554400,$131.00,NA,2,1,1,1,NA,0,https://www.airbnb.com/rooms/1159306657753554616
1159315408017827300,$175.00,NA,4,1,1,0,NA,0,https://www.airbnb.com/rooms/1159315408017827247
1159567713560424400,$148.00,NA,2,1,2,2,NA,0,https://www.airbnb.com/rooms/1159567713560424533
1159572565512139800,$123.00,NA,3,1,0,2,NA,0,https://www.airbnb.com/rooms/1159572565512139804
1159650953136387600,$360.00,NA,10,3.5,3,3,1,1,https://www.airbnb.com/rooms/1159650953136387623
1159654184769414100,$340.00,NA,4,2,2,2,NA,0,https://www.airbnb.com/rooms/1159654184769414055
1159857922654282200,$39.00,NA,1,1,4,1,NA,0,https://www.airbnb.com/rooms/1159857922654282260
1160131677221943300,$86.00,Neighborhood highlights,1,1,1,1,NA,0,https://www.airbnb.com/rooms/1160131677221943159
1160218866802929e3,$63.00,NA,1,1,1,1,NA,0,https://www.airbnb.com/rooms/1160218866802928798
1160246264827816e3,$92.00,NA,2,1,0,1,NA,0,https://www.airbnb.com/rooms/1160246264827815824
1160255881835697700,$68.00,Neighborhood highlights,2,1.5,1,1,NA,0,https://www.airbnb.com/rooms/1160255881835697589
1160410222424198400,$90.00,NA,1,1,1,0,NA,0,https://www.airbnb.com/rooms/1160410222424198435
1160798276704968700,$65.00,NA,1,1,1,1,NA,0,https://www.airbnb.com/rooms/1160798276704968700
1160843985069887e3,$110.00,NA,1,1,1,0,NA,0,https://www.airbnb.com/rooms/1160843985069887115
1160873118733792500,$306.00,NA,3,1,1,1,NA,0,https://www.airbnb.com/rooms/1160873118733792455
1160897447386830800,$334.00,Neighborhood highlights,2,1,1,1,NA,0,https://www.airbnb.com/rooms/1160897447386830658
1160898704380271e3,$412.00,Neighborhood highlights,2,1,1,1,NA,0,https://www.airbnb.com/rooms/1160898704380271176
1160903898505246500,$144.00,NA,6,1.5,4,3,NA,0,https://www.airbnb.com/rooms/1160903898505246627
1160945133320469500,$248.00,NA,2,1,1,1,5,1,https://www.airbnb.com/rooms/1160945133320469590
1160945133446642700,$258.00,NA,3,1,1,2,5,1,https://www.airbnb.com/rooms/1160945133446642568
1160945133471556600,$252.00,NA,2,1,1,1,5,1,https://www.airbnb.com/rooms/1160945133471556449
116094513355308e4,$281.00,NA,4,1,1,2,5,1,https://www.airbnb.com/rooms/1160945133553080138
1160945133556787200,$342.00,NA,2,1,1,1,NA,0,https://www.airbnb.com/rooms/1160945133556787245
1160945133591729e3,$258.00,NA,2,1,1,NA,NA,0,https://www.airbnb.com/rooms/1160945133591728741
1160945133620051500,$245.00,NA,2,1,1,1,NA,0,https://www.airbnb.com/rooms/1160945133620051498
1160947126706490600,$184.00,NA,2,1,1,1,5,4,https://www.airbnb.com/rooms/1160947126706490712
1160995402775468500,$220.00,NA,2,1,1,0,NA,0,https://www.airbnb.com/rooms/1160995402775468662
1161061353091518500,$300.00,NA,4,1,2,2,NA,0,https://www.airbnb.com/rooms/1161061353091518521
1161143134664327400,$138.00,NA,3,1,2,1,NA,0,https://www.airbnb.com/rooms/1161143134664327407
1161162511910235100,$70.00,NA,1,1,0,1,5,1,https://www.airbnb.com/rooms/1161162511910235062
1161399883750526500,$200.00,NA,4,1,2,2,NA,0,https://www.airbnb.com/rooms/1161399883750526583
1161426638357282600,$158.00,NA,2,1,1,1,NA,0,https://www.airbnb.com/rooms/1161426638357282571
1161433805179288600,$37.00,NA,1,1,1,1,NA,0,https://www.airbnb.com/rooms/1161433805179288677
1161520987145992200,$145.00,NA,5,1,2,1,NA,0,https://www.airbnb.com/rooms/1161520987145992311
1161521194719309e3,$85.00,NA,1,1,1,1,NA,0,https://www.airbnb.com/rooms/1161521194719308959
1161593459916217e3,$215.00,NA,4,1,2,2,NA,0,https://www.airbnb.com/rooms/1161593459916217073
1161729885598198300,$140.00,NA,2,1,1,1,NA,0,https://www.airbnb.com/rooms/1161729885598198479
1161772077761598500,$57.00,NA,1,2,1,0,NA,0,https://www.airbnb.com/rooms/1161772077761598439
1161779657540201e3,$57.00,NA,1,2,1,1,NA,0,https://www.airbnb.com/rooms/1161779657540201044
1161822622018802200,$59.00,Neighborhood highlights,2,1,1,1,NA,0,https://www.airbnb.com/rooms/1161822622018802289
1161852019227176e3,$80.00,NA,2,1,0,1,NA,0,https://www.airbnb.com/rooms/1161852019227175942
1161871070730542600,$799.00,NA,2,1,1,1,NA,0,https://www.airbnb.com/rooms/1161871070730542561
1161889907204990700,$194.00,NA,2,1,1,1,NA,0,https://www.airbnb.com/rooms/1161889907204990654
1161936484532127e3,"$2,000.00",NA,4,1,2,2,NA,0,https://www.airbnb.com/rooms/1161936484532127046
1161963334680425e3,$92.00,NA,2,1,1,1,NA,0,https://www.airbnb.com/rooms/1161963334680425040
1162216364912070700,$76.00,NA,2,1,1,1,5,1,https://www.airbnb.com/rooms/1162216364912070685
1162259767841702100,NA,NA,1,NA,NA,NA,NA,0,https://www.airbnb.com/rooms/1162259767841702255
1162260743100509700,$699.00,NA,6,2,3,3,5,6,https://www.airbnb.com/rooms/1162260743100509677
1162261553620919300,$132.00,Neighborhood highlights,3,1,1,1,NA,0,https://www.airbnb.com/rooms/1162261553620919276
1162290745184530400,NA,NA,1,NA,1,NA,NA,0,https://www.airbnb.com/rooms/1162290745184530393
1162304467911359500,$142.00,NA,3,1,1,0,NA,0,https://www.airbnb.com/rooms/1162304467911359559
1162307621004092200,$198.00,NA,6,1,3,3,NA,0,https://www.airbnb.com/rooms/1162307621004092141
1162337451138273300,$104.00,Neighborhood highlights,3,1,1,1,NA,0,https://www.airbnb.com/rooms/1162337451138273333
1162353501828814800,$73.00,NA,3,2,1,0,NA,0,https://www.airbnb.com/rooms/1162353501828814676
1162361048997039400,$38.00,NA,1,1.5,4,1,NA,0,https://www.airbnb.com/rooms/1162361048997039305
1162384514521657900,$38.00,NA,1,1.5,4,1,NA,0,https://www.airbnb.com/rooms/1162384514521657803
1162388170239022300,$354.00,Neighborhood highlights,2,1,1,1,NA,0,https://www.airbnb.com/rooms/1162388170239022463
1162391790200266800,$120.00,NA,1,1,1,1,5,4,https://www.airbnb.com/rooms/1162391790200266813
1162392324462030800,$103.00,NA,1,1.5,1,1,NA,0,https://www.airbnb.com/rooms/1162392324462030686
1162395989077494e3,$451.00,NA,4,1.5,2,2,NA,0,https://www.airbnb.com/rooms/1162395989077494138
1162454771886305e3,$120.00,NA,1,1,1,1,5,1,https://www.airbnb.com/rooms/1162454771886304951
1162487718451698e3,$250.00,NA,4,1,2,2,NA,0,https://www.airbnb.com/rooms/1162487718451697849
1162493514532718e3,$127.00,NA,2,1,1,1,NA,0,https://www.airbnb.com/rooms/1162493514532718062
1162546037389645e3,NA,NA,4,NA,2,NA,NA,0,https://www.airbnb.com/rooms/1162546037389644914
1162710706127095300,$55.00,NA,2,1,1,0,NA,0,https://www.airbnb.com/rooms/1162710706127095172
1162726867772813300,$135.00,NA,8,2,1,2,NA,0,https://www.airbnb.com/rooms/1162726867772813472
1162749997324124700,$55.00,NA,2,1,1,0,NA,0,https://www.airbnb.com/rooms/1162749997324124679
1162932792731478300,$104.00,NA,2,1,1,1,NA,0,https://www.airbnb.com/rooms/1162932792731478287
1162990322270817500,$72.00,NA,1,1,1,1,NA,0,https://www.airbnb.com/rooms/1162990322270817391
1163007631764086500,NA,NA,2,NA,1,NA,NA,0,https://www.airbnb.com/rooms/1163007631764086570
1163017253722968300,$349.00,NA,4,1,2,2,NA,0,https://www.airbnb.com/rooms/1163017253722968270
1163025748585368300,NA,NA,1,NA,1,NA,NA,0,https://www.airbnb.com/rooms/1163025748585368261
1163036515405288700,$276.00,NA,4,1,2,2,NA,0,https://www.airbnb.com/rooms/1163036515405288634
1163092620480443100,$475.00,NA,4,1.5,2,0,NA,0,https://www.airbnb.com/rooms/1163092620480443032
1163149524222187e3,$50.00,NA,1,1,1,1,NA,0,https://www.airbnb.com/rooms/1163149524222187021
1163166716068854300,$202.00,NA,4,1,2,1,NA,0,https://www.airbnb.com/rooms/1163166716068854433
1163175842334723300,$199.00,NA,10,2,3,5,NA,0,https://www.airbnb.com/rooms/1163175842334723340
1163189025942735e3,NA,NA,12,NA,4,NA,NA,0,https://www.airbnb.com/rooms/1163189025942735060
1163198691605211600,$212.00,NA,4,1,1,2,NA,0,https://www.airbnb.com/rooms/1163198691605211545
1163348496077881300,$150.00,NA,4,1,1,1,NA,0,https://www.airbnb.com/rooms/1163348496077881452
1163358223007530500,$155.00,Neighborhood highlights,6,2,4,0,NA,0,https://www.airbnb.com/rooms/1163358223007530552
1163491869958497800,$109.00,NA,2,1,1,1,5,2,https://www.airbnb.com/rooms/1163491869958497782
1163544610116674e3,NA,Neighborhood highlights,2,1,1,1,NA,0,https://www.airbnb.com/rooms/1163544610116673894
1163618939151862500,$332.00,NA,2,2,1,1,NA,0,https://www.airbnb.com/rooms/1163618939151862558
1163629234404721e3,$55.00,Neighborhood highlights,1,1,0,0,NA,0,https://www.airbnb.com/rooms/1163629234404720926
1163706553372489700,NA,NA,3,1,1,2,NA,0,https://www.airbnb.com/rooms/1163706553372489597
1163760519569570300,$294.00,NA,2,2,0,1,NA,0,https://www.airbnb.com/rooms/1163760519569570218
1163763415369886200,$99.00,NA,2,1.5,3,0,NA,0,https://www.airbnb.com/rooms/1163763415369886027
1163765527242023700,$350.00,NA,2,1,1,1,NA,0,https://www.airbnb.com/rooms/1163765527242023651
1163773057570869800,$450.00,NA,4,2,2,2,NA,0,https://www.airbnb.com/rooms/1163773057570869769
1163813423186788400,NA,NA,2,NA,2,NA,NA,0,https://www.airbnb.com/rooms/1163813423186788261
1163832038227256e3,$425.00,NA,2,1,1,1,NA,0,https://www.airbnb.com/rooms/1163832038227256062
1163848611106950100,$334.00,Neighborhood highlights,2,1,1,1,NA,0,https://www.airbnb.com/rooms/1163848611106950273
1163849852039919400,NA,Neighborhood highlights,2,1,1,1,NA,0,https://www.airbnb.com/rooms/1163849852039919287
1163851951779803100,$298.00,Neighborhood highlights,2,1,1,1,NA,0,https://www.airbnb.com/rooms/1163851951779803258
1163852990365613600,$362.00,Neighborhood highlights,2,1,1,1,NA,0,https://www.airbnb.com/rooms/1163852990365613427
1163854338221462800,$726.00,Neighborhood highlights,2,1,1,1,NA,0,https://www.airbnb.com/rooms/1163854338221462711
1163864921183799800,$332.00,Neighborhood highlights,2,1,1,1,NA,0,https://www.airbnb.com/rooms/1163864921183799771
1163866051735058200,$334.00,Neighborhood highlights,2,1,1,1,NA,0,https://www.airbnb.com/rooms/1163866051735058324
1163867106425109500,$332.00,Neighborhood highlights,2,1,1,1,NA,0,https://www.airbnb.com/rooms/1163867106425109437
1163869754884823e3,$332.00,Neighborhood highlights,4,1,1,2,NA,0,https://www.airbnb.com/rooms/1163869754884823105
1163871326842309e3,$332.00,Neighborhood highlights,2,1,1,1,NA,0,https://www.airbnb.com/rooms/1163871326842309086
1163877488114193400,$332.00,Neighborhood highlights,2,1,1,1,NA,0,https://www.airbnb.com/rooms/1163877488114193371
1163878553682176300,$332.00,Neighborhood highlights,2,1,1,1,NA,0,https://www.airbnb.com/rooms/1163878553682176270
1163880842243234300,$332.00,Neighborhood highlights,2,1,1,1,NA,0,https://www.airbnb.com/rooms/1163880842243234257
1163884331652036600,$332.00,Neighborhood highlights,2,1,1,1,NA,0,https://www.airbnb.com/rooms/1163884331652036646
1163889878899595e3,$384.00,Neighborhood highlights,2,1,1,1,NA,0,https://www.airbnb.com/rooms/1163889878899595090
1163891539133256700,$833.00,Neighborhood highlights,2,1,1,1,NA,0,https://www.airbnb.com/rooms/1163891539133256672
1163893965829369900,$332.00,Neighborhood highlights,2,1,1,1,NA,0,https://www.airbnb.com/rooms/1163893965829369986
116389629795909e4,$617.00,Neighborhood highlights,2,1,1,1,NA,0,https://www.airbnb.com/rooms/1163896297959089897
1163898717571709200,$792.00,Neighborhood highlights,2,1,1,1,NA,0,https://www.airbnb.com/rooms/1163898717571709199
1163905862604796700,$532.00,NA,6,2,3,3,NA,0,https://www.airbnb.com/rooms/1163905862604796572
1163907366323294700,$299.00,Neighborhood highlights,2,1,1,1,NA,0,https://www.airbnb.com/rooms/1163907366323294743
1163909514395111400,$486.00,Neighborhood highlights,2,1,1,1,NA,0,https://www.airbnb.com/rooms/1163909514395111317
1163914271974601500,NA,Neighborhood highlights,2,1,1,1,NA,0,https://www.airbnb.com/rooms/1163914271974601375
1163915012094708200,$354.00,Neighborhood highlights,2,1,1,2,NA,0,https://www.airbnb.com/rooms/1163915012094708135
1163915727550134300,$354.00,Neighborhood highlights,2,1,1,1,NA,0,https://www.airbnb.com/rooms/1163915727550134213
1163987512553091600,NA,NA,1,NA,1,NA,NA,0,https://www.airbnb.com/rooms/1163987512553091604
1164090458834850800,$167.00,NA,4,1,2,0,5,1,https://www.airbnb.com/rooms/1164090458834850662
1164108838208365800,$240.00,NA,4,1,1,0,NA,0,https://www.airbnb.com/rooms/1164108838208365758
116417670003709e4,$112.00,NA,1,1,NA,1,NA,0,https://www.airbnb.com/rooms/1164176700037090110
1164312536849580500,NA,Neighborhood highlights,2,1,1,1,NA,0,https://www.airbnb.com/rooms/1164312536849580406
1164313888143890700,$586.00,Neighborhood highlights,2,1,1,1,NA,0,https://www.airbnb.com/rooms/1164313888143890715
1164315498503909400,$818.00,Neighborhood highlights,2,1,1,1,NA,0,https://www.airbnb.com/rooms/1164315498503909485
1164316660371174700,"$1,446.00",Neighborhood highlights,2,1,1,1,NA,0,https://www.airbnb.com/rooms/1164316660371174759
1164318023536072700,$934.00,Neighborhood highlights,2,1,1,1,NA,0,https://www.airbnb.com/rooms/1164318023536072708
1164324248101923e3,NA,Neighborhood highlights,2,1,1,1,NA,0,https://www.airbnb.com/rooms/1164324248101922983
1164326424743724300,NA,Neighborhood highlights,2,1,1,1,NA,0,https://www.airbnb.com/rooms/1164326424743724303
1164331265986209800,$438.00,Neighborhood highlights,2,1,1,1,NA,0,https://www.airbnb.com/rooms/1164331265986209961
1164332359302492700,$832.00,Neighborhood highlights,2,1,1,1,NA,0,https://www.airbnb.com/rooms/1164332359302492734
1164333561779529200,$528.00,Neighborhood highlights,2,1,1,2,NA,0,https://www.airbnb.com/rooms/1164333561779529154
1164334861926688500,$332.00,Neighborhood highlights,2,1,1,1,NA,0,https://www.airbnb.com/rooms/1164334861926688548
1164336464839749600,$625.00,Neighborhood highlights,2,1,1,1,NA,0,https://www.airbnb.com/rooms/1164336464839749747
1164337682025224700,$391.00,Neighborhood highlights,2,1,1,1,NA,0,https://www.airbnb.com/rooms/1164337682025224740
1164338948809180400,NA,Neighborhood highlights,2,NA,1,NA,NA,0,https://www.airbnb.com/rooms/1164338948809180401
1164340790960822500,"$1,211.00",Neighborhood highlights,2,1,1,1,NA,0,https://www.airbnb.com/rooms/1164340790960822565
1164342105088851500,$528.00,Neighborhood highlights,4,1,1,2,NA,0,https://www.airbnb.com/rooms/1164342105088851553
1164345854967472600,$562.00,Neighborhood highlights,2,1,1,1,NA,0,https://www.airbnb.com/rooms/1164345854967472625
1164347072320353500,$558.00,Neighborhood highlights,2,1,1,1,NA,0,https://www.airbnb.com/rooms/1164347072320353656
1164349305040610600,$246.00,Neighborhood highlights,2,1,1,1,NA,0,https://www.airbnb.com/rooms/1164349305040610554
1164356214913932e3,$350.00,Neighborhood highlights,2,1,1,1,NA,0,https://www.airbnb.com/rooms/1164356214913931968
1164358724133820200,"$1,655.00",Neighborhood highlights,2,1,1,1,NA,0,https://www.airbnb.com/rooms/1164358724133820196
1164360283856578600,$392.00,Neighborhood highlights,2,1,1,1,NA,0,https://www.airbnb.com/rooms/1164360283856578643
1164363487343155700,$293.00,Neighborhood highlights,2,1,1,1,NA,0,https://www.airbnb.com/rooms/1164363487343155909
1164364891023907800,$275.00,Neighborhood highlights,2,1,1,1,NA,0,https://www.airbnb.com/rooms/1164364891023907873
1.1643709811066399e+18,NA,Neighborhood highlights,2,NA,1,NA,NA,0,https://www.airbnb.com/rooms/1164370981106639916
1164374500997373e3,$359.00,Neighborhood highlights,2,1,1,1,NA,0,https://www.airbnb.com/rooms/1164374500997372987
1164378806401918500,$642.00,Neighborhood highlights,2,1,1,1,NA,0,https://www.airbnb.com/rooms/1164378806401918488
1164382457357632500,$782.00,Neighborhood highlights,2,1,1,1,NA,0,https://www.airbnb.com/rooms/1164382457357632571
1164385251123133200,$282.00,Neighborhood highlights,4,1,1,2,NA,0,https://www.airbnb.com/rooms/1164385251123133334
1164386880933154300,$332.00,Neighborhood highlights,2,1,1,1,NA,0,https://www.airbnb.com/rooms/1164386880933154282
1164388234184134400,$627.00,Neighborhood highlights,2,1,1,1,NA,0,https://www.airbnb.com/rooms/1164388234184134361
1164393970839309800,$371.00,Neighborhood highlights,2,1,1,1,NA,0,https://www.airbnb.com/rooms/1164393970839309768
1164397765912921e3,$605.00,Neighborhood highlights,2,1,1,1,NA,0,https://www.airbnb.com/rooms/1164397765912921148
1164399011166310100,$332.00,Neighborhood highlights,2,1,1,1,NA,0,https://www.airbnb.com/rooms/1164399011166310274
1164400419901368800,$332.00,Neighborhood highlights,2,1,1,1,NA,0,https://www.airbnb.com/rooms/1164400419901369039
1164401606960404700,$271.00,Neighborhood highlights,6,2,4,5,NA,0,https://www.airbnb.com/rooms/1164401606960404866
1164402494958428e3,NA,NA,2,NA,1,NA,NA,0,https://www.airbnb.com/rooms/1164402494958427969
1164405964932982300,$355.00,Neighborhood highlights,2,1,1,1,NA,0,https://www.airbnb.com/rooms/1164405964932982269
1164407117263572200,NA,Neighborhood highlights,2,NA,1,NA,NA,0,https://www.airbnb.com/rooms/1164407117263572352
1164408917685437200,$569.00,Neighborhood highlights,2,1,1,1,NA,0,https://www.airbnb.com/rooms/1164408917685437258
1164414839894194e3,$583.00,Neighborhood highlights,2,1,1,1,NA,0,https://www.airbnb.com/rooms/1164414839894193887
1164420087469524200,$351.00,Neighborhood highlights,2,1,1,1,NA,0,https://www.airbnb.com/rooms/1164420087469524250
1164421634018073e3,$387.00,Neighborhood highlights,2,1,1,1,NA,0,https://www.airbnb.com/rooms/1164421634018072914
1164424915333101300,$168.00,Neighborhood highlights,5,1,2,4,NA,0,https://www.airbnb.com/rooms/1164424915333101357
1164426282310884600,$394.00,Neighborhood highlights,2,1,1,1,NA,0,https://www.airbnb.com/rooms/1164426282310884590
1164426977543444200,$250.00,Neighborhood highlights,2,1,1,2,NA,0,https://www.airbnb.com/rooms/1164426977543444217
1164428803767911e3,$700.00,Neighborhood highlights,2,1,1,1,NA,0,https://www.airbnb.com/rooms/1164428803767910871
1164429303690491100,$66.00,Neighborhood highlights,2,1.5,1,1,NA,0,https://www.airbnb.com/rooms/1164429303690491159
1164429919508290800,NA,Neighborhood highlights,2,NA,1,NA,NA,0,https://www.airbnb.com/rooms/1164429919508290807
1164431051636284e3,$586.00,Neighborhood highlights,2,1,1,1,NA,0,https://www.airbnb.com/rooms/1164431051636283950
1164431717648458800,$178.00,NA,2,1,1,1,NA,0,https://www.airbnb.com/rooms/1164431717648458811
1164432160635370500,$332.00,Neighborhood highlights,2,1,1,1,NA,0,https://www.airbnb.com/rooms/1164432160635370458
1164435243049311200,$319.00,Neighborhood highlights,2,1,1,1,NA,0,https://www.airbnb.com/rooms/1164435243049311420
1164436377630805500,$452.00,Neighborhood highlights,2,1,1,2,NA,0,https://www.airbnb.com/rooms/1164436377630805405
1164438770781164800,$448.00,Neighborhood highlights,2,1,1,1,NA,0,https://www.airbnb.com/rooms/1164438770781164753
1164439829773373200,$473.00,Neighborhood highlights,2,1,1,1,NA,0,https://www.airbnb.com/rooms/1164439829773373254
1164441595020946e3,$65.00,Neighborhood highlights,2,1.5,1,1,NA,0,https://www.airbnb.com/rooms/1164441595020945889
1164442394843814700,$335.00,Neighborhood highlights,2,1,1,1,NA,0,https://www.airbnb.com/rooms/1164442394843814685
1164443892993949200,$450.00,Neighborhood highlights,2,1,1,1,NA,0,https://www.airbnb.com/rooms/1164443892993949162
1164446078104777700,$178.00,Neighborhood highlights,2,1,1,1,NA,0,https://www.airbnb.com/rooms/1164446078104777601
1164448191702488e3,NA,NA,5,NA,2,NA,NA,0,https://www.airbnb.com/rooms/1164448191702487954
1164448457121007400,NA,NA,1,1,1,0,NA,0,https://www.airbnb.com/rooms/1164448457121007291
1164448591732716500,NA,Neighborhood highlights,2,1,1,1,NA,0,https://www.airbnb.com/rooms/1164448591732716671
1164449999292004400,$273.00,Neighborhood highlights,2,1,1,2,NA,0,https://www.airbnb.com/rooms/1164449999292004260
1164454452247459300,"$1,520.00",Neighborhood highlights,4,1,1,2,NA,0,https://www.airbnb.com/rooms/1164454452247459417
1164456848931444500,NA,Neighborhood highlights,2,1,1,1,NA,0,https://www.airbnb.com/rooms/1164456848931444482
1164459563387039200,"$1,273.00",Neighborhood highlights,2,1,1,1,NA,0,https://www.airbnb.com/rooms/1164459563387039342
1164460846044231200,$239.00,Neighborhood highlights,2,1,1,1,NA,0,https://www.airbnb.com/rooms/1164460846044231027
1164462357502102800,$340.00,Neighborhood highlights,2,1,1,1,NA,0,https://www.airbnb.com/rooms/1164462357502102946
1164463658104314600,$504.00,Neighborhood highlights,2,1,1,2,NA,0,https://www.airbnb.com/rooms/1164463658104314696
1164466950268465e3,$692.00,Neighborhood highlights,4,1,1,2,NA,0,https://www.airbnb.com/rooms/1164466950268464990
1164468044516579600,$402.00,Neighborhood highlights,2,1,1,1,NA,0,https://www.airbnb.com/rooms/1164468044516579619
1164468732287878e3,$355.00,Neighborhood highlights,2,1,1,1,NA,0,https://www.airbnb.com/rooms/1164468732287877882
1164470878211338800,NA,Neighborhood highlights,2,1,1,1,NA,0,https://www.airbnb.com/rooms/1164470878211338842
1164472047194496300,$534.00,Neighborhood highlights,2,1,1,1,NA,0,https://www.airbnb.com/rooms/1164472047194496194
1164473709410069800,$466.00,Neighborhood highlights,2,1,1,1,NA,0,https://www.airbnb.com/rooms/1164473709410069733
1164476491804114400,$497.00,Neighborhood highlights,4,1,1,2,NA,0,https://www.airbnb.com/rooms/1164476491804114417
1164478436486761200,$490.00,Neighborhood highlights,2,1,1,1,NA,0,https://www.airbnb.com/rooms/1164478436486761196
1164479582203629600,$440.00,Neighborhood highlights,2,1,1,1,NA,0,https://www.airbnb.com/rooms/1164479582203629530
1164483293641158400,$513.00,Neighborhood highlights,2,1,1,1,NA,0,https://www.airbnb.com/rooms/1164483293641158411
1164485647522117600,$358.00,Neighborhood highlights,2,1,1,1,NA,0,https://www.airbnb.com/rooms/1164485647522117780
1164486843668737500,NA,Neighborhood highlights,2,NA,1,NA,NA,0,https://www.airbnb.com/rooms/1164486843668737649
1164488054119583200,$291.00,Neighborhood highlights,2,1,1,1,NA,0,https://www.airbnb.com/rooms/1164488054119583191
1164489212500246e3,$501.00,Neighborhood highlights,2,1,1,2,NA,0,https://www.airbnb.com/rooms/1164489212500246146
1164490127575723300,$336.00,Neighborhood highlights,2,1,1,1,NA,0,https://www.airbnb.com/rooms/1164490127575723417
1164492502059126800,$351.00,Neighborhood highlights,2,1,1,1,NA,0,https://www.airbnb.com/rooms/1164492502059126917
1164493728333418e3,$313.00,Neighborhood highlights,2,1,1,1,NA,0,https://www.airbnb.com/rooms/1164493728333417946
1164495582863458300,$378.00,Neighborhood highlights,2,1,1,1,NA,0,https://www.airbnb.com/rooms/1164495582863458314
1164496132693263400,$53.00,Neighborhood highlights,2,1.5,1,1,5,1,https://www.airbnb.com/rooms/1164496132693263438
1.1644966933031841e+18,$591.00,Neighborhood highlights,2,1,1,1,NA,0,https://www.airbnb.com/rooms/1164496693303184208
1164499581337343e3,$662.00,Neighborhood highlights,2,1,1,1,NA,0,https://www.airbnb.com/rooms/1164499581337342828
1164501164488348200,$754.00,Neighborhood highlights,2,1,1,1,NA,0,https://www.airbnb.com/rooms/1164501164488348129
1164502437381407e3,$516.00,Neighborhood highlights,2,1,1,2,NA,0,https://www.airbnb.com/rooms/1164502437381406896
1164504163027712e3,"$1,180.00",Neighborhood highlights,2,1,1,1,NA,0,https://www.airbnb.com/rooms/1164504163027712009
1164509693060171800,$730.00,Neighborhood highlights,2,1,1,1,NA,0,https://www.airbnb.com/rooms/1164509693060171876
1164511609579464e3,NA,Neighborhood highlights,4,1,1,2,NA,0,https://www.airbnb.com/rooms/1164511609579463922
1164512721184646100,$623.00,Neighborhood highlights,2,1,1,1,NA,0,https://www.airbnb.com/rooms/1164512721184646213
1164516777855303200,$518.00,Neighborhood highlights,2,1,1,1,NA,0,https://www.airbnb.com/rooms/1164516777855303109
1164517927085106e3,$478.00,Neighborhood highlights,2,1,1,1,NA,0,https://www.airbnb.com/rooms/1164517927085105862
1164522261272081200,$323.00,Neighborhood highlights,2,1,1,1,NA,0,https://www.airbnb.com/rooms/1164522261272081050
1164523553867005200,$323.00,Neighborhood highlights,2,1,1,1,NA,0,https://www.airbnb.com/rooms/1164523553867005327
1164526551554310100,$180.00,NA,2,1,1,1,NA,0,https://www.airbnb.com/rooms/1164526551554310303
1164527054552479e3,$484.00,Neighborhood highlights,2,1,1,2,NA,0,https://www.airbnb.com/rooms/1164527054552478855
1164528276112339500,$581.00,Neighborhood highlights,2,1,1,1,NA,0,https://www.airbnb.com/rooms/1164528276112339556
1164529533784253700,$230.00,Neighborhood highlights,2,1,1,1,NA,0,https://www.airbnb.com/rooms/1164529533784253797
1164530617421203700,$438.00,Neighborhood highlights,2,1,1,1,NA,0,https://www.airbnb.com/rooms/1164530617421203682
1164532995322272300,NA,Neighborhood highlights,2,1,1,1,NA,0,https://www.airbnb.com/rooms/1164532995322272238
1164534747213002800,$233.00,NA,2,1,1,1,NA,0,https://www.airbnb.com/rooms/1164534747213002769
1164535892671634e3,$222.00,Neighborhood highlights,2,1,1,1,NA,0,https://www.airbnb.com/rooms/1164535892671633869
1164539918808781e3,$367.00,Neighborhood highlights,2,1,1,1,NA,0,https://www.airbnb.com/rooms/1164539918808781057
1164540924229901600,$307.00,Neighborhood highlights,2,1,1,1,NA,0,https://www.airbnb.com/rooms/1164540924229901578
1164541980838486800,$326.00,Neighborhood highlights,2,1,1,1,NA,0,https://www.airbnb.com/rooms/1164541980838486766
116454306665999e4,$422.00,Neighborhood highlights,2,1,1,1,NA,0,https://www.airbnb.com/rooms/1164543066659989998
1164545933468216300,$367.00,Neighborhood highlights,2,1,1,1,NA,0,https://www.airbnb.com/rooms/1164545933468216311
1164547839140975e3,$657.00,Neighborhood highlights,2,1,1,1,NA,0,https://www.airbnb.com/rooms/1164547839140975154
1164549583523150800,$310.00,Neighborhood highlights,2,1,1,1,NA,0,https://www.airbnb.com/rooms/1164549583523150661
1164552086771109400,$285.00,NA,2,1,1,1,NA,0,https://www.airbnb.com/rooms/1164552086771109269
1164553675998388700,$390.00,Neighborhood highlights,2,1,1,1,NA,0,https://www.airbnb.com/rooms/1164553675998388792
1164562487359649e3,$406.00,Neighborhood highlights,2,1,1,2,NA,0,https://www.airbnb.com/rooms/1164562487359649155
1164565030503502800,$426.00,Neighborhood highlights,2,1,1,1,NA,0,https://www.airbnb.com/rooms/1164565030503502753
1164566211206487300,$458.00,Neighborhood highlights,2,1,1,1,NA,0,https://www.airbnb.com/rooms/1164566211206487183
1164567391190735e3,$390.00,Neighborhood highlights,2,1,1,1,NA,0,https://www.airbnb.com/rooms/1164567391190735202
1164581850521309e3,$387.00,Neighborhood highlights,2,1,1,1,NA,0,https://www.airbnb.com/rooms/1164581850521308915
1164591122843061800,$438.00,Neighborhood highlights,2,1,1,1,NA,0,https://www.airbnb.com/rooms/1164591122843061799
1164594968242077200,$368.00,Neighborhood highlights,2,1,1,1,NA,0,https://www.airbnb.com/rooms/1164594968242077315
1164596839600776700,$602.00,Neighborhood highlights,2,1,1,1,NA,0,https://www.airbnb.com/rooms/1164596839600776831
1164607809066730200,$591.00,Neighborhood highlights,2,1,1,1,NA,0,https://www.airbnb.com/rooms/1164607809066730258
1164609333463855600,$655.00,Neighborhood highlights,2,1,1,1,NA,0,https://www.airbnb.com/rooms/1164609333463855712
1164612423343111200,$326.00,Neighborhood highlights,2,1,1,1,NA,0,https://www.airbnb.com/rooms/1164612423343111099
1164613621057835500,$814.00,Neighborhood highlights,4,1,1,1,NA,0,https://www.airbnb.com/rooms/1164613621057835448
1.1646150747499359e+18,$332.00,Neighborhood highlights,1,1,1,1,NA,0,https://www.airbnb.com/rooms/1164615074749935863
116462116618489e4,"$1,024.00",Neighborhood highlights,2,1,1,1,NA,0,https://www.airbnb.com/rooms/1164621166184890014
1164623923675508200,$402.00,Neighborhood highlights,2,1,1,1,NA,0,https://www.airbnb.com/rooms/1164623923675508142
1164625573454278e3,$518.00,Neighborhood highlights,2,1,1,1,NA,0,https://www.airbnb.com/rooms/1164625573454277877
1164631311126145500,$630.00,Neighborhood highlights,2,1,1,1,NA,0,https://www.airbnb.com/rooms/1164631311126145444
1164633949667681500,$428.00,Neighborhood highlights,2,1,1,1,NA,0,https://www.airbnb.com/rooms/1164633949667681538
1164635362983056400,NA,Neighborhood highlights,2,1,1,1,NA,0,https://www.airbnb.com/rooms/1164635362983056426
1164636954736202e3,$375.00,Neighborhood highlights,2,1,1,1,NA,0,https://www.airbnb.com/rooms/1164636954736202013
1164638164170221300,$366.00,Neighborhood highlights,2,1,1,1,NA,0,https://www.airbnb.com/rooms/1164638164170221263
1164639045565578200,$366.00,Neighborhood highlights,2,1,1,1,NA,0,https://www.airbnb.com/rooms/1164639045565578238
1164641596674247200,"$1,289.00",Neighborhood highlights,2,1,1,1,NA,0,https://www.airbnb.com/rooms/1164641596674247169
1164645610394278100,$658.00,Neighborhood highlights,2,1,1,1,NA,0,https://www.airbnb.com/rooms/1164645610394278309
1164647752160153600,$322.00,Neighborhood highlights,2,1,1,1,NA,0,https://www.airbnb.com/rooms/1164647752160153661
1164648836632978400,$658.00,Neighborhood highlights,2,1,1,1,NA,0,https://www.airbnb.com/rooms/1164648836632978502
1164650096614641700,$322.00,Neighborhood highlights,2,1,1,1,NA,0,https://www.airbnb.com/rooms/1164650096614641823
1164651651997291300,$322.00,Neighborhood highlights,2,1,1,1,NA,0,https://www.airbnb.com/rooms/1164651651997291322
1164655978553547300,$784.00,Neighborhood highlights,4,1,1,1,NA,0,https://www.airbnb.com/rooms/1164655978553547183
1164658730498689500,$508.00,Neighborhood highlights,2,1,1,1,NA,0,https://www.airbnb.com/rooms/1164658730498689648
1164662573746157e3,$274.00,Neighborhood highlights,2,1,1,1,NA,0,https://www.airbnb.com/rooms/1164662573746157172
1164667077434327300,NA,Neighborhood highlights,2,1,1,1,NA,0,https://www.airbnb.com/rooms/1164667077434327397
1164668933392585200,$279.00,Neighborhood highlights,2,1,1,1,NA,0,https://www.airbnb.com/rooms/1164668933392585257
1164671102859042800,$322.00,NA,2,1,1,1,NA,0,https://www.airbnb.com/rooms/1164671102859042668
1164671590352488200,$158.00,NA,4,1,2,2,NA,0,https://www.airbnb.com/rooms/1164671590352488149
1164672747887834e3,$346.00,Neighborhood highlights,2,1,1,1,NA,0,https://www.airbnb.com/rooms/1164672747887834267
1164675356640434700,$404.00,Neighborhood highlights,2,1,1,1,NA,0,https://www.airbnb.com/rooms/1164675356640434495
1164684360365826800,$542.00,Neighborhood highlights,4,1,1,1,NA,0,https://www.airbnb.com/rooms/1164684360365826817
11646869005935e5,$602.00,Neighborhood highlights,2,1,1,2,NA,0,https://www.airbnb.com/rooms/1164686900593500041
1164688982496495600,$410.00,Neighborhood highlights,2,1,1,1,NA,0,https://www.airbnb.com/rooms/1164688982496495725
1164691637811695e3,$410.00,Neighborhood highlights,4,1,1,2,NA,0,https://www.airbnb.com/rooms/1164691637811695160
1164693843405529600,$395.00,Neighborhood highlights,2,1,1,1,NA,0,https://www.airbnb.com/rooms/1164693843405529682
1164702375199891200,$700.00,Neighborhood highlights,2,1,1,1,NA,0,https://www.airbnb.com/rooms/1164702375199891120
1164704093733848800,$456.00,Neighborhood highlights,2,1,1,1,NA,0,https://www.airbnb.com/rooms/1164704093733848793
1164705795990206500,$416.00,Neighborhood highlights,2,1,1,1,NA,0,https://www.airbnb.com/rooms/1164705795990206436
1164708161090667500,$334.00,Neighborhood highlights,2,1,1,2,NA,0,https://www.airbnb.com/rooms/1164708161090667537
1164710740179782700,$336.00,Neighborhood highlights,2,1,1,1,NA,0,https://www.airbnb.com/rooms/1164710740179782741
1164720768101407e3,$384.00,Neighborhood highlights,2,1,1,1,NA,0,https://www.airbnb.com/rooms/1164720768101407044
1164725978874743800,$135.00,NA,2,1,1,1,5,5,https://www.airbnb.com/rooms/1164725978874743894
116483019752969e4,NA,NA,2,1,NA,0,5,1,https://www.airbnb.com/rooms/1164830197529690298
1165058914827056400,$185.00,NA,2,1,1,1,NA,0,https://www.airbnb.com/rooms/1165058914827056544
1165595229202850800,$199.00,NA,4,1,1,0,NA,0,https://www.airbnb.com/rooms/1165595229202850963
1165774869442462200,$65.00,NA,1,1,1,0,NA,0,https://www.airbnb.com/rooms/1165774869442462052
1165821932722582500,NA,NA,3,NA,2,NA,NA,0,https://www.airbnb.com/rooms/1165821932722582326
1165908700741086500,$199.00,NA,3,1,1,1,NA,0,https://www.airbnb.com/rooms/1165908700741086605
1165965036051272e3,$73.00,NA,3,2,1,2,4,1,https://www.airbnb.com/rooms/1165965036051271935
1165973337523216400,$366.00,NA,6,2,2,2,NA,0,https://www.airbnb.com/rooms/1165973337523216360
1165997330892698600,$47.00,NA,2,1,1,1,NA,0,https://www.airbnb.com/rooms/1165997330892698548
1166030843706237700,$165.00,NA,2,1,1,1,NA,0,https://www.airbnb.com/rooms/1166030843706237712
1166041689726365200,$99.00,NA,2,1,1,1,NA,0,https://www.airbnb.com/rooms/1166041689726365134
1166051715881989400,$135.00,NA,2,1,0,1,NA,0,https://www.airbnb.com/rooms/1166051715881989335
1166084149211199200,$50.00,NA,1,2,1,1,NA,0,https://www.airbnb.com/rooms/1166084149211199170
1166090512207969500,$127.00,NA,2,1,1,1,NA,0,https://www.airbnb.com/rooms/1166090512207969562
116611265990159e4,$479.00,NA,6,1,3,3,NA,0,https://www.airbnb.com/rooms/1166112659901589962
1166118086665626e3,$500.00,NA,2,1,1,1,NA,0,https://www.airbnb.com/rooms/1166118086665626216
1166125218203316500,$350.00,NA,2,1,1,1,NA,0,https://www.airbnb.com/rooms/1166125218203316482
1166224724395561200,$40.00,Neighborhood highlights,1,1,1,1,NA,0,https://www.airbnb.com/rooms/1166224724395561072
1166236579959792400,$41.00,Neighborhood highlights,2,1,1,1,NA,0,https://www.airbnb.com/rooms/1166236579959792387
1166304535202247400,$695.00,NA,2,1,1,1,NA,0,https://www.airbnb.com/rooms/1166304535202247590
1166370815685980700,$196.00,NA,4,1,2,2,NA,0,https://www.airbnb.com/rooms/1166370815685980711
1166464491625283800,$58.00,NA,1,2,1,1,NA,0,https://www.airbnb.com/rooms/1166464491625283879
1166473177332534300,$58.00,NA,1,2,1,1,NA,0,https://www.airbnb.com/rooms/1166473177332534269
1166487900438773500,$408.00,Neighborhood highlights,4,1,2,2,NA,0,https://www.airbnb.com/rooms/1166487900438773424
1166488176169276200,$458.00,Neighborhood highlights,4,1,2,2,NA,0,https://www.airbnb.com/rooms/1166488176169276230
1166492436356509200,$258.00,Neighborhood highlights,2,1,1,1,NA,0,https://www.airbnb.com/rooms/1166492436356509163
1166492712162142500,$503.00,Neighborhood highlights,4,1,2,2,NA,0,https://www.airbnb.com/rooms/1166492712162142489
1166500816597436400,NA,NA,3,NA,2,NA,NA,0,https://www.airbnb.com/rooms/1166500816597436286
1166512552083775e3,$299.00,NA,6,2,3,3,NA,0,https://www.airbnb.com/rooms/1166512552083774951
1166539028397692e3,$299.00,NA,6,1,3,3,NA,0,https://www.airbnb.com/rooms/1166539028397691994
1166562897657852200,$319.00,NA,4,1,2,2,NA,0,https://www.airbnb.com/rooms/1166562897657852177
1166607755611997400,$170.00,NA,4,2,2,2,NA,0,https://www.airbnb.com/rooms/1166607755611997508
1166630048403994400,$146.00,NA,6,3,3,3,NA,0,https://www.airbnb.com/rooms/1166630048403994362
1166656723868245500,$240.00,NA,2,1,1,2,NA,0,https://www.airbnb.com/rooms/1166656723868245507
1166668321004872700,$200.00,NA,4,1.5,1,0,NA,0,https://www.airbnb.com/rooms/1166668321004872851
1.1666737958518561e+18,$57.00,NA,1,1,1,0,NA,0,https://www.airbnb.com/rooms/1166673795851856183
1166683088385133e3,NA,NA,1,NA,NA,NA,NA,0,https://www.airbnb.com/rooms/1166683088385132980
1166708562651517700,$76.00,NA,2,1,1,1,NA,0,https://www.airbnb.com/rooms/1166708562651517657
1166742135280652500,$170.00,NA,2,1,0,1,NA,0,https://www.airbnb.com/rooms/1166742135280652647
1166754527822818e3,$54.00,Neighborhood highlights,2,1,1,1,NA,0,https://www.airbnb.com/rooms/1166754527822818019
1166761969688548e3,$55.00,NA,2,1,1,1,3,1,https://www.airbnb.com/rooms/1166761969688548226
1166768241409508e3,$54.00,Neighborhood highlights,2,1,1,1,NA,0,https://www.airbnb.com/rooms/1166768241409508195
1166775366148061400,$54.00,Neighborhood highlights,2,1,1,1,NA,0,https://www.airbnb.com/rooms/1166775366148061502
1166776587586560500,$600.00,NA,8,3,3,3,NA,0,https://www.airbnb.com/rooms/1166776587586560575
1166781115825636e3,$54.00,Neighborhood highlights,2,1,1,1,NA,0,https://www.airbnb.com/rooms/1166781115825636196
1166782898511025e3,$54.00,Neighborhood highlights,2,1,1,1,NA,0,https://www.airbnb.com/rooms/1166782898511024870
1166784902178184700,$59.00,Neighborhood highlights,2,1,1,1,NA,0,https://www.airbnb.com/rooms/1166784902178184741
1166819569051063300,$82.00,NA,4,1,0,2,NA,0,https://www.airbnb.com/rooms/1166819569051063186
1.1668341847610721e+18,$125.00,NA,2,1,1,1,NA,0,https://www.airbnb.com/rooms/1166834184761072046
1166840541946090500,$49.00,NA,2,1,1,1,NA,0,https://www.airbnb.com/rooms/1166840541946090385
1166942970491976200,$110.00,NA,1,1,1,1,NA,0,https://www.airbnb.com/rooms/1166942970491976334
1166943454694759400,NA,NA,3,NA,2,NA,NA,0,https://www.airbnb.com/rooms/1166943454694759463
1166985304842364e3,$46.00,NA,1,1,1,1,NA,0,https://www.airbnb.com/rooms/1166985304842363938
1167010238148291600,$207.00,NA,2,1,1,1,NA,0,https://www.airbnb.com/rooms/1167010238148291696
1167099182966298600,$200.00,NA,4,1,1,2,NA,0,https://www.airbnb.com/rooms/1167099182966298546
1167214519855150600,$63.00,Neighborhood highlights,2,1.5,1,1,NA,0,https://www.airbnb.com/rooms/1167214519855150680
1167230963185461500,$55.00,Neighborhood highlights,2,1.5,1,1,NA,0,https://www.airbnb.com/rooms/1167230963185461637
1167240334295469e3,$362.00,Neighborhood highlights,4,1,2,2,NA,0,https://www.airbnb.com/rooms/1167240334295469098
1167269819629271300,$131.00,NA,2,1,0,1,NA,0,https://www.airbnb.com/rooms/1167269819629271408
1167308666261923600,$144.00,NA,2,1,1,0,NA,0,https://www.airbnb.com/rooms/1167308666261923584
1167315125357515e3,$140.00,NA,3,1,1,1,NA,0,https://www.airbnb.com/rooms/1167315125357515033
1167325491094087700,$150.00,NA,3,1,1,1,NA,0,https://www.airbnb.com/rooms/1167325491094087654
1167342379791816400,$350.00,NA,2,1.5,1,0,NA,0,https://www.airbnb.com/rooms/1167342379791816534
116745853554977e4,NA,NA,1,NA,5,NA,NA,0,https://www.airbnb.com/rooms/1167458535549770158
1167481627705336800,$192.00,NA,4,1,2,3,NA,0,https://www.airbnb.com/rooms/1167481627705336911
1167530178101145e3,$254.00,NA,5,2.5,3,3,NA,0,https://www.airbnb.com/rooms/1167530178101144995
1167557595302835500,$334.00,Neighborhood highlights,2,1,1,1,NA,0,https://www.airbnb.com/rooms/1167557595302835607
1167565745103410200,$10.00,NA,2,1,1,1,NA,0,https://www.airbnb.com/rooms/1167565745103410149
1167592862808716300,$88.00,NA,2,1,1,1,NA,0,https://www.airbnb.com/rooms/1167592862808716300
1167603790366698500,$160.00,Neighborhood highlights,4,1,0,2,4.4,5,https://www.airbnb.com/rooms/1167603790366698489
1167604944642105e3,$950.00,NA,4,1,2,0,NA,0,https://www.airbnb.com/rooms/1167604944642105182
1167617970736141600,$322.00,Neighborhood highlights,2,1,1,1,NA,0,https://www.airbnb.com/rooms/1167617970736141643
1167632880959329e3,$100.00,NA,2,2,1,2,NA,0,https://www.airbnb.com/rooms/1167632880959329025
1167693321211855e3,$55.00,NA,2,1,1,1,NA,0,https://www.airbnb.com/rooms/1167693321211855020
1167777222972401e3,NA,NA,2,NA,1,NA,NA,0,https://www.airbnb.com/rooms/1167777222972400891
1167837313703493400,$200.00,Neighborhood highlights,4,1,1,0,NA,0,https://www.airbnb.com/rooms/1167837313703493463
1167875540709032200,$220.00,Neighborhood highlights,2,1,1,1,NA,0,https://www.airbnb.com/rooms/1167875540709032206
1167975742517802e3,$160.00,Neighborhood highlights,4,1,0,2,5,2,https://www.airbnb.com/rooms/1167975742517801891
1167995766552835300,$80.00,NA,1,1.5,1,1,NA,0,https://www.airbnb.com/rooms/1167995766552835416
1168091905276909600,$43.00,NA,1,1,4,1,NA,0,https://www.airbnb.com/rooms/1168091905276909637
1168091987963126300,$149.00,NA,4,1,2,2,NA,0,https://www.airbnb.com/rooms/1168091987963126455
1.1681041773031521e+18,$181.00,NA,2,1,1,1,NA,0,https://www.airbnb.com/rooms/1168104177303152209
1168125280377121800,$150.00,NA,6,1,1,3,NA,0,https://www.airbnb.com/rooms/1168125280377121887
1168168558837722600,$186.00,NA,2,1,1,NA,NA,0,https://www.airbnb.com/rooms/1168168558837722720
1168168738463899100,NA,NA,2,NA,1,NA,NA,0,https://www.airbnb.com/rooms/1168168738463898991
1168168742111738600,$286.00,NA,2,1,1,NA,NA,0,https://www.airbnb.com/rooms/1168168742111738570
1168168869806739500,$236.00,NA,2,1,1,NA,3.75,4,https://www.airbnb.com/rooms/1168168869806739414
1168169359485094100,$295.00,NA,2,1,1,NA,5,3,https://www.airbnb.com/rooms/1168169359485094237
1168239688305286400,NA,NA,2,NA,1,NA,NA,0,https://www.airbnb.com/rooms/1168239688305286441
1168300598293521700,$82.00,Neighborhood highlights,2,1,1,1,NA,0,https://www.airbnb.com/rooms/1168300598293521788
1168612036616137200,$153.00,NA,5,1,2,0,NA,0,https://www.airbnb.com/rooms/1168612036616137137
1168686341536062200,$500.00,NA,4,1,2,3,NA,0,https://www.airbnb.com/rooms/1168686341536062275
1168689030570410200,$36.00,NA,1,3,1,1,NA,0,https://www.airbnb.com/rooms/1168689030570410318
1168703023053244700,$650.00,NA,8,1.5,3,4,NA,0,https://www.airbnb.com/rooms/1168703023053244573
1168706691983071700,$325.00,NA,6,1.5,3,4,NA,0,https://www.airbnb.com/rooms/1168706691983071846
1168736445130076700,NA,NA,2,NA,NA,NA,NA,0,https://www.airbnb.com/rooms/1168736445130076647
1168752743571994e3,$384.00,NA,2,1,1,NA,NA,0,https://www.airbnb.com/rooms/1168752743571994035
1168812476566201900,$148.00,NA,3,2,2,2,NA,0,https://www.airbnb.com/rooms/1168812476566201714
1168899697914029600,$98.00,NA,2,1,0,1,NA,0,https://www.airbnb.com/rooms/1168899697914029586
1168901498789615e3,$55.00,NA,1,1,1,0,NA,0,https://www.airbnb.com/rooms/1168901498789615100
1168902661787806e3,$98.00,NA,2,1,0,1,NA,0,https://www.airbnb.com/rooms/1168902661787805861
1168969419634851300,$144.00,NA,2,0.5,1,2,NA,0,https://www.airbnb.com/rooms/1168969419634851242
1169101124186546400,$135.00,NA,2,1,1,1,NA,0,https://www.airbnb.com/rooms/1169101124186546477
1169137558497211400,$69.00,NA,2,2,1,1,NA,0,https://www.airbnb.com/rooms/1169137558497211534
1169296521633718e3,NA,NA,2,NA,1,NA,NA,0,https://www.airbnb.com/rooms/1169296521633718073
1169361422033818e3,$178.00,NA,6,1,2,0,NA,0,https://www.airbnb.com/rooms/1169361422033818059
1169425666098995e3,$195.00,NA,4,1,1,1,NA,0,https://www.airbnb.com/rooms/1169425666098994894
1.1696238806134559e+18,$103.00,NA,2,1,1,0,NA,0,https://www.airbnb.com/rooms/1169623880613455919
1169624283672832500,$960.00,NA,4,2.5,2,2,NA,0,https://www.airbnb.com/rooms/1169624283672832614
1169629540857873400,$365.00,NA,6,1,2,5,NA,0,https://www.airbnb.com/rooms/1169629540857873226
1169664704428292e3,$210.00,NA,4,1,1,0,NA,0,https://www.airbnb.com/rooms/1169664704428291999
1169735081820698e3,$97.00,NA,2,1,2,2,NA,0,https://www.airbnb.com/rooms/1169735081820698039
1169852638825825e3,$190.00,NA,2,1,1,1,NA,0,https://www.airbnb.com/rooms/1169852638825824951
1169858168835396e3,$290.00,NA,3,1,0,0,NA,0,https://www.airbnb.com/rooms/1169858168835395933
1169969466964491800,$90.00,NA,1,1,1,1,NA,0,https://www.airbnb.com/rooms/1169969466964491664
1170182963226148e3,$259.00,NA,2,1,1,1,NA,0,https://www.airbnb.com/rooms/1170182963226148070
1170193414583043300,$72.00,NA,1,1,1,1,NA,0,https://www.airbnb.com/rooms/1170193414583043421
1170202725552532700,NA,NA,1,1,1,1,NA,0,https://www.airbnb.com/rooms/1170202725552532590
117021403717802e4,$261.00,NA,1,1,1,1,NA,0,https://www.airbnb.com/rooms/1170214037178020192
1170230963118362600,$216.00,NA,2,1,1,1,NA,0,https://www.airbnb.com/rooms/1170230963118362705
1170255004454854100,$349.00,NA,8,1,4,4,NA,0,https://www.airbnb.com/rooms/1170255004454854248
1170265043037722600,$280.00,NA,2,1,1,1,NA,0,https://www.airbnb.com/rooms/1170265043037722565
1170279640236034800,NA,NA,3,NA,1,NA,NA,0,https://www.airbnb.com/rooms/1170279640236034902
1170322411304044800,$332.00,Neighborhood highlights,2,1,1,2,NA,0,https://www.airbnb.com/rooms/1170322411304044778
1170335111195186700,$120.00,NA,2,1,2,0,NA,0,https://www.airbnb.com/rooms/1170335111195186751
1170365386906219300,$96.00,NA,2,1,1,1,NA,0,https://www.airbnb.com/rooms/1170365386906219130
1170370478953984e3,NA,NA,2,NA,1,NA,NA,0,https://www.airbnb.com/rooms/1170370478953983948
1170382047568454e3,$186.00,Neighborhood highlights,2,1,0,1,NA,0,https://www.airbnb.com/rooms/1170382047568453944
1170382232743463400,$176.00,Neighborhood highlights,2,1,0,1,NA,0,https://www.airbnb.com/rooms/1170382232743463314
1170382464922375400,$160.00,Neighborhood highlights,2,1,0,1,NA,0,https://www.airbnb.com/rooms/1170382464922375519
1170423544474098e3,$180.00,NA,3,1,1,1,NA,0,https://www.airbnb.com/rooms/1170423544474097900
1170434064487997400,NA,NA,2,NA,3,NA,NA,0,https://www.airbnb.com/rooms/1170434064487997413
1170435457640013300,$111.00,NA,2,1,1,1,NA,0,https://www.airbnb.com/rooms/1170435457640013444
1170435534385420500,$146.00,NA,2,1,0,1,4,1,https://www.airbnb.com/rooms/1170435534385420529
1170440093103733500,$160.00,Neighborhood highlights,4,1,0,2,5,3,https://www.airbnb.com/rooms/1170440093103733601
1170443689607051800,$160.00,Neighborhood highlights,4,1,0,2,5,1,https://www.airbnb.com/rooms/1170443689607051726
1170446381119755800,$126.00,Neighborhood highlights,2,1,0,1,4.75,4,https://www.airbnb.com/rooms/1170446381119755665
1170447796069675500,$129.00,Neighborhood highlights,2,1,1,1,4.5,2,https://www.airbnb.com/rooms/1170447796069675601
1170449637391846100,$133.00,Neighborhood highlights,2,1,0,1,4.83,6,https://www.airbnb.com/rooms/1170449637391846183
1170451381770726100,$136.00,Neighborhood highlights,2,1,0,1,5,1,https://www.airbnb.com/rooms/1170451381770726306
1170453307286952700,$144.00,Neighborhood highlights,2,1,0,1,4.4,5,https://www.airbnb.com/rooms/1170453307286952641
1170455226677183500,$150.00,Neighborhood highlights,2,1,0,1,5,2,https://www.airbnb.com/rooms/1170455226677183433
1170456838784967e3,$144.00,Neighborhood highlights,4,1,0,2,4.5,4,https://www.airbnb.com/rooms/1170456838784966947
1170458830141183500,$136.00,Neighborhood highlights,4,1,0,2,4,5,https://www.airbnb.com/rooms/1170458830141183381
1170461052236041700,$129.00,Neighborhood highlights,2,1,0,1,5,3,https://www.airbnb.com/rooms/1170461052236041690
1170462643049849e3,$154.00,Neighborhood highlights,2,1,0,1,5,3,https://www.airbnb.com/rooms/1170462643049849090
1170464440178951200,$144.00,Neighborhood highlights,2,1,0,1,4.5,4,https://www.airbnb.com/rooms/1170464440178951116
1170560542670562300,$132.00,NA,2,1,0,1,NA,0,https://www.airbnb.com/rooms/1170560542670562358
1170607520338340400,$40.00,NA,2,1,1,1,NA,0,https://www.airbnb.com/rooms/1170607520338340546
1170616948195207e3,$117.00,NA,3,1,1,1,NA,0,https://www.airbnb.com/rooms/1170616948195206910
1170657502791644400,$80.00,NA,2,1,1,1,NA,0,https://www.airbnb.com/rooms/1170657502791644497
1.1709196732728479e+18,$272.00,NA,3,1,1,0,NA,0,https://www.airbnb.com/rooms/1170919673272847965
1170943091583076e3,$71.00,NA,2,1,1,1,NA,0,https://www.airbnb.com/rooms/1170943091583076037
1170967759871837700,$178.00,NA,7,2,3,3,NA,0,https://www.airbnb.com/rooms/1170967759871837750
1170996373078796300,$293.00,NA,6,1,3,4,4.5,2,https://www.airbnb.com/rooms/1170996373078796198
1170999743157906400,$238.00,NA,2,1,1,NA,NA,0,https://www.airbnb.com/rooms/1170999743157906405
1170999941540624400,NA,NA,2,NA,1,NA,NA,0,https://www.airbnb.com/rooms/1170999941540624391
1170999941709799700,$255.00,NA,2,1,1,NA,NA,0,https://www.airbnb.com/rooms/1170999941709799651
1171000066483916800,$289.00,NA,2,1,1,NA,NA,0,https://www.airbnb.com/rooms/1171000066483916872
1171000069967048200,$323.00,NA,2,1,1,NA,NA,0,https://www.airbnb.com/rooms/1171000069967048185
117100019685584e4,NA,NA,2,NA,1,NA,NA,0,https://www.airbnb.com/rooms/1171000196855839994
1171012769356179500,$800.00,NA,6,2,2,3,NA,0,https://www.airbnb.com/rooms/1171012769356179541
1171027579454262300,$228.00,NA,2,1,1,1,NA,0,https://www.airbnb.com/rooms/1171027579454262378
1171048735255126e3,$120.00,NA,4,1.5,2,2,NA,0,https://www.airbnb.com/rooms/1171048735255126040
1171049090694334700,$184.00,Neighborhood highlights,2,1,1,1,NA,0,https://www.airbnb.com/rooms/1171049090694334750
1171095609819278e3,$100.00,NA,2,1,1,1,NA,0,https://www.airbnb.com/rooms/1171095609819278085
1171128417170687e3,$140.00,NA,6,2,3,0,NA,0,https://www.airbnb.com/rooms/1171128417170687013
1171165805793847800,$61.00,Neighborhood highlights,2,1.5,1,1,NA,0,https://www.airbnb.com/rooms/1171165805793847671
1171236638828070700,$465.00,NA,6,1,3,3,NA,0,https://www.airbnb.com/rooms/1171236638828070731
1171285123404806100,$800.00,NA,2,1,1,0,NA,0,https://www.airbnb.com/rooms/1171285123404806003
1171302136820753400,$360.00,NA,12,2,4,2,NA,0,https://www.airbnb.com/rooms/1171302136820753355
1171487110323225900,$94.00,NA,1,1,1,1,NA,0,https://www.airbnb.com/rooms/1171487110323225921
1171688712626235400,$135.00,Neighborhood highlights,3,1,1,0,NA,0,https://www.airbnb.com/rooms/1171688712626235580
1171720824542726100,$199.00,NA,2,1,1,2,NA,0,https://www.airbnb.com/rooms/1171720824542726103
1171818396809847800,$450.00,NA,4,2,2,2,NA,0,https://www.airbnb.com/rooms/1171818396809847785
1171843641631129300,$154.00,NA,2,1,1,1,NA,0,https://www.airbnb.com/rooms/1171843641631129200
1171872299435239700,$150.00,NA,2,2,2,3,NA,0,https://www.airbnb.com/rooms/1171872299435239706
1171874826602262e3,$79.00,NA,1,1,1,1,NA,0,https://www.airbnb.com/rooms/1171874826602261912
1171907062596212500,$300.00,NA,5,1,2,3,5,4,https://www.airbnb.com/rooms/1171907062596212569
1.1719331706604639e+18,$88.00,NA,2,1,1,1,NA,0,https://www.airbnb.com/rooms/1171933170660463825
1171976263534901e3,"$1,999.00",NA,6,1,3,4,NA,0,https://www.airbnb.com/rooms/1171976263534900894
1172038457820533500,$129.00,NA,11,1,2,0,NA,0,https://www.airbnb.com/rooms/1172038457820533616
1172052370876056e3,$199.00,NA,16,1,2,0,NA,0,https://www.airbnb.com/rooms/1172052370876056188
1172095047187399200,$38.00,NA,2,1,1,1,NA,0,https://www.airbnb.com/rooms/1172095047187399190
1172258953400590300,$356.00,Neighborhood highlights,2,1,1,1,NA,0,https://www.airbnb.com/rooms/1172258953400590172
1172259302904879600,$238.00,Neighborhood highlights,2,1,0,1,NA,0,https://www.airbnb.com/rooms/1172259302904879588
1172273243555039700,$50.00,NA,1,2,1,1,NA,0,https://www.airbnb.com/rooms/1172273243555039630
1172342769156426200,$280.00,NA,3,1,1,1,NA,0,https://www.airbnb.com/rooms/1172342769156426306
1172359677808550400,$64.00,NA,1,1,1,1,NA,0,https://www.airbnb.com/rooms/1172359677808550406
1172390447761210400,$120.00,NA,4,1,1,0,NA,0,https://www.airbnb.com/rooms/1172390447761210181
1172445787241483800,$101.00,NA,3,1.5,2,2,NA,0,https://www.airbnb.com/rooms/1172445787241483731
1172459527270664700,$183.00,NA,2,1,0,0,NA,0,https://www.airbnb.com/rooms/1172459527270664740
1172462116711578600,$62.00,Neighborhood highlights,1,1,1,1,NA,0,https://www.airbnb.com/rooms/1172462116711578594
1172467724878850600,$539.00,NA,5,2.5,4,4,NA,0,https://www.airbnb.com/rooms/1172467724878850533
1172482872067209500,$411.00,NA,2,1,1,1,NA,0,https://www.airbnb.com/rooms/1172482872067209423
1172482872107801300,$393.00,NA,2,1,1,1,NA,0,https://www.airbnb.com/rooms/1172482872107801367
1172494675715403e3,$66.00,NA,2,1,1,0,NA,0,https://www.airbnb.com/rooms/1172494675715402991
1172500363755547100,$236.00,NA,2,1,0,NA,4.5,2,https://www.airbnb.com/rooms/1172500363755547171
1172519997987945200,$46.00,NA,2,1,1,1,NA,0,https://www.airbnb.com/rooms/1172519997987945317
1172529886815492600,$47.00,NA,2,1,1,1,NA,0,https://www.airbnb.com/rooms/1172529886815492541
1172532404226920700,$47.00,NA,2,1,1,1,NA,0,https://www.airbnb.com/rooms/1172532404226920761
1172571549765410800,$120.00,NA,4,1,2,2,NA,0,https://www.airbnb.com/rooms/1172571549765410923
1172604671884928300,$80.00,NA,2,2,1,1,NA,0,https://www.airbnb.com/rooms/1172604671884928390
1172630145811618300,$70.00,NA,1,2,1,1,NA,0,https://www.airbnb.com/rooms/1172630145811618462
1172650352166849500,$47.00,NA,1,1,1,0,NA,0,https://www.airbnb.com/rooms/1172650352166849497
1172674114375162600,$199.00,NA,2,2,2,2,5,1,https://www.airbnb.com/rooms/1172674114375162597
1172884916397719300,$40.00,NA,1,2,4,1,NA,0,https://www.airbnb.com/rooms/1172884916397719134
1173024817414550300,$35.00,NA,1,1,NA,1,NA,0,https://www.airbnb.com/rooms/1173024817414550248
1173054019210100200,$175.00,NA,5,1,3,3,NA,0,https://www.airbnb.com/rooms/1173054019210100154
1173068061582063600,$36.00,NA,1,2,1,1,NA,0,https://www.airbnb.com/rooms/1173068061582063688
1173089351527911e3,$310.00,NA,3,2,2,2,NA,0,https://www.airbnb.com/rooms/1173089351527910885
1173103794217373700,$141.00,NA,4,1,0,2,4,1,https://www.airbnb.com/rooms/1173103794217373729
1173108387029964300,$163.00,NA,2,1,0,1,NA,0,https://www.airbnb.com/rooms/1173108387029964187
1173119599443925e3,$368.00,Neighborhood highlights,2,1,1,1,NA,0,https://www.airbnb.com/rooms/1173119599443925057
1173122088428581e3,$700.00,NA,8,4.5,4,4,NA,0,https://www.airbnb.com/rooms/1173122088428581098
1173155686408356400,$154.00,NA,2,1,0,1,NA,0,https://www.airbnb.com/rooms/1173155686408356519
1173168273112763100,$141.00,NA,2,1,0,1,NA,0,https://www.airbnb.com/rooms/1173168273112763284
1173178020006389800,$134.00,NA,2,1,0,1,5,2,https://www.airbnb.com/rooms/1173178020006389735
1173184225634950100,$126.00,NA,2,1,0,1,4,2,https://www.airbnb.com/rooms/1173184225634950250
1173206196468921600,$47.00,NA,2,0.5,0,1,NA,0,https://www.airbnb.com/rooms/1173206196468921603
1173233962500563700,$127.00,NA,2,1,0,1,NA,0,https://www.airbnb.com/rooms/1173233962500563626
1173237288996322300,$141.00,NA,4,1,0,2,5,3,https://www.airbnb.com/rooms/1173237288996322274
1173239609371845400,$126.00,NA,2,1,0,1,5,2,https://www.airbnb.com/rooms/1173239609371845295
1173275708094376700,$434.00,NA,10,2,5,6,NA,0,https://www.airbnb.com/rooms/1173275708094376748
1173311301512116500,$57.00,NA,2,2,1,1,NA,0,https://www.airbnb.com/rooms/1173311301512116540
117338368927859e4,$95.00,NA,1,1,1,1,NA,0,https://www.airbnb.com/rooms/1173383689278589943
1173392258757374500,$223.00,NA,3,1,1,2,NA,0,https://www.airbnb.com/rooms/1173392258757374469
1173419414839629800,$102.00,Neighborhood highlights,3,1,1,3,NA,0,https://www.airbnb.com/rooms/1173419414839629936
1173460101239720400,$88.00,NA,1,1,3,1,NA,0,https://www.airbnb.com/rooms/1173460101239720433
1173497139301669e3,$139.00,NA,2,1,2,3,NA,0,https://www.airbnb.com/rooms/1173497139301669046
1173506560197827e3,$126.00,NA,2,1,3,2,NA,0,https://www.airbnb.com/rooms/1173506560197827017
1173725007784697e3,"$2,000.00",NA,5,2,2,3,NA,0,https://www.airbnb.com/rooms/1173725007784697190
1173823529622100700,$53.00,NA,1,1,1,1,NA,0,https://www.airbnb.com/rooms/1173823529622100600
1173927882151572700,$500.00,NA,5,2,2,3,NA,0,https://www.airbnb.com/rooms/1173927882151572672
1173988629203386600,$149.00,NA,4,1,2,1,NA,0,https://www.airbnb.com/rooms/1173988629203386774
1174005047764407600,$154.00,NA,2,1,0,0,NA,0,https://www.airbnb.com/rooms/1174005047764407594
1174146585784878600,$76.00,NA,2,1,1,1,NA,0,https://www.airbnb.com/rooms/1174146585784878736
1174195807248067800,$95.00,NA,1,1,1,1,NA,0,https://www.airbnb.com/rooms/1174195807248067873
1174211243885753900,$150.00,NA,2,1,1,1,NA,0,https://www.airbnb.com/rooms/1174211243885753861
1174252633024473300,$122.00,NA,2,1,1,1,NA,0,https://www.airbnb.com/rooms/1174252633024473480
1174267124201647600,$500.00,NA,4,1,2,2,NA,0,https://www.airbnb.com/rooms/1174267124201647541
1174406252252814800,$500.00,NA,2,1,0,1,NA,0,https://www.airbnb.com/rooms/1174406252252814949
1174431677894263300,$181.00,NA,1,1.5,1,1,NA,0,https://www.airbnb.com/rooms/1174431677894263183
1174564154769071600,$300.00,NA,7,1,1,4,NA,0,https://www.airbnb.com/rooms/1174564154769071761
1174664876231706600,$600.00,NA,2,1,1,1,NA,0,https://www.airbnb.com/rooms/1174664876231706501
1174665140305981700,$116.00,NA,2,1,1,1,NA,0,https://www.airbnb.com/rooms/1174665140305981711
1174718247251405800,$144.00,NA,5,1,2,2,NA,0,https://www.airbnb.com/rooms/1174718247251405899
1174723353117495e3,$120.00,NA,4,1,1,2,NA,0,https://www.airbnb.com/rooms/1174723353117494997
1174734550057305300,$175.00,NA,2,1,1,1,NA,0,https://www.airbnb.com/rooms/1174734550057305374
1174826843393810400,$100.00,NA,1,0.5,1,1,NA,0,https://www.airbnb.com/rooms/1174826843393810403
1174943992395900700,$65.00,NA,2,1,1,1,NA,0,https://www.airbnb.com/rooms/1174943992395900711
1174964254378036200,$184.00,NA,6,1,3,3,NA,0,https://www.airbnb.com/rooms/1174964254378036352
1175212991984049200,$154.00,NA,6,2.5,3,4,NA,0,https://www.airbnb.com/rooms/1175212991984049107
1175345281159905800,$350.00,NA,2,1.5,1,1,NA,0,https://www.airbnb.com/rooms/1175345281159905749
1175393719848631600,$280.00,NA,6,2,2,3,NA,0,https://www.airbnb.com/rooms/1175393719848631498
1175518732499986400,$148.00,NA,2,1,1,1,NA,0,https://www.airbnb.com/rooms/1175518732499986458
1175687311614857200,$120.00,NA,4,1,2,2,NA,0,https://www.airbnb.com/rooms/1175687311614857262
1175731800751703600,$43.00,Neighborhood highlights,1,1,1,1,NA,0,https://www.airbnb.com/rooms/1175731800751703749
1175891485820743e3,$72.00,NA,1,1,2,1,NA,0,https://www.airbnb.com/rooms/1175891485820742890
1175917377217905e3,$650.00,NA,8,1.5,3,4,NA,0,https://www.airbnb.com/rooms/1175917377217904984
1176051675468510200,$332.00,NA,2,1,1,1,NA,0,https://www.airbnb.com/rooms/1176051675468510066
1176090341170560500,$240.00,NA,6,2,2,3,NA,0,https://www.airbnb.com/rooms/1176090341170560608
1176090722449111800,$155.00,NA,4,1,2,2,NA,0,https://www.airbnb.com/rooms/1176090722449111835
1176109588788492300,$350.00,NA,4,1,1,1,NA,0,https://www.airbnb.com/rooms/1176109588788492097
1176125517996489200,$334.00,Neighborhood highlights,2,1,1,1,NA,0,https://www.airbnb.com/rooms/1176125517996489308
1176130241982516200,$334.00,Neighborhood highlights,2,1,1,2,NA,0,https://www.airbnb.com/rooms/1176130241982516230
1176131434996346e3,$334.00,Neighborhood highlights,2,1,1,1,NA,0,https://www.airbnb.com/rooms/1176131434996346036
1176132135273775e3,$334.00,Neighborhood highlights,2,1,1,1,NA,0,https://www.airbnb.com/rooms/1176132135273775248
1176133169924674300,$482.00,NA,2,1,1,1,NA,0,https://www.airbnb.com/rooms/1176133169924674209
1176134702707994400,$700.00,NA,2,2,1,1,NA,0,https://www.airbnb.com/rooms/1176134702707994476
1176163500569034e3,$39.00,NA,2,1,3,1,NA,0,https://www.airbnb.com/rooms/1176163500569034058
1176170832470740200,$60.00,NA,2,1,1,1,NA,0,https://www.airbnb.com/rooms/1176170832470740249
1176179381586469e3,$41.00,NA,2,1,1,1,NA,0,https://www.airbnb.com/rooms/1176179381586469189
1176181950559007500,$83.00,NA,4,1,1,3,NA,0,https://www.airbnb.com/rooms/1176181950559007519
1176186305026831e3,$59.00,NA,2,1,1,1,NA,0,https://www.airbnb.com/rooms/1176186305026831246
1176190021431223300,$59.00,NA,2,1,1,1,NA,0,https://www.airbnb.com/rooms/1176190021431223305
1176192169488927700,$59.00,NA,2,1,1,1,NA,0,https://www.airbnb.com/rooms/1176192169488927718
1.1762003514238561e+18,$59.00,NA,2,1,1,1,NA,0,https://www.airbnb.com/rooms/1176200351423856008
1176243945930186e3,$39.00,NA,2,1,1,1,NA,0,https://www.airbnb.com/rooms/1176243945930185898
1176313208160631800,$59.00,NA,2,1,1,1,NA,0,https://www.airbnb.com/rooms/1176313208160631856
1176333848981317600,$245.00,NA,2,1,0,1,NA,0,https://www.airbnb.com/rooms/1176333848981317789
1176419157795136300,$80.00,NA,1,1,1,1,NA,0,https://www.airbnb.com/rooms/1176419157795136107
1176638362163293400,$60.00,NA,1,2,1,1,NA,0,https://www.airbnb.com/rooms/1176638362163293425
1176683033732747800,$60.00,NA,1,1,1,1,NA,0,https://www.airbnb.com/rooms/1176683033732747760
1176716745202611700,$71.00,NA,1,2,1,1,NA,0,https://www.airbnb.com/rooms/1176716745202611878
1176740268467522300,$135.00,NA,2,1,0,1,NA,0,https://www.airbnb.com/rooms/1176740268467522249
1176741119044321e3,$300.00,NA,2,1,1,1,NA,0,https://www.airbnb.com/rooms/1176741119044320976
1176742148306401e3,$65.00,NA,1,1,1,1,NA,0,https://www.airbnb.com/rooms/1176742148306400947
1176750384195541500,$80.00,Neighborhood highlights,4,0,1,0,NA,0,https://www.airbnb.com/rooms/1176750384195541501
1176754800801853700,$295.00,Neighborhood highlights,2,1,1,1,NA,0,https://www.airbnb.com/rooms/1176754800801853827
1176754942449540400,$511.00,Neighborhood highlights,4,1,1,2,NA,0,https://www.airbnb.com/rooms/1176754942449540329
1176757546948054e3,$296.00,Neighborhood highlights,2,1,1,1,NA,0,https://www.airbnb.com/rooms/1176757546948053973
1176757652865351200,$414.00,Neighborhood highlights,2,1,1,1,NA,0,https://www.airbnb.com/rooms/1176757652865351125
1176759865231956e3,$314.00,Neighborhood highlights,2,1,1,1,NA,0,https://www.airbnb.com/rooms/1176759865231956032
1176759873820689200,$416.00,Neighborhood highlights,4,1,1,2,NA,0,https://www.airbnb.com/rooms/1176759873820689193
1176767328774849e3,$353.00,NA,2,1,1,NA,NA,0,https://www.airbnb.com/rooms/1176767328774849157
1176767328809600300,$324.00,NA,2,1,1,NA,NA,0,https://www.airbnb.com/rooms/1176767328809600408
1176767469652344600,$414.00,NA,2,1,1,NA,NA,0,https://www.airbnb.com/rooms/1176767469652344496
1176767474837148700,$565.00,NA,2,1,1,NA,NA,0,https://www.airbnb.com/rooms/1176767474837148726
1176780574056693e3,$225.00,NA,4,1,1,2,NA,0,https://www.airbnb.com/rooms/1176780574056692993
1176783478875254300,$55.00,NA,1,1,1,1,NA,0,https://www.airbnb.com/rooms/1176783478875254257
1176791392931672e3,$185.00,NA,2,1,1,1,NA,0,https://www.airbnb.com/rooms/1176791392931671935
1176804219528001800,$53.00,Neighborhood highlights,2,1,1,1,NA,0,https://www.airbnb.com/rooms/1176804219528001761
1176808518687530500,$52.00,Neighborhood highlights,2,1,1,1,NA,0,https://www.airbnb.com/rooms/1176808518687530565
1176809653170272800,$53.00,Neighborhood highlights,2,1,1,1,NA,0,https://www.airbnb.com/rooms/1176809653170272871
1176810507885060900,$52.00,Neighborhood highlights,2,1,1,1,NA,0,https://www.airbnb.com/rooms/1176810507885060753
1176814766851875600,$52.00,Neighborhood highlights,2,1,1,1,NA,0,https://www.airbnb.com/rooms/1176814766851875719
1176844776554408200,$125.00,NA,2,1,1,1,NA,0,https://www.airbnb.com/rooms/1176844776554408205
1176845338133841700,$88.00,NA,3,1,2,2,NA,0,https://www.airbnb.com/rooms/1176845338133841711
1176850237030996e3,$125.00,NA,2,1,1,1,NA,0,https://www.airbnb.com/rooms/1176850237030995823
1176853764246777300,"$1,610.00",NA,5,1,1,1,NA,0,https://www.airbnb.com/rooms/1176853764246777285
1176855637180002800,$100.00,NA,2,1,1,1,NA,0,https://www.airbnb.com/rooms/1176855637180002712
1176859442604809700,$100.00,NA,2,1,1,1,NA,0,https://www.airbnb.com/rooms/1176859442604809808
1176862512389083100,$100.00,NA,2,1,1,1,NA,0,https://www.airbnb.com/rooms/1176862512389083213
1176871461123875800,$100.00,NA,2,1,1,1,NA,0,https://www.airbnb.com/rooms/1176871461123875786
1176875601410501400,$115.00,NA,2,1,1,1,NA,0,https://www.airbnb.com/rooms/1176875601410501285
1176878029150603300,$115.00,NA,2,1,1,1,NA,0,https://www.airbnb.com/rooms/1176878029150603380
1176889420434674200,$300.00,NA,4,1,2,1,NA,0,https://www.airbnb.com/rooms/1176889420434674093
1176890826130811100,$280.00,NA,4,1,2,2,NA,0,https://www.airbnb.com/rooms/1176890826130811003
1176898163498109700,$82.00,NA,2,1,0,1,NA,0,https://www.airbnb.com/rooms/1176898163498109788
1176901814870516700,$790.00,NA,8,1,4,5,NA,0,https://www.airbnb.com/rooms/1176901814870516575
1176907881225088300,$49.00,NA,2,3,1,1,NA,0,https://www.airbnb.com/rooms/1176907881225088150
1176914325857764900,$49.00,NA,2,3,1,1,NA,0,https://www.airbnb.com/rooms/1176914325857764724
1176918102119796500,$50.00,NA,2,3,1,1,NA,0,https://www.airbnb.com/rooms/1176918102119796554
1176922294793823e3,$49.00,NA,2,3,1,1,NA,0,https://www.airbnb.com/rooms/1176922294793822825
1176923380417917200,$48.00,NA,2,3,1,1,NA,0,https://www.airbnb.com/rooms/1176923380417917170
1176936179607448600,$43.00,NA,1,2,1,1,NA,0,https://www.airbnb.com/rooms/1176936179607448594
1177018618722523100,$83.00,NA,2,1,1,1,NA,0,https://www.airbnb.com/rooms/1177018618722523006
1177056016002829800,$148.00,NA,2,1,0,1,NA,0,https://www.airbnb.com/rooms/1177056016002829882
1177194750295324400,$60.00,NA,2,1,1,1,NA,0,https://www.airbnb.com/rooms/1177194750295324498
1177327595254297600,$142.00,NA,2,1,0,1,5,1,https://www.airbnb.com/rooms/1177327595254297656
1177345913286083e3,$142.00,NA,2,1,0,1,5,1,https://www.airbnb.com/rooms/1177345913286082983
1177354623291133e3,$127.00,NA,2,1,0,1,NA,0,https://www.airbnb.com/rooms/1177354623291132944
1177359119693006300,$146.00,NA,2,1,0,1,NA,0,https://www.airbnb.com/rooms/1177359119693006427
1177369589873643300,"$1,200.00",NA,6,1,3,3,NA,0,https://www.airbnb.com/rooms/1177369589873643183
1177419977162681900,$121.00,NA,2,1,0,1,4,3,https://www.airbnb.com/rooms/1177419977162681836
1177429576159372500,$143.00,NA,4,1,0,2,5,1,https://www.airbnb.com/rooms/1177429576159372498
1177433226728660500,$122.00,NA,2,1,0,1,5,2,https://www.airbnb.com/rooms/1177433226728660401
1177433933534269e3,$167.00,NA,2,1,1,1,NA,0,https://www.airbnb.com/rooms/1177433933534268727
1177449988217037300,$127.00,NA,2,1,0,1,NA,0,https://www.airbnb.com/rooms/1177449988217037376
1177450613427046e3,$380.00,NA,6,2,3,3,NA,0,https://www.airbnb.com/rooms/1177450613427045889
117745232525943e4,$127.00,NA,2,1,0,1,2.67,3,https://www.airbnb.com/rooms/1177452325259429952
1177453509132101600,$142.00,NA,2,1,0,1,5,2,https://www.airbnb.com/rooms/1177453509132101787
117745481661761e4,$142.00,NA,2,1,0,1,5,2,https://www.airbnb.com/rooms/1177454816617609897
1177461605461458200,$149.00,NA,2,1,0,1,3,2,https://www.airbnb.com/rooms/1177461605461458079
1.1774731689365279e+18,$142.00,NA,2,1,0,1,5,1,https://www.airbnb.com/rooms/1177473168936527770
1177478027022642700,$137.00,NA,2,1,0,1,5,3,https://www.airbnb.com/rooms/1177478027022642683
1177478770130605800,$97.00,Neighborhood highlights,1,0,3,1,NA,0,https://www.airbnb.com/rooms/1177478770130605966
1177479084776610800,$101.00,Neighborhood highlights,1,0,4,1,NA,0,https://www.airbnb.com/rooms/1177479084776610930
1177479478277828900,$97.00,Neighborhood highlights,1,0,4,1,NA,0,https://www.airbnb.com/rooms/1177479478277828907
1177479778077102300,$144.00,NA,2,1,0,1,5,3,https://www.airbnb.com/rooms/1177479778077102447
1177481454077078e3,$149.00,NA,4,1,0,2,5,1,https://www.airbnb.com/rooms/1177481454077077957
1177486926345069600,$130.00,NA,2,1,0,1,2.5,2,https://www.airbnb.com/rooms/1177486926345069371
117748961729781e4,$226.00,NA,3,1,1,1,NA,0,https://www.airbnb.com/rooms/1177489617297809925
1177494948724690200,$90.00,Neighborhood highlights,1,1.5,1,1,NA,0,https://www.airbnb.com/rooms/1177494948724690298
1177495468022052e3,$127.00,NA,2,1,0,1,4.67,3,https://www.airbnb.com/rooms/1177495468022051968
1177500655441331200,$125.00,NA,2,1,0,1,5,2,https://www.airbnb.com/rooms/1177500655441331249
1177502740401038600,$142.00,NA,4,1,0,2,5,1,https://www.airbnb.com/rooms/1177502740401038558
1177504045631878700,$126.00,NA,2,1,0,1,5,1,https://www.airbnb.com/rooms/1177504045631878580
1177505327183162600,$141.00,NA,2,1,0,1,4.67,3,https://www.airbnb.com/rooms/1177505327183162711
1177516630169566200,$146.00,NA,4,1,0,2,5,1,https://www.airbnb.com/rooms/1177516630169566287
1177518149924973800,$858.00,Neighborhood highlights,2,1,1,1,NA,0,https://www.airbnb.com/rooms/1177518149924973740
1177520082587526400,$146.00,NA,4,1,0,2,NA,0,https://www.airbnb.com/rooms/1177520082587526383
1.1775211003949281e+18,$651.00,Neighborhood highlights,2,1,1,1,NA,0,https://www.airbnb.com/rooms/1177521100394928099
1177525113594178800,$364.00,Neighborhood highlights,2,1,1,1,NA,0,https://www.airbnb.com/rooms/1177525113594178910
1177528855666993e3,$316.00,Neighborhood highlights,2,1,1,2,NA,0,https://www.airbnb.com/rooms/1177528855666992778
1177531789521067300,$404.00,Neighborhood highlights,2,1,1,1,NA,0,https://www.airbnb.com/rooms/1177531789521067331
1177545792823749e3,$49.00,NA,1,2,1,1,NA,0,https://www.airbnb.com/rooms/1177545792823749179
1177546147205287200,$63.00,NA,1,1,0,1,NA,0,https://www.airbnb.com/rooms/1177546147205287242
1177567784657027600,$385.00,Neighborhood highlights,2,1,1,1,NA,0,https://www.airbnb.com/rooms/1177567784657027719
117757034347158e4,$412.00,NA,2,1,1,2,NA,0,https://www.airbnb.com/rooms/1177570343471580040
1177571866340049700,$150.00,NA,3,1,3,1,NA,0,https://www.airbnb.com/rooms/1177571866340049678
1177572288353147100,$192.00,NA,2,1,1,NA,NA,0,https://www.airbnb.com/rooms/1177572288353147259
1177572288411761200,$212.00,NA,2,1,1,NA,NA,0,https://www.airbnb.com/rooms/1177572288411761056
1177575235184236500,$946.00,Neighborhood highlights,2,1,1,1,NA,0,https://www.airbnb.com/rooms/1177575235184236637
1177577518403761400,$528.00,Neighborhood highlights,2,1,1,1,NA,0,https://www.airbnb.com/rooms/1177577518403761449
1177580233239222800,$512.00,Neighborhood highlights,2,1,1,1,NA,0,https://www.airbnb.com/rooms/1177580233239222771
1177585263100246300,$364.00,Neighborhood highlights,2,1,1,2,NA,0,https://www.airbnb.com/rooms/1177585263100246282
1177588064060087800,$414.00,Neighborhood highlights,4,1,1,2,NA,0,https://www.airbnb.com/rooms/1177588064060087641
1177588192535733800,$54.00,Neighborhood highlights,2,2,1,1,NA,0,https://www.airbnb.com/rooms/1177588192535733750
1177591637239485700,$54.00,Neighborhood highlights,2,2,1,1,NA,0,https://www.airbnb.com/rooms/1177591637239485793
1177594410702319400,$166.00,NA,4,1,2,1,NA,0,https://www.airbnb.com/rooms/1177594410702319430
1177601439611170300,$54.00,Neighborhood highlights,2,2,1,1,NA,0,https://www.airbnb.com/rooms/1177601439611170315
1177606089286884e3,$55.00,NA,1,1,1,1,NA,0,https://www.airbnb.com/rooms/1177606089286884104
1177643747655874300,$225.00,NA,4,1,1,2,NA,0,https://www.airbnb.com/rooms/1177643747655874371
117769292809873e4,$980.00,NA,4,1,2,2,NA,0,https://www.airbnb.com/rooms/1177692928098729871
1177693102644432600,$228.00,NA,6,1,2,2,NA,0,https://www.airbnb.com/rooms/1177693102644432723
1177781030241641e3,$54.00,NA,1,2,4,1,NA,0,https://www.airbnb.com/rooms/1177781030241641018
1177788220896491e3,$51.00,NA,1,2,4,1,NA,0,https://www.airbnb.com/rooms/1177788220896491080
1177793935081583600,$50.00,NA,1,2,4,1,NA,0,https://www.airbnb.com/rooms/1177793935081583592
1177800642147975700,$48.00,NA,1,2,4,1,NA,0,https://www.airbnb.com/rooms/1177800642147975764
1177889307568532700,$149.00,NA,2,1,1,1,NA,0,https://www.airbnb.com/rooms/1177889307568532709
1178154547956921900,$110.00,NA,2,1,1,1,NA,0,https://www.airbnb.com/rooms/1178154547956921938
117817194629562e4,$354.00,NA,6,1,0,3,NA,0,https://www.airbnb.com/rooms/1178171946295620150
1178246090045345e3,$225.00,NA,2,1,1,1,NA,0,https://www.airbnb.com/rooms/1178246090045344884
1178253752425538300,$95.00,NA,1,1,1,1,NA,0,https://www.airbnb.com/rooms/1178253752425538458
1178254959604207600,$100.00,NA,3,1,2,2,NA,0,https://www.airbnb.com/rooms/1178254959604207601
1178295540109394200,$261.00,NA,4,1,2,2,NA,0,https://www.airbnb.com/rooms/1178295540109394293
1178331702133034200,$348.00,Neighborhood highlights,2,1,1,1,NA,0,https://www.airbnb.com/rooms/1178331702133034216
1178333093852927200,$422.00,Neighborhood highlights,2,1,1,1,NA,0,https://www.airbnb.com/rooms/1178333093852927243
1178334038915821300,$265.00,Neighborhood highlights,2,1,1,1,NA,0,https://www.airbnb.com/rooms/1178334038915821355
1178425983423625e3,$350.00,NA,4,1.5,2,2,NA,0,https://www.airbnb.com/rooms/1178425983423625001
1178437366550414300,$58.00,NA,1,1,1,1,NA,0,https://www.airbnb.com/rooms/1178437366550414317
1178600619022739500,"$1,500.00",NA,2,1,0,2,NA,0,https://www.airbnb.com/rooms/1178600619022739521
1178864967027719200,$297.00,Neighborhood highlights,2,1,1,1,NA,0,https://www.airbnb.com/rooms/1178864967027719274
1178865375768074500,$410.00,Neighborhood highlights,4,1,2,2,NA,0,https://www.airbnb.com/rooms/1178865375768074643
1178901341144672300,$118.00,Neighborhood highlights,2,1,1,2,NA,0,https://www.airbnb.com/rooms/1178901341144672363
117892536698531e4,$163.00,NA,2,1,1,NA,NA,0,https://www.airbnb.com/rooms/1178925366985309887
1178933042306831400,$230.00,NA,2,1,1,2,NA,0,https://www.airbnb.com/rooms/1178933042306831335
1178940573030278100,$55.00,NA,3,2.5,1,1,NA,0,https://www.airbnb.com/rooms/1178940573030278287
1178995698639950300,$360.00,NA,9,3.5,3,4,NA,0,https://www.airbnb.com/rooms/1178995698639950378
1179018171985030700,"$1,002.00",NA,10,2,4,4,NA,0,https://www.airbnb.com/rooms/1179018171985030525
1179020591478413600,$250.00,NA,1,1,1,1,NA,0,https://www.airbnb.com/rooms/1179020591478413625
11790612328414e5,$478.00,NA,6,1,1,1,NA,0,https://www.airbnb.com/rooms/1179061232841399980
1179067639622490600,$406.00,NA,6,2,2,2,NA,0,https://www.airbnb.com/rooms/1179067639622490610
1179073512327622700,$286.00,NA,6,1,1,1,NA,0,https://www.airbnb.com/rooms/1179073512327622680
1179079521784517400,$368.00,NA,6,2,2,2,NA,0,https://www.airbnb.com/rooms/1179079521784517524
1179118942440580900,$90.00,NA,2,1,0,1,NA,0,https://www.airbnb.com/rooms/1179118942440580801
1179200106008015600,$250.00,NA,2,2,1,1,NA,0,https://www.airbnb.com/rooms/1179200106008015661
1179350840295406600,$108.00,NA,2,1,1,1,NA,0,https://www.airbnb.com/rooms/1179350840295406622
1179360993878541300,$121.00,NA,2,1,1,1,NA,0,https://www.airbnb.com/rooms/1179360993878541363
1179574566320269e3,$125.00,Neighborhood highlights,3,1,1,2,NA,0,https://www.airbnb.com/rooms/1179574566320269059
1179816124999094300,$294.00,NA,2,1,3,4,NA,0,https://www.airbnb.com/rooms/1179816124999094433
1180011036035923e3,$147.00,Neighborhood highlights,4,1,1,2,NA,0,https://www.airbnb.com/rooms/1180011036035923098
1180249397571221500,$57.00,NA,1,2,1,1,NA,0,https://www.airbnb.com/rooms/1180249397571221491
1180273104017259800,$60.00,NA,1,2,1,1,NA,0,https://www.airbnb.com/rooms/1180273104017259823
1180299545902646500,$250.00,NA,2,1,0,1,NA,0,https://www.airbnb.com/rooms/1180299545902646491
1180311174617332700,$39.00,NA,1,2,1,1,NA,0,https://www.airbnb.com/rooms/1180311174617332846
1180385200280194800,$47.00,NA,1,1.5,4,1,NA,0,https://www.airbnb.com/rooms/1180385200280194821
1180404015808412200,$44.00,NA,1,1.5,4,1,NA,0,https://www.airbnb.com/rooms/1180404015808412103
1180473296195749e3,$43.00,NA,1,1.5,4,1,NA,0,https://www.airbnb.com/rooms/1180473296195749117
1180483968954712600,$38.00,NA,1,1.5,4,1,NA,0,https://www.airbnb.com/rooms/1180483968954712519
1180528944022099200,$380.00,NA,4,1,1,2,NA,0,https://www.airbnb.com/rooms/1180528944022099282
1180621264369127e3,$88.00,NA,2,1,2,2,NA,0,https://www.airbnb.com/rooms/1180621264369126942
1.1807561463763039e+18,$118.00,NA,2,1,1,1,NA,0,https://www.airbnb.com/rooms/1180756146376303826
1180991665522250200,$438.00,NA,2,1,1,NA,NA,0,https://www.airbnb.com/rooms/1180991665522250201
1180991667116377300,$507.00,NA,2,1,1,NA,NA,0,https://www.airbnb.com/rooms/1180991667116377325
1180992163676898300,$552.00,NA,2,1,1,NA,NA,0,https://www.airbnb.com/rooms/1180992163676898208
1180992166811994600,$596.00,NA,2,1,1,NA,NA,0,https://www.airbnb.com/rooms/1180992166811994634
1180992438919861200,$710.00,NA,2,1,1,NA,NA,0,https://www.airbnb.com/rooms/1180992438919861080
1180992443061554200,$845.00,NA,2,1,1,NA,NA,0,https://www.airbnb.com/rooms/1180992443061554097
1180992717597662500,$597.00,NA,2,1,1,NA,NA,0,https://www.airbnb.com/rooms/1180992717597662375
1181065019558264800,$360.00,NA,4,1,1,2,NA,0,https://www.airbnb.com/rooms/1181065019558265041
1181132608748186e3,$400.00,NA,6,2,3,5,NA,0,https://www.airbnb.com/rooms/1181132608748186326
1181138848303115300,$127.00,NA,4,1,1,1,NA,0,https://www.airbnb.com/rooms/1181138848303115257
1181158581346560800,$46.00,NA,2,1,1,1,NA,0,https://www.airbnb.com/rooms/1181158581346560734
1181162138812945400,$49.00,NA,2,1.5,1,1,NA,0,https://www.airbnb.com/rooms/1181162138812945502
1181162507748278300,$65.00,NA,2,1.5,1,2,NA,0,https://www.airbnb.com/rooms/1181162507748278407
1181193436897014300,$438.00,Neighborhood highlights,2,1,0,1,NA,0,https://www.airbnb.com/rooms/1181193436897014238
1181199532745177e3,$57.00,NA,2,0,1,0,NA,0,https://www.airbnb.com/rooms/1181199532745177158
1181202070041135e3,$57.00,NA,2,2.5,1,1,NA,0,https://www.airbnb.com/rooms/1181202070041135036
1181203681492962800,$49.00,NA,2,1.5,1,1,NA,0,https://www.airbnb.com/rooms/1181203681492962718
1181205605308810800,$49.00,NA,2,1.5,1,1,NA,0,https://www.airbnb.com/rooms/1181205605308810838
1181206568781962200,$199.00,NA,3,1,1,1,NA,0,https://www.airbnb.com/rooms/1181206568781962298
1181207196979762700,$48.00,NA,2,1.5,1,1,NA,0,https://www.airbnb.com/rooms/1181207196979762768
1181208177611882e3,$49.00,NA,2,0,1,0,NA,0,https://www.airbnb.com/rooms/1181208177611881907
1181265124323821800,$61.00,NA,2,4,1,1,NA,0,https://www.airbnb.com/rooms/1181265124323821772
1181270784355831300,$299.00,NA,3,1,1,1,NA,0,https://www.airbnb.com/rooms/1181270784355831217
1181271508575452200,$61.00,NA,2,4,1,1,NA,0,https://www.airbnb.com/rooms/1181271508575452183
1181272879540445200,$61.00,NA,2,4,1,1,NA,0,https://www.airbnb.com/rooms/1181272879540445351
1181305119926101e3,$200.00,NA,2,1,1,1,NA,0,https://www.airbnb.com/rooms/1181305119926100979
1181351193925676e3,$176.00,NA,2,1,1,1,NA,0,https://www.airbnb.com/rooms/1181351193925676055
1181361798958547500,$183.00,NA,2,1,1,1,NA,0,https://www.airbnb.com/rooms/1181361798958547584
1181394579984036400,$160.00,NA,4,1,2,2,NA,0,https://www.airbnb.com/rooms/1181394579984036414
1181435459087247e3,$103.00,NA,2,1,0,1,NA,0,https://www.airbnb.com/rooms/1181435459087247263
1181446925855389700,$75.00,NA,1,1,1,1,NA,0,https://www.airbnb.com/rooms/1181446925855389681
1181553817145803800,$360.00,NA,2,1,1,1,NA,0,https://www.airbnb.com/rooms/1181553817145803852
1181718274221782800,$138.00,NA,2,1,1,1,NA,0,https://www.airbnb.com/rooms/1181718274221782761
1181822862889162800,$995.00,NA,6,3.5,3,3,NA,0,https://www.airbnb.com/rooms/1181822862889162890
1181829235133550300,$105.00,NA,2,1,1,1,NA,0,https://www.airbnb.com/rooms/1181829235133550373
1181939406837292500,$245.00,NA,2,1,1,NA,NA,0,https://www.airbnb.com/rooms/1181939406837292669
1181939407106868e3,$199.00,NA,2,1,1,NA,NA,0,https://www.airbnb.com/rooms/1181939407106867938
1181939492885686e3,$313.00,NA,2,1,1,NA,NA,0,https://www.airbnb.com/rooms/1181939492885685973
1181939496860744400,$193.00,NA,2,1,1,NA,NA,0,https://www.airbnb.com/rooms/1181939496860744554
1181987846467897900,$189.00,NA,3,1,1,1,NA,0,https://www.airbnb.com/rooms/1181987846467897806
1182028248963470600,$50.00,NA,1,1,1,1,NA,0,https://www.airbnb.com/rooms/1182028248963470615
1182031921680617700,$150.00,NA,1,1,1,1,NA,0,https://www.airbnb.com/rooms/1182031921680617824
1182113801389100500,$488.00,NA,6,1.5,2,2,NA,0,https://www.airbnb.com/rooms/1182113801389100485
1182130406376677400,"$1,999.00",NA,4,1,0,2,NA,0,https://www.airbnb.com/rooms/1182130406376677489
1182150899965773e3,$121.00,NA,1,1,1,1,NA,0,https://www.airbnb.com/rooms/1182150899965772908
1182210505899484200,$359.00,NA,8,3,4,4,NA,0,https://www.airbnb.com/rooms/1182210505899484216
1182520722542548e3,$200.00,NA,6,2,3,2,NA,0,https://www.airbnb.com/rooms/1182520722542547995
1182533150915077400,$144.00,NA,4,1,2,3,NA,0,https://www.airbnb.com/rooms/1182533150915077291
1182584678316881e3,$621.00,NA,6,3,2,2,NA,0,https://www.airbnb.com/rooms/1182584678316880838
1182586492072132900,$362.00,NA,2,1,1,1,NA,0,https://www.airbnb.com/rooms/1182586492072132778
1182647495771890700,$334.00,Neighborhood highlights,2,1,1,1,NA,0,https://www.airbnb.com/rooms/1182647495771890748
1182652033696961e3,$334.00,NA,2,1,1,1,NA,0,https://www.airbnb.com/rooms/1182652033696961033
1182655880647889e3,$334.00,Neighborhood highlights,2,1,1,1,NA,0,https://www.airbnb.com/rooms/1182655880647889045
1182679319213709300,$54.00,NA,2,1,1,1,NA,0,https://www.airbnb.com/rooms/1182679319213709253
1182681537144438800,$85.00,NA,2,1,1,1,NA,0,https://www.airbnb.com/rooms/1182681537144438648
1182697122297144e3,$65.00,NA,1,1,NA,1,NA,0,https://www.airbnb.com/rooms/1182697122297144172
1182703112092638700,$175.00,NA,1,1,1,1,NA,0,https://www.airbnb.com/rooms/1182703112092638753
1182781852786296600,"$1,854.00",Neighborhood highlights,2,1,1,1,NA,0,https://www.airbnb.com/rooms/1182781852786296651
1182793483521638e3,$145.00,NA,2,1,1,1,NA,0,https://www.airbnb.com/rooms/1182793483521637790
1182829365209597700,$78.00,NA,1,1,1,1,NA,0,https://www.airbnb.com/rooms/1182829365209597623
1182830975526020400,$120.00,NA,2,1.5,2,2,NA,0,https://www.airbnb.com/rooms/1182830975526020254
1182928464631855600,$56.00,NA,1,1,1,1,NA,0,https://www.airbnb.com/rooms/1182928464631855668
1182959878956973300,$67.00,NA,2,1,1,1,NA,0,https://www.airbnb.com/rooms/1182959878956973304
11830983198439e5,$80.00,NA,1,1,1,1,NA,0,https://www.airbnb.com/rooms/1183098319843899946
1183112253545124e3,$80.00,NA,1,1,1,1,NA,0,https://www.airbnb.com/rooms/1183112253545124012
118314174904359e4,$65.00,NA,1,2,1,1,NA,0,https://www.airbnb.com/rooms/1183141749043589978
1183290796056119300,$120.00,NA,2,0.5,1,1,NA,0,https://www.airbnb.com/rooms/1183290796056119188
1183310711479885e3,$334.00,Neighborhood highlights,2,1,1,1,NA,0,https://www.airbnb.com/rooms/1183310711479885104
1183315589676371700,$334.00,Neighborhood highlights,2,1,1,1,NA,0,https://www.airbnb.com/rooms/1183315589676371755
1183319735897163800,$334.00,Neighborhood highlights,2,1,1,1,NA,0,https://www.airbnb.com/rooms/1183319735897163640
1183321390502234400,$115.00,NA,2,1,1,1,NA,0,https://www.airbnb.com/rooms/1183321390502234381
1183368684574476500,$334.00,Neighborhood highlights,2,1,1,1,NA,0,https://www.airbnb.com/rooms/1183368684574476418
1183370733179749400,$334.00,Neighborhood highlights,2,1,1,1,NA,0,https://www.airbnb.com/rooms/1183370733179749374
1183372612053771800,$334.00,Neighborhood highlights,2,1,1,2,NA,0,https://www.airbnb.com/rooms/1183372612053771614
1183377231211268600,$334.00,Neighborhood highlights,2,1,1,1,NA,0,https://www.airbnb.com/rooms/1183377231211268635
1183379533723856600,$334.00,Neighborhood highlights,2,1,1,1,NA,0,https://www.airbnb.com/rooms/1183379533723856621
1183383003000927700,$334.00,Neighborhood highlights,2,1,1,2,NA,0,https://www.airbnb.com/rooms/1183383003000927854
1183398239642739e3,$334.00,Neighborhood highlights,2,1,1,2,NA,0,https://www.airbnb.com/rooms/1183398239642738842
1183404325423019e3,$999.00,NA,5,1,2,3,NA,0,https://www.airbnb.com/rooms/1183404325423019042
1183536863816738300,$104.00,NA,3,1,1,1,NA,0,https://www.airbnb.com/rooms/1183536863816738392
1183623051781230300,$110.00,NA,4,1,2,3,NA,0,https://www.airbnb.com/rooms/1183623051781230275
1183762663726036500,$67.00,NA,2,1,1,1,NA,0,https://www.airbnb.com/rooms/1183762663726036513
1183775642432616e3,$67.00,NA,2,1,1,1,NA,0,https://www.airbnb.com/rooms/1183775642432615818
1183857113573988900,$67.00,NA,2,1,1,1,NA,0,https://www.airbnb.com/rooms/1183857113573988855
1183977358032161300,$46.00,NA,2,1.5,1,1,NA,0,https://www.airbnb.com/rooms/1183977358032161290
1184015420727050200,$486.00,Neighborhood highlights,4,2,2,2,NA,0,https://www.airbnb.com/rooms/1184015420727050313
1184015830488997400,$304.00,Neighborhood highlights,2,1,1,1,NA,0,https://www.airbnb.com/rooms/1184015830488997500
1.1840237436974239e+18,$46.00,NA,2,1.5,1,1,NA,0,https://www.airbnb.com/rooms/1184023743697423875
1184031717380856300,$46.00,NA,2,1.5,1,1,NA,0,https://www.airbnb.com/rooms/1184031717380856263
1184039275691645e3,$334.00,Neighborhood highlights,2,1,1,1,NA,0,https://www.airbnb.com/rooms/1184039275691644753
1184046565495262700,$334.00,Neighborhood highlights,2,1,1,1,NA,0,https://www.airbnb.com/rooms/1184046565495262732
1184059411658291e3,$334.00,Neighborhood highlights,2,1,1,1,NA,0,https://www.airbnb.com/rooms/1184059411658290965
1184065583313071e3,$334.00,Neighborhood highlights,2,1,1,1,NA,0,https://www.airbnb.com/rooms/1184065583313071236
1184068565040974e3,$334.00,Neighborhood highlights,2,1,1,1,NA,0,https://www.airbnb.com/rooms/1184068565040974034
1184070598813464e3,$43.00,NA,2,1,1,1,NA,0,https://www.airbnb.com/rooms/1184070598813464152
1184071698033958e3,$334.00,Neighborhood highlights,2,1,1,1,NA,0,https://www.airbnb.com/rooms/1184071698033957686
1184074785950415400,$189.00,Neighborhood highlights,2,1,1,1,NA,0,https://www.airbnb.com/rooms/1184074785950415433
1184104558472124e3,$240.00,NA,12,3.5,3,4,NA,0,https://www.airbnb.com/rooms/1184104558472124054
1184122380407824400,$196.00,NA,3,1,2,2,NA,0,https://www.airbnb.com/rooms/1184122380407824450
1184148860887704600,$96.00,Neighborhood highlights,2,1,1,1,NA,0,https://www.airbnb.com/rooms/1184148860887704578
1184156894635177200,$125.00,NA,2,1,2,1,NA,0,https://www.airbnb.com/rooms/1184156894635177297
1184168892238970400,$87.00,Neighborhood highlights,2,1,1,1,NA,0,https://www.airbnb.com/rooms/1184168892238970191
1184215988095302700,$500.00,NA,6,2,3,3,NA,0,https://www.airbnb.com/rooms/1184215988095302690
1184370244265419800,$50.00,NA,5,1,2,2,NA,0,https://www.airbnb.com/rooms/1184370244265419637
1184612752558619100,$334.00,Neighborhood highlights,2,1,1,1,NA,0,https://www.airbnb.com/rooms/1184612752558618970
1184614275534021e3,$334.00,Neighborhood highlights,2,1,1,1,NA,0,https://www.airbnb.com/rooms/1184614275534021178
1184617429166668500,$334.00,Neighborhood highlights,2,1,1,1,NA,0,https://www.airbnb.com/rooms/1184617429166668452
1184628514222287600,$334.00,Neighborhood highlights,4,1,1,1,NA,0,https://www.airbnb.com/rooms/1184628514222287717
1184629864936417800,$334.00,Neighborhood highlights,2,1,1,1,NA,0,https://www.airbnb.com/rooms/1184629864936417769
1184632004227393e3,$334.00,Neighborhood highlights,2,1,1,1,NA,0,https://www.airbnb.com/rooms/1184632004227393091
1184712091554246100,$52.00,NA,1,1,1,1,NA,0,https://www.airbnb.com/rooms/1184712091554246248
1184719571294035e3,$47.00,NA,1,1,3,1,NA,0,https://www.airbnb.com/rooms/1184719571294034966
1184850726195119400,$56.00,NA,1,1,1,1,NA,0,https://www.airbnb.com/rooms/1184850726195119439
1.1848878041933599e+18,$415.00,NA,3,1,1,1,NA,0,https://www.airbnb.com/rooms/1184887804193359974
118491644028223e4,$169.00,NA,4,1,1,1,NA,0,https://www.airbnb.com/rooms/1184916440282229935
1184991550363914800,$99.00,NA,4,1,2,2,NA,0,https://www.airbnb.com/rooms/1184991550363914891
1184996612430904800,$70.00,NA,1,1,1,1,NA,0,https://www.airbnb.com/rooms/1184996612430904945
1185149496223072300,$85.00,NA,2,1,1,1,NA,0,https://www.airbnb.com/rooms/1185149496223072244
1185156531210050800,$120.00,NA,2,1,1,1,NA,0,https://www.airbnb.com/rooms/1185156531210050829
1185278329074406700,$450.00,NA,6,1,1,3,NA,0,https://www.airbnb.com/rooms/1185278329074406490
1185298315132796e3,$334.00,Neighborhood highlights,2,1,1,1,NA,0,https://www.airbnb.com/rooms/1185298315132795997
1185302319609046500,$334.00,Neighborhood highlights,2,1,1,1,NA,0,https://www.airbnb.com/rooms/1185302319609046378
1185304139295085600,$334.00,Neighborhood highlights,2,1,1,1,NA,0,https://www.airbnb.com/rooms/1185304139295085475
1185305951832532700,$334.00,Neighborhood highlights,4,1,1,2,NA,0,https://www.airbnb.com/rooms/1185305951832532661
1185401055995420200,$79.00,NA,2,1,1,2,NA,0,https://www.airbnb.com/rooms/1185401055995420199
1185432330398026e3,$110.00,NA,4,1,1,1,NA,0,https://www.airbnb.com/rooms/1185432330398025908
1185468544557654800,$176.00,NA,5,2,2,2,NA,0,https://www.airbnb.com/rooms/1185468544557654665
1185470040103299e3,$76.00,NA,4,1,2,2,NA,0,https://www.airbnb.com/rooms/1185470040103298988
1185474867677977600,"$7,600.00",NA,14,5,5,6,NA,0,https://www.airbnb.com/rooms/1185474867677977589
1185558004029107e3,$79.00,NA,3,2,1,1,NA,0,https://www.airbnb.com/rooms/1185558004029107039
1185563784096021e3,$96.00,NA,4,2,1,4,NA,0,https://www.airbnb.com/rooms/1185563784096021012
1185577901701346600,$80.00,NA,3,0.5,2,2,NA,0,https://www.airbnb.com/rooms/1185577901701346551
1185601924487896600,"$2,999.00",NA,6,4,4,4,NA,0,https://www.airbnb.com/rooms/1185601924487896453
1185613771715320800,$71.00,NA,1,1,2,2,NA,0,https://www.airbnb.com/rooms/1185613771715320817
1185756641041415400,$54.00,NA,1,2,6,1,NA,0,https://www.airbnb.com/rooms/1185756641041415551
1185763384447493e3,$49.00,NA,1,2,1,1,NA,0,https://www.airbnb.com/rooms/1185763384447493100
1185775087293813500,$50.00,NA,1,2,6,1,NA,0,https://www.airbnb.com/rooms/1185775087293813509
1185781462851867100,$49.00,NA,1,2,6,1,NA,0,https://www.airbnb.com/rooms/1185781462851867066
1185786851717152800,$49.00,NA,1,2,6,1,NA,0,https://www.airbnb.com/rooms/1185786851717152782
1185824268719895e3,$48.00,NA,1,2,6,1,NA,0,https://www.airbnb.com/rooms/1185824268719895046
1185848618818016e3,$400.00,NA,2,1,0,1,NA,0,https://www.airbnb.com/rooms/1185848618818015934
1185877286448955600,$45.00,NA,1,2,4,1,NA,0,https://www.airbnb.com/rooms/1185877286448955629
1185884927544513300,$44.00,NA,1,2,4,1,NA,0,https://www.airbnb.com/rooms/1185884927544513291
1186177119755365400,$60.00,NA,1,2,1,1,NA,0,https://www.airbnb.com/rooms/1186177119755365263
1186184887466565400,$334.00,Neighborhood highlights,2,1,1,1,NA,0,https://www.airbnb.com/rooms/1186184887466565409
1186206258613223400,$334.00,Neighborhood highlights,2,1,1,1,NA,0,https://www.airbnb.com/rooms/1186206258613223390
1186211307589561900,$334.00,Neighborhood highlights,2,1,1,1,NA,0,https://www.airbnb.com/rooms/1186211307589561873
1186221745572681200,$334.00,Neighborhood highlights,2,1,1,1,NA,0,https://www.airbnb.com/rooms/1186221745572681061
1186225358759444700,$334.00,Neighborhood highlights,2,1,1,1,NA,0,https://www.airbnb.com/rooms/1186225358759444675
1186229473688871400,$54.00,NA,2,1,1,1,NA,0,https://www.airbnb.com/rooms/1186229473688871585
1186229966064384300,$334.00,Neighborhood highlights,2,1,1,1,NA,0,https://www.airbnb.com/rooms/1186229966064384156
1186233886414086e3,$334.00,Neighborhood highlights,2,1,1,1,NA,0,https://www.airbnb.com/rooms/1186233886414085869
1186244059405953800,$334.00,Neighborhood highlights,2,1,1,2,NA,0,https://www.airbnb.com/rooms/1186244059405953744
1186246679940531e3,$334.00,Neighborhood highlights,2,1,1,1,NA,0,https://www.airbnb.com/rooms/1186246679940530875
1186253206194178300,$334.00,Neighborhood highlights,2,1,1,1,NA,0,https://www.airbnb.com/rooms/1186253206194178259
1186267082991370800,$400.00,NA,8,3.5,2,3,NA,0,https://www.airbnb.com/rooms/1186267082991370791
1186283652746445800,$334.00,Neighborhood highlights,2,1,1,1,NA,0,https://www.airbnb.com/rooms/1186283652746445708
1186283693207713e3,$93.00,NA,1,1,1,1,NA,0,https://www.airbnb.com/rooms/1186283693207712894
1186285429282188300,$334.00,Neighborhood highlights,2,1,1,1,NA,0,https://www.airbnb.com/rooms/1186285429282188251
1186289505460428500,$334.00,Neighborhood highlights,2,1,1,1,NA,0,https://www.airbnb.com/rooms/1186289505460428535
1186291510965460200,$334.00,Neighborhood highlights,2,1,1,1,NA,0,https://www.airbnb.com/rooms/1186291510965460221
1.1862947851582239e+18,$334.00,Neighborhood highlights,2,1,1,1,NA,0,https://www.airbnb.com/rooms/1186294785158223953
1186301843129759200,$36.00,NA,1,2,1,1,NA,0,https://www.airbnb.com/rooms/1186301843129759433
1186304102999419400,$252.00,NA,6,3,3,5,NA,0,https://www.airbnb.com/rooms/1186304102999419420
1186338398654783200,$36.00,NA,1,2,1,1,NA,0,https://www.airbnb.com/rooms/1186338398654783277
1186381663958729500,$150.00,NA,4,1,1,1,NA,0,https://www.airbnb.com/rooms/1186381663958729439
1186411363056506400,$267.00,NA,4,1,2,2,NA,0,https://www.airbnb.com/rooms/1186411363056506266
1186424182689832700,$90.00,NA,3,2,1,2,NA,0,https://www.airbnb.com/rooms/1186424182689832807
1186434707030682600,"$2,000.00",NA,6,2,3,3,NA,0,https://www.airbnb.com/rooms/1186434707030682550
1186490519371878400,$55.00,NA,1,1,1,1,NA,0,https://www.airbnb.com/rooms/1186490519371878480
1186805962669590800,$120.00,NA,4,1,2,2,NA,0,https://www.airbnb.com/rooms/1186805962669590822
1186890014630731800,$334.00,Neighborhood highlights,4,1,1,2,NA,0,https://www.airbnb.com/rooms/1186890014630731893
118689490713037e4,$334.00,Neighborhood highlights,4,1,1,2,NA,0,https://www.airbnb.com/rooms/1186894907130370127
1186895527783667200,$143.00,NA,3,1,0,1,NA,0,https://www.airbnb.com/rooms/1186895527783667273
1186897872833466e3,$334.00,Neighborhood highlights,4,1,1,2,NA,0,https://www.airbnb.com/rooms/1186897872833466048
1186903416017684200,$334.00,Neighborhood highlights,2,1,1,1,NA,0,https://www.airbnb.com/rooms/1186903416017684192
1186907711168319700,$334.00,Neighborhood highlights,2,1,1,1,NA,0,https://www.airbnb.com/rooms/1186907711168319762
1186917190724228600,$267.00,Neighborhood highlights,2,1,1,1,NA,0,https://www.airbnb.com/rooms/1186917190724228634
1186920458341667600,$267.00,Neighborhood highlights,2,1,1,1,NA,0,https://www.airbnb.com/rooms/1186920458341667614
1186923187535506700,$267.00,Neighborhood highlights,2,1,1,1,NA,0,https://www.airbnb.com/rooms/1186923187535506741
1186926990527101200,$267.00,Neighborhood highlights,2,1,1,1,NA,0,https://www.airbnb.com/rooms/1186926990527101195
1186928155424479500,$100.00,NA,5,1,2,5,NA,0,https://www.airbnb.com/rooms/1186928155424479590
1186946124654749700,$81.00,NA,1,1,1,1,NA,0,https://www.airbnb.com/rooms/1186946124654749782
1186952522572303600,$50.00,NA,1,1,3,1,NA,0,https://www.airbnb.com/rooms/1186952522572303486
1186956319722004500,$334.00,Neighborhood highlights,4,1,1,2,NA,0,https://www.airbnb.com/rooms/1186956319722004438
1186965891928429800,$334.00,Neighborhood highlights,2,1,1,1,NA,0,https://www.airbnb.com/rooms/1186965891928429911
1186974047966323700,$153.00,NA,2,1,1,1,NA,0,https://www.airbnb.com/rooms/1186974047966323749
1186974941555002600,$334.00,Neighborhood highlights,2,1,1,1,NA,0,https://www.airbnb.com/rooms/1186974941555002497
1186980205962754e3,$334.00,Neighborhood highlights,4,1,1,2,NA,0,https://www.airbnb.com/rooms/1186980205962754045
1186983929679899100,$334.00,Neighborhood highlights,2,1,1,1,NA,0,https://www.airbnb.com/rooms/1186983929679899033
1186988763745622500,$334.00,Neighborhood highlights,2,1,1,1,NA,0,https://www.airbnb.com/rooms/1186988763745622430
1186996024281690600,$334.00,Neighborhood highlights,2,1,1,1,NA,0,https://www.airbnb.com/rooms/1186996024281690777
1187010760511968300,$334.00,Neighborhood highlights,2,1,1,1,NA,0,https://www.airbnb.com/rooms/1187010760511968299
1187011379475488300,$334.00,Neighborhood highlights,2,1,1,1,NA,0,https://www.airbnb.com/rooms/1187011379475488112
1187046329458588400,$80.00,NA,2,2,1,1,NA,0,https://www.airbnb.com/rooms/1187046329458588519
1187050756831464e3,$184.00,NA,3,1,1,1,NA,0,https://www.airbnb.com/rooms/1187050756831464071
1187058752046211600,$72.00,NA,1,2,1,1,NA,0,https://www.airbnb.com/rooms/1187058752046211711
1187137844968645400,$156.00,NA,2,1,1,1,NA,0,https://www.airbnb.com/rooms/1187137844968645369
1187225034841477600,$70.00,Neighborhood highlights,2,1,0,1,NA,0,https://www.airbnb.com/rooms/1187225034841477822
1187229111817119e3,$110.00,NA,3,1,1,1,NA,0,https://www.airbnb.com/rooms/1187229111817119034
118730672213228e4,$125.00,NA,2,1,1,1,NA,0,https://www.airbnb.com/rooms/1187306722132280185
1187369774603865300,$600.00,NA,7,2,3,3,NA,0,https://www.airbnb.com/rooms/1187369774603865223
1187403743415458800,$163.00,Neighborhood highlights,2,1,1,1,NA,0,https://www.airbnb.com/rooms/1187403743415458726
1187427570632978400,$155.00,Neighborhood highlights,2,1,1,1,NA,0,https://www.airbnb.com/rooms/1187427570632978490
1187611508857108700,$157.00,NA,4,1,2,2,NA,0,https://www.airbnb.com/rooms/1187611508857108659
1187612697684877e3,$334.00,Neighborhood highlights,2,1,1,1,NA,0,https://www.airbnb.com/rooms/1187612697684877091
1187614420725323300,$234.00,Neighborhood highlights,4,1,1,2,NA,0,https://www.airbnb.com/rooms/1187614420725323124
1187627175926288600,$82.00,NA,1,1,1,1,NA,0,https://www.airbnb.com/rooms/1187627175926288686
1187643784208339700,$54.00,NA,1,2,4,1,NA,0,https://www.airbnb.com/rooms/1187643784208339737
1187643947804946400,$69.00,NA,1,0,1,1,NA,0,https://www.airbnb.com/rooms/1187643947804946622
118764411510604e4,$106.00,NA,1,0,2,1,NA,0,https://www.airbnb.com/rooms/1187644115106040117
1187644283427576600,$101.00,NA,1,0,2,1,NA,0,https://www.airbnb.com/rooms/1187644283427576421
1.1876447617627679e+18,$68.00,NA,1,0,2,1,NA,0,https://www.airbnb.com/rooms/1187644761762768073
1187645340496920600,$91.00,NA,1,0,4,1,NA,0,https://www.airbnb.com/rooms/1187645340496920511
1187645699225154600,$95.00,NA,1,0,3,1,NA,0,https://www.airbnb.com/rooms/1187645699225154498
1187648109285516300,"$3,500.00",NA,10,5.5,6,5,NA,0,https://www.airbnb.com/rooms/1187648109285516282
1187649176431894800,$89.00,NA,1,0,3,1,NA,0,https://www.airbnb.com/rooms/1187649176431894684
1187649308313314800,$90.00,NA,1,0,4,1,NA,0,https://www.airbnb.com/rooms/1187649308313314734
1187659042027906800,$51.00,NA,1,2,4,1,NA,0,https://www.airbnb.com/rooms/1187659042027906670
1187665946650886100,$50.00,NA,1,2,4,1,NA,0,https://www.airbnb.com/rooms/1187665946650886042
1187671575907469e3,$438.00,Neighborhood highlights,2,1,0,1,NA,0,https://www.airbnb.com/rooms/1187671575907468905
1187672009707431e3,$61.00,NA,1,0,4,1,NA,0,https://www.airbnb.com/rooms/1187672009707430909
1187672557381993e3,$59.00,NA,1,0,4,1,NA,0,https://www.airbnb.com/rooms/1187672557381993042
1187723295314942500,$650.00,Neighborhood highlights,4,1,1,2,NA,0,https://www.airbnb.com/rooms/1187723295314942476
1187755743089598500,$397.00,NA,10,1,2,2,NA,0,https://www.airbnb.com/rooms/1187755743089598473
1187971553288042e3,$180.00,NA,2,1,1,1,NA,0,https://www.airbnb.com/rooms/1187971553288041863
1188015017416675600,$160.00,Neighborhood highlights,2,1,2,2,NA,0,https://www.airbnb.com/rooms/1188015017416675461
1188152660591876e3,$265.00,Neighborhood highlights,2,1,0,1,NA,0,https://www.airbnb.com/rooms/1188152660591876033
1188328691952819500,$258.00,NA,2,1,1,2,NA,0,https://www.airbnb.com/rooms/1188328691952819508
1188331624742599400,$720.00,NA,6,2,2,2,NA,0,https://www.airbnb.com/rooms/1188331624742599402
1188339530782973e3,$300.00,NA,4,1,2,3,NA,0,https://www.airbnb.com/rooms/1188339530782972772
1188367087484039400,$92.00,NA,2,2,1,1,NA,0,https://www.airbnb.com/rooms/1188367087484039391
1188371603911979500,$492.00,Neighborhood highlights,4,2,2,2,NA,0,https://www.airbnb.com/rooms/1188371603911979496
1188372056540438e3,$325.00,Neighborhood highlights,4,1,2,2,NA,0,https://www.airbnb.com/rooms/1188372056540438124
1188374111579094500,$313.00,Neighborhood highlights,2,1,1,1,NA,0,https://www.airbnb.com/rooms/1188374111579094447
1188378599808665900,$262.00,Neighborhood highlights,2,1,1,1,NA,0,https://www.airbnb.com/rooms/1188378599808665872
1188397662862585900,$70.00,NA,2,1,1,2,NA,0,https://www.airbnb.com/rooms/1188397662862585915
1188405272107891700,$350.00,NA,2,2,1,1,NA,0,https://www.airbnb.com/rooms/1188405272107891640
1188540254211521e3,$299.00,NA,16,1.5,3,6,NA,0,https://www.airbnb.com/rooms/1188540254211520980
1188542825220222500,$300.00,NA,7,1,2,5,NA,0,https://www.airbnb.com/rooms/1188542825220222636
1188549976069490200,$123.00,NA,4,1,2,3,NA,0,https://www.airbnb.com/rooms/1188549976069490029
1188568057012697e3,$275.00,NA,2,1,1,1,NA,0,https://www.airbnb.com/rooms/1188568057012696942
1.1886047250184159e+18,$600.00,NA,6,2,2,2,NA,0,https://www.airbnb.com/rooms/1188604725018415882
1188610736196457200,$160.00,NA,4,1,0,1,NA,0,https://www.airbnb.com/rooms/1188610736196457287
1188676974633700400,$175.00,NA,2,1,1,1,NA,0,https://www.airbnb.com/rooms/1188676974633700373
1188687698590571e3,$156.00,NA,3,1,2,1,NA,0,https://www.airbnb.com/rooms/1188687698590570988
1188735689193002500,$485.00,NA,9,2,4,5,NA,0,https://www.airbnb.com/rooms/1188735689193002615
1188746661884429300,$200.00,NA,2,1,1,1,NA,0,https://www.airbnb.com/rooms/1188746661884429384
1189069319929009200,$49.00,NA,1,2,1,1,NA,0,https://www.airbnb.com/rooms/1189069319929009121
1189090141950355500,$700.00,NA,6,3,3,3,NA,0,https://www.airbnb.com/rooms/1189090141950355435
1189119030022037200,$167.00,NA,4,1,2,2,NA,0,https://www.airbnb.com/rooms/1189119030022037306
1189143666707411e3,$200.00,NA,2,1,1,1,NA,0,https://www.airbnb.com/rooms/1189143666707410897
1189156163386131e3,$169.00,Neighborhood highlights,4,2,NA,2,NA,0,https://www.airbnb.com/rooms/1189156163386130941
1189181159693670700,$84.00,NA,2,1,1,1,NA,0,https://www.airbnb.com/rooms/1189181159693670770
1189243425411300600,$94.00,NA,2,1,0,1,NA,0,https://www.airbnb.com/rooms/1189243425411300671
118924577646674e4,$112.00,NA,4,1,2,2,NA,0,https://www.airbnb.com/rooms/1189245776466739977
1189268427790673e3,$188.00,Neighborhood highlights,2,1,NA,1,NA,0,https://www.airbnb.com/rooms/1189268427790672748
1189281043249431300,$55.00,NA,1,0.5,1,1,NA,0,https://www.airbnb.com/rooms/1189281043249431147
1189291449899303e3,$188.00,Neighborhood highlights,2,1,NA,1,NA,0,https://www.airbnb.com/rooms/1189291449899303109
1189294356665369300,"$1,030.00",Neighborhood highlights,4,2.5,2,2,NA,0,https://www.airbnb.com/rooms/1189294356665369380
1189321297477240800,$995.00,NA,6,3.5,3,3,NA,0,https://www.airbnb.com/rooms/1189321297477241008
1189333500985957400,$297.00,NA,2,1,3,3,NA,0,https://www.airbnb.com/rooms/1189333500985957316
1189416595461236e3,$55.00,NA,2,1,1,1,NA,0,https://www.airbnb.com/rooms/1189416595461235954
1189607875105675300,$234.00,Neighborhood highlights,2,1,1,1,NA,0,https://www.airbnb.com/rooms/1189607875105675383
1189608306724069600,$234.00,Neighborhood highlights,2,1,1,1,NA,0,https://www.airbnb.com/rooms/1189608306724069531
1189608984448418800,$234.00,Neighborhood highlights,2,1,1,1,NA,0,https://www.airbnb.com/rooms/1189608984448418768
1189621467718975e3,$334.00,Neighborhood highlights,2,1,1,1,NA,0,https://www.airbnb.com/rooms/1189621467718975021
1189624020069287e3,$334.00,Neighborhood highlights,2,1,1,1,NA,0,https://www.airbnb.com/rooms/1189624020069286881
1.1896244446190879e+18,$334.00,Neighborhood highlights,2,1,1,1,NA,0,https://www.airbnb.com/rooms/1189624444619088028
1189624960113136400,$334.00,Neighborhood highlights,2,1,1,1,NA,0,https://www.airbnb.com/rooms/1189624960113136394
1189626679659488800,$334.00,Neighborhood highlights,2,1,1,2,NA,0,https://www.airbnb.com/rooms/1189626679659488681
1189627104072017200,$334.00,Neighborhood highlights,2,1,1,1,NA,0,https://www.airbnb.com/rooms/1189627104072017157
1189627566958098200,$334.00,Neighborhood highlights,2,1,1,1,NA,0,https://www.airbnb.com/rooms/1189627566958098297
1189641670292905700,"$1,200.00",NA,6,1,3,4,NA,0,https://www.airbnb.com/rooms/1189641670292905716
1189748843602025500,$194.00,NA,4,1,2,2,NA,0,https://www.airbnb.com/rooms/1189748843602025370
1189811230878500400,$334.00,Neighborhood highlights,2,1,1,1,NA,0,https://www.airbnb.com/rooms/1189811230878500547
1189811724962540300,$334.00,Neighborhood highlights,2,1,1,1,NA,0,https://www.airbnb.com/rooms/1189811724962540290
1189812606516620500,$334.00,Neighborhood highlights,4,1,1,2,NA,0,https://www.airbnb.com/rooms/1189812606516620646
1189813049510553900,$334.00,Neighborhood highlights,2,1,1,1,NA,0,https://www.airbnb.com/rooms/1189813049510553866
118981598849438e4,$334.00,Neighborhood highlights,2,1,1,1,NA,0,https://www.airbnb.com/rooms/1189815988494380034
1189816749118227700,$334.00,Neighborhood highlights,2,1,1,2,NA,0,https://www.airbnb.com/rooms/1189816749118227686
1189826259396155400,$334.00,Neighborhood highlights,2,1,1,1,NA,0,https://www.airbnb.com/rooms/1189826259396155402
1189826674664169500,$334.00,Neighborhood highlights,2,1,1,1,NA,0,https://www.airbnb.com/rooms/1189826674664169656
1189827119365775400,$334.00,Neighborhood highlights,2,1,1,1,NA,0,https://www.airbnb.com/rooms/1189827119365775359
1189832856499476500,$334.00,Neighborhood highlights,2,1,1,2,NA,0,https://www.airbnb.com/rooms/1189832856499476492
1189833293292607700,$334.00,Neighborhood highlights,2,1,1,1,NA,0,https://www.airbnb.com/rooms/1189833293292607643
1189834379096940500,$334.00,Neighborhood highlights,2,1,1,1,NA,0,https://www.airbnb.com/rooms/1189834379096940447
1189840575806259700,$170.00,NA,1,1,0,1,NA,0,https://www.airbnb.com/rooms/1189840575806259668
1189841883708093700,$334.00,Neighborhood highlights,2,1,1,1,NA,0,https://www.airbnb.com/rooms/1189841883708093535
1189845545039028200,$334.00,Neighborhood highlights,2,1,1,1,NA,0,https://www.airbnb.com/rooms/1189845545039028083
1189847458496192300,$334.00,Neighborhood highlights,2,1,1,1,NA,0,https://www.airbnb.com/rooms/1189847458496192396
1189847911780845800,$334.00,Neighborhood highlights,2,1,1,1,NA,0,https://www.airbnb.com/rooms/1189847911780845818
1189890756474213600,$334.00,Neighborhood highlights,2,1,1,1,NA,0,https://www.airbnb.com/rooms/1189890756474213661
1189891638501593300,$334.00,Neighborhood highlights,2,1,1,2,NA,0,https://www.airbnb.com/rooms/1189891638501593308
1189893799929838e3,$334.00,Neighborhood highlights,2,1,1,1,NA,0,https://www.airbnb.com/rooms/1189893799929838102
1189894271487681500,$334.00,Neighborhood highlights,2,1,1,1,NA,0,https://www.airbnb.com/rooms/1189894271487681565
1189894711332118500,$334.00,Neighborhood highlights,2,1,1,1,NA,0,https://www.airbnb.com/rooms/1189894711332118415
1189895166919687200,$334.00,Neighborhood highlights,2,1,1,1,NA,0,https://www.airbnb.com/rooms/1189895166919687156
1189901839042752800,$334.00,Neighborhood highlights,2,1,1,1,NA,0,https://www.airbnb.com/rooms/1189901839042752812
1189902329602432500,$334.00,Neighborhood highlights,2,1,1,1,NA,0,https://www.airbnb.com/rooms/1189902329602432682
1189948550106841900,$125.00,NA,4,1,1,1,NA,0,https://www.airbnb.com/rooms/1189948550106841758
1189950356716358700,$152.00,NA,4,1,2,2,NA,0,https://www.airbnb.com/rooms/1189950356716358755
1190034146291164e3,$115.00,NA,2,2,1,1,NA,0,https://www.airbnb.com/rooms/1190034146291163948
1190049216981114600,$120.00,NA,4,1,2,2,NA,0,https://www.airbnb.com/rooms/1190049216981114547
119006548133886e4,$148.00,NA,3,1,1,1,NA,0,https://www.airbnb.com/rooms/1190065481338859974
1190155269190718e3,$98.00,NA,2,1,1,1,NA,0,https://www.airbnb.com/rooms/1190155269190717877
1190239794540320300,$160.00,NA,2,1,2,2,NA,0,https://www.airbnb.com/rooms/1190239794540320139
1190409231701709e3,$334.00,Neighborhood highlights,2,1,1,1,NA,0,https://www.airbnb.com/rooms/1190409231701709002
1190411185465042e3,$334.00,Neighborhood highlights,2,1,1,1,NA,0,https://www.airbnb.com/rooms/1190411185465042007
1190411624778066400,$334.00,Neighborhood highlights,2,1,1,1,NA,0,https://www.airbnb.com/rooms/1190411624778066464
1190414718192430300,$334.00,Neighborhood highlights,2,1,1,1,NA,0,https://www.airbnb.com/rooms/1190414718192430421
1190415199001854e3,$334.00,Neighborhood highlights,2,1,1,1,NA,0,https://www.airbnb.com/rooms/1190415199001853873
1190415652281019e3,$334.00,NA,2,1,1,1,NA,0,https://www.airbnb.com/rooms/1190415652281018854
1190417717213226800,$334.00,Neighborhood highlights,2,2,1,2,NA,0,https://www.airbnb.com/rooms/1190417717213226689
1190418190586588400,$334.00,Neighborhood highlights,2,1,1,1,NA,0,https://www.airbnb.com/rooms/1190418190586588457
1190418735130553600,$334.00,Neighborhood highlights,2,1,1,1,NA,0,https://www.airbnb.com/rooms/1190418735130553577
1190561531598113500,$200.00,NA,2,1,1,1,NA,0,https://www.airbnb.com/rooms/1190561531598113521
1190605090857005e3,$85.00,NA,3,1,1,1,NA,0,https://www.airbnb.com/rooms/1190605090857005010
1190765411679424300,$72.00,NA,2,1,1,1,NA,0,https://www.airbnb.com/rooms/1190765411679424297
1190766904146979800,$44.00,NA,1,2,1,1,NA,0,https://www.airbnb.com/rooms/1190766904146979806
1190797260427104300,$56.00,NA,2,3,1,1,NA,0,https://www.airbnb.com/rooms/1190797260427104127
1191032454787741700,$180.00,NA,2,1,1,1,NA,0,https://www.airbnb.com/rooms/1191032454787741651
1191200874104195e3,$796.00,NA,2,2,1,1,NA,0,https://www.airbnb.com/rooms/1191200874104195163
1191240026055241200,$334.00,NA,2,1,1,1,NA,0,https://www.airbnb.com/rooms/1191240026055241334
1191240975339906e3,$334.00,Neighborhood highlights,2,1,1,1,NA,0,https://www.airbnb.com/rooms/1191240975339905970
1191242249658907e3,$334.00,Neighborhood highlights,2,1,1,1,NA,0,https://www.airbnb.com/rooms/1191242249658906801
1191250949783508200,$334.00,Neighborhood highlights,4,1,1,1,NA,0,https://www.airbnb.com/rooms/1191250949783508128
1191251742126662700,$334.00,Neighborhood highlights,2,1,1,1,NA,0,https://www.airbnb.com/rooms/1191251742126662583
1191261637583241e3,$334.00,Neighborhood highlights,2,1,1,1,NA,0,https://www.airbnb.com/rooms/1191261637583240906
1191267735997569500,$334.00,Neighborhood highlights,2,1,1,1,NA,0,https://www.airbnb.com/rooms/1191267735997569390
1191268838016424400,$334.00,Neighborhood highlights,2,1,1,2,NA,0,https://www.airbnb.com/rooms/1191268838016424331
1191269855152658400,$334.00,Neighborhood highlights,2,1,1,1,NA,0,https://www.airbnb.com/rooms/1191269855152658541
1191273268316679200,$334.00,Neighborhood highlights,2,1,1,1,NA,0,https://www.airbnb.com/rooms/1191273268316679015
1191277459027740200,$334.00,Neighborhood highlights,2,1,1,1,NA,0,https://www.airbnb.com/rooms/1191277459027740241
1191282094787106800,$334.00,Neighborhood highlights,2,1,1,1,NA,0,https://www.airbnb.com/rooms/1191282094787106940
1191289689215040800,$101.00,NA,4,1,1,2,NA,0,https://www.airbnb.com/rooms/1191289689215040839
1191292740377890600,$78.00,NA,2,2,1,1,NA,0,https://www.airbnb.com/rooms/1191292740377890500
1191302235718818800,$60.00,NA,2,1,1,1,NA,0,https://www.airbnb.com/rooms/1191302235718818816
1191313973454981400,$280.00,NA,16,2,3,6,NA,0,https://www.airbnb.com/rooms/1191313973454981443
1191323853832115e3,$509.00,NA,5,2,2,2,NA,0,https://www.airbnb.com/rooms/1191323853832115043
1191359524434826500,$98.00,NA,2,1,1,1,NA,0,https://www.airbnb.com/rooms/1191359524434826442
1191372351050721e3,$93.00,NA,2,0,1,0,NA,0,https://www.airbnb.com/rooms/1191372351050720924
1191404739326003500,$149.00,NA,9,2,3,4,NA,0,https://www.airbnb.com/rooms/1191404739326003541
1191406618196128800,$95.00,NA,2,1,1,1,NA,0,https://www.airbnb.com/rooms/1191406618196128583
1191410643846650600,$60.00,NA,1,2,1,1,NA,0,https://www.airbnb.com/rooms/1191410643846650610
1191432371105937200,$121.00,NA,2,1,1,1,NA,0,https://www.airbnb.com/rooms/1191432371105937182
1191446029077844500,$308.00,NA,4,1,1,1,NA,0,https://www.airbnb.com/rooms/1191446029077844516
1191451705516917500,$600.00,NA,6,2,3,4,NA,0,https://www.airbnb.com/rooms/1191451705516917532
1191497840686809600,$185.00,NA,4,2,2,1,NA,0,https://www.airbnb.com/rooms/1191497840686809606
1191504206332978200,$56.00,NA,2,2,1,1,NA,0,https://www.airbnb.com/rooms/1191504206332978138
1191506325184564200,$160.00,NA,2,1,1,1,NA,0,https://www.airbnb.com/rooms/1191506325184564251
1191582315305230300,$214.00,NA,2,1,1,1,NA,0,https://www.airbnb.com/rooms/1191582315305230439
1191625455120419800,$178.00,NA,4,1,1,2,NA,0,https://www.airbnb.com/rooms/1191625455120419859
1191648380658978600,$280.00,NA,4,1,1,1,NA,0,https://www.airbnb.com/rooms/1191648380658978622
1191730127302290700,$54.00,NA,1,2,6,1,NA,0,https://www.airbnb.com/rooms/1191730127302290666
1191736284084343800,$50.00,NA,1,2,6,1,NA,0,https://www.airbnb.com/rooms/1191736284084343812
1191822688098369500,"$1,200.00",NA,4,1,1,3,NA,0,https://www.airbnb.com/rooms/1191822688098369679
1192003662505468400,$99.00,NA,4,2,1,2,NA,0,https://www.airbnb.com/rooms/1192003662505468482
1192013561302049500,$50.00,NA,1,2,6,1,NA,0,https://www.airbnb.com/rooms/1192013561302049442
1192018795134287600,$400.00,NA,8,4.5,4,4,NA,0,https://www.airbnb.com/rooms/1192018795134287765
1192021253600225800,$50.00,NA,1,2,6,1,NA,0,https://www.airbnb.com/rooms/1192021253600225877
1192033462029853e3,$225.00,NA,3,1,1,2,NA,0,https://www.airbnb.com/rooms/1192033462029852923
1192104158916974300,$115.00,NA,2,1,0,1,NA,0,https://www.airbnb.com/rooms/1192104158916974223
1192196106710775800,$61.00,NA,2,2,1,1,NA,0,https://www.airbnb.com/rooms/1192196106710775625
1192228240352178e3,$380.00,NA,6,2,3,3,NA,0,https://www.airbnb.com/rooms/1192228240352177986
119223583451617e4,$142.00,NA,2,1,1,1,NA,0,https://www.airbnb.com/rooms/1192235834516169994
1192340357267945200,$90.00,NA,2,1,0,1,NA,0,https://www.airbnb.com/rooms/1192340357267945144
1192630328681533200,$40.00,NA,1,1,1,1,NA,0,https://www.airbnb.com/rooms/1192630328681533273
1192680944233810400,"$3,000.00",NA,12,7,6,6,NA,0,https://www.airbnb.com/rooms/1192680944233810638
1192723703481458700,$167.00,NA,2,1,1,1,NA,0,https://www.airbnb.com/rooms/1192723703481458748
1192723776800273700,$97.00,NA,1,0,3,1,NA,0,https://www.airbnb.com/rooms/1192723776800273829
1192723824149623e3,$77.00,NA,1,0,3,1,NA,0,https://www.airbnb.com/rooms/1192723824149623060
1192723874961256700,$66.00,NA,1,0,3,1,NA,0,https://www.airbnb.com/rooms/1192723874961256642
1192788527851447800,$340.00,NA,3,1,1,1,NA,0,https://www.airbnb.com/rooms/1192788527851447904
1192828515848214e3,$337.00,Neighborhood highlights,2,1,1,1,NA,0,https://www.airbnb.com/rooms/1192828515848213902
1192899750875253500,$229.00,Neighborhood highlights,6,3.5,3,3,NA,0,https://www.airbnb.com/rooms/1192899750875253463
1192903501898923e3,$788.00,Neighborhood highlights,8,2,3,3,NA,0,https://www.airbnb.com/rooms/1192903501898923056
1192946306020922e3,$95.00,NA,2,1,1,1,NA,0,https://www.airbnb.com/rooms/1192946306020922085
1193005542763264300,$599.00,NA,4,1,2,2,NA,0,https://www.airbnb.com/rooms/1193005542763264121
1193016130087171800,$75.00,Neighborhood highlights,2,1,0,1,NA,0,https://www.airbnb.com/rooms/1193016130087171760
1193068036013405200,$96.00,NA,2,1,1,1,NA,0,https://www.airbnb.com/rooms/1193068036013405081
1193086058992851500,$225.00,NA,4,1,2,2,NA,0,https://www.airbnb.com/rooms/1193086058992851452
